39.858864 116.379890
0.000000 0.000000
0.000000 0.000000
39.858864 116.380015
39.858864 116.380100
39.858868 116.380185
39.858880 116.380281
39.858891 116.380364
39.858864 116.380150
39.858864 116.380150
39.858919 116.380589
39.858931 116.380688
39.859827 116.380703
39.859820 116.380784
39.859817 116.380817
39.859808 116.380924
39.859803 116.380987
39.859796 116.381068
39.859793 116.381095
39.859801 116.381006
39.859808 116.380926
39.859816 116.380831
39.859825 116.380722
39.859834 116.380612
39.859843 116.380507
39.859851 116.380419
39.859859 116.380321
39.859867 116.380230
39.859872 116.380174
39.859878 116.380101
39.859886 116.380004
39.859891 116.379945
39.859898 116.379861
39.859906 116.379771
39.859913 116.379692
39.859919 116.379618
39.859927 116.379519
39.859936 116.379414
39.859944 116.379323
39.859931 116.379475
39.860446 116.380154
39.860582 116.379841
39.860594 116.380238
39.860684 116.380289
39.860543 116.379929
39.860497 116.380036
39.860460 116.380123
39.860550 116.380213
39.860439 116.380328
39.860434 116.380427
39.860430 116.380523
39.860426 116.380618
39.860433 116.380457
39.860437 116.380365
39.860439 116.380309
39.860444 116.380190
39.860446 116.380154
39.860446 116.380154
39.860446 116.380154
39.860446 116.380154
39.860494 116.380181
39.860635 116.380261
39.860532 116.380203
39.860538 116.379942
39.860540 116.379936
39.860578 116.379850
39.860619 116.380252
39.860751 116.380327
39.860608 116.380246
39.860624 116.379743
39.860630 116.379728
39.860654 116.379674
39.860635 116.379717
39.860618 116.379756
39.859934 116.379445
39.859933 116.379456
39.859925 116.379547
39.859940 116.379373
39.859948 116.379275
39.859957 116.379168
39.859968 116.379041
39.859972 116.378990
39.859980 116.378898
39.859965 116.379070
39.859955 116.379198
39.859945 116.379308
39.859936 116.379416
39.859927 116.379517
39.859917 116.379644
39.859911 116.379714
39.859902 116.379814
39.859918 116.379627
39.859929 116.379495
39.859939 116.379376
39.859943 116.379340
39.859951 116.379242
39.859959 116.379143
39.859960 116.379129
39.860001 116.378651
39.859964 116.379084
39.860769 116.379407
39.860791 116.379359
39.859971 116.379004
39.860001 116.378651
39.859964 116.379081
39.859957 116.379171
39.859946 116.379301
39.859823 116.380744
39.859781 116.381239
39.859765 116.381426
39.859875 116.380140
39.859898 116.379859
39.859919 116.379620
39.859938 116.379392
39.859959 116.379148
39.859982 116.378878
39.859996 116.378712
39.859931 116.378630
39.860067 116.378513
39.860001 116.378651
39.860001 116.378651
39.860001 116.378651
39.859716 116.378565
0.000000 0.000000
0.000000 0.000000
0.000000 0.000000
0.000000 0.000000
0.000000 0.000000
39.859611 116.378533
39.859923 116.378628
39.859956 116.379177
39.860722 116.379518
39.860688 116.379595
39.860683 116.379608
39.860682 116.379609
39.860740 116.380320
39.860691 116.379589
0.000000 0.000000
39.861700 116.380145
39.861708 116.380122
39.861720 116.380087
39.861745 116.380012
39.861756 116.379979
39.861729 116.380059
39.861711 116.380111
0.000000 0.000000
0.000000 0.000000
39.860741 116.379474
0.000000 0.000000
39.861736 116.380039
39.861740 116.380027
39.861739 116.380029
39.861749 116.380000
39.861755 116.379981
39.861775 116.379924
39.862350 116.379721
39.862443 116.379851
39.862502 116.379933
39.862575 116.380035
39.862649 116.380138
39.862356 116.379730
39.861785 116.379892
39.859655 116.378546
39.859932 116.378630
39.860001 116.378651
39.859994 116.378735
39.860001 116.378651
39.859971 116.379007
39.860777 116.379389
39.860766 116.379416
39.860752 116.379449
39.860744 116.379466
39.860732 116.379494
39.860737 116.379483
39.860744 116.379467
0.000000 0.000000
0.000000 0.000000
39.861729 116.380058
39.861727 116.380066
39.861735 116.380041
39.861735 116.380042
39.861735 116.380043
39.861738 116.380031
39.861730 116.380058
0.000000 0.000000
0.000000 0.000000
39.862627 116.380107
39.862677 116.380177
39.862738 116.380261
0.000000 0.000000
0.000000 0.000000
39.857324 116.377000
39.857322 116.376859
39.862552 116.380843
39.862541 116.380867
39.861720 116.380961
39.861866 116.381099
39.862005 116.381230
39.862034 116.381257
39.862081 116.381302
39.862107 116.381326
39.862130 116.381348
39.862062 116.381284
39.861854 116.381087
39.861779 116.381016
39.861709 116.380950
39.861586 116.380834
39.861477 116.380738
39.861368 116.380676
39.861289 116.380632
39.861195 116.380578
39.861114 116.380532
39.861036 116.380488
39.860968 116.380450
39.860939 116.380433
39.860891 116.380406
39.860911 116.380418
39.860904 116.380414
39.861000 116.380468
39.861080 116.380513
39.861085 116.380516
39.861071 116.380508
39.861168 116.380563
39.861231 116.380599
39.861314 116.380646
39.861437 116.380716
39.861580 116.380828
39.861496 116.380749
39.861496 116.380749
39.861499 116.380741
39.861523 116.380669
39.861619 116.380866
39.861699 116.380940
39.861770 116.381007
39.861843 116.381077
39.861908 116.381138
39.861976 116.381203
39.862058 116.381280
39.862115 116.381334
39.862335 116.381307
39.862325 116.381328
39.862340 116.381552
39.862397 116.381609
39.862466 116.381679
39.862562 116.381776
39.862974 116.381438
39.862984 116.381502
39.862998 116.381582
39.863005 116.381625
39.863015 116.381686
39.863026 116.381756
39.863038 116.381828
0.000000 0.000000
0.000000 0.000000
0.000000 0.000000
0.000000 0.000000
0.000000 0.000000
0.000000 0.000000
0.000000 0.000000
0.000000 0.000000
0.000000 0.000000
0.000000 0.000000
0.000000 0.000000
0.000000 0.000000
0.000000 0.000000
0.000000 0.000000
0.000000 0.000000
0.000000 0.000000
0.000000 0.000000
0.000000 0.000000
0.000000 0.000000
0.000000 0.000000
0.000000 0.000000
0.000000 0.000000
0.000000 0.000000
39.863719 116.384106
39.863719 116.384106
39.863655 116.383915
39.863686 116.384008
39.863719 116.384106
39.863719 116.384106
39.863719 116.384106
39.863719 116.384106
0.000000 0.000000
0.000000 0.000000
0.000000 0.000000
0.000000 0.000000
0.000000 0.000000
0.000000 0.000000
0.000000 0.000000
39.865004 116.385064
39.865055 116.385065
39.865395 116.385071
39.865395 116.385071
39.865174 116.385067
39.865207 116.385068
39.865189 116.385067
39.865405 116.385238
39.865418 116.385445
39.865416 116.385415
39.865402 116.385569
39.865388 116.385668
39.865371 116.385801
39.865359 116.385887
39.865350 116.385955
39.865321 116.386177
39.865321 116.386177
39.865314 116.386211
39.865290 116.386330
39.864742 116.386351
39.864680 116.386273
39.864640 116.386222
39.864596 116.386165
39.864584 116.386150
39.864586 116.386154
39.864601 116.386172
39.864681 116.386273
39.865007 116.386688
39.865265 116.386455
39.865295 116.386307
39.865313 116.386215
39.865425 116.386213
39.865505 116.386241
39.865620 116.386280
39.865638 116.386287
39.865585 116.386268
39.865539 116.386252
39.865482 116.386233
39.865340 116.386033
39.865351 116.385949
39.865361 116.385873
39.865363 116.385863
39.865321 116.386177
39.865577 116.386695
39.865763 116.386330
39.865532 116.386782
39.865521 116.386803
39.865492 116.386860
39.865531 116.386784
39.865594 116.386661
