221734
238285
221734
221734
221734
221734
221734
221734
238285
238285
0
0
0
0
232224
232224
232224
232224
235105
235105
235105
232224
235105
235105
235105
235105
235105
0
0
0
0
0
232222
232222
0
232222
232222
232222
0
0
0
0
0
0
0
0
0
0
232222
232224
232224
232224
221732
221732
238293
247258
222921
222921
222921
222921
0
222921
222921
238442
238442
238440
228745
248025
243850
243850
243850
243850
243850
243850
0
243850
243850
243850
243850
0
222993
222993
222993
0
0
0
0
0
0
0
0
0
0
0
0
0
0
0
0
0
235165
0
0
0
0
0
0
0
0
159098
159098
159098
159098
0
159098
159098
159098
159098
158984
159748
159748
162528
162528
162528
0
162528
162528
162528
162528
162528
0
162528
163359
163359
163359
163359
163359
163361
163932
164044
143870
143870
143870
143870
149710
143870
149710
143870
143870
143870
143870
143870
146954
146954
146954
146954
155895
146956
155895
146956
146956
146956
155895
146956
146956
146956
146956
146956
146956
146956
146956
146956
146960
146960
146958
146958
146958
142842
143316
143316
159784
159784
159784
155705
155705
155705
155706
155706
155706
155706
155706
155706
155706
155706
138755
0
0
0
0
0
0
0
0
140991
140991
140991
140991
140991
140991
140991
140991
140991
140991
140991
140992
140992
140992
140992
140992
140992
140992
140992
140992
0
0
0
0
0
0
0
0
0
0
0
0
139175
139175
139175
148838
139175
139175
148838
148838
148838
148838
139175
139175
148838
148838
148838
148838
139175
139175
139175
139175
139175
139175
139175
139175
139175
139142
139142
139142
139142
139142
139134
139134
139120
139122
139122
139122
139122
139122
139122
139122
139120
139120
139128
139120
139120
139120
139128
139128
139128
139128
139128
139092
139092
139092
139061
139059
139059
139057
139057
139042
139042
139057
139057
145241
145241
145239
145239
145239
145239
145230
145230
145230
145230
148507
148507
148507
148507
148507
148507
148507
162860
162860
162860
162860
162860
139013
139013
139013
139013
139011
139013
139011
139011
138987
138987
138987
138987
138987
138482
138482
138482
138482
138482
138482
138482
138482
138482
0
0
0
0
0
0
0
0
0
0
0
0
0
0
0
0
148507
148507
148507
148507
148507
148507
148507
148507
148507
148507
148507
148507
148509
145239
145230
148507
148507
148507
145239
145239
145230
145239
145241
145241
145241
152724
139042
139042
139042
152724
152724
152724
152724
152726
152726
152726
152726
152726
139092
139092
139092
139092
139092
139092
139120
139120
139120
139120
139120
139120
139120
139120
139120
139120
139120
139120
139120
139120
139122
139122
139122
139134
139134
139134
139134
139134
139134
139134
139142
139175
139175
139175
139175
139142
139142
139142
139175
139175
139175
139175
139175
139175
139175
139175
139175
139175
139175
139175
139175
139175
139175
139175
139175
148838
0
0
0
0
0
0
0
0
0
0
0
0
0
0
0
0
0
0
211333
211333
211333
211333
211333
220569
211331
211333
211333
211333
211333
211333
211333
220569
211333
211333
211333
220569
211333
211333
211331
211331
211331
211331
211331
0
208604
0
0
211306
211308
220779
0
203667
200734
220525
221474
220521
0
210941
217444
210915
220467
220467
0
210854
214578
214578
214580
0
200675
197118
197118
197118
197118
198973
198973
198973
0
0
0
0
0
0
198973
198973
200787
0
0
214509
200964
206929
0
0
0
0
207831
218760
218758
217174
221344
221344
217174
217174
214413
214411
214411
0
214411
214411
214411
0
214411
201496
201677
201677
201677
221344
221344
201496
221344
201677
201677
201677
201677
201677
201677
201677
201677
201677
218750
218750
218750
214409
214409
214409
214409
214409
214409
214409
214409
214409
214409
0
0
0
0
0
0
0
