144377
144377
144377
144377
144377
144377
144377
144377
144377
144377
144377
144377
144377
144377
144377
162091
144377
162091
144377
144377
144377
144377
144377
144377
144377
144377
144377
144377
144377
144377
144377
144377
144377
144377
163076
163076
163076
163076
163076
163076
163076
163076
162091
162091
162091
163083
163083
163083
163083
0
163083
163083
163083
163083
163083
163083
162091
144377
144377
144377
143249
138310
138310
138310
138310
138310
138310
138310
138310
138310
138310
138310
138310
0
138310
138310
138310
138310
138310
138310
138310
138310
138310
138310
138312
138312
138312
138314
138314
138314
140797
138314
0
0
0
0
0
0
0
0
0
0
0
0
0
0
0
0
0
0
0
0
0
0
0
138310
138310
138310
138310
138310
0
0
0
0
0
0
0
0
0
0
0
0
0
0
0
0
141394
141394
141394
141394
141394
0
0
141395
141395
162133
162133
162133
162133
162133
162133
0
0
0
0
0
0
0
0
0
0
0
0
0
148987
148987
148987
163119
148985
163119
163119
163119
163127
163127
163129
163129
164246
0
0
0
0
143261
143261
142532
142532
142532
0
0
142542
152888
142542
143776
0
0
0
145369
145369
0
145379
145379
145379
145379
145379
145379
145379
0
0
144459
144459
144459
144459
149206
146761
138195
138195
149211
141761
144447
144447
144447
144447
144447
0
0
0
145345
145347
145363
145353
145359
143668
149169
149175
162376
162376
162376
159681
143789
139190
139190
139188
146507
149640
149642
146499
144507
144507
144507
146503
146501
146505
146505
162411
162411
162411
0
0
0
162497
162493
150373
150373
159732
163324
163323
163318
163315
163312
142177
142176
155439
155448
155444
155444
159726
159726
155431
155422
155422
144633
144633
144633
144633
142839
142839
0
0
0
0
0
0
144662
144662
144662
144673
144662
144662
0
144662
144662
144662
144671
144671
144662
144662
144662
144666
144666
144658
144658
144662
144666
144658
144658
144658
144658
155706
159784
142842
146956
146956
146956
146956
146956
146956
146956
146956
146956
164009
146954
146954
146954
146954
146954
146954
146954
159778
143870
143870
143870
143870
143870
143870
143870
143870
143870
143870
143870
143870
159774
164036
164044
163932
163932
164044
164044
164044
0
163932
163932
163932
163932
163359
163359
159748
159748
159098
0
0
0
0
0
0
0
0
0
0
0
235163
0
0
0
0
0
0
0
0
0
0
222993
222993
222993
222993
222993
222993
222993
222993
222993
222993
243850
243850
243850
248025
225757
238440
238440
238442
238442
247258
238293
238287
238287
238287
238287
238287
238287
238287
238287
238287
238287
238287
238287
238287
238287
238287
238287
238287
238287
238287
238287
238287
238287
238287
238287
238287
238287
238287
238287
238287
238287
238287
238287
238287
238285
238285
238285
238285
238285
238285
221734
221734
238285
221734
221734
221734
221734
221734
221734
221734
221734
221734
221734
221734
221734
221734
221734
221734
238285
238285
221734
221734
221734
221734
232230
