0.000000 0.000000
0.000000 0.000000
0.000000 0.000000
0.000000 0.000000
0.000000 0.000000
0.000000 0.000000
0.000000 0.000000
0.000000 0.000000
0.000000 0.000000
0.000000 0.000000
0.000000 0.000000
0.000000 0.000000
0.000000 0.000000
0.000000 0.000000
0.000000 0.000000
0.000000 0.000000
0.000000 0.000000
0.000000 0.000000
0.000000 0.000000
0.000000 0.000000
0.000000 0.000000
0.000000 0.000000
0.000000 0.000000
0.000000 0.000000
0.000000 0.000000
0.000000 0.000000
0.000000 0.000000
0.000000 0.000000
0.000000 0.000000
0.000000 0.000000
0.000000 0.000000
0.000000 0.000000
0.000000 0.000000
39.972173 116.442738
39.972308 116.442741
39.972454 116.442744
39.972599 116.442747
39.972736 116.442751
39.972867 116.442754
39.972993 116.442760
39.973131 116.442767
39.973285 116.442774
39.973362 116.442778
39.973436 116.442782
0.000000 0.000000
0.000000 0.000000
0.000000 0.000000
0.000000 0.000000
0.000000 0.000000
0.000000 0.000000
0.000000 0.000000
0.000000 0.000000
39.974559 116.444591
39.974579 116.444566
39.974598 116.444542
39.974683 116.444619
39.974830 116.444760
39.974929 116.444842
39.974949 116.444817
39.974963 116.444799
39.975005 116.444617
0.000000 0.000000
0.000000 0.000000
0.000000 0.000000
0.000000 0.000000
0.000000 0.000000
0.000000 0.000000
0.000000 0.000000
0.000000 0.000000
0.000000 0.000000
0.000000 0.000000
0.000000 0.000000
0.000000 0.000000
0.000000 0.000000
0.000000 0.000000
0.000000 0.000000
0.000000 0.000000
0.000000 0.000000
39.976790 116.446340
39.976793 116.446463
39.976796 116.446601
39.976799 116.446735
39.976802 116.446860
39.976805 116.446965
39.976806 116.447049
39.976807 116.447068
0.000000 0.000000
39.976807 116.447068
39.976808 116.447102
39.976809 116.447167
0.000000 0.000000
0.000000 0.000000
0.000000 0.000000
39.977840 116.447856
39.977904 116.447806
39.977974 116.447751
39.978046 116.447693
39.978091 116.447658
39.978195 116.447764
39.978237 116.447730
39.978275 116.447699
39.978327 116.447659
39.978352 116.447638
39.978354 116.447636
39.978353 116.447638
39.978351 116.447639
0.000000 0.000000
0.000000 0.000000
39.978345 116.447644
39.978341 116.447647
39.978344 116.447645
39.978347 116.447642
0.000000 0.000000
39.978349 116.447641
39.978339 116.447649
39.978336 116.447651
39.978336 116.447651
39.978336 116.447651
39.978337 116.447651
39.978340 116.447648
39.978341 116.447647
39.978341 116.447647
0.000000 0.000000
39.978341 116.447647
39.978391 116.447607
0.000000 0.000000
0.000000 0.000000
0.000000 0.000000
0.000000 0.000000
0.000000 0.000000
0.000000 0.000000
0.000000 0.000000
0.000000 0.000000
0.000000 0.000000
0.000000 0.000000
0.000000 0.000000
0.000000 0.000000
0.000000 0.000000
0.000000 0.000000
0.000000 0.000000
0.000000 0.000000
0.000000 0.000000
0.000000 0.000000
0.000000 0.000000
0.000000 0.000000
0.000000 0.000000
0.000000 0.000000
0.000000 0.000000
0.000000 0.000000
0.000000 0.000000
0.000000 0.000000
0.000000 0.000000
0.000000 0.000000
0.000000 0.000000
0.000000 0.000000
0.000000 0.000000
0.000000 0.000000
0.000000 0.000000
0.000000 0.000000
0.000000 0.000000
0.000000 0.000000
0.000000 0.000000
0.000000 0.000000
0.000000 0.000000
0.000000 0.000000
0.000000 0.000000
0.000000 0.000000
0.000000 0.000000
0.000000 0.000000
39.983026 116.451262
39.983076 116.451187
39.983132 116.451101
39.983191 116.451010
39.983253 116.450915
39.983428 116.450919
39.983647 116.450959
39.983800 116.450953
39.983877 116.450836
39.983945 116.450733
39.984036 116.451368
39.984062 116.450560
39.984553 116.451487
39.984568 116.451483
39.984587 116.451478
39.984591 116.451477
39.984602 116.451474
39.984612 116.451471
39.984629 116.451467
39.984647 116.451462
39.984667 116.451457
39.984698 116.451449
39.984751 116.451434
39.984790 116.451424
39.984829 116.451413
39.984887 116.451398
39.985102 116.451035
39.985102 116.451035
39.985102 116.451035
39.985086 116.451109
39.985091 116.451088
39.985140 116.451014
39.985188 116.450986
39.985246 116.450953
39.985301 116.450922
39.985335 116.450903
39.985334 116.450903
39.985337 116.450902
39.985342 116.450899
0.000000 0.000000
39.985339 116.450901
39.985356 116.450891
39.985372 116.450882
39.985408 116.450861
39.985410 116.450861
39.985412 116.450859
39.985415 116.450857
39.985218 116.450610
39.985242 116.450520
39.985366 116.450491
39.985398 116.450483
39.985442 116.450473
39.985494 116.450460
39.985536 116.450450
39.985572 116.450442
39.985404 116.450088
39.985433 116.450010
39.985453 116.449958
39.985482 116.449882
39.985507 116.449814
39.985531 116.449751
39.985764 116.449610
39.985807 116.449598
39.985852 116.449586
39.985894 116.449575
39.985939 116.449562
39.985987 116.449549
39.986019 116.449541
39.986095 116.449520
39.986120 116.449513
39.986164 116.449501
39.986219 116.449486
39.986314 116.449190
39.986306 116.449163
39.986298 116.449133
39.986293 116.449119
39.986283 116.449083
39.986274 116.449052
39.986432 116.448764
39.986465 116.448766
39.986488 116.448767
39.986532 116.448770
39.986589 116.448773
39.986644 116.448776
39.986763 116.448680
39.986789 116.448633
39.986821 116.448576
39.986853 116.448518
39.986883 116.448464
39.986909 116.448418
39.986934 116.448373
39.986965 116.448317
39.986982 116.448286
39.986987 116.448278
39.987001 116.448253
39.987005 116.448246
39.987005 116.448245
39.986987 116.448278
39.986983 116.448286
39.986956 116.448334
39.986981 116.448290
39.987188 116.447918
39.987015 116.448228
39.987218 116.447915
39.987269 116.447909
0.000000 0.000000
39.987273 116.447908
39.987253 116.447910
39.987244 116.447912
39.987235 116.447913
0.000000 0.000000
39.987228 116.447913
39.987221 116.447914
39.987054 116.448158
39.987029 116.448203
39.987015 116.448229
39.986970 116.448309
39.987012 116.448233
39.987100 116.447929
39.986969 116.448310
39.986961 116.448325
39.986929 116.448382
39.986874 116.448480
39.986707 116.448780
39.986707 116.448780
39.986707 116.448780
0.000000 0.000000
39.986707 116.448780
39.986707 116.448780
0.000000 0.000000
39.986874 116.448480
39.986808 116.449660
39.986766 116.449297
39.986773 116.449354
39.986773 116.449358
39.986769 116.449319
39.986763 116.449270
39.987414 116.449120
39.987414 116.449120
39.987414 116.449120
39.987414 116.449120
39.987414 116.449120
39.987414 116.449120
0.000000 0.000000
39.987414 116.449120
39.986773 116.449353
0.000000 0.000000
39.987414 116.449120
39.987414 116.449120
39.987414 116.449120
39.987414 116.449120
0.000000 0.000000
39.987414 116.449120
39.987414 116.449120
39.987414 116.449120
39.987414 116.449120
39.987414 116.449120
39.987414 116.449120
39.987414 116.449120
39.987414 116.449120
39.987414 116.449120
39.987414 116.449120
39.987414 116.449120
39.987414 116.449120
39.987414 116.449120
39.987414 116.449120
39.987414 116.449120
0.000000 0.000000
39.987414 116.449120
39.987414 116.449120
39.987414 116.449120
39.987414 116.449120
0.000000 0.000000
39.987414 116.449120
39.987414 116.449120
39.987414 116.449120
39.987414 116.449120
39.987414 116.449120
39.987414 116.449120
39.987414 116.449120
39.987414 116.449120
39.987414 116.449120
0.000000 0.000000
39.987414 116.449120
39.987414 116.449120
39.987414 116.449120
39.987414 116.449120
39.987414 116.449120
39.987414 116.449120
0.000000 0.000000
39.986816 116.449736
39.986818 116.449746
39.986819 116.449754
39.986818 116.449750
0.000000 0.000000
39.986818 116.449751
39.986819 116.449758
39.986818 116.449753
39.986818 116.449747
39.986817 116.449740
0.000000 0.000000
39.987414 116.449120
39.987414 116.449120
39.987414 116.449120
39.987414 116.449120
39.987414 116.449120
39.987414 116.449120
39.987414 116.449120
39.987414 116.449120
39.987414 116.449120
39.987414 116.449120
39.987414 116.449120
0.000000 0.000000
39.987414 116.449120
39.987414 116.449120
39.987414 116.449120
0.000000 0.000000
39.987414 116.449120
39.987414 116.449120
39.987414 116.449120
39.987414 116.449120
39.987414 116.449120
0.000000 0.000000
39.987414 116.449120
39.987414 116.449120
