40.061324 116.381420
40.061609 116.380644
40.062021 116.380096
40.062080 116.379632
40.062043 116.379161
40.062613 116.378510
40.063275 116.377956
40.063258 116.377419
40.063241 116.376903
40.063235 116.376709
40.063577 116.375627
40.063894 116.375258
40.064100 116.374837
40.064378 116.373960
40.064387 116.373959
40.064616 116.373112
40.065035 116.372588
40.064925 116.372225
40.065530 116.371592
0.000000 0.000000
0.000000 0.000000
0.000000 0.000000
0.000000 0.000000
0.000000 0.000000
0.000000 0.000000
0.000000 0.000000
0.000000 0.000000
0.000000 0.000000
0.000000 0.000000
0.000000 0.000000
0.000000 0.000000
0.000000 0.000000
40.068809 116.363160
0.000000 0.000000
0.000000 0.000000
40.068954 116.361150
40.069209 116.360738
40.069223 116.360098
40.069500 116.359422
40.069177 116.358850
40.068963 116.358505
0.000000 0.000000
0.000000 0.000000
40.068995 116.356728
40.068995 116.356728
0.000000 0.000000
0.000000 0.000000
40.069596 116.355323
40.069528 116.355206
40.069476 116.355117
40.069450 116.355072
40.069429 116.355036
40.069405 116.354995
40.069381 116.354953
40.069375 116.354943
40.069374 116.354941
40.069373 116.354940
40.069370 116.354935
40.069371 116.354936
40.069369 116.354933
40.069369 116.354933
40.069369 116.354933
40.069371 116.354937
40.069371 116.354936
40.069368 116.354931
40.069363 116.354924
40.069355 116.354909
40.069323 116.354855
40.069264 116.354753
40.069214 116.354667
40.069191 116.354627
0.000000 0.000000
0.000000 0.000000
0.000000 0.000000
0.000000 0.000000
0.000000 0.000000
0.000000 0.000000
0.000000 0.000000
0.000000 0.000000
0.000000 0.000000
0.000000 0.000000
40.069644 116.345166
40.069779 116.344598
40.069802 116.343979
40.069826 116.343360
40.069850 116.342738
40.069873 116.342115
40.069897 116.341486
40.069404 116.340814
40.069330 116.340248
40.069221 116.339614
40.069229 116.338767
40.069407 116.338196
40.069560 116.337708
40.069470 116.336884
40.069429 116.336253
40.069249 116.335705
40.069481 116.334954
0.000000 0.000000
40.069330 116.333361
40.069564 116.333056
40.069539 116.332428
40.069540 116.332209
40.069542 116.331848
40.069544 116.331530
40.069545 116.331235
40.069545 116.331123
40.069545 116.331123
40.069545 116.331123
40.069545 116.331123
40.069545 116.331123
0.000000 0.000000
0.000000 0.000000
0.000000 0.000000
0.000000 0.000000
0.000000 0.000000
0.000000 0.000000
0.000000 0.000000
0.000000 0.000000
0.000000 0.000000
0.000000 0.000000
0.000000 0.000000
0.000000 0.000000
0.000000 0.000000
40.070071 116.330529
40.070071 116.330518
40.070072 116.330493
40.070072 116.330419
40.070073 116.330334
40.070074 116.330240
40.070077 116.330015
40.070081 116.329638
40.070088 116.329012
40.070093 116.328368
40.070101 116.327360
40.070117 116.325808
40.069390 116.324951
40.069184 116.324352
40.069358 116.323655
40.069443 116.323586
40.069262 116.321998
40.069459 116.321849
40.069655 116.321700
0.000000 0.000000
40.069341 116.319848
40.069532 116.319700
40.069343 116.318695
40.069532 116.318554
40.069425 116.317778
40.069488 116.317350
40.069705 116.316589
40.069413 116.316135
40.069576 116.315715
40.069565 116.315533
40.069565 116.315533
0.000000 0.000000
0.000000 0.000000
0.000000 0.000000
0.000000 0.000000
0.000000 0.000000
0.000000 0.000000
0.000000 0.000000
0.000000 0.000000
0.000000 0.000000
0.000000 0.000000
0.000000 0.000000
0.000000 0.000000
0.000000 0.000000
0.000000 0.000000
0.000000 0.000000
0.000000 0.000000
0.000000 0.000000
0.000000 0.000000
0.000000 0.000000
0.000000 0.000000
0.000000 0.000000
0.000000 0.000000
0.000000 0.000000
0.000000 0.000000
0.000000 0.000000
0.000000 0.000000
0.000000 0.000000
0.000000 0.000000
0.000000 0.000000
0.000000 0.000000
0.000000 0.000000
0.000000 0.000000
0.000000 0.000000
0.000000 0.000000
0.000000 0.000000
0.000000 0.000000
0.000000 0.000000
0.000000 0.000000
0.000000 0.000000
0.000000 0.000000
0.000000 0.000000
0.000000 0.000000
0.000000 0.000000
0.000000 0.000000
0.000000 0.000000
0.000000 0.000000
0.000000 0.000000
0.000000 0.000000
0.000000 0.000000
0.000000 0.000000
0.000000 0.000000
0.000000 0.000000
40.071322 116.301468
0.000000 0.000000
0.000000 0.000000
0.000000 0.000000
0.000000 0.000000
0.000000 0.000000
0.000000 0.000000
0.000000 0.000000
40.059769 116.296222
40.059764 116.296206
0.000000 0.000000
0.000000 0.000000
0.000000 0.000000
0.000000 0.000000
0.000000 0.000000
0.000000 0.000000
0.000000 0.000000
0.000000 0.000000
0.000000 0.000000
0.000000 0.000000
0.000000 0.000000
40.054793 116.298674
40.054664 116.298656
40.054149 116.299161
40.053993 116.299009
40.053851 116.298870
40.053218 116.299620
40.053032 116.299471
40.052601 116.300069
40.052310 116.300015
40.052014 116.300059
40.051749 116.300163
40.051530 116.300249
40.051344 116.300322
40.051177 116.300388
40.051032 116.300445
40.050942 116.300664
40.050934 116.300711
40.050928 116.300742
40.050924 116.300770
40.050920 116.300790
40.050754 116.300558
0.000000 0.000000
40.050919 116.300796
40.050918 116.300802
40.050920 116.300792
40.050923 116.300773
40.050926 116.300755
40.050928 116.300744
40.050931 116.300724
40.050934 116.300712
40.050936 116.300700
40.050936 116.300698
40.050934 116.300710
40.050933 116.300715
40.050934 116.300707
40.050936 116.300696
40.050939 116.300679
40.050943 116.300658
40.050943 116.300658
40.050941 116.300666
40.050934 116.300712
40.050923 116.300775
40.050901 116.300904
40.050867 116.301105
40.050502 116.301252
40.050542 116.301361
40.049401 116.301916
0.000000 0.000000
0.000000 0.000000
0.000000 0.000000
40.046862 116.303570
40.046636 116.303506
40.046177 116.303780
40.045497 116.304161
40.045416 116.304203
40.044984 116.304656
40.044678 116.305064
40.044377 116.305227
40.044273 116.305527
40.043449 116.305789
40.043150 116.306118
40.042810 116.306822
40.042341 116.307084
40.041855 116.307056
40.041263 116.307097
40.040910 116.307893
40.040469 116.308153
40.040034 116.308414
40.039266 116.308571
40.039071 116.308667
40.038752 116.309186
40.038356 116.309424
40.038037 116.309800
40.037677 116.310008
40.037404 116.310498
40.037153 116.310847
40.036964 116.311259
40.036591 116.311439
40.036470 116.311681
0.000000 0.000000
0.000000 0.000000
0.000000 0.000000
0.000000 0.000000
0.000000 0.000000
0.000000 0.000000
40.033747 116.313340
40.033323 116.313236
40.033275 116.313573
40.032861 116.313744
40.032647 116.313837
40.032651 116.313855
40.032247 116.313843
40.032247 116.313843
40.032269 116.314004
40.032267 116.313990
40.032265 116.313978
40.032265 116.313977
40.032265 116.313980
40.032266 116.313983
40.032266 116.313986
40.032268 116.313997
40.032271 116.314020
40.032274 116.314044
40.032277 116.314069
40.032283 116.314110
40.032289 116.314153
40.032293 116.314183
40.032296 116.314209
40.032300 116.314234
40.032297 116.314213
40.032287 116.314142
40.031997 116.313922
40.031888 116.313957
40.031160 116.314619
40.031024 116.314432
40.030702 116.314554
0.000000 0.000000
40.029429 116.315159
40.029162 116.315281
0.000000 0.000000
40.027826 116.315874
40.027690 116.315769
40.027196 116.315510
0.000000 0.000000
0.000000 0.000000
0.000000 0.000000
0.000000 0.000000
0.000000 0.000000
40.023882 116.317160
40.023892 116.317276
40.022985 116.317506
40.022993 116.317623
40.022167 116.317844
40.022175 116.317956
40.021081 116.318204
40.021091 116.318333
0.000000 0.000000
0.000000 0.000000
40.019658 116.318872
40.018872 116.319148
40.018746 116.319219
40.018306 116.319389
40.018317 116.319497
40.017589 116.320161
40.017138 116.320202
40.016715 116.320218
0.000000 0.000000
0.000000 0.000000
0.000000 0.000000
0.000000 0.000000
40.014826 116.322944
40.014460 116.323219
40.014241 116.323508
0.000000 0.000000
40.013304 116.324370
40.013205 116.324766
40.013219 116.325137
40.012385 116.325664
40.012252 116.325628
40.011680 116.326485
40.011396 116.326829
40.011035 116.326898
40.010660 116.326970
40.010293 116.328053
40.009974 116.328727
40.009592 116.328753
40.009038 116.329234
40.009056 116.329587
40.008443 116.330346
40.007993 116.330208
40.007602 116.330375
40.007142 116.330394
40.006639 116.330842
40.006222 116.330436
0.000000 0.000000
0.000000 0.000000
40.004784 116.331131
40.004281 116.331293
40.003813 116.331322
40.003639 116.331333
40.002931 116.330623
40.002582 116.331196
40.002097 116.330673
40.001696 116.330695
40.001275 116.330718
40.001081 116.331253
0.000000 0.000000
39.999384 116.331039
39.999302 116.331284
39.998423 116.331596
39.998376 116.331609
39.997906 116.331738
39.997247 116.331041
39.996840 116.331281
39.996428 116.331524
39.995920 116.331438
39.995450 116.331505
39.995002 116.331583
39.994590 116.331651
39.994171 116.331534
39.993800 116.331572
39.993497 116.331643
39.993212 116.331734
39.993212 116.331734
39.992650 116.331595
39.992519 116.331618
39.992518 116.331634
39.992518 116.331642
39.992518 116.331636
39.992518 116.331635
39.992518 116.331631
39.992518 116.331628
39.992519 116.331625
39.992034 116.331045
39.992042 116.331041
39.992520 116.331606
39.992520 116.331598
39.992520 116.331598
39.992520 116.331591
39.992521 116.331580
39.992521 116.331573
39.992040 116.331042
39.992522 116.331569
39.992044 116.331040
39.992049 116.331038
39.992522 116.331561
0.000000 0.000000
39.992522 116.331557
39.992031 116.331046
39.991873 116.331123
39.991670 116.331221
39.991440 116.331333
39.991188 116.331455
0.000000 0.000000
0.000000 0.000000
0.000000 0.000000
39.989650 116.331604
39.989270 116.331997
39.989032 116.332192
39.988128 116.332092
39.988128 116.332047
0.000000 0.000000
0.000000 0.000000
39.986218 116.332022
39.985941 116.332012
39.985728 116.332013
39.984886 116.331992
39.984319 116.332008
39.984257 116.331946
0.000000 0.000000
0.000000 0.000000
39.982656 116.332568
39.982651 116.332562
0.000000 0.000000
39.981051 116.332681
39.981052 116.332725
0.000000 0.000000
39.979806 116.333436
39.979277 116.333448
39.978804 116.333449
39.978368 116.333516
39.977958 116.333528
39.977576 116.333538
39.977261 116.333475
39.976951 116.333563
39.976654 116.333575
39.976434 116.333636
39.976203 116.333597
39.976046 116.333800
39.975903 116.333806
39.975827 116.333810
39.975800 116.333811
39.975779 116.333812
39.975774 116.333812
39.975771 116.333812
0.000000 0.000000
39.975765 116.333812
39.975719 116.333625
39.975677 116.333628
39.975658 116.333629
39.975625 116.333631
39.975577 116.333633
39.975541 116.333635
39.975503 116.333637
39.975503 116.333637
39.975503 116.333637
39.975503 116.333637
39.975506 116.333637
39.975509 116.333637
39.975515 116.333636
39.975521 116.333636
39.975528 116.333636
39.975533 116.333636
39.975535 116.333635
39.975535 116.333635
39.975532 116.333636
39.975507 116.333637
39.975307 116.333648
39.975332 116.333646
39.975352 116.333645
39.975352 116.333645
39.975352 116.333645
39.975337 116.333646
39.975336 116.333646
39.975351 116.333645
39.975381 116.333644
39.975422 116.333642
39.975779 116.333416
39.975778 116.333347
39.975777 116.333278
39.975776 116.333219
39.975775 116.333162
39.975777 116.333260
39.975800 116.333178
39.975771 116.332947
39.975770 116.332878
39.975769 116.332815
39.975768 116.332745
39.975766 116.332643
39.975765 116.332574
39.975763 116.332501
39.975762 116.332433
39.975761 116.332378
39.975761 116.332378
39.975761 116.332378
39.975761 116.332378
39.975430 116.331886
39.975450 116.331880
39.975463 116.331876
39.975475 116.331872
39.975500 116.331865
39.975525 116.331857
39.975570 116.331843
39.975591 116.331837
39.975591 116.331837
39.975591 116.331837
39.975591 116.331837
39.975591 116.331837
39.975591 116.331837
39.975591 116.331837
39.975591 116.331837
39.975591 116.331837
39.975591 116.331837
39.975591 116.331837
39.975591 116.331837
39.975591 116.331837
39.975591 116.331837
39.975591 116.331837
39.975591 116.331837
39.975591 116.331837
39.975591 116.331837
39.975591 116.331837
39.975591 116.331837
39.975591 116.331837
39.975591 116.331837
39.975591 116.331837
39.975581 116.331840
0.000000 0.000000
