39.907506 116.471580
39.906991 116.471465
39.907528 116.471624
39.907551 116.471669
39.907579 116.471723
39.907378 116.472338
39.907413 116.472338
39.907626 116.471818
39.907640 116.471846
39.907661 116.471887
39.907675 116.471915
39.907691 116.471947
39.907715 116.471994
39.907792 116.472019
39.907792 116.472015
39.907883 116.472145
0.000000 0.000000
39.907886 116.472145
39.907925 116.472145
39.907957 116.472145
39.908000 116.472145
39.908100 116.472072
39.908100 116.472045
39.908209 116.472028
39.908209 116.472019
39.908345 116.472040
39.908345 116.472027
39.908345 116.472027
39.908487 116.472024
39.908487 116.472029
39.908486 116.472092
39.908486 116.472134
39.908486 116.472138
39.908620 116.472143
39.908621 116.472140
39.908622 116.472137
39.908630 116.472104
39.908798 116.471868
39.908861 116.471869
39.908884 116.471869
39.908948 116.471870
39.909005 116.471870
39.909032 116.471871
39.909046 116.471871
39.909087 116.471871
39.909180 116.471872
39.909351 116.471874
39.909485 116.471876
39.909692 116.472330
39.909692 116.472309
39.909692 116.472337
39.909935 116.471878
39.910179 116.471877
39.910441 116.471876
39.910738 116.471876
39.910867 116.471876
39.910903 116.471876
39.911055 116.471875
39.911174 116.471875
39.911248 116.471875
39.911281 116.471875
39.911334 116.471875
39.911352 116.471875
39.911328 116.471875
39.911316 116.471875
39.911414 116.471875
39.911667 116.472227
39.911667 116.472224
39.911794 116.471870
39.911867 116.471868
39.911962 116.471866
39.912072 116.471863
39.912240 116.471858
39.912356 116.471855
39.912542 116.471850
39.912708 116.471846
39.912813 116.471843
39.912944 116.471840
0.000000 0.000000
39.912944 116.471840
39.912899 116.471841
39.912902 116.471841
39.912896 116.471841
39.912944 116.471840
39.912907 116.471841
0.000000 0.000000
39.912914 116.471841
39.912924 116.471841
39.912935 116.471840
39.912950 116.471840
39.912966 116.471839
39.913086 116.472431
39.912994 116.471839
0.000000 0.000000
39.913086 116.472431
39.913086 116.472431
39.913086 116.472431
0.000000 0.000000
39.913010 116.471838
39.913022 116.471838
0.000000 0.000000
39.913027 116.471838
39.913036 116.471838
39.913045 116.471837
0.000000 0.000000
39.913086 116.472431
39.913038 116.471838
39.913025 116.471838
39.913013 116.471838
39.913086 116.472431
39.913006 116.471838
0.000000 0.000000
39.913002 116.471839
39.913008 116.471838
39.913086 116.472431
39.913016 116.471838
39.913107 116.471836
39.913311 116.471830
39.913541 116.472092
39.913632 116.472033
39.913877 116.471722
39.913631 116.471986
39.913630 116.471957
39.913909 116.471731
39.913917 116.471733
39.913923 116.471734
39.913927 116.471735
39.913928 116.471735
39.913929 116.471736
39.913919 116.471733
39.913914 116.471732
39.913912 116.471731
39.913908 116.471730
39.913909 116.471730
39.913915 116.471732
39.913912 116.471731
39.913905 116.471730
0.000000 0.000000
39.913898 116.471727
39.913901 116.471728
39.913892 116.471726
39.913890 116.471725
0.000000 0.000000
39.913894 116.471726
39.914027 116.471762
39.914260 116.471824
39.914537 116.471885
39.914941 116.471936
39.915387 116.471963
39.915898 116.472132
39.916169 116.472014
0.000000 0.000000
0.000000 0.000000
0.000000 0.000000
0.000000 0.000000
0.000000 0.000000
0.000000 0.000000
0.000000 0.000000
0.000000 0.000000
0.000000 0.000000
0.000000 0.000000
0.000000 0.000000
0.000000 0.000000
0.000000 0.000000
0.000000 0.000000
0.000000 0.000000
0.000000 0.000000
0.000000 0.000000
0.000000 0.000000
0.000000 0.000000
0.000000 0.000000
0.000000 0.000000
0.000000 0.000000
0.000000 0.000000
0.000000 0.000000
0.000000 0.000000
39.921412 116.472039
39.921417 116.472136
39.921417 116.472125
39.921417 116.472127
39.921417 116.472136
39.921417 116.472128
39.921417 116.472138
39.921418 116.472153
39.921419 116.472170
0.000000 0.000000
0.000000 0.000000
0.000000 0.000000
0.000000 0.000000
0.000000 0.000000
39.921428 116.472347
39.921427 116.472329
39.921426 116.472307
39.922441 116.472317
39.922443 116.472286
39.922999 116.472332
39.923648 116.472485
39.924211 116.472034
39.924510 116.472138
39.925565 116.472359
39.925865 116.472357
39.926220 116.472328
39.926473 116.472796
39.927159 116.472189
39.927161 116.472269
39.927168 116.472498
39.927178 116.472831
39.926974 116.473063
39.926991 116.473064
39.927004 116.473064
39.927014 116.473064
39.927180 116.472900
39.927100 116.473066
39.927131 116.473067
39.927183 116.472999
39.927182 116.472972
39.927182 116.472967
39.927181 116.472925
39.927180 116.472900
39.927178 116.472825
39.927176 116.472762
39.927174 116.472702
39.927172 116.472636
39.927170 116.472575
39.927170 116.472547
39.927168 116.472490
39.927166 116.472417
39.927165 116.472396
39.927164 116.472345
39.927162 116.472286
39.927160 116.472235
39.927159 116.472199
39.927158 116.472135
39.927154 116.472030
39.927152 116.471939
39.927150 116.471890
39.927149 116.471833
39.927147 116.471762
39.927145 116.471724
39.927143 116.471654
39.927141 116.471577
39.927139 116.471499
39.927034 116.471337
39.927039 116.471337
39.927063 116.471337
39.927131 116.471266
39.927128 116.471184
39.927126 116.471133
39.927125 116.471090
39.927124 116.471058
39.927123 116.471037
39.927122 116.471022
39.927122 116.471024
39.927124 116.471078
39.927125 116.471092
39.927126 116.471125
39.927120 116.470948
39.927117 116.470886
