39.921429 116.472360
39.922409 116.472776
39.921443 116.472648
39.921443 116.472652
39.921444 116.472672
39.921418 116.472149
39.921418 116.472158
39.921418 116.472150
39.921418 116.472142
39.921417 116.472136
39.921417 116.472128
39.921416 116.472113
39.921415 116.472083
39.921412 116.472039
39.921411 116.472002
0.000000 0.000000
0.000000 0.000000
0.000000 0.000000
0.000000 0.000000
0.000000 0.000000
0.000000 0.000000
0.000000 0.000000
0.000000 0.000000
0.000000 0.000000
0.000000 0.000000
0.000000 0.000000
0.000000 0.000000
0.000000 0.000000
0.000000 0.000000
0.000000 0.000000
0.000000 0.000000
0.000000 0.000000
0.000000 0.000000
0.000000 0.000000
0.000000 0.000000
0.000000 0.000000
0.000000 0.000000
39.918376 116.471569
39.918376 116.471569
39.918376 116.471569
39.918376 116.471569
39.918376 116.471569
39.918376 116.471569
39.918376 116.471569
39.918376 116.471569
39.918376 116.471569
39.918376 116.471569
39.918376 116.471569
39.918376 116.471569
39.918376 116.471569
39.918368 116.471540
39.918376 116.471569
0.000000 0.000000
0.000000 0.000000
0.000000 0.000000
0.000000 0.000000
0.000000 0.000000
0.000000 0.000000
0.000000 0.000000
39.916276 116.471426
39.916274 116.471438
39.916273 116.471444
39.916274 116.471439
39.916273 116.471441
39.916274 116.471438
39.916274 116.471436
39.916275 116.471429
39.916276 116.471427
39.916277 116.471419
39.916277 116.471418
39.916277 116.471422
39.916276 116.471428
39.916276 116.471424
39.916279 116.471408
39.916282 116.471395
39.916283 116.471386
39.916285 116.471377
39.916281 116.471398
39.916289 116.471355
39.916288 116.471358
39.916221 116.471391
39.916121 116.471397
39.916041 116.471384
39.916036 116.471411
39.916029 116.471447
39.915130 116.471327
39.915129 116.471331
39.915130 116.471310
39.915130 116.471303
39.915130 116.471290
39.915131 116.471285
39.915131 116.471257
39.915131 116.471251
39.915132 116.471239
39.915132 116.471229
39.915132 116.471219
39.915132 116.471211
39.915132 116.471202
39.915133 116.471192
39.915133 116.471184
39.915133 116.471177
39.915133 116.471168
39.915133 116.471163
39.915133 116.471157
39.915134 116.471151
39.915134 116.471146
39.915134 116.471140
39.915134 116.471134
39.915134 116.471128
39.915134 116.471123
39.915134 116.471116
39.915135 116.471108
39.915135 116.471101
39.915135 116.471096
39.915135 116.471088
39.915135 116.471078
39.915136 116.471069
39.915136 116.471060
39.915136 116.471050
39.915136 116.471040
39.915136 116.471033
39.915137 116.471023
39.915137 116.471013
39.915137 116.471003
39.915137 116.470995
39.915137 116.470986
39.915138 116.470978
39.915138 116.470973
39.915138 116.470964
39.915138 116.470950
39.915139 116.470933
39.915139 116.470915
39.915140 116.470893
39.915140 116.470873
39.915140 116.470856
39.915141 116.470842
39.915141 116.470832
39.915141 116.470817
39.915141 116.470816
39.915141 116.470818
39.915141 116.470820
39.915141 116.470821
39.915141 116.470813
39.915142 116.470800
39.915136 116.471057
39.914719 116.470699
39.914595 116.470749
39.914493 116.470790
39.914383 116.470834
39.914248 116.470888
39.914095 116.470949
39.913949 116.471007
39.913707 116.470944
39.913622 116.470944
39.913532 116.470937
39.913707 116.471104
39.913532 116.470904
0.000000 0.000000
0.000000 0.000000
0.000000 0.000000
0.000000 0.000000
39.912218 116.471333
39.912098 116.471249
39.911982 116.471168
39.911858 116.471081
39.911783 116.470919
39.911665 116.470918
39.911786 116.471031
39.911664 116.470864
0.000000 0.000000
0.000000 0.000000
0.000000 0.000000
0.000000 0.000000
0.000000 0.000000
39.909696 116.470862
39.909696 116.470881
39.909696 116.470861
39.909696 116.470851
39.909696 116.470884
39.909696 116.470856
39.909696 116.470854
39.909696 116.470854
39.909696 116.470840
39.909696 116.470827
39.909696 116.470819
39.909696 116.470822
39.909696 116.470888
39.909696 116.470892
39.909696 116.470898
39.909696 116.470895
39.909696 116.470905
39.909696 116.470911
39.909696 116.470902
39.909696 116.470901
39.909696 116.470899
39.909696 116.470912
39.909696 116.470906
39.909696 116.470899
39.909696 116.470894
39.909696 116.470892
0.000000 0.000000
0.000000 0.000000
0.000000 0.000000
0.000000 0.000000
0.000000 0.000000
0.000000 0.000000
0.000000 0.000000
0.000000 0.000000
39.908492 116.471031
39.908492 116.471089
39.908492 116.471104
39.908597 116.471422
39.908612 116.471498
39.908619 116.471531
39.908618 116.471526
39.908637 116.471619
39.908489 116.471648
39.908489 116.471659
39.908489 116.471643
39.908489 116.471629
39.908489 116.471617
39.908489 116.471609
39.908348 116.471613
39.908348 116.471601
39.908348 116.471560
39.908348 116.471564
39.908348 116.471594
39.908348 116.471606
39.908211 116.471623
39.908211 116.471627
39.908212 116.471526
39.908212 116.471495
39.908109 116.471486
39.908109 116.471485
39.908109 116.471489
39.908109 116.471487
39.908109 116.471489
39.908108 116.471515
39.908108 116.471513
39.907794 116.471507
39.907794 116.471505
39.907794 116.471505
39.907794 116.471517
39.907794 116.471521
39.907794 116.471532
39.907794 116.471542
39.907794 116.471552
39.907794 116.471564
39.907549 116.471664
39.907543 116.471654
39.907542 116.471650
39.907532 116.471630
39.907519 116.471605
39.907516 116.471600
39.907513 116.471593
