39.928312 116.471737
39.928314 116.471736
0.000000 0.000000
0.000000 0.000000
0.000000 0.000000
0.000000 0.000000
0.000000 0.000000
0.000000 0.000000
0.000000 0.000000
39.928811 116.473090
39.929100 116.473091
0.000000 0.000000
0.000000 0.000000
0.000000 0.000000
0.000000 0.000000
0.000000 0.000000
0.000000 0.000000
0.000000 0.000000
0.000000 0.000000
0.000000 0.000000
0.000000 0.000000
0.000000 0.000000
0.000000 0.000000
0.000000 0.000000
39.927685 116.472616
39.927670 116.472580
39.927659 116.472556
39.927628 116.472482
39.927597 116.472409
39.927580 116.472369
39.927573 116.472353
39.927513 116.472256
39.927555 116.472308
39.927513 116.472210
39.927161 116.472267
39.926303 116.472685
39.925869 116.472279
0.000000 0.000000
39.924496 116.472133
39.924034 116.471973
39.923648 116.472485
39.923202 116.472293
39.923079 116.472314
39.923000 116.472320
39.922445 116.472253
39.922451 116.472177
39.922457 116.472082
39.922456 116.472107
39.921416 116.472109
39.921420 116.472184
0.000000 0.000000
0.000000 0.000000
0.000000 0.000000
0.000000 0.000000
0.000000 0.000000
0.000000 0.000000
0.000000 0.000000
0.000000 0.000000
0.000000 0.000000
0.000000 0.000000
0.000000 0.000000
0.000000 0.000000
0.000000 0.000000
0.000000 0.000000
0.000000 0.000000
0.000000 0.000000
0.000000 0.000000
0.000000 0.000000
0.000000 0.000000
0.000000 0.000000
0.000000 0.000000
0.000000 0.000000
0.000000 0.000000
0.000000 0.000000
0.000000 0.000000
0.000000 0.000000
0.000000 0.000000
0.000000 0.000000
0.000000 0.000000
0.000000 0.000000
0.000000 0.000000
0.000000 0.000000
0.000000 0.000000
39.916176 116.471971
39.916168 116.472017
39.916162 116.472051
39.916166 116.472025
0.000000 0.000000
0.000000 0.000000
39.916180 116.471952
39.916013 116.471971
39.915835 116.471971
39.915740 116.471970
39.915671 116.471968
39.915626 116.471967
39.915615 116.471967
39.915383 116.471963
39.915117 116.471870
39.914868 116.471927
39.914550 116.471887
39.914193 116.471806
39.913937 116.471738
39.913755 116.471689
39.913627 116.471817
39.913531 116.471821
39.913467 116.471824
39.913462 116.471824
39.913364 116.471828
39.913150 116.471835
39.912928 116.471829
39.912757 116.471845
39.912457 116.471500
39.911981 116.471865
39.911668 116.471746
39.911514 116.471874
39.911451 116.471874
39.911458 116.471874
39.911427 116.471874
39.911295 116.471875
39.911030 116.471875
39.910652 116.471876
39.910196 116.471877
39.909869 116.471878
39.909698 116.471465
39.909698 116.471435
39.909698 116.471387
39.909697 116.471305
39.909697 116.471235
39.909697 116.471106
39.909697 116.471035
39.909697 116.471043
39.909697 116.471070
39.909697 116.471121
39.909697 116.471097
0.000000 0.000000
0.000000 0.000000
0.000000 0.000000
0.000000 0.000000
0.000000 0.000000
0.000000 0.000000
39.909153 116.471872
39.909092 116.471871
39.909035 116.471871
39.908988 116.471870
39.908928 116.471870
39.908892 116.471869
39.908835 116.471869
39.908625 116.471557
39.908621 116.471541
39.908612 116.471496
39.908606 116.471467
39.908596 116.471418
39.908490 116.471415
39.908490 116.471420
39.908349 116.471429
39.908349 116.471430
39.908212 116.471422
39.908110 116.471406
39.908110 116.471357
39.908110 116.471366
39.907795 116.471369
39.907795 116.471396
39.907795 116.471394
39.907795 116.471395
39.907795 116.471398
39.907486 116.471540
