224145
234626
224145
239821
242995
242993
242993
242993
242993
242993
242993
242991
242991
242991
242991
242991
242991
239819
239823
239823
239823
239827
242989
242989
242989
242989
242989
224411
224411
224298
224292
224290
242968
242968
242968
242968
0
0
0
0
0
0
0
0
0
0
0
0
0
0
0
0
0
0
0
0
0
0
0
0
0
0
0
0
0
0
0
0
0
0
0
0
0
0
0
0
0
0
0
0
0
0
0
0
0
242964
242964
242964
242964
242964
242964
246232
246232
246232
246232
246232
246232
246232
246232
246232
246232
246232
246232
247601
246234
246234
246234
246234
246234
246234
246234
246234
246234
246234
246234
246234
246234
234445
234445
226578
226582
226578
244881
244881
226495
226495
234442
234438
234442
234438
234438
234438
234436
234436
234436
234436
234436
234436
234436
226890
226890
226888
226888
226888
226888
226888
226888
226876
226876
226876
226876
226876
226876
226876
226876
226876
226876
223176
223176
223176
223176
223176
223176
226868
226868
226868
226868
226868
226868
226868
226868
226868
226868
0
226878
226878
226878
226878
226882
226876
226876
226882
226882
226880
226880
226880
226880
226880
226874
226874
226874
226874
226874
226874
226872
226872
226872
226872
226872
226872
226872
239148
224950
239160
239160
239162
239162
239162
239162
233818
233818
233817
233818
233818
0
0
0
0
0
239140
239140
239140
239140
239138
239138
239138
244350
244350
244350
244350
244350
239132
233858
233858
233858
233860
233860
245025
245021
245019
245019
0
0
0
0
0
222033
222033
222002
222033
222033
222033
222033
0
0
0
0
0
0
0
0
0
0
0
0
239599
239599
239599
239599
239599
239599
239599
239599
239599
0
0
0
0
0
0
0
0
0
239611
239611
239611
239611
239611
230148
239611
225978
225978
229986
229986
229986
229986
229982
229980
229980
229980
229976
229976
226477
226477
226477
226477
230009
230009
226475
226475
226475
230003
230003
230007
230007
230007
230007
230007
230007
230007
0
0
0
0
0
0
0
0
0
0
0
0
0
0
239499
239499
239497
239497
239497
239497
239497
239497
239497
239497
239497
239497
239497
226475
226475
226475
230003
0
230003
230003
226475
226475
0
230003
230003
226475
0
230003
230003
230003
230003
226475
0
230003
226475
226475
226475
230003
230003
226475
226475
0
226475
230003
230003
230003
230003
230003
230003
230003
230003
230003
0
230003
230003
230003
230003
230003
0
230003
230003
230003
0
230003
230003
230003
230003
0
230003
230003
230003
230003
230003
230003
0
230003
230003
230003
230003
230003
230003
0
230003
230003
230007
230007
230003
230003
230007
230007
230007
230007
230007
230007
230007
230007
230007
0
230001
230001
230001
230001
230001
230001
230001
230001
230001
230001
230001
230001
230001
230001
230001
230001
230001
230001
230001
229948
229948
229948
229948
229948
229948
229948
229948
229948
236649
236649
236649
236649
236649
236649
236649
236649
236655
236655
236655
236655
236653
236653
236655
236653
0
0
0
0
0
230158
230158
224967
230158
230158
244340
244340
244340
244340
0
0
0
0
0
0
244307
244307
244307
234569
244307
244307
244307
244307
244307
244307
244307
244307
244307
230168
230168
239064
239064
239064
239064
239064
0
0
0
0
0
0
0
0
245993
245993
245993
245993
245993
245993
245993
0
0
0
0
224966
224966
224966
224966
229288
229288
245980
245980
245980
245980
244797
244797
244797
244797
244800
244800
244795
244795
244795
245979
229300
229300
229300
245974
229300
229300
229300
229300
229308
229308
229308
229308
229308
229308
229308
229308
229308
229310
229310
229310
229310
229310
229310
229310
229310
229310
229310
229310
229310
229302
229302
229302
229302
229302
229306
229306
229306
229306
229306
229304
229304
241876
241876
234393
234389
234389
234389
234389
234391
234391
234391
0
0
0
239112
239112
244847
244847
239112
239116
239116
239116
239116
239116
0
0
0
0
0
0
0
0
0
229426
229426
229426
229426
229426
229426
229426
229426
229426
0
242026
242026
242028
242028
242028
242026
242026
242026
242026
0
0
229507
229507
229507
229507
229507
229507
0
248146
248146
248146
248146
248146
248146
248150
248150
248150
248150
248150
248150
223176
226876
226876
226876
226876
0
0
226880
226880
226880
226884
226884
226884
226890
234436
234436
234436
234436
234436
234436
234436
234438
234438
234442
234438
226495
226495
244881
244881
226578
246234
226591
234445
234445
246234
246234
246234
246234
246234
246234
246234
246234
246234
246234
246234
246231
246231
246231
246231
246231
247589
247589
247589
247589
247589
247589
247589
247589
247589
246232
246232
246232
246232
246232
242964
242964
247770
247770
247770
247770
247770
247770
247770
0
0
0
0
0
0
0
0
0
0
0
0
0
0
0
0
0
0
0
0
0
0
0
0
0
0
0
0
0
0
0
0
0
0
0
0
0
0
0
0
0
0
0
0
0
0
0
0
0
0
0
0
0
0
0
0
0
0
0
0
0
0
0
0
0
0
0
0
0
0
0
0
0
0
0
0
0
0
0
0
0
242964
242964
242964
242964
242964
242964
246232
246232
246232
246232
246232
246232
246232
246232
246232
246232
246232
246232
246234
246234
246234
246234
246234
246234
246234
246234
246234
246234
246234
246234
234445
234445
234445
234445
226578
226578
226582
226578
226578
244881
244881
244881
226495
226495
226495
234438
234442
234442
234442
234444
234444
234444
234434
234434
234434
234434
234434
234434
234434
234434
229501
229501
234430
234430
234430
234430
234428
226896
226896
226896
226896
239158
239158
236877
236877
236877
236873
236862
248839
248839
226586
226586
226586
226586
226907
226907
226907
226907
226907
0
0
0
0
0
0
0
0
0
0
0
0
0
0
0
0
0
0
0
0
0
0
0
0
0
0
0
0
0
0
0
0
0
0
0
0
0
0
0
0
0
0
0
0
0
0
0
0
0
0
0
0
0
0
0
0
0
0
0
0
0
0
0
0
0
0
0
0
0
0
244063
244063
244063
244040
244040
244040
244040
244040
244040
244047
244047
244047
244041
244041
244041
244041
244047
244047
244047
244058
244067
244067
244067
247358
247358
246221
246221
246221
246221
246221
246221
246221
246221
246221
246216
246216
246216
246216
246216
246216
242960
239783
239783
239783
239783
239783
239783
244058
244058
244058
244080
244080
244078
244078
244078
244078
244078
244078
244078
244078
244078
244078
0
0
0
0
0
0
0
0
0
0
0
0
0
0
0
0
0
0
0
0
0
0
0
0
0
0
0
0
235278
235278
235278
235278
235278
235278
235278
0
241386
241387
241387
241387
0
241387
241387
241387
241386
241386
241386
241386
246254
246254
246254
246254
235237
235237
235237
235237
235237
0
235284
235284
235284
235284
235284
235284
235280
306565
306565
306561
306561
306561
306561
306561
306563
306563
306563
306563
306563
306563
306563
306563
306563
306461
306461
306461
306461
306461
306455
306455
306455
0
0
0
0
0
0
0
305085
305085
305081
305085
305081
305085
305085
305085
305085
305085
305085
305085
305085
305085
305085
309741
305085
305085
305085
303384
303384
310670
310670
310670
310670
0
0
0
310659
310659
310659
310659
310659
310659
310659
310659
0
0
0
0
0
0
0
0
0
0
0
0
0
0
0
0
0
0
0
0
0
0
0
0
0
0
0
0
0
0
0
0
303726
303726
303726
304165
304165
0
0
0
0
0
0
0
0
0
0
0
0
0
0
0
0
0
304165
304166
304166
304165
0
0
0
0
0
0
304180
304180
304180
304180
304166
304166
0
304166
304166
304166
304166
304168
304166
304166
304166
0
304166
304166
304166
304166
304166
0
304166
304166
304166
304166
304166
304166
0
304166
304166
304166
304166
304166
304166
304166
304166
304166
304166
304166
304166
304166
304166
304166
304166
304166
304166
0
0
304166
304166
304166
304166
304180
304180
304180
308928
308928
308928
308928
308928
308928
308928
308928
308928
308928
308928
308928
0
308928
308928
308928
308928
308928
308928
308928
0
308928
308928
308928
308928
308928
308928
308928
308928
308928
308928
308928
308928
308928
308928
308926
308926
308926
308926
0
0
0
0
0
0
0
0
304067
304067
304067
304067
304067
304067
304067
304067
304067
0
304067
304067
304067
304067
0
0
0
0
0
0
0
0
0
0
0
0
0
0
0
310659
310659
310659
310659
310659
310659
0
0
310670
310670
310670
310670
310670
303384
305085
305085
305085
309741
309741
305085
305085
305085
305085
305085
305085
305085
305085
305085
305085
305081
305085
305085
305085
305081
0
0
0
0
0
0
0
0
0
0
0
0
0
0
0
0
0
0
0
0
0
0
0
0
306455
306455
306455
306455
306455
306461
306461
306461
0
0
0
235282
235282
235282
235282
235282
235282
235282
226719
226719
230432
230432
230432
230440
230440
230440
230440
230440
246264
246264
246264
246264
246264
246264
246264
246264
226722
239871
239871
246268
246268
246268
246268
246268
246268
246268
246268
246268
246268
246268
246268
246268
246268
246268
246268
246268
246268
246268
239919
230481
230481
239922
239919
239919
0
239919
239919
239919
230488
230486
230486
230484
230484
230484
230486
230484
230484
246278
246278
246278
227732
227732
227732
227732
227732
227732
227732
227732
227732
227732
246277
227732
227732
241339
241339
241339
241339
241339
241339
241343
241343
241343
241343
241343
241343
0
241343
241343
241343
241343
241343
241343
241343
241343
0
0
241343
241341
241341
241341
241341
241341
241341
241341
241341
241341
241341
241341
0
241341
241341
0
241341
241341
241341
241341
0
241341
241341
241341
241338
241338
241338
225492
225492
225492
225492
225492
225492
225492
225492
225492
225492
0
0
0
0
0
221938
221938
221938
221938
221938
221938
221938
221938
221938
221938
221938
221938
239991
239989
239989
239989
239989
239989
239989
239989
247445
247445
247445
230399
247445
247445
243062
243062
243062
243062
243062
243062
247447
247447
247447
247447
247447
247447
247447
247447
230409
230409
230409
230409
230409
230409
230409
230409
230412
230412
230412
230412
230412
230412
0
0
0
239837
239837
239837
239837
239837
239837
239837
239837
239837
239837
239837
239837
239837
239837
239837
0
239837
239837
0
242982
242982
242982
242980
242980
242980
242988
242982
242980
239803
239803
239803
230387
230387
224411
224411
224298
224298
224298
224298
224298
224411
239801
242989
242989
242989
242989
0
0
239829
239829
239827
239827
239829
239827
239829
239829
239829
239823
239823
239823
239823
239823
239823
242999
242999
242999
242999
242999
242995
242995
239797
239821
239821
239821
239821
239821
0
239821
239821
