39.985059 116.306054
39.985059 116.306063
39.985061 116.306121
39.985064 116.306212
39.985067 116.306283
39.985069 116.306363
39.985073 116.306457
39.985075 116.306541
39.985263 116.306434
39.985271 116.306646
39.985276 116.306802
39.985283 116.307009
39.985344 116.308821
39.985358 116.309235
39.985304 116.309436
39.985184 116.309706
39.985188 116.309844
39.985192 116.309946
39.985058 116.309929
39.985058 116.309928
39.985057 116.309908
39.985057 116.309908
39.985057 116.309899
39.985057 116.309886
39.982664 116.309486
39.982498 116.310388
39.982498 116.310417
39.982497 116.310524
39.982111 116.310948
39.981942 116.310946
39.981823 116.311073
39.981575 116.311072
39.981248 116.311069
39.981018 116.311068
39.980804 116.310932
39.980757 116.310932
39.980751 116.311066
39.980752 116.310932
39.979172 116.310984
39.979212 116.310982
39.979176 116.310984
39.977759 116.309678
39.977757 116.309641
39.977749 116.309501
39.977743 116.309404
39.977764 116.309767
39.977765 116.309799
39.977769 116.309862
39.977770 116.309887
39.977771 116.309899
39.978586 116.308639
39.978967 116.309153
39.984889 116.299787
39.984900 116.299786
39.986956 116.299168
39.986998 116.299171
39.988974 116.298449
39.990555 116.298187
