40.057792 116.402828 19748
40.057290 116.402840 19753
40.057211 116.402843 19754
40.056897 116.402853 19758
40.056795 116.402852 19760
40.056705 116.402867 19764
40.056648 116.402938 19768
40.056630 116.403177 19772
40.056655 116.403625 19777
40.056658 116.404142 19782
40.056667 116.404688 19787
40.056670 116.405190 19792
40.056671 116.405282 19793
40.056673 116.405558 19796
40.056670 116.405878 19800
40.056665 116.406122 19804
40.056665 116.406287 19807
40.056665 116.406342 19808
40.056657 116.406463 19811
40.056653 116.406563 19814
40.056652 116.406655 19817
40.056652 116.406770 19821
40.056648 116.406872 19824
40.056635 116.406988 19828
40.056620 116.407200 19832
40.056488 116.407400 19837
40.056323 116.407467 19842
40.056082 116.407480 19846
40.055848 116.407503 19849
40.055770 116.407510 19850
40.055333 116.407562 19855
40.054875 116.407602 19860
40.054377 116.407643 19865
40.054083 116.407645 19868
40.053887 116.407647 19870
40.053586 116.407611 19873
40.053385 116.407587 19875
40.052892 116.407458 19880
40.052415 116.407270 19885
40.051967 116.407042 19890
40.051540 116.406747 19895
40.051045 116.406377 19900
40.050545 116.406027 19905
40.050052 116.405677 19910
40.049503 116.405462 19915
40.049269 116.405441 19917
40.048917 116.405410 19920
40.048350 116.405510 19925
40.047925 116.405638 19930
40.047823 116.405664 19931
40.047415 116.405767 19935
40.046868 116.405867 19940
40.046406 116.405865 19944
40.046290 116.405865 19945
40.045733 116.405832 19950
40.045420 116.405816 19953
40.045212 116.405805 19955
40.044748 116.405783 19960
40.044448 116.405763 19964
40.044233 116.405747 19968
40.044130 116.405733 19971
40.043932 116.405712 19976
40.043650 116.405680 19980
40.043202 116.405645 19985
40.042850 116.405615 19988
40.042615 116.405595 19990
40.042367 116.405565 19992
40.041995 116.405520 19995
40.041400 116.405475 20000
40.040840 116.405453 20005
40.040285 116.405417 20010
40.039707 116.405375 20015
40.039110 116.405295 20020
40.038483 116.405195 20025
40.038251 116.405161 20027
40.037902 116.405110 20030
40.037358 116.405020 20035
40.036838 116.404928 20040
40.036353 116.404835 20045
40.035838 116.404737 20050
40.035303 116.404633 20055
40.034791 116.404533 20059
40.034663 116.404508 20060
40.033950 116.404390 20065
40.033313 116.404283 20070
40.033241 116.404274 20071
40.033097 116.404257 20073
40.033002 116.404238 20079
40.032882 116.404220 20083
40.032648 116.404192 20087
40.032307 116.404143 20091
40.031822 116.404090 20096
40.031315 116.403983 20101
40.030833 116.403855 20106
40.030720 116.403827 20107
40.030607 116.403800 20108
40.030267 116.403717 20111
40.029697 116.403625 20116
40.029147 116.403533 20121
40.028633 116.403442 20126
40.028122 116.403353 20131
40.027600 116.403257 20136
40.027137 116.403173 20141
40.026828 116.403120 20145
40.026567 116.403080 20149
40.026468 116.403082 20153
40.026352 116.403070 20202
40.026122 116.403022 20207
40.025832 116.402973 20211
40.025377 116.402895 20216
40.024878 116.402805 20221
40.024402 116.402723 20226
40.024053 116.402662 20230
40.023701 116.402596 20234
40.023613 116.402580 20235
40.023133 116.402527 20240
40.022633 116.402508 20245
40.022280 116.402470 20249
40.022037 116.402430 20253
40.021945 116.402417 20255
40.021886 116.402413 20258
40.021847 116.402410 20260
40.021790 116.402401 20262
40.021733 116.402393 20264
40.021527 116.402355 20268
40.021338 116.402275 20272
40.021270 116.401897 20277
40.021253 116.401283 20282
40.021253 116.400568 20287
40.021267 116.399760 20292
40.021280 116.398888 20297
40.021287 116.398376 20300
40.021290 116.398206 20301
40.021292 116.398035 20302
40.021303 116.397223 20307
40.021352 116.396395 20312
40.021410 116.395510 20317
40.021417 116.394575 20322
40.021380 116.393678 20327
40.021293 116.392788 20332
40.021285 116.391833 20337
40.021284 116.391627 20338
40.021283 116.391011 20341
40.021282 116.390805 20342
40.021268 116.389818 20347
40.021265 116.389615 20348
