39.973902 116.333677 44397
39.973740 116.333662 44398
39.973843 116.333637 44403
39.974002 116.333670 44406
39.973961 116.333702 44411
39.973857 116.333656 44415
39.973690 116.333625 44418
39.973578 116.333605 44420
39.973638 116.333621 44425
39.973694 116.333658 44430
39.973464 116.333673 44434
39.973410 116.333671 44435
39.973355 116.333668 44436
39.973289 116.333642 44439
39.973267 116.333633 44440
39.973366 116.333648 44444
39.973448 116.333679 44449
39.973356 116.333672 44453
39.973318 116.333620 44458
39.973331 116.333642 44462
39.973334 116.333647 44463
39.973350 116.333655 44465
39.973374 116.333667 44468
39.973327 116.333628 44473
39.973441 116.333632 44477
39.973690 116.333641 44482
39.973721 116.333632 44487
39.973692 116.333635 44491
39.973685 116.333636 44492
39.973750 116.333631 44497
39.973843 116.333625 44500
39.973950 116.333633 44503
39.974060 116.333634 44506
39.974166 116.333603 44511
39.973645 116.333559 44516
39.973629 116.333554 44521
39.973631 116.333559 44526
39.973710 116.333584 44531
39.973753 116.333581 44536
39.973743 116.333594 44541
39.974135 116.333593 44545
39.974030 116.333597 44550
39.973927 116.333593 44553
39.974030 116.333629 44558
39.974150 116.333648 44560
39.974185 116.333684 44565
39.974078 116.333669 44568
39.974122 116.333677 44573
39.974214 116.333701 44575
39.974352 116.333736 44578
39.974346 116.333742 44579
39.974320 116.333767 44583
39.973920 116.333726 44587
39.973661 116.333707 44591
39.973617 116.333706 44592
39.973528 116.333705 44594
39.973440 116.333703 44596
39.973464 116.333713 44601
39.973482 116.333702 44606
39.973474 116.333706 44611
39.973471 116.333743 44616
39.973466 116.333784 44621
39.973455 116.333778 44626
39.973440 116.333760 44631
39.973428 116.333781 44636
39.973467 116.333818 44641
39.973500 116.333806 44644
39.973522 116.333798 44646
39.973521 116.333798 44651
39.973518 116.333800 44656
39.973514 116.333808 44661
39.973511 116.333818 44666
39.973473 116.333823 44671
39.973349 116.333844 44675
39.973248 116.333852 44679
39.973258 116.333850 44684
39.973314 116.333827 44689
39.973342 116.333825 44694
39.973345 116.333821 44699
39.973291 116.333817 44704
39.973274 116.333795 44709
39.973275 116.333794 44714
39.973350 116.333792 44719
39.973382 116.333801 44724
39.973366 116.333841 44729
39.973376 116.333816 44734
39.973335 116.333762 44739
39.973233 116.333722 44744
39.973351 116.333732 44746
39.973381 116.333720 44751
39.973325 116.333701 44754
39.973307 116.333694 44755
39.973288 116.333688 44756
39.973227 116.333654 44758
39.973197 116.333637 44759
39.973180 116.333606 44764
39.973354 116.333625 44766
39.973402 116.333669 44771
39.973310 116.333672 44776
39.973216 116.333665 44778
39.973201 116.333675 44783
39.973371 116.333705 44787
39.973413 116.333712 44788
39.973437 116.333718 44793
39.973437 116.333715 44798
39.973578 116.333719 44801
39.973796 116.333725 44806
39.973889 116.333724 44810
39.973920 116.333715 44812
39.973967 116.333702 44815
39.974053 116.333668 44820
39.974068 116.333670 44823
39.974078 116.333671 44825
39.974171 116.333656 44829
39.974194 116.333652 44830
39.974227 116.333621 44835
39.974162 116.333646 44840
39.974084 116.333665 44845
39.974036 116.333659 44846
39.973939 116.333646 44848
39.973841 116.333652 44853
39.973991 116.333674 44858
39.974253 116.333681 44862
39.974259 116.333684 44866
39.974260 116.333685 44867
39.974264 116.333686 44872
39.974367 116.333683 44876
39.974376 116.333687 44877
39.974411 116.333703 44881
39.974451 116.333737 44886
39.974228 116.333746 44891
39.974060 116.333726 44893
39.974005 116.333706 44895
39.973922 116.333676 44898
39.973552 116.333668 44903
39.973288 116.333681 44907
39.973281 116.333676 44908
39.973252 116.333655 44912
39.973274 116.333610 44917
39.973249 116.333628 44922
39.973232 116.333681 44927
39.973301 116.333674 44932
39.973253 116.333654 44937
39.973238 116.333647 44942
39.973148 116.333653 44947
39.973102 116.333675 44952
39.973157 116.333651 44954
39.973211 116.333627 44956
39.973176 116.333607 44959
39.973153 116.333593 44961
39.972910 116.333602 44965
39.973540 116.333621 44970
39.973727 116.333618 44972
39.973634 116.333609 44975
39.973572 116.333603 44977
39.973439 116.333636 44982
39.973953 116.333666 44987
39.973971 116.333645 44992
39.973937 116.333630 44997
