39.916589 116.347461 43848
39.916634 116.347450 43853
39.916749 116.347412 43857
39.916782 116.347403 43859
39.916798 116.347399 43860
39.916846 116.347389 43865
39.916855 116.347381 43867
39.916869 116.347369 43870
39.916845 116.347392 43875
39.916815 116.347407 43880
39.916812 116.347392 43885
39.916813 116.347380 43890
39.916872 116.347362 43894
39.916942 116.347316 43896
39.917048 116.347246 43899
39.917139 116.346702 43904
39.917104 116.346200 43908
39.917095 116.346074 43909
39.917076 116.345378 43914
39.917074 116.344702 43919
39.917084 116.344129 43924
39.917081 116.343967 43926
39.917078 116.343805 43928
39.917105 116.343624 43931
39.917123 116.343504 43933
39.917146 116.343121 43938
39.917157 116.342704 43943
39.917151 116.342176 43948
39.917126 116.341807 43951
39.917109 116.341561 43953
39.917096 116.340942 43958
39.917089 116.340468 43963
39.917113 116.340000 43968
39.917128 116.339651 43972
39.917136 116.339583 43974
39.917163 116.339535 43979
39.917166 116.339388 43984
39.917146 116.339118 43989
39.917165 116.338895 43993
39.917400 116.338768 43998
39.917769 116.338731 44003
39.918222 116.338712 44008
39.918723 116.338698 44013
39.919063 116.338651 44016
39.919289 116.338619 44018
39.919874 116.338587 44023
39.920408 116.338606 44028
39.920856 116.338624 44033
39.921086 116.338683 44038
39.921119 116.338716 44043
39.921226 116.338780 44047
39.921471 116.338859 44052
39.921658 116.338864 44056
39.921705 116.338865 44057
39.921821 116.338857 44060
39.921881 116.338868 44063
39.921919 116.338852 44068
39.921965 116.338817 44070
39.921989 116.338799 44071
39.922035 116.338764 44073
39.922139 116.338673 44077
39.922400 116.338534 44082
39.922774 116.338483 44087
39.923248 116.338435 44092
39.923442 116.338391 44094
39.923636 116.338346 44096
39.923733 116.338324 44097
39.924189 116.338251 44102
39.924554 116.338207 44107
39.924883 116.338163 44112
39.925235 116.338129 44117
39.925611 116.338069 44122
39.925894 116.337995 44127
39.926100 116.337973 44132
39.926292 116.337936 44137
39.926588 116.337892 44142
39.926988 116.337860 44147
39.927390 116.337891 44152
39.927842 116.337948 44157
39.928289 116.337998 44162
39.928384 116.337984 44164
39.928431 116.337977 44165
39.928389 116.337981 44168
39.928365 116.338113 44173
39.928321 116.338118 44176
39.928272 116.338128 44179
39.928256 116.338132 44180
39.927975 116.338021 44185
39.927872 116.337994 44188
39.927816 116.337990 44191
39.927827 116.338067 44196
39.927796 116.338106 44200
39.927753 116.338140 44205
39.927767 116.338175 44210
39.927743 116.338180 44215
39.927707 116.338213 44218
39.927672 116.338231 44221
39.927628 116.338238 44225
39.927612 116.338263 44230
39.927575 116.338272 44235
39.927318 116.338195 44240
39.927239 116.338171 44242
39.927191 116.338161 44246
39.927145 116.338159 44250
39.927062 116.338115 44255
39.926982 116.338096 44259
39.926962 116.338091 44260
39.926945 116.338093 44261
39.926911 116.338098 44263
39.926867 116.338111 44266
39.926810 116.338130 44270
39.926770 116.338168 44273
39.926725 116.338169 44277
39.926679 116.338149 44282
39.926678 116.338128 44283
39.926676 116.338107 44284
39.926675 116.338086 44285
39.926684 116.338021 44289
39.926674 116.338010 44294
39.926690 116.337967 44299
39.926710 116.337910 44302
39.926669 116.337767 44307
39.926674 116.337697 44310
39.926675 116.337627 44314
39.926650 116.337561 44316
39.926612 116.337461 44319
39.926600 116.337403 44323
39.926637 116.337345 44328
39.926669 116.337303 44332
39.926702 116.337233 44337
39.926727 116.337190 44340
39.926735 116.337176 44341
39.926778 116.337124 44346
39.926798 116.337069 44350
39.926825 116.337046 44355
39.926838 116.337023 44360
39.926839 116.337026 44362
39.926840 116.337031 44365
39.926841 116.337030 44370
39.926798 116.336991 44374
39.926751 116.336953 44378
39.926717 116.336933 44383
39.926744 116.336928 44388
39.926748 116.336939 44393
39.926765 116.336889 44398
39.926761 116.336868 44399
39.926754 116.336826 44401
39.926751 116.336749 44405
39.926758 116.336684 44409
39.926744 116.336618 44414
39.926716 116.336577 44416
39.926702 116.336557 44417
39.926676 116.336514 44422
39.926650 116.336528 44427
39.926629 116.336529 44428
39.926543 116.336535 44432
39.926502 116.336551 44437
39.926441 116.336486 44441
39.926430 116.336518 44443
39.926419 116.336550 44445
