40.005005 116.312693 79274
40.004954 116.312600 79276
40.004877 116.312460 79279
40.004809 116.312323 79283
40.004792 116.312289 79284
40.004757 116.312288 79285
40.004617 116.312284 79289
40.004411 116.312282 79294
40.004168 116.312278 79299
40.003866 116.312288 79304
40.003524 116.312339 79309
40.003222 116.312372 79314
40.002941 116.312392 79319
40.002603 116.312392 79324
40.002269 116.312433 79329
40.001951 116.312457 79334
40.001894 116.312462 79335
40.001668 116.312484 79339
40.001377 116.312497 79344
40.001088 116.312480 79349
40.000790 116.312448 79354
40.000486 116.312401 79359
40.000168 116.312352 79364
39.999983 116.312333 79367
39.999859 116.312321 79369
39.999585 116.312327 79374
39.999313 116.312443 79379
39.999051 116.312602 79384
39.998808 116.312693 79389
39.998573 116.312714 79394
39.998527 116.312720 79395
39.998342 116.312743 79399
39.998184 116.312751 79403
39.998145 116.312753 79404
39.997963 116.312743 79409
39.997755 116.312754 79414
39.997624 116.312741 79419
39.997522 116.312757 79421
39.997369 116.312780 79424
39.997278 116.313003 79429
39.997174 116.313164 79434
39.996953 116.313206 79439
39.996915 116.313216 79440
39.996877 116.313227 79441
39.996764 116.313258 79444
39.996609 116.313293 79449
39.996512 116.313472 79454
39.996439 116.313552 79457
39.996391 116.313606 79459
39.996226 116.313631 79464
39.996201 116.313641 79465
39.996103 116.313680 79469
39.996027 116.313844 79474
39.995974 116.314009 79479
39.995837 116.314126 79484
39.995683 116.314271 79489
39.995506 116.314462 79494
39.995353 116.314688 79499
39.995137 116.314780 79504
39.994886 116.314820 79509
39.994633 116.314875 79514
39.994381 116.314913 79519
39.994149 116.314947 79524
39.993917 116.314996 79529
39.993706 116.315029 79534
39.993486 116.315053 79539
39.993260 116.315071 79544
39.993050 116.315084 79549
39.993011 116.315090 79550
39.992854 116.315113 79554
39.992696 116.315115 79559
39.992487 116.315157 79564
39.992340 116.315072 79569
39.992200 116.314978 79574
39.992025 116.314922 79579
39.991805 116.315041 79584
39.991580 116.315166 79589
39.991344 116.315330 79594
39.991302 116.315375 79595
39.991136 116.315556 79599
39.990956 116.315757 79604
39.990968 116.316106 79609
39.991008 116.316519 79614
39.991020 116.316960 79619
39.990990 116.317404 79624
39.991011 116.317804 79629
39.991025 116.317937 79631
39.991047 116.318137 79634
39.991072 116.318495 79639
39.991073 116.318656 79641
39.991074 116.318897 79644
39.991105 116.319326 79649
39.991119 116.319715 79654
39.991133 116.320110 79659
39.991145 116.320491 79664
39.991154 116.320684 79667
39.991160 116.320812 79669
39.991128 116.320858 79670
39.990998 116.321044 79674
39.990729 116.321075 79679
39.990451 116.321089 79684
39.990157 116.321050 79689
39.989877 116.321035 79694
39.989597 116.321003 79699
39.989313 116.320920 79704
39.989035 116.320871 79709
39.988744 116.320790 79714
39.988471 116.320779 79719
39.988185 116.320754 79724
39.987890 116.320747 79729
39.987606 116.320789 79734
39.987544 116.320779 79735
39.987482 116.320769 79736
39.987295 116.320738 79739
39.987040 116.320783 79743
39.986976 116.320794 79744
39.986667 116.320831 79749
39.986609 116.320837 79750
39.986378 116.320863 79754
39.986082 116.320900 79759
39.985903 116.320914 79762
39.985783 116.320924 79764
39.985508 116.320900 79769
39.985224 116.320901 79774
39.984999 116.320912 79779
39.984789 116.320912 79784
39.984541 116.320961 79789
39.984371 116.320990 79794
39.984329 116.321003 79799
39.984184 116.320980 79804
39.983939 116.321012 79809
39.983647 116.321041 79814
39.983349 116.321048 79819
39.983063 116.321047 79824
39.982777 116.321067 79829
39.982496 116.321081 79834
39.982215 116.321073 79839
39.981982 116.321048 79844
39.981933 116.321022 79847
39.981901 116.321005 79849
39.981848 116.320999 79854
39.981865 116.320997 79859
39.981869 116.320998 79864
39.981866 116.320992 79869
