39.996030 116.359192 98
39.995707 116.359163 103
39.995380 116.359189 108
39.995121 116.359226 113
39.994912 116.359247 118
39.994755 116.359318 123
39.994721 116.359325 128
39.994691 116.359363 133
39.994713 116.359363 138
39.994759 116.359339 143
39.994793 116.359339 148
39.994722 116.359379 153
39.994979 116.358640 158
39.994737 116.358677 163
39.994477 116.358689 168
39.994164 116.358719 173
39.993969 116.358727 178
39.993907 116.358731 183
39.993852 116.358735 186
39.993816 116.358737 188
39.993750 116.358760 193
39.993737 116.358766 198
39.993731 116.358771 203
39.993727 116.358772 208
39.993729 116.358767 213
39.993732 116.358758 218
39.993722 116.358750 223
39.993637 116.358735 228
39.993289 116.358730 233
39.993175 116.358687 238
39.993161 116.358690 239
39.993107 116.358703 243
39.993068 116.358725 248
39.993041 116.358714 253
39.993040 116.358712 258
39.993036 116.358709 260
39.993029 116.358705 263
39.993011 116.358669 268
39.992996 116.358643 273
39.992979 116.358652 278
39.992911 116.358700 283
39.992856 116.358722 288
39.992807 116.358720 290
39.992783 116.358720 291
39.992734 116.358718 293
39.992724 116.358734 294
39.992684 116.358798 298
39.992545 116.359133 303
39.992447 116.359697 308
39.992293 116.360239 313
39.992257 116.360456 315
39.992204 116.360782 318
39.992197 116.360894 319
39.992169 116.361343 323
39.992145 116.361972 328
39.992174 116.362466 333
39.992131 116.362710 338
39.991955 116.362768 343
39.991748 116.362787 348
39.991673 116.362814 353
39.991670 116.362845 358
39.991663 116.362844 363
39.991658 116.362851 368
39.991652 116.362853 372
39.991651 116.362854 373
39.991646 116.362852 376
39.991643 116.362850 378
39.991512 116.362855 383
39.991262 116.362855 388
39.990957 116.362819 393
39.990668 116.362727 398
39.990548 116.362689 400
39.990368 116.362631 403
39.990253 116.362602 405
39.990080 116.362559 408
39.989719 116.362456 413
39.989319 116.362413 418
39.988898 116.362376 423
39.988439 116.362388 428
39.987929 116.362467 433
39.987495 116.362555 438
39.987184 116.362664 443
39.987120 116.362715 448
39.987118 116.362719 453
39.987116 116.362712 458
39.987096 116.362730 463
39.987093 116.362739 468
39.987087 116.362733 473
39.987067 116.362742 478
39.987007 116.362866 483
39.986990 116.362937 488
39.987000 116.362950 493
39.986928 116.363092 498
39.986904 116.363133 500
39.986868 116.363195 503
39.986826 116.363262 508
39.986836 116.363265 512
39.986838 116.363266 513
39.986846 116.363273 518
39.986941 116.363184 523
39.986957 116.363162 528
39.986858 116.363137 533
39.986645 116.363084 538
39.986360 116.363085 543
39.986335 116.363046 545
39.986298 116.362988 548
39.986090 116.362774 553
39.985829 116.362765 555
39.985438 116.362751 558
39.985281 116.362701 560
39.985046 116.362627 563
39.984701 116.362542 568
39.984410 116.362437 573
39.984128 116.362426 578
39.983767 116.362507 583
39.983493 116.362558 588
39.983340 116.362692 592
39.983302 116.362726 593
39.983077 116.362882 598
39.982866 116.363007 603
39.982754 116.362885 608
39.982652 116.362689 613
39.982610 116.362658 615
39.982548 116.362612 618
39.982353 116.362603 623
39.982296 116.362601 628
39.982285 116.362585 633
39.982274 116.362587 638
39.982250 116.362608 643
39.982247 116.362615 644
39.982236 116.362638 647
39.982233 116.362645 648
39.982219 116.362660 653
39.982208 116.362646 658
39.982208 116.362642 663
39.982180 116.362648 667
39.982173 116.362650 668
39.982012 116.362808 673
39.981922 116.362966 677
39.981900 116.363005 678
39.981857 116.363067 683
39.981832 116.363135 688
39.981827 116.363154 689
39.981809 116.363228 693
39.981813 116.363295 698
