40.072979 116.414761 40465
40.072924 116.414870 40470
40.072890 116.414967 40475
40.072875 116.415066 40480
40.072863 116.415166 40485
40.072836 116.415213 40490
40.072817 116.415255 40495
40.072842 116.415294 40500
40.072855 116.415304 40505
40.072858 116.415306 40510
40.072853 116.415308 40515
40.072850 116.415308 40520
40.072851 116.415309 40525
40.072852 116.415309 40530
40.072851 116.415310 40535
40.072851 116.415310 40540
40.072852 116.415311 40545
40.072851 116.415311 40550
40.072852 116.415312 40553
40.072852 116.415312 40555
40.072856 116.415313 40560
40.072858 116.415314 40565
40.072858 116.415314 40570
40.072850 116.415332 40575
40.072840 116.415420 40580
40.072849 116.415510 40585
40.072833 116.415559 40590
40.072841 116.415588 40595
40.072859 116.415626 40600
40.072832 116.415706 40605
40.072837 116.415727 40606
40.072857 116.415813 40610
40.072867 116.415893 40615
40.072867 116.415962 40620
40.072869 116.416032 40625
40.072864 116.416062 40627
40.072856 116.416108 40630
40.072853 116.416179 40635
40.072849 116.416287 40640
40.072842 116.416337 40645
40.072857 116.416393 40650
40.072875 116.416463 40655
40.072876 116.416486 40657
40.072877 116.416497 40658
40.072878 116.416520 40660
40.072878 116.416537 40661
40.072878 116.416605 40665
40.072881 116.416647 40670
40.072893 116.416725 40675
40.072869 116.416820 40680
40.072867 116.416844 40682
40.072863 116.416880 40685
40.072860 116.416899 40686
40.072850 116.416973 40690
40.072860 116.417049 40695
40.072889 116.417115 40700
40.072893 116.417176 40705
40.072884 116.417251 40710
40.072880 116.417333 40715
40.072864 116.417400 40720
40.072889 116.417470 40725
40.072898 116.417523 40730
40.072897 116.417612 40735
40.072907 116.417647 40739
40.072910 116.417656 40740
40.072944 116.417684 40743
40.072967 116.417702 40745
40.072952 116.417759 40750
40.072953 116.417849 40755
40.072988 116.417890 40760
40.073007 116.417961 40765
40.072998 116.417991 40767
40.072985 116.418035 40770
40.072977 116.418052 40772
40.072964 116.418077 40775
40.072964 116.418126 40780
40.072938 116.418197 40785
40.072923 116.418264 40790
40.072930 116.418334 40795
40.072910 116.418431 40800
40.072911 116.418507 40805
40.072911 116.418555 40810
40.072856 116.418571 40815
40.072883 116.418582 40820
40.072829 116.418610 40825
40.072803 116.418626 40830
40.072789 116.418680 40835
40.072788 116.418744 40840
40.072796 116.418790 40845
40.072803 116.418836 40850
40.072780 116.418847 40855
40.072782 116.418848 40860
40.072768 116.418835 40865
40.072761 116.418817 40867
40.072751 116.418790 40870
40.072707 116.418738 40875
40.072618 116.418863 40879
40.072596 116.418894 40880
40.072552 116.418891 40885
40.072354 116.418930 40890
40.072231 116.418946 40895
40.072233 116.418940 40900
40.072225 116.418940 40905
40.072211 116.418947 40910
40.072172 116.418974 40912
40.072113 116.419015 40915
40.072028 116.419116 40920
40.072006 116.419126 40922
40.071972 116.419142 40925
40.071942 116.419150 40927
40.071898 116.419161 40930
40.071820 116.419188 40935
40.071749 116.419185 40940
40.071709 116.419157 40945
40.071701 116.419156 40950
40.071653 116.419138 40955
40.071615 116.419081 40959
40.071606 116.419067 40960
40.071590 116.419075 40965
40.071589 116.419074 40970
40.071585 116.419076 40975
40.071573 116.419080 40980
40.071519 116.419090 40982
40.071437 116.419104 40985
40.071373 116.419156 40990
40.071332 116.419130 40995
40.071210 116.419105 41000
40.071129 116.419105 41005
40.071117 116.419107 41010
40.071117 116.419104 41011
40.071116 116.419095 41014
40.071116 116.419092 41015
40.071101 116.419055 41020
40.071086 116.419023 41025
40.071079 116.419004 41030
40.071059 116.418950 41034
40.071054 116.418937 41035
40.071014 116.418875 41040
40.071009 116.418841 41044
40.071008 116.418832 41045
40.071013 116.418762 41050
40.071010 116.418713 41055
40.071009 116.418703 41056
40.071003 116.418664 41060
40.071021 116.418631 41065
