39.900730 116.258742 76960
39.900595 116.258757 76965
39.900558 116.258753 76966
39.900485 116.258745 76968
39.900292 116.258688 76973
39.900200 116.258657 76976
39.900085 116.258652 76979
39.899988 116.258618 76982
39.899902 116.258580 76985
39.899867 116.258578 76986
39.899833 116.258577 76987
39.899798 116.258575 76988
39.899741 116.258577 76990
39.899683 116.258578 76992
39.899575 116.258593 76995
39.899472 116.258573 76998
39.899365 116.258595 77001
39.899270 116.258603 77004
39.899177 116.258630 77008
39.899077 116.258633 77011
39.898967 116.258572 77014
39.898867 116.258540 77017
39.898835 116.258537 77018
39.898770 116.258530 77020
39.898640 116.258555 77024
39.898535 116.258567 77027
39.898435 116.258580 77030
39.898342 116.258585 77033
39.898247 116.258602 77036
39.898216 116.258599 77037
39.898155 116.258593 77039
39.898053 116.258600 77042
39.897963 116.258588 77045
39.897843 116.258583 77049
39.897753 116.258600 77052
39.897663 116.258592 77055
39.897568 116.258587 77058
39.897455 116.258580 77062
39.897342 116.258578 77066
39.897247 116.258600 77069
39.897152 116.258595 77072
39.897052 116.258597 77075
39.896948 116.258600 77078
39.896848 116.258592 77081
39.896767 116.258590 77084
39.896740 116.258590 77085
39.896637 116.258627 77089
39.896530 116.258650 77093
39.896438 116.258665 77096
39.896345 116.258665 77099
39.896228 116.258660 77103
39.896058 116.258572 77108
39.895942 116.258552 77112
39.895852 116.258538 77115
39.895738 116.258527 77119
39.895605 116.258532 77126
39.895487 116.258535 77129
39.895402 116.258568 77132
39.895315 116.258600 77136
39.895212 116.258612 77141
39.895102 116.258595 77145
39.895003 116.258602 77148
39.894973 116.258601 77149
39.894912 116.258598 77151
39.894808 116.258607 77154
39.894698 116.258600 77158
39.894597 116.258602 77161
39.894565 116.258599 77162
39.894502 116.258593 77164
39.894436 116.258593 77166
39.894403 116.258593 77167
39.894372 116.258587 77168
39.894310 116.258575 77170
39.894220 116.258542 77173
39.894123 116.258518 77176
39.894094 116.258513 77177
39.894008 116.258497 77180
39.893918 116.258507 77183
39.893832 116.258542 77188
39.893819 116.258557 77189
39.893765 116.258615 77193
39.893713 116.258636 77196
39.893678 116.258650 77198
39.893635 116.258651 77200
39.893570 116.258652 77203
39.893352 116.258522 77207
39.893233 116.258540 77210
39.893163 116.258579 77212
39.893128 116.258598 77213
39.893038 116.258708 77216
39.892957 116.258802 77219
39.892878 116.258848 77224
39.892797 116.258795 77229
39.892750 116.258822 77231
39.892680 116.258863 77234
39.892575 116.258895 77236
39.892470 116.258928 77238
39.892292 116.259075 77243
39.892212 116.259158 77246
39.891988 116.258892 77251
39.891808 116.258833 77256
39.891717 116.258880 77259
39.891623 116.258915 77263
39.891543 116.258972 77266
39.891438 116.258960 77269
39.891333 116.258937 77273
39.891127 116.258695 77278
39.890942 116.258555 77283
39.890845 116.258528 77286
39.890750 116.258520 77289
39.890633 116.258498 77293
39.890573 116.258497 77295
39.890543 116.258497 77296
39.890515 116.258495 77297
39.890458 116.258492 77299
39.890430 116.258490 77300
39.890320 116.258477 77304
39.890222 116.258527 77309
39.890132 116.258593 77312
39.890050 116.258647 77315
39.889983 116.258608 77317
39.889950 116.258588 77318
39.889845 116.258555 77321
39.889755 116.258565 77324
39.889647 116.258575 77328
39.889538 116.258597 77332
39.889427 116.258610 77336
39.889335 116.258667 77340
39.889218 116.258697 77345
39.889068 116.258585 77350
39.888993 116.258595 77352
39.888955 116.258600 77353
39.888927 116.258604 77354
39.888842 116.258615 77357
39.888735 116.258607 77361
39.888633 116.258608 77365
39.888569 116.258600 77368
39.888527 116.258595 77370
39.888430 116.258528 77374
39.888325 116.258480 77378
39.888222 116.258445 77382
39.888113 116.258452 77386
39.888030 116.258513 77389
39.887938 116.258565 77392
39.887847 116.258608 77395
39.887757 116.258622 77398
39.887701 116.258630 77400
39.887645 116.258638 77402
39.887533 116.258650 77406
39.887430 116.258652 77410
39.887401 116.258658 77411
39.887313 116.258678 77414
39.887198 116.258667 77418
39.887137 116.258674 77420
39.887107 116.258677 77421
39.887015 116.258673 77424
39.886925 116.258632 77427
39.886808 116.258610 77431
39.886700 116.258572 77435
39.886587 116.258545 77439
39.886495 116.258520 77442
39.886385 116.258510 77446
39.886278 116.258512 77450
39.886163 116.258513 77454
39.886055 116.258528 77458
39.885967 116.258495 77461
39.885853 116.258467 77465
39.885763 116.258468 77468
39.885650 116.258477 77472
39.885533 116.258460 77476
39.885440 116.258432 77479
39.885375 116.258423 77481
39.885342 116.258418 77482
39.885248 116.258415 77485
39.885153 116.258433 77488
39.885055 116.258448 77491
39.885024 116.258442 77492
39.884962 116.258430 77494
39.884870 116.258427 77497
39.884780 116.258418 77500
39.884688 116.258410 77503
39.884600 116.258378 77506
39.884482 116.258392 77510
39.884392 116.258408 77513
39.884363 116.258401 77514
39.884278 116.258380 77517
39.884188 116.258377 77520
39.884093 116.258375 77523
39.884000 116.258372 77526
39.883908 116.258375 77529
39.883787 116.258368 77533
39.883756 116.258368 77534
39.883693 116.258368 77536
39.883577 116.258382 77540
39.883460 116.258375 77544
39.883342 116.258375 77548
39.883250 116.258368 77551
39.883157 116.258377 77554
39.883062 116.258375 77557
39.883030 116.258374 77558
39.882965 116.258372 77560
