39.887095 116.679399 45877
39.887071 116.679410 45882
39.887069 116.679411 45883
39.887060 116.679415 45887
39.887029 116.679439 45892
39.887012 116.679451 45897
39.886998 116.679453 45902
39.887003 116.679447 45907
39.887001 116.679448 45908
39.886999 116.679449 45909
39.886997 116.679450 45910
39.886993 116.679452 45912
39.886991 116.679453 45913
39.886985 116.679456 45917
39.886981 116.679456 45922
39.886984 116.679451 45927
39.886991 116.679441 45932
39.886993 116.679439 45933
39.887001 116.679431 45937
39.887044 116.679408 45942
39.887076 116.679393 45947
39.887084 116.679387 45950
39.887089 116.679383 45952
39.887113 116.679372 45957
39.887117 116.679377 45962
39.887122 116.679372 45967
39.887120 116.679373 45970
39.887119 116.679373 45972
39.887089 116.679400 45977
39.887055 116.679428 45982
39.887029 116.679454 45987
39.887004 116.679477 45992
39.887013 116.679483 45997
39.887013 116.679490 46002
39.887013 116.679491 46003
39.887013 116.679495 46007
39.887017 116.679495 46012
39.887019 116.679494 46013
39.887027 116.679492 46017
39.887052 116.679482 46022
39.887099 116.679460 46027
39.887110 116.679461 46032
39.887123 116.679462 46037
39.887124 116.679464 46042
39.887121 116.679470 46047
39.887115 116.679478 46052
39.887110 116.679483 46057
39.887108 116.679486 46059
39.887104 116.679491 46062
39.887097 116.679500 46067
39.887090 116.679507 46072
39.887089 116.679512 46077
39.887089 116.679516 46082
39.887093 116.679520 46087
39.887098 116.679522 46092
39.887100 116.679522 46093
39.887106 116.679521 46097
39.887113 116.679522 46102
39.887119 116.679523 46107
39.887128 116.679523 46112
39.887138 116.679522 46117
39.887144 116.679523 46122
39.887150 116.679525 46127
39.887155 116.679528 46132
39.887163 116.679527 46137
39.887170 116.679523 46142
39.887164 116.679522 46147
39.887168 116.679523 46152
39.887170 116.679525 46157
39.887166 116.679532 46162
39.887157 116.679540 46167
39.887148 116.679547 46172
39.887139 116.679554 46177
39.887131 116.679559 46182
39.887122 116.679566 46187
39.887113 116.679569 46192
39.887112 116.679571 46197
39.887110 116.679569 46202
39.887109 116.679566 46207
39.887110 116.679565 46212
39.887109 116.679565 46217
39.887110 116.679565 46220
39.887110 116.679565 46222
39.887110 116.679565 46227
39.887110 116.679565 46228
39.887110 116.679565 46232
39.887110 116.679565 46237
39.887110 116.679565 46242
39.887110 116.679565 46247
39.887110 116.679565 46252
39.887110 116.679565 46253
39.887110 116.679565 46254
39.887110 116.679565 46257
39.887111 116.679565 46262
39.887111 116.679565 46267
39.887111 116.679566 46272
39.887110 116.679567 46277
39.887109 116.679568 46280
39.887109 116.679569 46282
39.887109 116.679569 46287
39.887108 116.679570 46292
39.887108 116.679570 46297
39.887108 116.679570 46302
39.887108 116.679570 46307
39.887108 116.679570 46310
39.887108 116.679570 46312
39.887109 116.679569 46317
39.887110 116.679569 46322
39.887111 116.679568 46327
39.887112 116.679567 46332
39.887113 116.679566 46337
39.887114 116.679565 46342
39.887114 116.679564 46345
39.887114 116.679564 46347
39.887115 116.679563 46352
39.887115 116.679562 46357
39.887116 116.679560 46361
39.887116 116.679560 46362
39.887116 116.679559 46367
39.887116 116.679558 46372
39.887117 116.679557 46377
39.887117 116.679556 46382
39.887117 116.679556 46387
39.887118 116.679556 46392
39.887118 116.679555 46396
39.887118 116.679555 46397
39.887119 116.679555 46402
39.887120 116.679554 46407
39.887120 116.679554 46412
39.887121 116.679554 46417
39.887121 116.679553 46422
39.887122 116.679553 46427
39.887122 116.679553 46428
39.887122 116.679553 46431
39.887122 116.679553 46432
39.887122 116.679552 46437
39.887122 116.679552 46442
39.887122 116.679551 46447
39.887123 116.679550 46452
39.887124 116.679549 46457
39.887125 116.679548 46462
39.887127 116.679546 46467
39.887127 116.679546 46469
39.887128 116.679545 46472
39.887129 116.679543 46477
