39.973258 116.333209 22926
39.973234 116.333233 22931
39.973195 116.333233 22932
39.973041 116.333234 22936
39.973038 116.333271 22941
39.973235 116.333334 22946
39.973365 116.333424 22951
39.973420 116.333488 22956
39.973427 116.333497 22957
39.973434 116.333506 22958
39.973441 116.333514 22959
39.973455 116.333532 22961
39.973483 116.333541 22962
39.973593 116.333579 22966
39.973547 116.333524 22971
39.970928 116.333654 22976
39.971149 116.333595 22981
39.971154 116.333589 22982
39.971173 116.333563 22986
39.971117 116.333521 22991
39.971128 116.333503 22996
39.971172 116.333501 22999
39.971201 116.333500 23001
39.971217 116.333502 23006
39.971191 116.333491 23011
39.971219 116.333507 23016
39.971309 116.333514 23019
39.971369 116.333518 23021
39.971418 116.333503 23026
39.971536 116.333504 23031
39.971650 116.333475 23036
39.971562 116.333523 23041
39.971421 116.333563 23046
39.971255 116.333537 23051
39.971239 116.333527 23052
39.971174 116.333486 23056
39.971250 116.333458 23061
39.971282 116.333470 23062
39.971412 116.333519 23066
39.971646 116.333562 23071
39.971740 116.333498 23076
39.971683 116.333497 23081
39.971632 116.333527 23086
39.971729 116.333541 23091
39.971886 116.333554 23096
39.972134 116.333552 23101
39.972504 116.333547 23106
39.972611 116.333556 23108
39.972771 116.333569 23111
39.972891 116.333567 23116
39.972983 116.333557 23121
39.973056 116.333586 23126
39.973098 116.333617 23131
39.973201 116.333647 23136
39.973622 116.333635 23141
39.973652 116.333634 23142
39.973772 116.333631 23146
39.973973 116.333640 23151
39.974220 116.333674 23156
39.974382 116.333693 23161
39.974538 116.333703 23166
39.974657 116.333722 23171
39.974851 116.333713 23176
39.975151 116.333681 23181
39.975117 116.333702 23186
39.975061 116.333738 23191
39.975358 116.333681 23196
39.975867 116.333700 23201
39.975819 116.333684 23206
39.975474 116.333642 23211
39.975088 116.333599 23216
39.974569 116.333550 23221
39.974126 116.333522 23226
39.973687 116.333500 23231
39.973376 116.333520 23236
39.973316 116.333548 23241
39.973594 116.333581 23246
39.973689 116.333627 23251
39.973748 116.333667 23256
39.973935 116.333695 23261
39.973954 116.333705 23266
39.973958 116.333710 23269
39.973960 116.333713 23271
39.974004 116.333721 23276
39.974024 116.333720 23277
39.974103 116.333716 23281
39.974219 116.333716 23286
39.974346 116.333704 23291
39.974585 116.333697 23296
39.974704 116.333722 23301
39.974703 116.333729 23302
39.974702 116.333736 23303
39.974700 116.333756 23306
39.974603 116.333797 23311
39.974665 116.333880 23316
39.974871 116.333961 23321
39.975212 116.333966 23326
39.975231 116.333961 23329
39.975244 116.333957 23331
39.975221 116.333928 23336
39.975218 116.333894 23341
39.975191 116.333860 23346
39.975265 116.333827 23351
39.975388 116.333786 23356
39.975402 116.333746 23359
39.975412 116.333719 23361
39.975600 116.333649 23366
39.975880 116.333597 23371
39.976328 116.333543 23376
39.976990 116.333471 23381
39.977322 116.333445 23386
39.977392 116.333419 23391
39.977280 116.333439 23394
39.977205 116.333452 23396
39.977249 116.333491 23401
39.977332 116.333521 23406
39.977426 116.333507 23410
39.977449 116.333504 23411
39.977759 116.333439 23416
39.977962 116.333359 23421
39.978155 116.333307 23426
39.978365 116.333244 23431
39.978488 116.333201 23436
39.978525 116.333186 23441
39.978541 116.333204 23445
39.978545 116.333208 23446
39.978347 116.333241 23451
39.978538 116.333207 23456
39.978857 116.333169 23461
39.978927 116.333163 23466
39.979075 116.333174 23471
39.979319 116.333204 23476
39.979365 116.333212 23477
39.979505 116.333234 23480
39.979551 116.333242 23481
39.979842 116.333275 23486
39.979692 116.333358 23491
39.979701 116.333403 23496
39.979916 116.333425 23501
39.979883 116.333442 23506
39.979909 116.333420 23511
39.979887 116.333400 23516
39.979751 116.333396 23518
39.979548 116.333390 23521
39.979101 116.333324 23526
