39.984184 116.319099 54340
39.984203 116.319847 54345
39.984230 116.320435 54350
39.984234 116.320778 54355
39.984241 116.320854 54358
39.984241 116.320854 54370
39.984234 116.320862 54372
39.984241 116.320869 54414
39.984245 116.320969 54419
39.984261 116.321342 54424
39.984272 116.321869 54429
39.984281 116.322240 54432
39.984287 116.322487 54434
39.984299 116.323158 54439
39.984295 116.323776 54444
39.984301 116.324118 54448
39.984303 116.324203 54449
39.984314 116.324379 54454
39.984325 116.324348 54462
39.984375 116.324471 54467
39.984402 116.324844 54472
39.984403 116.324952 54473
39.984406 116.325386 54477
39.984406 116.325981 54482
39.984410 116.326228 54485
39.984412 116.326311 54486
39.984413 116.326393 54487
39.984413 116.326434 54488
39.984413 116.326599 54492
39.984383 116.326591 54552
39.984352 116.326622 54604
39.984344 116.326706 54609
39.984349 116.326834 54611
39.984356 116.327026 54614
39.984380 116.327222 54616
39.984417 116.327515 54619
39.984455 116.328117 54624
39.984482 116.328789 54629
39.984491 116.328932 54630
39.984528 116.329506 54634
39.984562 116.330246 54639
39.984585 116.331032 54644
39.984627 116.331810 54649
39.984646 116.332558 54654
39.984661 116.333366 54659
39.984711 116.334160 54664
39.984764 116.334938 54669
39.984810 116.335670 54674
39.984833 116.336395 54679
39.984844 116.336816 54682
39.984852 116.337097 54684
39.984879 116.337814 54689
39.984899 116.338254 54692
39.984913 116.338547 54694
39.984936 116.339180 54699
39.984936 116.339493 54704
39.984936 116.339600 54708
39.984932 116.339600 54713
39.984943 116.339783 54718
39.984970 116.340210 54723
39.984989 116.340782 54728
39.985046 116.341454 54733
39.985088 116.342163 54738
39.985102 116.342358 54740
39.985123 116.342651 54743
39.985138 116.342934 54748
39.985134 116.343285 54753
39.985132 116.343366 54754
39.985123 116.343689 54758
39.985126 116.344070 54763
39.985172 116.344543 54768
39.985180 116.345131 54773
39.985233 116.345772 54778
39.985268 116.346298 54783
39.985272 116.346359 54784
39.985283 116.346542 54787
39.985287 116.346603 54788
39.985298 116.346672 54791
39.985294 116.346619 54851
39.985298 116.346619 54860
39.985298 116.346619 54861
39.985313 116.346642 54878
39.985325 116.346695 54883
39.985344 116.346947 54888
39.985386 116.347366 54893
39.985416 116.347923 54898
39.985443 116.348587 54903
39.985466 116.349358 54908
39.985466 116.350082 54913
39.985413 116.350540 54918
39.985371 116.350853 54923
39.985386 116.350899 54925
39.985371 116.350912 54930
39.985359 116.350922 54934
39.985390 116.351051 54939
39.985401 116.351105 54940
