39.979877 116.319992 32431
39.979874 116.319787 32436
39.979821 116.319607 32441
39.979684 116.319387 32446
39.979686 116.319252 32451
39.979698 116.319227 32456
39.979700 116.319212 32461
39.979701 116.319206 32466
39.979706 116.319183 32470
39.979707 116.319177 32471
39.979708 116.319179 32476
39.979728 116.319124 32481
39.979752 116.318941 32486
39.979775 116.318764 32491
39.979742 116.318675 32496
39.979767 116.318568 32501
39.979774 116.318426 32506
39.979793 116.318150 32511
39.979793 116.318033 32513
39.979792 116.317857 32516
39.979889 116.317607 32521
39.979958 116.317334 32526
39.979924 116.317139 32531
39.979913 116.316987 32536
39.979893 116.316782 32541
39.979866 116.316643 32544
39.979848 116.316551 32546
39.979797 116.316387 32549
39.979763 116.316278 32551
39.979782 116.316070 32556
39.979798 116.315867 32561
39.979802 116.315792 32563
39.979809 116.315680 32566
39.979754 116.315465 32571
39.979686 116.315191 32576
39.979645 116.314825 32581
39.979630 116.314730 32583
39.979607 116.314587 32586
39.979584 116.314311 32591
39.979552 116.314034 32596
39.979557 116.313802 32601
39.979580 116.313581 32606
39.979607 116.313448 32611
39.979580 116.313280 32616
39.979557 116.313136 32621
39.979544 116.312905 32626
39.979504 116.312678 32631
39.979510 116.312410 32636
39.979499 116.312009 32641
39.979476 116.311804 32646
39.979464 116.311566 32651
39.979471 116.311354 32656
39.979525 116.311129 32661
39.979543 116.310973 32666
39.979571 116.310936 32668
39.979613 116.310880 32671
39.979644 116.310882 32674
39.979665 116.310883 32676
39.979665 116.310883 32677
39.979664 116.310882 32681
39.979666 116.310885 32685
39.979666 116.310886 32686
39.979665 116.310877 32691
39.979570 116.310864 32696
39.979540 116.310845 32701
39.979523 116.310777 32706
39.979539 116.310702 32711
39.979487 116.310531 32716
39.979498 116.310382 32721
39.979560 116.310202 32726
39.979611 116.309985 32731
39.979630 116.309759 32736
39.979613 116.309535 32741
39.979665 116.309295 32746
39.979732 116.309115 32751
39.979821 116.308851 32756
39.979853 116.308658 32761
39.979876 116.308573 32764
39.979891 116.308517 32766
39.979960 116.308427 32771
39.979996 116.308385 32776
39.980011 116.308370 32781
39.980135 116.308240 32786
39.980167 116.308028 32791
39.980127 116.307716 32796
39.980091 116.307814 32798
39.980036 116.307962 32801
39.980041 116.307935 32806
39.980061 116.307643 32811
39.980055 116.307483 32815
39.980054 116.307443 32816
39.980078 116.307226 32821
39.979852 116.306421 32826
39.979638 116.306207 32831
39.979560 116.306051 32836
39.979486 116.305850 32841
39.979472 116.305601 32846
39.979407 116.305372 32851
39.979303 116.305292 32856
39.979276 116.305174 32861
39.979229 116.305147 32862
39.979040 116.305040 32866
39.978752 116.305007 32871
39.978669 116.304923 32876
39.978627 116.304928 32881
39.978631 116.304945 32886
39.978669 116.304983 32891
39.978604 116.305013 32896
39.978562 116.305099 32901
39.978561 116.305114 32902
39.978556 116.305175 32906
39.978554 116.305161 32911
39.978547 116.305156 32916
39.978540 116.305143 32921
39.978536 116.305143 32923
39.978530 116.305143 32926
39.978498 116.305138 32931
39.978476 116.305160 32935
39.978471 116.305166 32936
39.978468 116.305163 32941
39.978408 116.305082 32946
39.978439 116.305023 32949
39.978449 116.305003 32950
39.978459 116.304983 32951
39.978472 116.304935 32956
39.978482 116.304922 32961
39.978485 116.304928 32966
39.978488 116.304906 32970
39.978489 116.304901 32971
39.978494 116.304891 32975
39.978495 116.304889 32976
39.978504 116.304862 32980
39.978506 116.304855 32981
39.978570 116.304749 32983
39.978665 116.304589 32986
39.978693 116.304567 32991
39.978691 116.304559 32996
39.978683 116.304460 33001
39.978666 116.304265 33006
39.978690 116.304095 33011
39.978712 116.304018 33014
39.978726 116.303967 33016
39.978742 116.303851 33021
39.978748 116.303743 33026
39.978765 116.303713 33031
