39.926830 116.351070 56942
39.926786 116.351044 56945
39.926742 116.351018 56948
39.926652 116.351047 56953
39.926588 116.351115 56959
39.926495 116.351293 57021
39.926582 116.351347 57076
39.926665 116.351392 57079
39.926757 116.351415 57084
39.926855 116.351440 57089
39.926771 116.351427 57150
39.926743 116.351423 57170
39.926668 116.351362 57175
39.926555 116.351290 57179
39.926506 116.351281 57181
39.926457 116.351272 57183
39.926362 116.351237 57189
39.926267 116.351217 57197
39.926178 116.351040 57284
39.926218 116.350923 57290
39.926250 116.350823 57293
39.926280 116.350727 57296
39.926318 116.350592 57300
39.926363 116.350485 57303
39.926400 116.350402 57308
39.926415 116.350177 57328
39.926440 116.350082 57331
39.926467 116.349982 57337
39.926563 116.349982 57406
39.926603 116.350040 57413
39.926609 116.350049 57414
39.926615 116.350057 57415
39.926695 116.350015 57421
39.926918 116.349972 57426
39.926996 116.349971 57427
39.927228 116.349970 57430
39.927745 116.350027 57435
39.927886 116.349992 57436
39.928452 116.349850 57440
39.929105 116.349770 57445
39.929622 116.349680 57450
39.929840 116.349795 57453
39.929913 116.349833 57454
39.930143 116.349858 57458
39.930268 116.349872 57461
39.930383 116.349857 57524
39.930707 116.349822 57529
39.931013 116.349817 57533
39.931468 116.349773 57538
