39.950745 116.324052 15317
39.950781 116.324430 15321
39.950808 116.324785 15325
39.950810 116.324964 15327
39.950812 116.325144 15329
39.950805 116.325486 15333
39.950790 116.325762 15337
39.950788 116.326020 15341
39.950801 116.326094 15342
39.950840 116.326318 15345
39.950893 116.326694 15349
39.950939 116.327105 15353
39.950958 116.327453 15357
39.950959 116.327518 15358
39.950962 116.327649 15360
39.950964 116.327714 15361
39.950955 116.327888 15365
39.950958 116.327931 15369
39.950958 116.327945 15371
39.950957 116.327959 15373
39.950957 116.327965 15377
39.950952 116.327966 15381
39.950942 116.327967 15385
39.950928 116.327969 15389
39.950923 116.327971 15392
39.950921 116.327971 15393
39.950926 116.327971 15397
39.950931 116.327972 15401
39.950921 116.327981 15405
39.950900 116.328058 15409
39.950890 116.328174 15413
39.950903 116.328358 15417
39.950893 116.328620 15421
39.950873 116.328732 15423
39.950853 116.328843 15425
39.950858 116.328895 15427
39.950860 116.328920 15428
39.950863 116.328946 15429
39.950877 116.328985 15433
39.950875 116.328991 15437
39.950868 116.328986 15441
39.950849 116.328980 15445
39.950843 116.328988 15449
39.950840 116.329115 15453
39.950826 116.329303 15457
39.950853 116.329541 15461
39.951027 116.329703 15465
39.951372 116.329802 15469
39.951756 116.329854 15473
39.952233 116.329853 15477
39.952703 116.329792 15481
39.953129 116.329738 15485
39.953453 116.329707 15489
39.953597 116.329644 15493
39.953677 116.329621 15497
39.953737 116.329606 15501
39.953765 116.329589 15505
39.953906 116.329556 15509
39.954220 116.329489 15513
39.954617 116.329400 15517
39.954726 116.329383 15518
39.955054 116.329332 15521
39.955465 116.329282 15525
39.955866 116.329230 15529
39.956220 116.329187 15533
39.956290 116.329173 15534
39.956500 116.329132 15537
39.956704 116.329127 15541
39.956911 116.329115 15545
39.957170 116.329061 15549
39.957397 116.329033 15552
39.957472 116.329024 15553
39.957825 116.329062 15557
39.958181 116.329114 15561
39.958464 116.329108 15565
39.958655 116.329103 15569
39.958769 116.329099 15573
39.958855 116.329083 15577
39.958873 116.329082 15581
39.958869 116.329083 15582
39.958856 116.329088 15585
39.958865 116.329094 15586
39.958891 116.329113 15589
39.959044 116.329139 15593
39.959145 116.329122 15595
39.959247 116.329105 15597
39.959449 116.329104 15601
39.959600 116.329087 15605
39.959717 116.329060 15609
39.959755 116.329043 15611
39.959794 116.329026 15613
39.959853 116.328989 15617
39.959883 116.328988 15621
39.959993 116.328992 15625
39.960028 116.328992 15626
39.960134 116.328994 15629
39.960220 116.328969 15633
39.960297 116.328977 15637
39.960352 116.328961 15639
39.960406 116.328946 15641
39.960464 116.328936 15643
39.960521 116.328926 15645
39.960596 116.328893 15648
39.960621 116.328882 15649
39.960765 116.328812 15653
39.960955 116.328762 15656
39.961019 116.328746 15657
39.961345 116.328675 15661
39.961733 116.328629 15665
39.962114 116.328598 15669
39.962193 116.328594 15670
39.962273 116.328590 15671
39.962432 116.328583 15673
39.962586 116.328577 15675
39.962739 116.328571 15677
39.963048 116.328521 15681
39.963253 116.328508 15684
39.963321 116.328504 15685
39.963517 116.328517 15689
39.963566 116.328493 15691
39.963614 116.328469 15693
39.963696 116.328432 15697
39.963744 116.328429 15701
39.963886 116.328396 15705
39.964155 116.328353 15709
39.964485 116.328293 15713
39.964863 116.328278 15717
39.965215 116.328261 15721
39.965494 116.328232 15725
39.965698 116.328191 15729
39.965784 116.328145 15733
39.965785 116.328106 15737
39.965789 116.328104 15741
39.965849 116.328157 15745
39.965936 116.328163 15747
39.966024 116.328169 15749
39.966211 116.328144 15753
39.966428 116.328086 15757
39.966671 116.328077 15761
39.966917 116.328060 15765
39.967247 116.328038 15769
39.967598 116.328024 15773
39.967990 116.328013 15777
39.968448 116.327994 15781
39.968912 116.327968 15785
39.969245 116.327945 15789
39.969599 116.327913 15793
39.969918 116.327885 15797
39.970224 116.327881 15801
39.970492 116.327887 15805
39.970713 116.327903 15809
39.970744 116.327902 15810
39.970835 116.327899 15813
39.970835 116.327896 15817
39.970817 116.327918 15821
39.970838 116.327933 15825
39.970827 116.327939 15829
39.970824 116.327939 15833
39.970825 116.327939 15837
39.970803 116.327946 15841
39.970818 116.327945 15845
39.970833 116.327940 15849
39.970841 116.327939 15853
39.970917 116.327916 15857
39.971009 116.327918 15860
39.971040 116.327919 15861
39.971271 116.327904 15865
39.971566 116.327875 15869
39.971932 116.327821 15873
39.972349 116.327788 15877
39.972804 116.327764 15881
39.973279 116.327736 15885
39.973732 116.327719 15889
39.974124 116.327729 15893
39.974361 116.327720 15897
39.974456 116.327712 15901
39.974487 116.327735 15905
39.974581 116.327763 15909
39.974672 116.327767 15911
39.974763 116.327771 15913
