39.946617 116.304100 40259
39.973800 116.319183 40307
39.973900 116.319167 40332
39.974017 116.319067 40450
39.974150 116.319067 40470
39.974300 116.319017 40488
39.974517 116.319033 40504
39.974700 116.319083 40524
39.974933 116.319083 40536
39.975040 116.319036 40546
39.975083 116.319017 40550
39.975205 116.319017 40563
39.975317 116.319017 40575
39.975206 116.318961 40601
39.975017 116.318867 40645
39.974767 116.318867 40658
39.974729 116.318702 40674
39.974717 116.318650 40679
39.974850 116.318417 40696
39.974864 116.318252 40710
39.974867 116.318217 40713
39.975183 116.317717 40741
39.975367 116.317567 40750
39.975183 116.317350 40765
39.975350 116.317183 40774
39.975567 116.317000 40784
39.975750 116.316750 40800
39.975883 116.316533 40814
39.975733 116.316467 40819
39.975433 116.316367 40828
39.975317 116.316133 40845
