39.975508 116.327557 59686
39.975503 116.327497 59690
39.975587 116.327450 59694
39.975678 116.327407 59698
39.975677 116.327343 59702
39.975667 116.327283 59706
39.975498 116.327235 59710
39.975387 116.327203 59714
39.975338 116.327137 59718
39.975223 116.327168 59722
39.975202 116.327198 59726
39.975181 116.327205 59728
39.975160 116.327212 59730
39.975087 116.327195 59734
39.975030 116.327188 59738
39.975002 116.327210 59742
39.974960 116.327218 59746
39.974937 116.327247 59750
39.974867 116.327260 59754
39.974838 116.327272 59758
39.974828 116.327263 59763
39.974790 116.327270 59767
39.974733 116.327227 59771
39.974650 116.327218 59775
39.974580 116.327240 59779
39.974513 116.327247 59784
39.974467 116.327241 59788
39.974455 116.327240 59789
39.974390 116.327247 59793
39.974325 116.327273 59798
39.974338 116.327362 59802
39.974344 116.327360 59803
39.974356 116.327354 59805
39.974362 116.327352 59806
39.974280 116.327307 59811
39.974210 116.327325 59815
39.974137 116.327342 59819
39.974095 116.327345 59823
39.974083 116.327346 59824
39.974072 116.327348 59825
39.974048 116.327350 59827
39.974020 116.327342 59831
39.974075 116.327378 59835
39.973978 116.327373 59839
39.973940 116.327392 59842
39.973928 116.327398 59843
39.973878 116.327425 59847
39.973812 116.327413 59851
39.973808 116.327392 59856
39.973703 116.327343 59860
39.973627 116.327338 59864
39.973592 116.327358 59868
39.973573 116.327353 59870
39.973553 116.327348 59872
39.973502 116.327350 59876
39.973498 116.327344 59878
39.973493 116.327338 59880
39.973458 116.327298 59884
39.973372 116.327305 59888
39.973318 116.327315 59892
39.973247 116.327338 59896
39.973231 116.327343 59897
39.973185 116.327360 59900
39.973160 116.327405 59904
39.973149 116.327407 59905
39.973118 116.327415 59908
39.973086 116.327436 59911
39.973075 116.327443 59912
39.973085 116.327448 59914
39.973095 116.327452 59916
39.973112 116.327437 59954
39.973067 116.327432 59958
39.972983 116.327432 59962
39.972865 116.327422 59966
39.972752 116.327427 59970
39.972660 116.327395 59974
39.972625 116.327342 59978
39.972592 116.327300 59982
39.972590 116.327297 59984
39.972590 116.327297 59990
39.972592 116.327275 59994
39.972583 116.327222 59998
39.972585 116.327162 60002
39.972568 116.327098 60006
39.972540 116.327030 60010
39.972505 116.326982 60014
39.972507 116.326927 60018
39.972513 116.326857 60022
39.972511 116.326833 60024
39.972510 116.326810 60026
39.972511 116.326797 60027
39.972513 116.326758 60030
39.972532 116.326695 60034
39.972512 116.326622 60038
39.972498 116.326552 60042
39.972492 116.326497 60046
39.972498 116.326442 60050
39.972505 116.326402 60053
39.972507 116.326388 60054
39.972523 116.326337 60058
39.972543 116.326287 60062
39.972595 116.326233 60066
39.972572 116.326187 60070
39.972563 116.326130 60074
39.972555 116.326073 60078
39.972510 116.326003 60082
39.972485 116.325981 60084
39.972460 116.325960 60086
39.972435 116.325922 60090
39.972478 116.325930 60093
39.972492 116.325932 60094
39.972497 116.325887 60097
39.972498 116.325872 60098
39.972504 116.325858 60099
39.972523 116.325815 60102
39.972515 116.325750 60106
39.972498 116.325692 60110
39.972473 116.325627 60114
39.972498 116.325592 60118
39.972528 116.325533 60122
39.972525 116.325453 60126
39.972536 116.325396 60129
39.972540 116.325377 60130
39.972583 116.325317 60134
39.972598 116.325267 60138
39.972578 116.325198 60142
39.972558 116.325143 60146
39.972530 116.325087 60150
39.972545 116.325022 60154
39.972537 116.324948 60158
39.972527 116.324895 60162
39.972520 116.324860 60166
39.972500 116.324795 60170
39.972477 116.324732 60174
39.972473 116.324672 60178
39.972457 116.324628 60182
39.972445 116.324570 60186
39.972432 116.324513 60190
39.972383 116.324478 60194
39.972326 116.324463 60197
39.972307 116.324458 60198
39.972250 116.324438 60202
39.972214 116.324464 60205
39.972202 116.324472 60206
39.972110 116.324483 60210
39.972030 116.324478 60214
39.971963 116.324475 60218
39.971951 116.324475 60219
39.971913 116.324475 60222
39.971852 116.324535 60226
39.971803 116.324548 60230
39.971785 116.324537 60234
39.971797 116.324548 60236
39.971815 116.324547 60244
39.971815 116.324593 60247
39.971815 116.324608 60248
39.971795 116.324743 60252
39.971820 116.324847 60256
39.971879 116.324904 60259
39.971898 116.324923 60260
39.971948 116.324978 60264
39.971997 116.325015 60268
39.972008 116.325010 60269
39.972042 116.324995 60272
39.972067 116.325010 60275
39.972071 116.325014 60277
39.972075 116.325018 60279
39.972073 116.325027 60283
