39.974713 116.331661 32055
39.974580 116.331712 32059
39.974529 116.331699 32063
39.974375 116.331684 32067
39.974217 116.331761 32071
39.974101 116.331751 32075
39.974019 116.331723 32079
39.973881 116.331688 32083
39.973639 116.331713 32087
39.973457 116.331822 32091
39.973387 116.331818 32093
39.973317 116.331815 32095
39.973222 116.331873 32099
39.973035 116.331920 32103
39.972935 116.331952 32106
39.972901 116.331962 32107
39.972834 116.331929 32109
39.972767 116.331896 32111
39.972713 116.331861 32115
39.972697 116.331854 32117
39.972682 116.331848 32119
39.972676 116.331839 32120
39.972669 116.331830 32121
39.972657 116.331813 32123
39.972591 116.331787 32127
39.972359 116.331795 32131
39.972094 116.331838 32135
39.971930 116.331929 32139
39.971758 116.331959 32143
39.971609 116.331962 32147
39.971489 116.331959 32150
39.971449 116.331958 32151
39.971289 116.331961 32155
39.971109 116.331990 32159
39.970947 116.332008 32163
39.970834 116.332046 32166
39.970797 116.332059 32167
39.970674 116.332204 32171
39.970520 116.332240 32175
39.970376 116.332274 32179
39.970212 116.332280 32183
39.970054 116.332293 32187
39.969901 116.332354 32191
39.969767 116.332421 32195
39.969641 116.332480 32199
39.969531 116.332518 32203
39.969459 116.332575 32207
39.969409 116.332648 32211
39.969310 116.332632 32215
39.969213 116.332623 32219
39.969413 116.332834 32339
39.969471 116.332796 32343
39.969536 116.332733 32347
39.969641 116.332690 32351
39.969731 116.332730 32355
39.969876 116.332702 32359
39.969943 116.332685 32363
39.970022 116.332679 32367
39.970071 116.332743 32371
39.970138 116.332781 32375
39.970289 116.332741 32379
39.970424 116.332695 32383
39.970591 116.332614 32387
39.970677 116.332549 32391
39.970723 116.332541 32393
39.970768 116.332534 32395
39.970809 116.332539 32397
39.970849 116.332545 32399
39.970950 116.332513 32403
39.971053 116.332505 32407
39.971103 116.332522 32409
39.971152 116.332540 32411
39.971170 116.332653 32415
39.971241 116.332656 32417
39.971311 116.332660 32419
39.971413 116.332655 32423
39.971558 116.332609 32427
39.971584 116.332608 32428
39.971663 116.332606 32431
39.971789 116.332504 32435
39.971989 116.332445 32439
39.972149 116.332427 32443
39.972230 116.332425 32447
39.972256 116.332471 32451
39.972261 116.332519 32455
39.972315 116.332468 32459
39.972391 116.332437 32463
39.972455 116.332395 32465
39.972519 116.332354 32467
39.972685 116.332314 32471
39.972904 116.332312 32475
39.973094 116.332235 32478
39.973157 116.332209 32479
39.973225 116.332174 32483
39.973381 116.332091 32487
39.973485 116.332085 32491
39.973592 116.332159 32495
39.973786 116.332261 32499
39.973920 116.332320 32503
39.973963 116.332308 32504
39.974007 116.332296 32505
39.974094 116.332272 32507
39.974280 116.332188 32511
39.974440 116.332159 32515
39.974600 116.332132 32519
39.974736 116.332115 32523
39.974835 116.332090 32527
39.974954 116.331939 32531
39.974983 116.331725 32535
39.974991 116.331681 32536
39.975016 116.331550 32539
39.975032 116.331430 32543
39.975053 116.331300 32547
39.975064 116.331155 32551
39.975049 116.331027 32555
39.975044 116.330891 32559
39.975040 116.330738 32563
39.975059 116.330608 32567
39.975068 116.330501 32571
39.975088 116.330367 32575
39.975118 116.330265 32579
39.975121 116.330128 32583
39.975116 116.330001 32587
39.975114 116.329864 32591
39.975108 116.329837 32592
39.975090 116.329755 32595
39.975089 116.329639 32599
39.975088 116.329583 32601
39.975087 116.329526 32603
39.975091 116.329465 32606
39.975092 116.329445 32607
39.975087 116.329326 32611
39.975089 116.329200 32615
39.975096 116.329070 32619
39.975100 116.329006 32622
39.975101 116.328985 32623
39.975090 116.328900 32627
39.975095 116.328781 32631
39.975116 116.328671 32634
39.975123 116.328634 32635
39.975141 116.328512 32639
39.975143 116.328387 32643
39.975152 116.328270 32647
39.975156 116.328241 32648
39.975167 116.328155 32651
