40.006302 116.320290 17763
40.006316 116.320284 17767
40.006324 116.320283 17771
40.006332 116.320282 17775
40.006337 116.320282 17778
40.006339 116.320282 17779
40.006345 116.320284 17783
40.006350 116.320287 17787
40.006352 116.320292 17791
40.006352 116.320297 17795
40.006351 116.320303 17799
40.006349 116.320309 17803
40.006346 116.320315 17807
40.006341 116.320323 17811
40.006335 116.320330 17815
40.006329 116.320337 17819
40.006289 116.320374 17823
40.006283 116.320384 17827
40.006290 116.320386 17831
40.006289 116.320387 17832
40.006286 116.320391 17834
40.006285 116.320392 17835
40.006283 116.320395 17839
40.006300 116.320376 17843
40.006297 116.320364 17847
40.006303 116.320349 17851
40.006306 116.320346 17854
40.006307 116.320345 17855
40.006307 116.320345 17859
40.006300 116.320349 17863
40.006292 116.320354 17867
40.006257 116.320372 17871
40.006219 116.320388 17875
40.006207 116.320381 17879
40.006215 116.320360 17883
40.006206 116.320352 17887
40.006206 116.320330 17891
40.006203 116.320326 17893
40.006200 116.320323 17895
40.006198 116.320317 17899
40.006196 116.320315 17903
40.006199 116.320322 17907
40.006202 116.320318 17910
40.006203 116.320316 17911
40.006211 116.320312 17915
40.006218 116.320307 17919
40.006222 116.320301 17923
40.006224 116.320296 17926
40.006225 116.320294 17927
40.006260 116.320328 17931
40.006270 116.320392 17935
40.006310 116.320445 17939
40.006348 116.320494 17943
40.006342 116.320571 17947
40.006358 116.320653 17951
40.006362 116.320737 17955
40.006364 116.320795 17957
40.006366 116.320852 17959
40.006379 116.320921 17963
40.006409 116.320982 17967
40.006352 116.321072 17970
40.006333 116.321102 17971
40.006277 116.321209 17975
40.006176 116.321285 17979
40.006098 116.321295 17983
40.006009 116.321309 17987
40.005915 116.321314 17991
40.005826 116.321314 17995
40.005748 116.321294 17999
40.005730 116.321293 18000
40.005677 116.321289 18003
40.005610 116.321281 18007
40.005525 116.321269 18011
40.005477 116.321274 18013
40.005430 116.321279 18015
40.005345 116.321291 18019
40.005130 116.321384 18026
40.005106 116.321387 18027
40.005033 116.321395 18030
40.005012 116.321405 18031
40.004948 116.321435 18034
40.004878 116.321406 18039
40.004808 116.321399 18043
40.004787 116.321403 18044
40.004726 116.321414 18047
40.004703 116.321413 18048
40.004636 116.321408 18051
40.004539 116.321425 18055
40.004456 116.321409 18059
40.004402 116.321421 18063
40.004398 116.321438 18067
40.004395 116.321438 18071
40.004399 116.321439 18074
40.004400 116.321439 18075
40.004396 116.321449 18079
40.004396 116.321451 18083
40.004400 116.321451 18087
40.004399 116.321451 18091
40.004396 116.321452 18095
40.004394 116.321452 18099
40.004393 116.321452 18103
40.004389 116.321452 18107
40.004392 116.321451 18111
40.004398 116.321450 18115
40.004399 116.321450 18116
40.004403 116.321449 18119
40.004404 116.321448 18122
40.004405 116.321448 18123
40.004408 116.321446 18127
40.004410 116.321446 18131
40.004413 116.321445 18135
40.004418 116.321444 18139
40.004423 116.321444 18143
40.004424 116.321444 18145
40.004425 116.321444 18147
40.004426 116.321444 18150
40.004426 116.321444 18151
40.004426 116.321444 18155
40.004426 116.321444 18156
40.004426 116.321444 18159
40.004434 116.321456 18163
40.004444 116.321474 18167
40.004454 116.321468 18171
40.004447 116.321485 18175
40.004438 116.321499 18179
40.004448 116.321484 18183
40.004468 116.321475 18187
40.004473 116.321476 18189
40.004477 116.321476 18191
40.004483 116.321482 18195
40.004481 116.321475 18197
40.004481 116.321472 18198
40.004480 116.321468 18199
40.004471 116.321456 18203
40.004468 116.321452 18207
40.004442 116.321446 18211
40.004388 116.321421 18215
40.004290 116.321403 18219
40.004213 116.321415 18223
40.004116 116.321449 18227
40.004018 116.321444 18231
40.003933 116.321434 18235
40.003869 116.321436 18238
40.003848 116.321436 18239
40.003736 116.321446 18243
40.003645 116.321436 18247
40.003530 116.321485 18251
40.003446 116.321490 18255
40.003396 116.321493 18257
40.003346 116.321495 18259
40.003318 116.321498 18260
40.003235 116.321506 18263
40.003105 116.321519 18267
40.002985 116.321507 18271
40.002867 116.321504 18275
40.002760 116.321529 18279
40.002656 116.321538 18283
40.002534 116.321548 18287
40.002430 116.321542 18291
40.002312 116.321542 18295
40.002188 116.321542 18299
40.002062 116.321570 18303
40.001937 116.321576 18307
40.001820 116.321571 18311
40.001686 116.321611 18315
40.001530 116.321633 18319
40.001394 116.321668 18323
40.001254 116.321707 18327
40.001214 116.321717 18328
40.001095 116.321748 18331
40.000953 116.321733 18335
40.000826 116.321730 18339
40.000706 116.321754 18343
40.000586 116.321741 18347
40.000523 116.321743 18349
40.000459 116.321745 18351
40.000335 116.321753 18355
40.000212 116.321761 18359
