40.016962 116.351282 50376
40.017312 116.351010 50379
40.017662 116.350738 50382
40.017809 116.350627 50383
40.018545 116.350070 50388
40.019488 116.349343 50394
40.020452 116.348593 50400
40.021418 116.347817 50406
40.022433 116.347055 50412
40.022755 116.346809 50414
40.023398 116.346317 50418
40.024328 116.345588 50424
40.024775 116.345240 50427
40.025222 116.344892 50430
40.026172 116.344158 50436
40.027113 116.343438 50442
40.027894 116.342855 50447
40.028050 116.342738 50448
40.028870 116.342128 50454
40.029682 116.341470 50460
40.030528 116.340800 50466
40.030675 116.340685 50467
40.031410 116.340107 50472
40.031872 116.339742 50475
40.032333 116.339378 50478
40.033298 116.338620 50484
40.034233 116.337878 50490
40.035127 116.337173 50496
40.036022 116.336462 50502
40.036779 116.335855 50507
40.036930 116.335733 50508
40.037925 116.335008 50514
40.038958 116.334263 50520
40.039288 116.334024 50522
40.039948 116.333547 50526
40.040900 116.332848 50532
40.041850 116.332132 50538
40.042822 116.331395 50544
40.043797 116.330652 50550
40.044116 116.330407 50552
40.044753 116.329918 50556
40.045685 116.329207 50562
40.046642 116.328475 50568
40.047623 116.327732 50574
40.048620 116.326972 50580
40.049623 116.326197 50586
40.050593 116.325448 50592
40.051507 116.324748 50598
40.052425 116.324037 50604
40.053305 116.323352 50610
40.054205 116.322682 50616
40.055135 116.321968 50622
40.056098 116.321220 50628
40.056988 116.320495 50634
40.057905 116.319803 50640
40.058875 116.319072 50646
40.059865 116.318328 50652
40.060855 116.317583 50658
40.061855 116.316825 50664
40.062013 116.316704 50665
40.062802 116.316098 50670
40.063112 116.315858 50672
40.063423 116.315618 50674
40.063733 116.315378 50676
40.064628 116.314690 50682
40.065530 116.313992 50688
40.066353 116.313363 50693
40.066517 116.313237 50694
40.067502 116.312490 50700
40.068450 116.311775 50706
40.068728 116.311570 50708
40.069283 116.311160 50712
40.069895 116.310760 50718
40.070000 116.310730 50752
40.070108 116.310695 50756
40.070153 116.310685 50771
40.070177 116.310678 50773
40.070188 116.310675 50781
40.070228 116.310658 50785
40.070228 116.310658 50793
40.070258 116.310642 50797
40.070273 116.310632 50806
40.070312 116.310607 50810
40.070312 116.310607 50814
40.070335 116.310588 50818
40.070350 116.310577 50820
40.070350 116.310577 50829
40.070372 116.310567 50833
40.070372 116.310567 50843
40.070377 116.310568 50845
40.070403 116.310543 50856
40.070458 116.310492 50858
40.070657 116.310302 50862
40.071108 116.310007 50868
40.071185 116.309977 50869
40.071567 116.309825 50874
40.071897 116.309608 50880
40.072065 116.309555 50884
40.072208 116.309750 50888
40.072234 116.309837 50889
40.072313 116.310098 50892
40.072468 116.310607 50898
40.072772 116.310898 50904
40.072876 116.310952 50906
40.072980 116.311007 50908
40.073093 116.311283 50911
40.073130 116.311375 50912
40.073362 116.312132 50918
40.073658 116.313107 50924
40.073965 116.314115 50930
40.074277 116.315158 50936
40.074580 116.316198 50942
40.074870 116.317128 50948
40.074975 116.317445 50954
40.074972 116.317410 50958
40.074955 116.317383 50962
40.074973 116.317387 50966
40.074988 116.317385 50968
