40.062552 116.316037 25048
40.061888 116.316547 25054
40.061633 116.316739 25056
40.061122 116.317123 25060
40.060255 116.317780 25066
40.059964 116.318004 25068
40.059382 116.318453 25072
40.059241 116.318560 25073
40.058537 116.319092 25078
40.057813 116.319647 25084
40.057313 116.320022 25090
40.056898 116.320342 25096
40.056528 116.320623 25102
40.056441 116.320691 25104
40.056268 116.320828 25108
40.056187 116.320892 25112
40.056108 116.320956 25115
40.056082 116.320977 25116
40.055965 116.321068 25120
40.055932 116.321093 25122
40.055900 116.321118 25124
40.055869 116.321143 25126
40.055837 116.321168 25128
40.055810 116.321190 25129
40.055730 116.321255 25132
40.055588 116.321363 25136
40.055420 116.321492 25140
40.055195 116.321668 25144
40.054812 116.321967 25150
40.054467 116.322234 25154
40.054295 116.322367 25156
40.053762 116.322778 25162
40.053235 116.323192 25168
40.052765 116.323553 25174
40.052277 116.323935 25180
40.051752 116.324377 25186
40.051273 116.324755 25192
40.050810 116.325110 25198
40.050661 116.325224 25200
40.050512 116.325339 25202
40.050363 116.325453 25204
40.049960 116.325767 25210
40.049742 116.325937 25216
40.049637 116.326020 25220
40.049545 116.326090 25224
40.049453 116.326163 25228
40.049285 116.326293 25232
40.049037 116.326480 25236
40.048678 116.326748 25242
40.048358 116.326957 25248
40.047995 116.327215 25254
40.047925 116.327265 25255
40.047577 116.327517 25260
40.047263 116.327765 25266
40.047102 116.327887 25270
40.047027 116.327948 25273
40.047002 116.327968 25274
40.046925 116.328030 25278
40.046795 116.328130 25282
40.046630 116.328258 25286
40.046485 116.328372 25290
40.046335 116.328485 25294
40.046232 116.328572 25298
40.046205 116.328593 25300
40.046177 116.328615 25302
40.046115 116.328660 25306
40.046032 116.328720 25310
40.045955 116.328778 25314
40.045908 116.328815 25318
40.045827 116.328880 25322
40.045723 116.328964 25325
40.045688 116.328992 25326
40.045560 116.329088 25330
40.045418 116.329195 25334
40.045263 116.329310 25338
40.045123 116.329417 25342
40.045050 116.329473 25344
40.044977 116.329528 25346
40.044822 116.329648 25350
40.044677 116.329762 25354
40.044572 116.329842 25358
40.044509 116.329889 25361
40.044488 116.329905 25362
40.044388 116.329982 25366
40.044185 116.330137 25370
40.044082 116.330214 25372
40.043928 116.330329 25375
40.043877 116.330367 25376
40.043727 116.330467 25380
40.043478 116.330622 25384
40.043107 116.330897 25390
40.043004 116.330968 25392
40.042902 116.331040 25394
40.042733 116.331177 25398
40.042562 116.331315 25402
40.042412 116.331433 25406
40.042323 116.331503 25410
40.042278 116.331540 25414
40.042230 116.331580 25418
40.042087 116.331690 25422
40.041933 116.331813 25426
40.041820 116.331905 25430
40.041698 116.331995 25434
40.041530 116.332108 25438
40.041377 116.332223 25443
40.041275 116.332305 25446
40.041045 116.332478 25451
40.040882 116.332603 25455
40.040752 116.332705 25459
40.040630 116.332797 25463
40.040528 116.332878 25467
40.040435 116.332947 25471
40.040342 116.333013 25475
40.040230 116.333097 25479
40.040153 116.333155 25483
40.040023 116.333257 25487
40.039915 116.333340 25491
40.039815 116.333417 25495
40.039673 116.333528 25499
40.039498 116.333658 25503
40.039268 116.333833 25507
40.038907 116.334110 25513
40.038530 116.334397 25519
40.038163 116.334668 25525
40.037672 116.335073 25531
40.037322 116.335341 25536
40.037252 116.335395 25537
40.037143 116.335480 25539
40.037035 116.335565 25541
40.036690 116.335832 25547
40.036472 116.335997 25551
40.036247 116.336170 25555
40.035923 116.336422 25560
40.035858 116.336473 25561
40.035455 116.336787 25567
40.035033 116.337105 25573
40.034613 116.337428 25579
40.034260 116.337703 25585
40.034092 116.337832 25589
40.033933 116.337953 25593
40.033763 116.338087 25597
40.033533 116.338265 25601
40.033167 116.338548 25607
40.032840 116.338793 25613
40.032679 116.338894 25616
40.032625 116.338928 25617
40.032363 116.339128 25621
40.032048 116.339383 25627
40.031940 116.339488 25631
40.031820 116.339605 25635
40.031698 116.339710 25639
40.031645 116.339757 25641
40.031592 116.339805 25643
40.031475 116.339918 25647
