39.975397 116.331650 40790
39.975647 116.331328 40794
39.975658 116.331351 40795
39.975690 116.331420 40798
39.975705 116.331455 40802
39.975720 116.331478 40806
39.975703 116.331532 40810
39.975685 116.331600 40814
39.975670 116.331673 40818
39.975638 116.331740 40822
39.975598 116.331798 40826
39.975563 116.331826 40829
39.975552 116.331835 40830
39.975548 116.331853 40832
39.975543 116.331872 40834
39.975513 116.331900 40838
39.975453 116.331933 40842
39.975427 116.331985 40846
39.975350 116.332010 40850
39.975332 116.332060 40854
39.975322 116.332120 40858
39.975318 116.332187 40862
39.975307 116.332247 40866
39.975315 116.332308 40870
39.975333 116.332377 40874
39.975318 116.332430 40878
39.975323 116.332497 40882
39.975323 116.332568 40886
39.975320 116.332583 40887
39.975312 116.332627 40890
39.975310 116.332692 40894
39.975303 116.332719 40896
39.975297 116.332747 40898
39.975282 116.332803 40902
39.975250 116.332855 40906
39.975252 116.332933 40910
39.975277 116.333013 40914
39.975283 116.333093 40918
39.975340 116.333212 40922
39.975348 116.333236 40923
39.975373 116.333310 40926
39.975374 116.333329 40927
39.975378 116.333387 40930
39.975347 116.333437 40934
39.975315 116.333498 40938
39.975308 116.333513 40939
39.975301 116.333528 40940
39.975287 116.333557 40942
39.975283 116.333593 40945
39.975282 116.333605 40946
39.975275 116.333645 40950
39.975280 116.333657 40951
39.975295 116.333693 40954
39.975417 116.333932 40980
39.975453 116.333950 40982
39.975488 116.333968 40984
39.975488 116.333971 40985
39.975488 116.333975 40986
39.975455 116.333983 40991
39.975458 116.333953 40995
39.975477 116.333938 40999
39.975492 116.333885 41003
39.975550 116.333860 41007
39.975588 116.333858 41011
39.975660 116.333863 41015
39.975698 116.333875 41019
39.975677 116.333810 41023
39.975682 116.333782 41045
39.975667 116.333792 41049
39.975663 116.333820 41053
39.975663 116.333833 41055
39.975658 116.333843 41111
39.975658 116.333843 41158
39.975673 116.333833 41161
39.975678 116.333830 41162
39.975760 116.333813 41164
39.976043 116.333750 41168
39.976942 116.333638 41174
39.978025 116.333432 41180
39.979033 116.333282 41186
39.980035 116.333090 41192
39.980202 116.333057 41193
39.981038 116.332895 41198
39.981965 116.332755 41204
39.982773 116.332655 41210
39.983533 116.332567 41216
39.984392 116.332447 41222
39.984561 116.332413 41223
39.985407 116.332243 41228
39.986032 116.332099 41233
39.986157 116.332070 41234
39.986978 116.331862 41240
39.987915 116.331802 41246
39.988605 116.331798 41251
39.988743 116.331797 41252
39.988871 116.331790 41253
39.989510 116.331757 41258
39.990037 116.331632 41264
39.990618 116.331665 41270
39.990882 116.331680 41276
39.990928 116.331763 41280
39.991055 116.331708 41284
39.991185 116.331682 41288
39.991287 116.331690 41292
39.991388 116.331715 41296
39.991478 116.331732 41300
39.991538 116.331755 41303
39.991568 116.331753 41331
39.991525 116.331750 41336
39.991605 116.331738 41341
39.991692 116.331683 41345
39.991840 116.331707 41347
39.992233 116.331732 41351
39.992632 116.331702 41355
39.992747 116.331689 41356
39.993320 116.331623 41361
39.994250 116.331593 41367
39.995288 116.331548 41373
39.996112 116.331292 41379
39.997183 116.331317 41385
