40.069653 116.329777 46295
40.069685 116.329752 46299
40.069727 116.329738 46303
40.069682 116.329702 46307
40.069647 116.329682 46311
40.069650 116.329602 46315
40.069627 116.329572 46319
40.069605 116.329540 46323
40.069613 116.329517 46327
40.069626 116.329481 46329
40.069640 116.329445 46331
40.069647 116.329415 46335
40.069645 116.329385 46339
40.069647 116.329350 46343
40.069655 116.329342 46347
40.069652 116.329320 46351
40.069635 116.329282 46355
40.069647 116.329207 46359
40.069645 116.329183 46380
40.069633 116.329153 46384
40.069633 116.329128 46394
40.069638 116.329160 46398
40.069642 116.329159 46401
40.069647 116.329157 46405
40.069672 116.329113 46409
40.069667 116.329067 46414
40.069671 116.329040 46418
40.069672 116.329033 46419
40.069693 116.329055 46423
40.069713 116.329013 46425
40.069710 116.328995 46429
40.069713 116.328993 46433
40.069706 116.329006 46435
40.069699 116.329019 46437
40.069695 116.329025 46438
40.069683 116.329045 46442
40.069673 116.329008 46446
40.069750 116.328973 46450
40.069803 116.328952 46454
40.069790 116.328922 46458
40.069977 116.328920 46462
40.070140 116.328933 46466
40.070188 116.328933 46468
40.070257 116.328918 46472
40.070313 116.328932 46476
40.070360 116.328917 46480
40.070395 116.328903 46484
40.070420 116.328890 46488
40.070465 116.328885 46491
40.070480 116.328883 46492
40.070543 116.328877 46496
40.070597 116.328870 46500
40.070652 116.328870 46504
40.070708 116.328868 46508
40.070762 116.328865 46512
40.070817 116.328860 46516
40.070870 116.328847 46520
40.070905 116.328843 46523
40.070917 116.328842 46524
40.070963 116.328832 46528
40.071020 116.328827 46532
40.071072 116.328825 46536
40.071125 116.328822 46540
40.071177 116.328818 46544
40.071222 116.328807 46548
40.071272 116.328802 46552
40.071322 116.328792 46556
40.071333 116.328789 46557
40.071367 116.328782 46560
40.071417 116.328780 46564
40.071473 116.328768 46568
40.071516 116.328760 46571
40.071530 116.328757 46572
40.071587 116.328735 46576
40.071602 116.328733 46577
40.071647 116.328725 46580
40.071677 116.328717 46582
40.071719 116.328704 46585
40.071733 116.328700 46586
40.071763 116.328695 46588
40.071818 116.328663 46592
40.071863 116.328700 46596
40.071912 116.328680 46600
40.071965 116.328652 46604
40.072013 116.328640 46608
40.072058 116.328655 46612
40.072115 116.328663 46616
40.072156 116.328653 46619
40.072170 116.328650 46620
40.072202 116.328670 46624
40.072221 116.328682 46626
40.072240 116.328695 46628
40.072290 116.328670 46632
40.072332 116.328717 46636
40.072375 116.328707 46640
40.072401 116.328670 46643
40.072410 116.328658 46644
40.072428 116.328641 46645
40.072482 116.328590 46648
40.072523 116.328578 46652
40.072557 116.328607 46656
40.072608 116.328603 46660
40.072668 116.328602 46664
40.072710 116.328623 46668
40.072740 116.328638 46671
40.072750 116.328643 46672
40.072810 116.328595 46676
40.072860 116.328582 46680
40.072871 116.328583 46681
40.072905 116.328588 46684
40.072950 116.328603 46688
40.072997 116.328598 46692
40.073035 116.328606 46695
40.073047 116.328608 46696
40.073100 116.328607 46700
40.073152 116.328580 46704
40.073179 116.328576 46706
40.073207 116.328573 46708
40.073233 116.328568 46710
40.073245 116.328565 46711
40.073258 116.328563 46712
40.073308 116.328568 46716
40.073365 116.328553 46720
40.073420 116.328535 46724
40.073470 116.328522 46728
40.073522 116.328512 46732
40.073573 116.328498 46736
40.073633 116.328468 46740
40.073683 116.328453 46744
40.073733 116.328453 46748
40.073748 116.328448 46749
40.073793 116.328433 46752
40.073850 116.328425 46756
40.073903 116.328415 46760
40.073953 116.328403 46764
40.074005 116.328390 46768
40.074018 116.328387 46769
40.074057 116.328378 46772
40.074070 116.328375 46773
40.074108 116.328368 46776
40.074167 116.328350 46780
40.074227 116.328325 46784
40.074280 116.328297 46788
40.074333 116.328278 46792
40.074385 116.328262 46796
40.074422 116.328247 46799
40.074435 116.328242 46800
40.074467 116.328225 46804
40.074478 116.328167 46807
40.074482 116.328147 46808
40.074482 116.328126 46809
40.074482 116.328063 46812
40.074507 116.328012 46816
40.074543 116.327977 46820
40.074577 116.327947 46824
40.074613 116.327908 46828
40.074645 116.327855 46832
40.074680 116.327817 46836
40.074725 116.327802 46840
40.074770 116.327787 46844
40.074787 116.327795 46849
40.074790 116.327794 46850
40.074792 116.327793 46851
40.074797 116.327790 46853
40.074840 116.327770 46857
40.074883 116.327750 46861
40.074930 116.327733 46865
40.074975 116.327723 46869
40.075017 116.327715 46873
40.075057 116.327720 46877
40.075098 116.327693 46881
40.075140 116.327692 46885
40.075183 116.327687 46889
40.075228 116.327677 46893
40.075250 116.327663 46895
