39.975787 116.331478 46870
39.975752 116.331573 46875
39.975715 116.331633 46879
39.975678 116.331677 46883
39.975659 116.331703 46885
39.975640 116.331728 46887
39.975587 116.331795 46891
39.975535 116.331832 46895
39.975508 116.331858 46897
39.975468 116.331942 46901
39.975428 116.332037 46905
39.975426 116.332037 46906
39.975420 116.332037 46909
39.975410 116.332105 46913
39.975390 116.332177 46917
39.975382 116.332245 46921
39.975380 116.332320 46925
39.975368 116.332397 46929
39.975363 116.332440 46931
39.975365 116.332518 46935
39.975362 116.332562 46937
39.975375 116.332608 46941
39.975372 116.332651 46943
39.975368 116.332695 46945
39.975368 116.332755 46949
39.975365 116.332795 46951
39.975361 116.332825 46953
39.975358 116.332855 46955
39.975350 116.332900 46957
39.975347 116.332922 46958
39.975343 116.332945 46959
39.975345 116.333003 46963
39.975357 116.333037 46967
39.975353 116.333073 46969
39.975335 116.333158 46973
39.975333 116.333222 46976
39.975332 116.333243 46977
39.975337 116.333295 46981
39.975342 116.333353 46985
39.975350 116.333417 46989
39.975350 116.333483 46993
39.975347 116.333525 46995
39.975352 116.333595 46999
39.975362 116.333647 47003
39.975345 116.333675 47007
39.975333 116.333712 47011
39.975338 116.333748 47015
39.975335 116.333765 47016
39.975333 116.333783 47017
39.975410 116.334072 47030
39.975610 116.334068 47036
39.975643 116.334083 47040
39.975623 116.334115 47042
39.975602 116.334147 47044
39.975590 116.334173 47048
39.975570 116.334123 47052
39.975545 116.334130 47056
39.975545 116.334142 47058
39.975542 116.334160 47080
39.975553 116.334193 47084
39.975575 116.334222 47088
39.975592 116.334228 47092
39.975590 116.334212 47100
39.975600 116.334197 47104
39.975617 116.334110 47108
39.975643 116.334047 47112
39.975672 116.334013 47116
39.975688 116.334008 47117
39.975735 116.333993 47120
39.975765 116.333940 47124
39.975755 116.333927 47126
39.975742 116.333947 47150
39.975755 116.333922 47154
39.975763 116.333910 47158
39.975797 116.333918 47162
39.975798 116.333897 47166
39.975795 116.333895 47179
39.975792 116.333893 47197
39.975877 116.333872 47201
39.976342 116.333820 47205
39.977138 116.333702 47211
39.978062 116.333542 47217
39.978405 116.333472 47219
39.978577 116.333437 47220
39.979092 116.333332 47223
39.980148 116.333132 47229
39.981173 116.332950 47235
39.982137 116.332703 47241
39.982852 116.332594 47246
39.982995 116.332572 47247
39.983827 116.332442 47253
39.984750 116.332282 47259
39.985093 116.332220 47261
39.985780 116.332097 47265
39.986113 116.332064 47267
39.986780 116.331998 47271
39.987790 116.331980 47277
39.988808 116.331948 47283
39.989780 116.331888 47289
39.990525 116.331827 47295
39.991117 116.331773 47301
39.991372 116.331780 47307
39.991448 116.331803 47311
39.991502 116.331840 47315
39.991536 116.331859 47317
39.991570 116.331877 47319
39.991657 116.331870 47323
39.991735 116.331863 47327
39.991795 116.331818 47331
39.991806 116.331812 47332
39.991840 116.331795 47335
39.991853 116.331788 47336
39.991890 116.331767 47339
39.991908 116.331785 47341
39.991914 116.331791 47357
39.991918 116.331795 47366
39.991962 116.331795 47368
39.992126 116.331786 47370
39.992290 116.331777 47372
39.993203 116.331727 47378
39.994238 116.331653 47384
39.995222 116.331638 47390
39.996165 116.331612 47396
39.996473 116.331599 47398
39.997088 116.331572 47402
39.998023 116.331527 47408
39.998962 116.331462 47414
39.999868 116.331390 47420
40.000732 116.331388 47426
40.001900 116.331352 47434
40.002842 116.331305 47440
40.003790 116.331252 47446
40.004767 116.331270 47452
40.005738 116.331218 47458
40.006713 116.330962 47464
40.007637 116.330550 47470
