39.967387 116.401578 67826
39.967724 116.401435 67831
39.968042 116.401177 67836
39.968344 116.401084 67841
39.968788 116.401092 67846
39.969309 116.401207 67851
39.969902 116.401351 67856
39.970476 116.401395 67861
39.971035 116.401351 67866
39.971448 116.401310 67869
39.971723 116.401283 67871
39.972409 116.401207 67876
39.972738 116.400952 67880
39.972820 116.400888 67881
39.973040 116.400858 67885
39.973061 116.400879 67888
39.973068 116.400886 67889
39.973078 116.400946 67892
39.973136 116.400938 67897
39.973182 116.400886 67902
39.973177 116.400822 67909
39.973177 116.400788 67911
39.973176 116.400754 67913
39.973186 116.400766 67919
39.973217 116.400803 67938
39.973386 116.400922 67941
39.973499 116.401001 67943
39.974083 116.401126 67948
39.974687 116.401188 67953
39.975137 116.401243 67958
39.975608 116.401256 67963
39.976130 116.401244 67968
39.976709 116.401258 67973
39.977309 116.401231 67978
39.977977 116.401260 67983
39.978732 116.401252 67988
39.979500 116.401246 67993
39.980072 116.401276 67998
39.980320 116.401247 68002
39.980527 116.401269 68007
39.980652 116.401272 68011
39.980766 116.401287 68016
39.980808 116.401285 68020
39.980872 116.401274 68057
39.981197 116.401361 68062
39.981585 116.401326 68067
39.981839 116.401314 68071
39.981902 116.401311 68072
39.982320 116.401322 68077
39.982718 116.401311 68082
39.982942 116.401306 68085
39.983091 116.401302 68087
39.983542 116.401347 68092
39.983722 116.401357 68094
39.983991 116.401371 68097
39.984365 116.401355 68102
39.984814 116.401360 68107
39.985309 116.401388 68112
39.985594 116.401408 68115
39.985784 116.401422 68117
39.986234 116.401424 68122
39.986721 116.401419 68127
39.987203 116.401408 68132
39.987610 116.401419 68137
39.987958 116.401424 68142
39.988210 116.401571 68147
39.988189 116.401898 68152
39.987946 116.402212 68157
39.987895 116.402270 68158
39.987690 116.402500 68162
39.987421 116.402490 68167
39.987328 116.402130 68172
39.987289 116.401772 68177
39.987284 116.401692 68178
39.987266 116.401370 68182
39.987186 116.400863 68187
39.987131 116.400230 68192
39.987127 116.399508 68197
39.987107 116.398753 68202
39.987090 116.397953 68207
39.987040 116.397181 68212
39.987015 116.396387 68217
39.987010 116.395491 68222
39.986944 116.394503 68227
39.986910 116.393425 68232
39.986898 116.392438 68237
39.986904 116.391462 68242
39.986867 116.390662 68247
39.986840 116.389874 68252
39.986793 116.389070 68257
39.986763 116.388220 68262
39.986704 116.387409 68267
39.986688 116.387020 68269
39.986679 116.386825 68270
39.986663 116.386436 68272
39.986642 116.385485 68277
39.986633 116.384762 68281
39.986631 116.384581 68282
39.986548 116.383740 68287
39.986534 116.382825 68292
39.986546 116.382039 68297
39.986550 116.381265 68302
39.986538 116.380413 68307
39.986552 116.380047 68309
39.986574 116.379498 68312
39.986584 116.378702 68317
39.986525 116.377914 68322
39.986454 116.377064 68327
39.986417 116.376145 68332
39.986390 116.375155 68337
39.986370 116.374602 68340
39.986356 116.374233 68342
39.986346 116.373438 68347
39.986378 116.372638 68352
39.986374 116.371727 68357
39.986339 116.370705 68362
39.986299 116.369601 68367
39.986252 116.368433 68372
39.986229 116.367237 68377
39.986185 116.366090 68382
39.986132 116.365002 68387
39.986123 116.364789 68388
39.986087 116.363937 68392
39.986073 116.362943 68397
39.986084 116.361911 68402
39.986073 116.360826 68407
39.986033 116.359793 68412
39.986024 116.359609 68413
39.986016 116.359425 68414
39.986007 116.359241 68415
39.985990 116.358873 68417
39.985977 116.358370 68420
39.985968 116.358035 68422
