39.996523 116.380768 30887
39.996023 116.380808 30892
39.995615 116.380835 30896
39.995513 116.380842 30897
39.995209 116.380859 30900
39.995007 116.380870 30902
39.994647 116.380885 30906
39.993762 116.380808 30979
39.993043 116.380862 30993
39.992512 116.380912 30998
39.992285 116.380940 31000
39.992172 116.380954 31001
39.991945 116.380982 31003
39.991575 116.381014 31006
39.991328 116.381035 31008
39.990593 116.381022 31013
39.989837 116.381048 31018
39.989098 116.381093 31023
39.988564 116.381132 31027
39.988430 116.381142 31028
39.987852 116.381170 31033
39.987325 116.381215 31038
39.987152 116.381134 31040
39.986892 116.381013 31043
39.986695 116.380528 31048
39.986663 116.379918 31053
39.986638 116.379292 31058
39.986617 116.378617 31063
39.986592 116.377942 31068
39.986575 116.377562 31072
39.986566 116.377445 31074
39.986561 116.377387 31075
39.986557 116.377328 31076
39.986537 116.377077 31081
39.986513 116.376577 31086
39.986500 116.376340 31090
39.986488 116.376140 31095
39.986477 116.375928 31100
39.986472 116.375818 31105
39.986457 116.375543 31110
39.986442 116.375340 31114
39.986427 116.375225 31117
39.986413 116.375132 31121
39.986400 116.375015 31125
39.986388 116.374795 31129
39.986382 116.374543 31133
39.986373 116.374315 31137
39.986367 116.374198 31141
39.986355 116.374000 31146
39.986347 116.373743 31151
39.986347 116.373651 31153
39.986348 116.373512 31156
39.986342 116.373295 31161
39.986333 116.373050 31165
39.986322 116.372808 31170
39.986317 116.372585 31174
39.986312 116.372353 31178
39.986305 116.372137 31182
39.986297 116.371950 31186
39.986288 116.371750 31190
39.986283 116.371520 31194
39.986280 116.371405 31196
39.986279 116.371348 31197
39.986278 116.371290 31198
39.986277 116.371241 31199
39.986275 116.371193 31200
39.986270 116.371100 31205
39.986267 116.371051 31207
39.986265 116.371002 31209
39.986253 116.370775 31214
39.986250 116.370517 31218
39.986243 116.370253 31222
39.986240 116.370121 31224
39.986237 116.369988 31226
39.986231 116.369596 31230
39.986230 116.369498 31231
39.986220 116.368804 31235
39.986217 116.368630 31236
39.986195 116.367608 31241
39.986170 116.366517 31246
39.986143 116.365445 31251
39.986122 116.364797 31254
39.986108 116.364365 31256
39.986098 116.363205 31261
39.986068 116.362022 31266
39.986037 116.360900 31271
39.986018 116.359803 31276
39.985987 116.358752 31281
39.985958 116.357758 31286
39.985928 116.356755 31291
39.985900 116.355732 31296
39.985875 116.354715 31301
39.985842 116.353623 31306
39.985827 116.352573 31311
39.985808 116.351553 31316
39.985782 116.350543 31321
39.985748 116.349532 31326
39.985722 116.348550 31331
39.985692 116.347618 31336
39.985657 116.346660 31341
39.985625 116.345710 31346
39.985592 116.344740 31351
39.985563 116.343750 31356
39.985530 116.342752 31361
39.985514 116.342172 31364
39.985503 116.341785 31366
39.985473 116.341025 31371
39.985445 116.340328 31376
39.985435 116.339535 31381
39.985433 116.338755 31386
39.985450 116.338228 31391
39.985467 116.338006 31394
39.985472 116.337932 31395
39.985465 116.337447 31400
39.985445 116.336760 31405
39.985422 116.335895 31410
39.985390 116.334950 31415
39.985379 116.334765 31416
39.985337 116.334025 31420
39.985318 116.333679 31422
39.985290 116.333160 31425
39.985268 116.332345 31430
39.985192 116.331557 31435
39.985155 116.330868 31440
39.985145 116.330613 31443
39.985148 116.330507 31446
39.985157 116.330385 31451
39.985143 116.330155 31455
39.985130 116.329732 31460
39.985093 116.329140 31465
39.985065 116.328737 31469
39.985032 116.328250 31474
39.985013 116.327885 31478
39.985005 116.327790 31484
