39.951165 116.440226 34273
39.951212 116.440257 34278
39.951249 116.440302 34283
39.951264 116.440364 34288
39.951280 116.440440 34293
39.951269 116.440493 34298
39.951288 116.440530 34303
39.951310 116.440523 34308
39.951320 116.440563 34312
39.951323 116.440573 34313
39.951375 116.440616 34318
39.951397 116.440663 34323
39.951434 116.440706 34328
39.951458 116.440766 34333
39.951485 116.440797 34338
39.951528 116.440845 34343
39.951543 116.440883 34348
39.951563 116.440900 34353
39.951568 116.440899 34355
39.951576 116.440897 34358
39.951579 116.440895 34363
39.951575 116.440890 34368
39.951583 116.440893 34373
39.951588 116.440896 34378
39.951545 116.440862 34383
39.951516 116.440834 34386
39.951497 116.440816 34388
39.951480 116.440776 34391
39.951468 116.440749 34393
39.951445 116.440711 34398
39.951411 116.440635 34403
39.951407 116.440637 34405
39.951400 116.440641 34408
39.951375 116.440604 34413
39.951363 116.440591 34418
39.951383 116.440532 34423
39.951376 116.440510 34425
39.951365 116.440477 34428
39.951350 116.440447 34433
39.951324 116.440408 34438
39.951292 116.440341 34443
39.951282 116.440290 34448
39.951248 116.440258 34453
39.951183 116.440228 34458
39.951170 116.440155 34463
39.951139 116.440110 34468
39.951085 116.440077 34473
39.951034 116.440062 34478
39.951024 116.440020 34483
39.951027 116.440020 34488
39.950991 116.439992 34493
39.950932 116.439938 34498
39.950854 116.439836 34503
39.950829 116.439786 34508
39.950822 116.439778 34510
39.950812 116.439766 34513
39.950810 116.439757 34516
39.950808 116.439751 34518
39.950810 116.439753 34519
39.950819 116.439762 34523
39.950825 116.439742 34527
39.950826 116.439737 34528
39.950857 116.439720 34533
39.950998 116.439807 34538
39.951268 116.440175 34543
39.951605 116.440677 34548
39.952025 116.441234 34553
39.952440 116.441766 34558
39.952851 116.442243 34563
39.953158 116.442595 34568
39.953321 116.442821 34573
39.953384 116.442924 34578
39.953587 116.443153 34583
39.953897 116.443484 34588
39.954212 116.443832 34593
39.954410 116.444060 34598
39.954430 116.444077 34603
39.954429 116.444076 34606
39.954428 116.444075 34608
39.954428 116.444074 34613
39.954430 116.444076 34618
39.954492 116.444134 34623
39.954693 116.444343 34628
39.954994 116.444673 34633
39.955394 116.445116 34638
39.955578 116.445322 34640
39.955855 116.445631 34643
39.956316 116.446182 34648
39.956749 116.446708 34653
39.957083 116.447106 34657
39.957166 116.447205 34658
39.957582 116.447626 34663
39.957895 116.447950 34668
39.958106 116.448147 34673
39.958125 116.448436 34678
39.957955 116.448648 34683
39.957727 116.448479 34688
39.957439 116.448174 34693
39.957287 116.448004 34698
39.957207 116.447910 34703
39.957192 116.447893 34704
39.957131 116.447824 34708
39.957067 116.447719 34713
39.957063 116.447571 34718
39.957189 116.447263 34723
39.957392 116.446952 34728
39.957651 116.446652 34733
39.957923 116.446342 34738
39.958215 116.445957 34743
39.958282 116.445865 34744
39.958549 116.445498 34748
39.958890 116.444956 34753
39.959199 116.444485 34758
39.959463 116.444018 34763
39.959565 116.443877 34765
39.959718 116.443666 34768
39.959886 116.443375 34773
39.960012 116.443166 34777
39.960044 116.443114 34778
39.960197 116.442916 34783
39.960408 116.442607 34788
39.960539 116.442406 34791
39.960582 116.442339 34792
39.960626 116.442272 34793
39.960824 116.441946 34798
39.960997 116.441584 34803
39.961150 116.441394 34808
39.961220 116.441294 34812
39.961238 116.441269 34813
39.961240 116.441270 34817
39.961240 116.441270 34818
39.961239 116.441272 34822
39.961239 116.441273 34823
39.961239 116.441273 34825
39.961238 116.441274 34828
39.961241 116.441272 34833
39.961241 116.441271 34838
39.961239 116.441274 34843
39.961236 116.441278 34848
39.961238 116.441274 34853
39.961239 116.441273 34856
39.961240 116.441272 34858
39.961239 116.441272 34863
39.961238 116.441273 34868
39.961239 116.441271 34873
