39.921711 116.471913 25580
39.921779 116.471904 25584
39.921830 116.471904 25588
39.921843 116.471903 25589
39.921883 116.471899 25592
39.921936 116.471913 25596
39.921985 116.471919 25600
39.922007 116.471930 25604
39.922065 116.471906 25608
39.922119 116.471905 25612
39.922150 116.471925 25616
39.922179 116.471924 25618
39.922209 116.471922 25620
39.922252 116.471913 25624
39.922271 116.471939 25628
39.922288 116.471952 25632
39.922339 116.471950 25636
39.922374 116.471943 25640
39.922398 116.471967 25644
39.922476 116.471992 25648
39.922534 116.471999 25652
39.922638 116.471926 25656
39.922670 116.471937 25660
39.922723 116.471936 25664
39.922775 116.471922 25668
39.922831 116.471918 25672
39.922869 116.471915 25676
39.922876 116.471936 25680
39.922895 116.471966 25684
39.922913 116.471980 25686
39.922932 116.471993 25688
39.922972 116.472007 25692
39.923052 116.472021 25696
39.923101 116.471960 25700
39.923112 116.471934 25704
39.923136 116.471948 25708
39.923148 116.471953 25709
39.923184 116.471967 25712
39.923259 116.471962 25716
39.923308 116.471973 25720
39.923371 116.471979 25724
39.923427 116.472011 25728
39.923470 116.472033 25732
39.923521 116.472027 25736
39.923548 116.472025 25740
39.923600 116.472032 25744
39.923653 116.472030 25748
39.923662 116.472038 25750
39.923670 116.472047 25752
39.923693 116.472057 25756
39.923707 116.472057 25758
39.923722 116.472057 25760
39.923761 116.471978 25764
39.923847 116.471949 25768
39.923900 116.471934 25772
39.923908 116.471973 25776
39.923909 116.472020 25780
39.923949 116.472068 25784
39.923962 116.472081 25787
39.923966 116.472085 25788
39.923965 116.472131 25792
39.924014 116.472135 25796
39.924086 116.472169 25800
39.924113 116.472205 25804
39.924126 116.472239 25808
39.924154 116.472252 25811
39.924163 116.472257 25812
39.924209 116.472258 25815
39.924224 116.472259 25816
39.924297 116.472234 25820
39.924371 116.472235 25824
39.924398 116.472243 25828
39.924437 116.472241 25831
39.924450 116.472240 25832
39.924477 116.472240 25836
39.924508 116.472260 25840
39.924550 116.472289 25844
39.924591 116.472280 25848
39.924620 116.472256 25849
39.924706 116.472185 25852
39.924706 116.472198 25854
39.924706 116.472212 25856
39.924733 116.472223 25860
39.924753 116.472221 25864
39.924886 116.472208 25868
39.924946 116.472223 25872
39.925049 116.472178 25876
39.925145 116.472156 25880
39.925171 116.472146 25883
39.925180 116.472143 25884
39.925207 116.472134 25888
39.925204 116.472133 25889
39.925193 116.472128 25892
39.925164 116.472130 25896
39.925147 116.472162 25900
39.925141 116.472176 25901
39.925123 116.472218 25904
39.925135 116.472251 25908
39.925104 116.472291 25911
39.925094 116.472304 25912
39.925049 116.472356 25916
39.925085 116.472394 25920
39.925168 116.472392 25924
39.925266 116.472364 25928
39.925347 116.472375 25932
39.925415 116.472293 25936
39.925469 116.472264 25938
39.925522 116.472236 25940
39.925605 116.472230 25944
39.925659 116.472201 25948
39.925686 116.472201 25952
39.925687 116.472250 25956
39.925701 116.472263 25958
39.925714 116.472276 25960
39.925752 116.472292 25964
39.925778 116.472338 25968
39.925814 116.472376 25972
39.925906 116.472369 25976
39.926024 116.472310 25980
39.926053 116.472338 25984
39.926062 116.472361 25988
39.926057 116.472402 25991
39.926056 116.472415 25992
39.926052 116.472445 25996
39.926040 116.472463 25997
39.926003 116.472517 26000
39.925930 116.472595 26004
39.925923 116.472608 26007
39.925921 116.472612 26008
39.925910 116.472639 26012
39.925913 116.472644 26016
39.926048 116.472652 26020
39.926069 116.472642 26021
39.926133 116.472614 26024
39.926198 116.472600 26027
39.926219 116.472595 26028
39.926282 116.472551 26032
39.926333 116.472531 26036
39.926374 116.472513 26040
39.926381 116.472509 26041
39.926401 116.472495 26044
39.926445 116.472463 26048
39.926534 116.472351 26052
39.926620 116.472133 26056
39.926626 116.471994 26060
39.926661 116.471892 26064
39.926695 116.471821 26068
39.926742 116.471764 26072
39.926771 116.471715 26075
39.926781 116.471698 26076
39.926905 116.471635 26080
39.926920 116.471588 26084
39.926950 116.471500 26088
39.926965 116.471444 26092
39.926997 116.471355 26096
39.926987 116.471343 26100
39.926980 116.471332 26101
39.926959 116.471298 26104
39.926880 116.471274 26108
39.926862 116.471274 26112
39.926858 116.471274 26116
39.926865 116.471298 26120
39.926875 116.471329 26124
39.926897 116.471354 26128
39.926949 116.471283 26130
39.927002 116.471211 26132
39.927064 116.471173 26135
39.927085 116.471161 26136
39.927133 116.471107 26140
39.927133 116.471107 26141
39.927134 116.471107 26144
39.927135 116.471105 26148
39.927139 116.471103 26152
39.927147 116.471096 26156
39.927188 116.471035 26160
39.927188 116.471019 26164
39.927187 116.471050 26168
39.927187 116.471048 26171
39.927187 116.471048 26172
39.927313 116.470957 26176
