39.969853 116.319735 12535
39.969959 116.319762 12575
39.969958 116.319766 12580
39.969865 116.319703 12585
39.969844 116.319693 12586
39.969762 116.319655 12590
39.969622 116.319583 12595
39.969528 116.319567 12600
39.969526 116.319574 12601
39.969518 116.319602 12605
39.969523 116.319612 12610
39.969554 116.319631 12615
39.969619 116.319647 12620
39.969673 116.319683 12625
39.969696 116.319704 12630
39.969682 116.319712 12633
39.969672 116.319717 12635
39.969678 116.319751 12640
39.969746 116.319790 12645
39.969759 116.319797 12647
39.969779 116.319808 12650
39.969780 116.319809 12655
39.969797 116.319834 12660
39.969859 116.319838 12665
39.969889 116.319824 12669
39.969896 116.319820 12670
39.969963 116.319820 12675
39.969988 116.319824 12680
39.969998 116.319827 12685
39.970027 116.319830 12690
39.970045 116.319835 12695
39.970046 116.319839 12700
39.970044 116.319842 12704
39.970044 116.319843 12705
39.970044 116.319846 12707
39.970044 116.319851 12710
39.970044 116.319859 12715
39.970044 116.319863 12720
39.970044 116.319861 12725
39.970044 116.319869 12730
39.970044 116.319874 12734
39.970044 116.319875 12735
39.970044 116.319869 12740
39.970041 116.319861 12745
39.970039 116.319847 12750
39.970035 116.319843 12753
39.970033 116.319840 12755
39.970024 116.319815 12760
39.970000 116.319795 12765
39.969972 116.319823 12770
39.969984 116.319853 12775
39.969985 116.319851 12780
39.969993 116.319867 12785
39.970065 116.319896 12790
39.970126 116.319910 12795
39.970190 116.319942 12800
39.970277 116.319958 12805
39.966589 116.317107 12875
39.967591 116.317893 12880
39.967606 116.317913 12885
39.967635 116.317948 12890
39.967645 116.317965 12895
39.967649 116.317980 12900
39.967651 116.317985 12903
39.967652 116.317989 12905
39.967653 116.318006 12910
39.968164 116.318485 12915
39.968288 116.318713 12920
39.968372 116.318780 12925
39.968373 116.318782 12926
39.968375 116.318792 12930
39.968374 116.318790 12935
39.968378 116.318796 12940
39.968384 116.318811 12945
39.968446 116.318874 12947
39.968540 116.318968 12950
39.968753 116.319092 12955
39.968929 116.319170 12990
39.969706 116.319753 12995
39.969701 116.319794 13000
39.969850 116.319861 13005
39.969875 116.319894 13010
39.970010 116.319763 13020
39.970077 116.319697 13025
39.970143 116.319521 13030
39.970158 116.319519 13034
39.970162 116.319518 13035
39.970160 116.319551 13040
39.970160 116.319608 13045
39.970152 116.319670 13050
39.970114 116.319710 13055
39.970114 116.319721 13056
39.970113 116.319764 13060
39.970112 116.319759 13065
39.970087 116.319730 13070
39.970196 116.319522 13075
39.970209 116.319417 13076
39.970259 116.318999 13080
39.970285 116.318693 13085
39.970369 116.318647 13090
39.970434 116.318669 13094
39.970450 116.318674 13095
39.970194 116.319102 13170
