39.966975 116.467764 39964
39.966440 116.468641 39969
39.965895 116.469463 39974
39.965340 116.470332 39979
39.964778 116.471140 39984
39.964201 116.472010 39989
39.963630 116.472879 39994
39.963067 116.473737 39999
39.962516 116.474560 40004
39.961984 116.475350 40009
39.961440 116.476161 40014
39.960869 116.476993 40019
39.960234 116.477826 40024
39.959843 116.478310 40027
39.959712 116.478472 40028
39.959582 116.478633 40029
39.958887 116.479437 40034
39.958160 116.480184 40039
39.957431 116.480794 40044
39.956724 116.481263 40049
39.956038 116.481729 40054
39.955368 116.482135 40059
39.954641 116.482503 40064
39.954483 116.482570 40065
39.953851 116.482838 40069
39.953065 116.483112 40074
39.952226 116.483317 40079
39.952063 116.483349 40080
39.951411 116.483479 40084
39.950617 116.483613 40089
39.949805 116.483667 40094
39.949489 116.483668 40096
39.949014 116.483669 40099
39.948193 116.483696 40104
39.947316 116.483698 40109
39.946397 116.483688 40114
39.945499 116.483679 40119
39.944566 116.483668 40124
39.943604 116.483655 40129
39.943406 116.483655 40130
39.943208 116.483655 40131
39.942614 116.483655 40134
39.941670 116.483647 40139
39.940876 116.483629 40144
39.940188 116.483636 40149
39.939644 116.483614 40154
39.939135 116.483555 40159
39.938583 116.483495 40164
39.937958 116.483466 40169
39.937228 116.483457 40174
39.936777 116.483455 40177
39.936477 116.483454 40179
39.935738 116.483459 40184
39.935029 116.483456 40189
39.934467 116.483423 40194
39.933998 116.483416 40199
39.933529 116.483409 40204
39.933106 116.483443 40209
39.933015 116.483440 40211
39.932905 116.483417 40215
39.932788 116.483413 40219
39.932691 116.483400 40223
39.932611 116.483313 40227
39.932573 116.482957 40232
39.932553 116.482360 40237
39.932562 116.481703 40242
39.932561 116.481427 40244
39.932559 116.481013 40247
39.932546 116.480522 40251
39.932529 116.480390 40253
39.932474 116.480264 40257
39.932419 116.479904 40262
39.932307 116.479368 40267
39.932282 116.478695 40272
39.932264 116.477899 40277
39.932299 116.477026 40282
39.932302 116.476280 40287
39.932232 116.475486 40292
39.932195 116.474543 40297
39.932181 116.473578 40302
39.932233 116.472940 40306
39.932286 116.472600 40310
39.932314 116.472519 40315
39.932297 116.472522 40320
39.932301 116.472526 40325
39.932303 116.472529 40327
39.932306 116.472533 40330
39.932305 116.472532 40334
39.932305 116.472532 40335
39.932307 116.472531 40340
39.932313 116.472536 40345
39.932323 116.472545 40349
39.932325 116.472547 40350
39.932330 116.472552 40353
39.932333 116.472556 40355
39.932334 116.472557 40360
39.932339 116.472562 40365
39.932347 116.472570 40370
39.932348 116.472571 40371
39.932350 116.472573 40373
39.932352 116.472575 40375
39.932351 116.472575 40380
39.932346 116.472571 40385
39.932350 116.472574 40390
39.932357 116.472580 40395
39.932362 116.472578 40400
39.932290 116.472330 40405
39.931926 116.472204 40410
39.931427 116.472197 40415
39.930875 116.472226 40420
39.930448 116.472282 40424
39.930171 116.472301 40429
39.930083 116.472341 40432
39.930056 116.472325 40437
39.930049 116.472308 40442
39.930047 116.472307 40447
39.930038 116.472306 40452
39.930022 116.472307 40457
39.930018 116.472306 40460
39.930017 116.472306 40461
39.930016 116.472306 40462
39.929909 116.472264 40464
39.929749 116.472201 40467
39.929267 116.472154 40472
39.928617 116.472086 40477
39.928017 116.472029 40482
39.927605 116.472052 40486
39.927443 116.472046 40488
39.927389 116.472039 40493
39.927397 116.472040 40498
39.927404 116.472040 40503
39.927413 116.472040 40508
39.927414 116.472041 40513
39.927404 116.472037 40518
39.927407 116.472039 40523
39.927408 116.472040 40528
39.927405 116.472043 40533
39.927405 116.472043 40534
39.927403 116.472045 40538
39.927403 116.472045 40539
39.927403 116.472046 40542
39.927403 116.472046 40543
39.927403 116.472046 40545
39.927404 116.472047 40547
39.927404 116.472047 40548
39.927404 116.472047 40549
39.927404 116.472046 40551
39.927404 116.472046 40553
39.927382 116.472040 40558
39.927359 116.472014 40563
