39.924608 116.350009 21313
39.924856 116.350003 21317
39.924924 116.350001 21318
39.925127 116.349995 21321
39.925349 116.349994 21324
39.925423 116.349994 21325
39.925492 116.349990 21326
39.925698 116.349977 21329
39.925927 116.349947 21333
39.926188 116.349931 21337
39.926437 116.349906 21341
39.926667 116.349876 21345
39.926705 116.349869 21346
39.926782 116.349854 21348
39.926881 116.349843 21351
39.926977 116.349847 21354
39.927009 116.349848 21355
39.927216 116.349846 21359
39.927489 116.349817 21363
39.927775 116.349811 21367
39.928042 116.349801 21371
39.928287 116.349790 21375
39.928495 116.349772 21379
39.928685 116.349769 21383
39.928901 116.349784 21387
39.929226 116.349742 21391
39.929489 116.349798 21395
39.929936 116.349775 21400
39.930435 116.349755 21405
39.930890 116.349724 21410
39.931340 116.349692 21415
39.931732 116.349676 21420
39.931982 116.349670 21424
39.932235 116.349686 21428
39.932307 116.349685 21429
39.932380 116.349684 21430
39.932525 116.349682 21432
39.932785 116.349692 21436
39.933064 116.349670 21440
39.933292 116.349657 21444
39.933524 116.349631 21448
39.933587 116.349628 21449
39.933776 116.349619 21452
39.933904 116.349627 21454
39.934033 116.349636 21456
39.934259 116.349611 21460
39.934379 116.349596 21462
39.934525 116.349636 21466
39.934743 116.349621 21470
39.934957 116.349587 21474
39.935153 116.349574 21478
39.935354 116.349573 21482
39.935567 116.349560 21486
39.935671 116.349551 21488
39.935775 116.349542 21490
39.935989 116.349551 21494
39.936115 116.349556 21496
39.936178 116.349558 21497
39.936241 116.349560 21498
39.936471 116.349635 21502
39.936543 116.349644 21503
39.936760 116.349670 21506
39.937080 116.349667 21510
39.937411 116.349660 21514
39.937503 116.349657 21515
39.937871 116.349646 21519
39.938248 116.349700 21523
39.938323 116.349764 21524
39.938624 116.350020 21528
39.939009 116.350409 21533
39.939427 116.350506 21538
39.939788 116.350150 21543
39.939801 116.349662 21547
39.939687 116.349256 21551
39.939505 116.348901 21555
39.939356 116.348632 21559
39.939264 116.348432 21562
39.939233 116.348365 21563
39.939150 116.347981 21567
39.939075 116.347399 21572
39.938982 116.346824 21577
39.938954 116.346254 21582
39.938881 116.345656 21587
39.938801 116.344958 21592
39.938716 116.344290 21597
39.938669 116.343949 21601
39.938649 116.343807 21604
39.938635 116.343667 21607
39.938615 116.343516 21610
39.938596 116.343367 21613
39.938587 116.343305 21614
39.938553 116.343056 21618
39.938519 116.342915 21620
39.938485 116.342773 21622
39.938466 116.342479 21626
39.938393 116.342175 21630
39.938304 116.341866 21634
39.938290 116.341735 21636
39.938290 116.341597 21641
39.938312 116.341337 21646
39.938283 116.341023 21650
39.938174 116.340635 21654
39.938056 116.340249 21658
39.937974 116.340046 21660
39.937852 116.339741 21663
39.937720 116.339396 21667
39.937640 116.339186 21670
39.937613 116.339116 21671
39.937596 116.339005 21673
39.937588 116.338949 21674
39.937526 116.338688 21679
39.937500 116.338474 21682
39.937492 116.338403 21683
39.937487 116.338134 21688
39.937480 116.338106 21693
39.937480 116.338104 21698
39.937480 116.338106 21703
39.937480 116.338107 21708
39.937480 116.338105 21711
39.937480 116.338104 21713
39.937480 116.338101 21718
39.937480 116.338101 21723
39.937480 116.338100 21728
39.937480 116.338094 21733
39.937480 116.338095 21734
39.937480 116.338096 21737
39.937480 116.338097 21738
39.937481 116.338097 21743
39.937481 116.338096 21748
39.937481 116.338097 21753
39.937481 116.338098 21758
39.937480 116.338092 21763
39.937472 116.338009 21768
39.937450 116.337886 21772
39.937456 116.337851 21774
39.937464 116.337798 21777
39.937463 116.337794 21782
39.937463 116.337795 21787
39.937463 116.337796 21792
39.937463 116.337799 21797
39.937462 116.337793 21802
39.937463 116.337796 21807
39.937443 116.337631 21812
39.937429 116.337415 21815
39.937424 116.337343 21816
39.937404 116.337019 21820
39.937388 116.336732 21825
39.937381 116.336617 21830
39.937373 116.336542 21835
39.937357 116.336423 21840
39.937354 116.336382 21845
39.937344 116.336350 21850
39.937332 116.336267 21855
39.937330 116.336199 21860
39.937347 116.336140 21865
39.937354 116.336024 21870
39.937345 116.335903 21873
39.937322 116.335742 21876
39.937299 116.335427 21881
39.937267 116.335080 21885
39.937258 116.334710 21889
39.937234 116.334349 21893
39.937220 116.334098 21897
39.937210 116.333852 21901
39.937161 116.333609 21905
39.937139 116.333318 21909
