39.914591 116.304250 4108
39.914776 116.304248 4112
39.914997 116.304250 4117
39.915119 116.304247 4120
39.915226 116.304242 4123
39.915340 116.304243 4126
39.915555 116.304240 4131
39.915799 116.304247 4135
39.916037 116.304223 4139
39.916099 116.304218 4140
39.916285 116.304204 4143
39.916405 116.304207 4146
39.916515 116.304202 4150
39.916734 116.304201 4155
39.916925 116.304194 4159
39.917171 116.304194 4163
39.917425 116.304204 4167
39.917661 116.304195 4171
39.917919 116.304167 4175
39.918140 116.304169 4179
39.918386 116.304161 4183
39.918651 116.304164 4187
39.918950 116.304163 4191
39.919203 116.304171 4195
39.919483 116.304174 4199
39.919928 116.304165 4204
39.920512 116.304153 4209
39.921063 116.304144 4214
39.921645 116.304139 4219
39.922115 116.304138 4224
39.922398 116.304132 4228
39.922678 116.304123 4232
39.922912 116.304148 4236
39.923000 116.304118 4239
39.923110 116.304112 4243
39.923199 116.304116 4246
39.923301 116.304113 4249
39.923406 116.304112 4252
39.923514 116.304105 4255
39.923610 116.304104 4257
39.923754 116.304102 4260
39.923938 116.304103 4264
39.923984 116.304103 4265
39.924097 116.304093 4268
39.924305 116.304085 4273
39.924529 116.304092 4277
39.924726 116.304085 4281
39.924787 116.304084 4282
39.924969 116.304082 4285
39.925397 116.304074 4290
39.925819 116.304086 4295
39.926143 116.304091 4299
39.926454 116.304085 4303
39.926780 116.304085 4307
39.927066 116.304089 4311
39.927208 116.304091 4313
39.927349 116.304093 4315
39.927451 116.304081 4318
39.927549 116.304066 4321
39.927651 116.304073 4324
39.927743 116.304086 4327
39.927771 116.304081 4328
39.927857 116.304067 4331
39.927886 116.304065 4332
39.927916 116.304062 4333
39.927975 116.304057 4335
39.928185 116.304070 4339
39.928232 116.304077 4340
39.928418 116.304106 4344
39.928559 116.304098 4346
39.928699 116.304090 4348
39.928993 116.304096 4352
39.929133 116.304107 4354
39.929274 116.304118 4356
39.929572 116.304107 4360
39.929860 116.304140 4364
39.930207 116.304161 4368
39.930673 116.304166 4373
39.931151 116.304173 4378
39.931570 116.304145 4383
39.931871 116.304150 4387
39.932134 116.304150 4391
39.932198 116.304149 4392
39.932262 116.304148 4393
39.932390 116.304145 4395
39.932661 116.304152 4399
39.932945 116.304149 4403
39.933243 116.304153 4407
39.933479 116.304160 4411
39.933649 116.304141 4416
39.933671 116.304108 4421
39.933786 116.304096 4423
39.933902 116.304085 4425
39.934206 116.304072 4429
39.934640 116.304067 4434
39.934868 116.304038 4438
39.935108 116.304024 4441
39.935188 116.304019 4442
39.935268 116.304014 4443
39.935453 116.304009 4448
39.935550 116.304018 4450
39.935646 116.304028 4452
39.935860 116.304053 4457
39.935958 116.304094 4460
39.935989 116.304104 4461
39.936050 116.304123 4463
39.936076 116.304127 4464
39.936156 116.304140 4467
39.936260 116.304163 4471
39.936529 116.304207 4476
39.936810 116.304221 4480
39.937055 116.304223 4483
39.937218 116.304224 4485
39.937774 116.304207 4490
39.938356 116.304222 4495
39.938950 116.304212 4500
39.939500 116.304186 4505
39.940071 116.304159 4510
39.940447 116.304134 4513
39.940698 116.304117 4515
39.941407 116.304098 4520
39.942092 116.304064 4525
39.942236 116.304063 4526
39.942814 116.304061 4530
39.943554 116.304044 4535
39.943841 116.304029 4537
39.944272 116.304006 4540
39.944876 116.303944 4545
39.945420 116.303889 4550
39.945915 116.303874 4555
39.946153 116.303860 4557
39.946509 116.303839 4560
39.946771 116.303820 4562
39.947163 116.303791 4565
39.947815 116.303746 4570
39.948394 116.303691 4575
39.949040 116.303629 4580
39.949783 116.303571 4585
39.950535 116.303509 4590
39.951202 116.303461 4595
39.951876 116.303411 4600
39.952634 116.303355 4605
39.953441 116.303284 4610
39.954055 116.303235 4614
39.954208 116.303223 4615
39.954981 116.303149 4620
39.955757 116.303040 4625
39.956520 116.302887 4630
39.957309 116.302701 4635
39.958113 116.302516 4640
39.958931 116.302319 4645
39.959726 116.302235 4650
39.960460 116.302421 4655
39.961073 116.302825 4660
39.961524 116.303443 4665
39.961846 116.304204 4670
39.962126 116.305092 4675
39.962414 116.305969 4680
39.962700 116.306758 4685
39.962934 116.307332 4690
39.963040 116.307641 4694
39.963076 116.307783 4696
39.963111 116.307925 4698
39.963211 116.308217 4702
39.963226 116.308274 4707
