39.976322 116.327635 60246
39.976464 116.327593 60250
39.976592 116.327650 60254
39.976718 116.327668 60258
39.976839 116.327666 60262
39.976931 116.327658 60265
39.976961 116.327656 60266
39.976996 116.327643 60267
39.977102 116.327605 60270
39.977166 116.327585 60272
39.977198 116.327574 60273
39.977230 116.327564 60274
39.977365 116.327536 60278
39.977510 116.327539 60282
39.977642 116.327553 60286
39.977768 116.327545 60290
39.977932 116.327533 60294
39.978010 116.327524 60296
39.978088 116.327515 60298
39.978238 116.327502 60302
39.978274 116.327501 60303
39.978309 116.327499 60304
39.978381 116.327497 60306
39.978514 116.327520 60310
39.978669 116.327519 60314
39.978823 116.327512 60318
39.978858 116.327510 60319
39.978962 116.327503 60322
39.979096 116.327507 60326
39.979222 116.327493 60330
39.979352 116.327493 60334
39.979472 116.327476 60338
39.979539 116.327466 60340
39.979605 116.327456 60342
39.979747 116.327445 60346
39.979890 116.327447 60350
39.980032 116.327439 60354
39.980177 116.327458 60358
39.980216 116.327455 60359
39.980295 116.327448 60361
39.980334 116.327445 60362
39.980407 116.327430 60364
39.980481 116.327415 60366
39.980623 116.327408 60370
39.980696 116.327410 60372
39.980769 116.327411 60374
39.980919 116.327395 60378
39.981066 116.327382 60382
39.981209 116.327391 60386
39.981289 116.327328 60390
39.981320 116.327329 60391
39.981412 116.327332 60394
39.981541 116.327346 60398
39.981685 116.327318 60402
39.981800 116.327311 60406
39.981840 116.327335 60410
39.981839 116.327338 60414
39.981840 116.327338 60418
39.981842 116.327338 60422
39.981854 116.327342 60426
39.981946 116.327353 60430
39.982079 116.327363 60434
39.982174 116.327298 60438
39.982277 116.327190 60442
39.982376 116.327142 60446
39.982499 116.327058 60450
39.982614 116.327029 60454
39.982721 116.327001 60458
39.982823 116.327004 60462
39.982974 116.327076 60466
39.983137 116.327102 60470
39.983238 116.327059 60474
39.983352 116.327061 60478
39.983458 116.327054 60482
39.983570 116.326987 60486
39.983687 116.326957 60490
39.983842 116.326987 60494
39.983988 116.327035 60498
39.984129 116.327056 60502
39.984264 116.327112 60506
39.984398 116.327153 60510
39.984552 116.327194 60514
39.984712 116.327227 60518
39.984844 116.327256 60522
39.984936 116.327294 60526
39.985053 116.327294 60530
39.985194 116.327280 60534
39.985341 116.327260 60538
39.985500 116.327267 60542
39.985660 116.327274 60546
39.985732 116.327271 60548
39.985768 116.327270 60549
39.985804 116.327269 60550
39.985948 116.327241 60554
39.986006 116.327214 60556
39.986064 116.327187 60558
39.986188 116.327173 60562
39.986282 116.327136 60566
39.986370 116.327046 60570
39.986453 116.326960 60574
39.986568 116.326909 60578
39.986598 116.326905 60579
39.986627 116.326901 60580
39.986686 116.326893 60582
39.986916 116.326905 60586
39.987127 116.326968 60590
39.987307 116.327029 60594
39.987389 116.327034 60596
39.987471 116.327040 60598
39.987550 116.327046 60600
39.987629 116.327052 60602
39.987795 116.327062 60606
39.987950 116.327072 60610
39.988091 116.327064 60614
39.988240 116.327056 60618
39.988315 116.327062 60620
39.988389 116.327068 60622
39.988527 116.327052 60626
39.988597 116.327044 60628
39.988668 116.327036 60630
39.988798 116.327015 60634
39.988906 116.327015 60637
39.988942 116.327015 60638
39.989088 116.327022 60642
39.989250 116.327026 60646
39.989416 116.327023 60650
39.989585 116.327007 60654
39.989757 116.326997 60658
39.989835 116.326990 60660
39.989874 116.326987 60661
39.989913 116.326984 60662
39.990063 116.326968 60666
39.990203 116.326972 60670
39.990339 116.326997 60674
39.990481 116.326988 60678
39.990627 116.326980 60682
39.990765 116.326964 60686
39.990903 116.326976 60690
39.991047 116.326972 60694
39.991190 116.326978 60698
39.991332 116.326965 60702
39.991484 116.326960 60706
39.991616 116.326948 60710
39.991758 116.326932 60714
39.991907 116.326909 60718
39.992072 116.326874 60722
39.992232 116.326852 60726
39.992378 116.326864 60730
39.992412 116.326864 60731
39.992512 116.326866 60734
39.992616 116.326866 60738
39.992711 116.326846 60742
39.992861 116.326832 60746
39.993005 116.326807 60750
39.993143 116.326801 60754
39.993276 116.326805 60758
39.993436 116.326799 60762
39.993583 116.326823 60766
39.993721 116.326838 60770
39.993863 116.326821 60774
39.994004 116.326802 60778
39.994128 116.326835 60782
39.994252 116.326843 60786
39.994358 116.326862 60790
39.994459 116.326879 60794
39.994552 116.326882 60798
39.994653 116.326878 60802
39.994755 116.326853 60806
39.994833 116.326827 60809
39.994859 116.326818 60810
39.994965 116.326796 60814
39.995068 116.326773 60818
39.995175 116.326781 60822
39.995225 116.326785 60824
39.995274 116.326789 60826
39.995379 116.326731 60830
39.995485 116.326729 60833
39.995520 116.326728 60834
39.995657 116.326727 60838
39.995788 116.326733 60842
