39.995726 116.328700 36373
39.995726 116.328698 36378
39.995726 116.328696 36383
39.995726 116.328696 36388
39.995725 116.328695 36393
39.995724 116.328694 36398
39.995724 116.328694 36399
39.995723 116.328693 36403
39.995723 116.328693 36404
39.995723 116.328692 36408
39.995723 116.328691 36411
39.995723 116.328690 36413
39.995723 116.328689 36418
39.995722 116.328688 36421
39.995722 116.328687 36423
39.995721 116.328686 36428
39.995721 116.328684 36433
39.995722 116.328683 36438
39.995722 116.328681 36443
39.995722 116.328681 36448
39.995722 116.328681 36453
39.995722 116.328682 36458
39.995723 116.328681 36463
39.995723 116.328680 36468
39.995722 116.328680 36473
39.995722 116.328680 36478
39.995722 116.328679 36483
39.995722 116.328680 36488
39.995723 116.328679 36493
39.995723 116.328679 36498
39.995723 116.328678 36503
39.995724 116.328678 36508
39.995723 116.328678 36513
39.995723 116.328677 36518
39.995723 116.328677 36520
39.995723 116.328676 36523
39.995723 116.328675 36528
39.995723 116.328675 36533
39.995722 116.328674 36538
39.995721 116.328674 36542
39.995721 116.328674 36543
39.995720 116.328675 36547
39.995720 116.328675 36548
39.995720 116.328676 36553
39.995719 116.328676 36555
39.995718 116.328677 36558
39.995717 116.328678 36563
39.995717 116.328678 36565
39.995717 116.328678 36568
39.995716 116.328677 36573
39.995716 116.328677 36574
39.995717 116.328677 36578
39.995718 116.328677 36583
39.995720 116.328677 36588
39.995720 116.328676 36593
39.995720 116.328676 36598
39.995721 116.328675 36603
39.995721 116.328675 36605
39.995720 116.328675 36608
39.995720 116.328675 36613
39.995720 116.328674 36618
39.995719 116.328674 36623
39.995719 116.328674 36625
39.995719 116.328673 36628
39.995720 116.328673 36633
39.995719 116.328674 36638
39.995720 116.328675 36643
39.995721 116.328677 36648
39.995721 116.328677 36653
39.995720 116.328678 36658
39.995720 116.328678 36663
39.995721 116.328676 36668
39.995722 116.328672 36673
39.995722 116.328670 36678
39.995723 116.328669 36683
39.995723 116.328668 36687
39.995723 116.328668 36688
39.995723 116.328667 36693
39.995723 116.328667 36694
39.995725 116.328666 36698
39.995726 116.328667 36703
39.995726 116.328667 36704
39.995727 116.328666 36708
39.995729 116.328665 36713
39.995731 116.328664 36718
39.995736 116.328664 36723
39.995739 116.328663 36728
39.995749 116.328666 36730
39.995763 116.328670 36733
39.995770 116.328656 36738
39.995771 116.328649 36743
39.995773 116.328646 36748
39.995774 116.328642 36753
39.995774 116.328642 36754
39.995774 116.328640 36758
39.995743 116.328627 36763
39.995722 116.328599 36764
39.995639 116.328487 36768
39.995576 116.328260 36773
39.995371 116.328087 36778
39.995058 116.327817 36783
39.994784 116.327572 36787
39.994716 116.327511 36788
39.994392 116.327122 36793
39.994157 116.326873 36798
39.993985 116.326686 36803
39.993731 116.326616 36807
39.993667 116.326599 36808
39.993591 116.326597 36809
39.993514 116.326595 36810
39.993285 116.326588 36813
39.992874 116.326567 36818
39.992666 116.326579 36823
39.992513 116.326519 36828
39.992308 116.326520 36833
39.992118 116.326525 36838
39.992054 116.326536 36843
39.992048 116.326535 36848
39.992052 116.326534 36853
39.992059 116.326535 36858
39.992059 116.326537 36863
39.992041 116.326535 36868
39.992017 116.326537 36873
39.991999 116.326548 36878
39.991968 116.326550 36883
39.991887 116.326541 36888
39.991757 116.326544 36893
39.991668 116.326590 36898
39.991589 116.326602 36903
39.991555 116.326606 36908
39.991551 116.326621 36913
39.991485 116.326534 36918
39.991371 116.326515 36923
39.991295 116.326381 36928
39.991301 116.326373 36929
39.991318 116.326351 36932
39.991324 116.326343 36933
39.991353 116.326247 36938
39.991315 116.326140 36943
39.991422 116.325677 36948
39.991464 116.325157 36953
39.991546 116.324460 36958
39.991560 116.323680 36963
39.991543 116.322876 36968
39.991491 116.322244 36973
