40.022598 116.344884 11204
40.022401 116.344750 11206
40.022204 116.344615 11208
40.021821 116.344501 11212
40.021418 116.344527 11216
40.021049 116.344831 11220
40.020914 116.345142 11223
40.020869 116.345245 11224
40.020754 116.345372 11226
40.020639 116.345499 11228
40.020367 116.345506 11231
40.020276 116.345508 11232
40.019845 116.345538 11236
40.019728 116.345548 11237
40.019376 116.345577 11240
40.019253 116.345585 11241
40.019008 116.345601 11243
40.018885 116.345609 11244
40.018438 116.345552 11248
40.018042 116.345492 11252
40.017808 116.345499 11255
40.017730 116.345502 11256
40.017502 116.345556 11260
40.017192 116.345625 11264
40.017006 116.345631 11268
40.016970 116.345629 11269
40.016864 116.345623 11272
40.016645 116.345645 11276
40.016460 116.345654 11280
40.016433 116.345647 11284
40.016455 116.345664 11288
40.016457 116.345665 11290
40.016459 116.345667 11292
40.016412 116.345679 11296
40.016269 116.345707 11300
40.016090 116.345728 11304
40.015857 116.345721 11308
40.015475 116.345743 11312
40.015152 116.345768 11316
40.014919 116.345759 11320
40.014893 116.345759 11321
40.014815 116.345759 11324
40.014813 116.345783 11328
40.014816 116.345784 11332
40.014813 116.345783 11336
40.014801 116.345778 11340
40.014787 116.345772 11344
40.014772 116.345763 11348
40.014741 116.345777 11350
40.014711 116.345792 11352
40.014582 116.345807 11356
40.014400 116.345818 11360
40.014191 116.345841 11364
40.014013 116.345813 11368
40.013900 116.345781 11372
40.013811 116.345757 11376
40.013746 116.345763 11380
40.013724 116.345765 11381
40.013657 116.345771 11384
40.013632 116.345771 11385
40.013607 116.345771 11386
40.013557 116.345771 11388
40.013530 116.345761 11392
40.013520 116.345760 11396
40.013525 116.345763 11400
40.013530 116.345766 11404
40.013527 116.345764 11408
40.013465 116.345748 11412
40.013333 116.345737 11416
40.013142 116.345827 11420
40.012867 116.345925 11424
40.012486 116.345988 11428
40.012094 116.346024 11432
40.011649 116.346030 11436
40.011169 116.346045 11440
40.010652 116.346117 11444
40.010269 116.346146 11447
40.010141 116.346155 11448
40.009674 116.346163 11452
40.009538 116.346165 11453
40.009131 116.346169 11456
40.008630 116.346226 11460
40.008123 116.346255 11464
40.007609 116.346271 11468
40.007163 116.346250 11472
40.006824 116.346226 11476
40.006628 116.346224 11480
40.006562 116.346232 11484
40.006545 116.346212 11488
40.006537 116.346215 11492
40.006526 116.346218 11496
40.006521 116.346220 11498
40.006516 116.346222 11500
40.006520 116.346220 11504
40.006533 116.346215 11508
40.006540 116.346213 11512
40.006546 116.346210 11516
40.006545 116.346195 11520
40.006552 116.346191 11524
40.006559 116.346189 11528
40.006569 116.346188 11532
40.006592 116.346186 11536
40.006605 116.346181 11540
40.006614 116.346178 11544
40.006615 116.346177 11548
40.006528 116.346190 11552
40.006364 116.346148 11556
40.006095 116.346095 11560
40.005754 116.346068 11564
40.005404 116.346072 11568
40.004992 116.346096 11572
40.004530 116.346103 11576
40.004085 116.346131 11580
40.003623 116.346190 11584
40.003201 116.346179 11588
40.003119 116.346174 11589
40.002872 116.346158 11592
40.002780 116.346139 11596
40.002749 116.346140 11600
40.002751 116.346137 11601
40.002753 116.346135 11602
40.002758 116.346130 11604
40.002763 116.346122 11608
40.002767 116.346090 11611
40.002768 116.346079 11612
40.002668 116.346061 11616
40.002395 116.346135 11620
40.002007 116.346213 11624
40.001641 116.346236 11628
40.001262 116.346252 11632
40.000938 116.346305 11636
40.000676 116.346316 11640
40.000573 116.346311 11643
40.000539 116.346309 11644
40.000521 116.346312 11647
40.000515 116.346313 11648
40.000518 116.346312 11652
40.000513 116.346311 11655
40.000512 116.346310 11656
40.000512 116.346310 11660
40.000512 116.346310 11664
40.000518 116.346311 11668
40.000453 116.346325 11672
40.000335 116.346349 11674
40.000216 116.346373 11676
39.999914 116.346456 11680
39.999618 116.346503 11684
39.999317 116.346494 11688
39.998979 116.346535 11692
39.998661 116.346590 11695
39.998555 116.346608 11696
39.998150 116.346608 11700
39.997766 116.346626 11704
39.997365 116.346651 11708
39.996944 116.346643 11712
39.996502 116.346626 11716
39.996084 116.346567 11720
39.995777 116.346556 11724
39.995670 116.346549 11728
39.995647 116.346563 11732
39.995654 116.346557 11736
39.995638 116.346562 11738
39.995622 116.346567 11740
39.995434 116.346634 11744
39.995177 116.346635 11748
39.994881 116.346646 11752
39.994562 116.346662 11756
39.994122 116.346705 11760
39.993683 116.346743 11764
39.993309 116.346718 11768
39.992862 116.346755 11772
39.992411 116.346809 11776
39.991970 116.346819 11780
39.991767 116.346827 11782
39.991564 116.346836 11784
39.991159 116.346860 11788
39.990797 116.346873 11792
39.990499 116.346893 11796
39.990430 116.346897 11797
39.990222 116.346911 11800
