39.980677 116.328684 7955
39.980716 116.328542 7959
39.980638 116.328414 7964
39.980601 116.328412 7968
39.980610 116.328419 7973
39.981025 116.327898 7977
39.980998 116.327847 7982
39.981018 116.327835 7985
39.981025 116.327836 7988
39.981029 116.327838 7991
39.981031 116.327841 7994
39.981035 116.327843 7998
39.981023 116.327806 8003
39.981019 116.327808 8006
39.981003 116.327818 8010
39.980979 116.327949 8014
39.981046 116.327916 8017
39.981074 116.327895 8020
39.981079 116.327878 8022
39.981081 116.327870 8023
39.981104 116.327841 8025
39.981115 116.327827 8026
39.981186 116.327981 8030
39.981329 116.328018 8034
39.981438 116.328304 8039
39.981348 116.328247 8043
39.981318 116.328194 8044
39.981198 116.327984 8048
39.981120 116.327728 8053
39.981247 116.327568 8058
39.981489 116.327524 8063
39.981680 116.327501 8067
39.981898 116.327474 8072
39.981952 116.327469 8073
39.982059 116.327460 8075
39.982166 116.327450 8077
39.982338 116.327519 8082
39.982553 116.327503 8087
39.982707 116.327607 8092
39.982816 116.327543 8096
39.983013 116.327539 8100
39.983041 116.327566 8101
39.983153 116.327674 8105
39.983186 116.327668 8106
39.983219 116.327662 8107
39.983285 116.327649 8109
39.983329 116.327656 8110
39.983417 116.327670 8112
39.983461 116.327677 8113
39.983666 116.327730 8118
39.983830 116.327758 8122
39.983962 116.327757 8127
39.984044 116.327733 8132
39.984044 116.327721 8134
39.984044 116.327715 8135
39.984042 116.327707 8138
39.984041 116.327705 8141
39.984044 116.327705 8145
39.984062 116.327701 8150
39.984073 116.327699 8153
39.984090 116.327699 8156
39.984105 116.327695 8159
39.984119 116.327689 8162
39.984131 116.327684 8165
39.984132 116.327680 8169
39.984152 116.327674 8174
39.984169 116.327673 8177
39.984174 116.327673 8178
39.984184 116.327672 8180
39.984188 116.327672 8181
39.984197 116.327671 8183
39.984206 116.327668 8186
39.984214 116.327667 8189
39.984217 116.327666 8191
39.984219 116.327666 8192
39.984221 116.327666 8193
39.984224 116.327665 8195
39.984229 116.327663 8199
39.984247 116.327652 8204
39.984305 116.327474 8208
39.984407 116.327407 8212
39.984561 116.327369 8216
39.984652 116.327353 8219
39.984682 116.327347 8220
39.984774 116.327329 8225
39.984802 116.327327 8228
39.984808 116.327326 8231
39.984814 116.327325 8234
39.984822 116.327324 8238
39.984870 116.327300 8243
39.984924 116.327283 8246
39.984963 116.327264 8249
39.984990 116.327255 8251
39.985004 116.327250 8252
39.985123 116.327271 8257
39.985264 116.327258 8261
39.985302 116.327254 8262
39.985340 116.327251 8263
39.985415 116.327244 8265
39.985567 116.327206 8269
39.985780 116.327172 8274
39.986049 116.327193 8279
39.986185 116.327205 8283
39.986361 116.327161 8288
39.986549 116.327149 8292
39.986791 116.327116 8297
39.987010 116.327195 8302
39.987305 116.327182 8307
39.987548 116.327165 8312
39.987790 116.327138 8317
39.987881 116.327129 8319
39.987972 116.327119 8321
39.988145 116.327112 8325
39.988312 116.327080 8329
39.988473 116.327072 8333
39.988644 116.327067 8337
39.988871 116.327050 8342
39.989074 116.327034 8347
39.989245 116.327023 8351
39.989459 116.327011 8356
39.989634 116.327001 8360
39.989854 116.326988 8365
39.989896 116.326985 8366
39.990063 116.326972 8370
39.990206 116.326964 8374
39.990384 116.326961 8379
39.990597 116.326970 8383
39.990753 116.326987 8387
39.990828 116.326968 8390
39.990878 116.326956 8392
39.991117 116.327007 8397
39.991179 116.327005 8400
39.991227 116.326999 8403
39.991256 116.326999 8406
39.991271 116.326998 8409
39.991283 116.327001 8412
39.991289 116.327000 8415
39.991286 116.327001 8418
39.991288 116.327001 8421
39.991290 116.327000 8424
39.991293 116.327000 8426
39.991294 116.327000 8427
39.991296 116.326999 8430
39.991298 116.326999 8433
39.991298 116.326999 8436
39.991297 116.326999 8440
39.991314 116.327001 8445
39.991325 116.327005 8448
39.991329 116.327005 8451
39.991330 116.327005 8452
39.991337 116.326997 8457
39.991370 116.326954 8460
39.991434 116.326824 8465
39.991490 116.326706 8469
39.991533 116.326546 8473
39.991568 116.326359 8477
39.991559 116.326156 8481
39.991534 116.325967 8485
39.991510 116.325758 8489
39.991496 116.325562 8493
39.991466 116.325356 8497
39.991429 116.325148 8501
39.991414 116.324878 8506
39.991412 116.324818 8507
39.991404 116.324580 8511
39.991423 116.324445 8513
39.991432 116.324378 8514
39.991451 116.324243 8516
39.991467 116.323948 8521
39.991479 116.323651 8526
39.991477 116.323478 8529
39.991476 116.323362 8531
39.991473 116.323134 8535
39.991463 116.322960 8538
39.991456 116.322844 8540
39.991414 116.322597 8545
39.991380 116.322309 8550
