39.975564 116.329352 33919
39.975576 116.329318 33922
39.975570 116.329308 33926
39.975577 116.329325 33931
39.975519 116.329403 33934
39.975402 116.329425 33937
39.975396 116.329422 33939
39.975393 116.329420 33940
39.975398 116.329453 33943
39.975393 116.329464 33946
39.975395 116.329465 33949
39.975398 116.329469 33953
39.975390 116.329471 33958
39.975387 116.329473 33959
39.975381 116.329477 33961
39.975399 116.329472 33964
39.975406 116.329472 33967
39.975409 116.329472 33970
39.975412 116.329470 33973
39.975409 116.329468 33977
39.975382 116.329454 33982
39.975385 116.329447 33983
39.975388 116.329441 33984
39.975391 116.329434 33985
39.975418 116.329435 33988
39.975434 116.329423 33991
39.975415 116.329405 33994
39.975401 116.329394 33997
39.975408 116.329403 34001
39.975393 116.329404 34006
39.975353 116.329403 34009
39.975333 116.329395 34012
39.975324 116.329397 34015
39.975303 116.329394 34018
39.975264 116.329369 34021
39.975253 116.329329 34024
39.975263 116.329287 34027
39.975258 116.329250 34030
39.975264 116.329240 34031
39.975276 116.329219 34033
39.975267 116.329219 34037
39.975290 116.329283 34042
39.975299 116.329308 34045
39.975302 116.329312 34046
39.975309 116.329319 34048
39.975329 116.329323 34051
39.975328 116.329347 34054
39.975325 116.329384 34057
39.975324 116.329395 34058
39.975322 116.329417 34060
39.975316 116.329458 34063
39.975338 116.329526 34066
39.975333 116.329547 34069
39.975322 116.329566 34072
39.975331 116.329601 34075
39.975370 116.329753 34080
39.975276 116.330420 34085
39.975230 116.330879 34090
39.975200 116.331498 34095
39.975172 116.332240 34100
39.975143 116.332528 34102
39.975099 116.332960 34105
39.975060 116.333739 34110
39.975021 116.334505 34115
39.975034 116.335198 34120
39.975055 116.335808 34125
39.975063 116.336401 34130
39.975039 116.336961 34135
39.975035 116.337420 34140
39.975006 116.337873 34145
39.975014 116.338095 34150
39.975012 116.338116 34154
39.975016 116.338126 34156
39.975021 116.338141 34159
39.975047 116.338248 34162
39.975065 116.338319 34164
39.975098 116.338447 34169
39.975098 116.338451 34172
39.975092 116.338471 34175
39.975090 116.338477 34179
39.975091 116.338526 34184
39.975149 116.338622 34189
39.975193 116.338678 34193
39.975202 116.338689 34196
39.975188 116.338710 34199
39.975179 116.338706 34202
39.975179 116.338692 34205
39.975196 116.338687 34208
39.975225 116.338758 34213
39.975231 116.338994 34218
39.975196 116.339429 34223
39.975161 116.339919 34228
39.975160 116.340103 34230
39.975159 116.340378 34233
39.975179 116.340805 34238
39.975183 116.340878 34239
39.975198 116.341170 34243
39.975200 116.341549 34248
39.975217 116.341902 34253
39.975174 116.342189 34258
39.975189 116.342746 34263
39.975174 116.343387 34268
39.975175 116.343504 34269
39.975177 116.343974 34273
39.975187 116.344106 34274
39.975228 116.344632 34278
39.975242 116.345219 34283
39.975261 116.345774 34288
39.975247 116.346208 34292
39.975243 116.346316 34293
39.975232 116.346645 34298
39.975227 116.346657 34301
39.975224 116.346665 34303
39.975207 116.346689 34306
39.975195 116.346738 34311
39.975187 116.346650 34315
39.975201 116.346625 34318
39.975214 116.346598 34321
39.975216 116.346595 34323
39.975217 116.346594 34324
39.975219 116.346593 34327
39.975220 116.346589 34330
39.975218 116.346588 34333
39.975214 116.346581 34337
39.975218 116.346592 34342
39.975245 116.346782 34347
39.975253 116.346940 34349
39.975257 116.347019 34350
39.975265 116.347177 34352
39.975269 116.347362 34354
39.975274 116.347640 34357
39.975329 116.348069 34362
39.975365 116.348481 34367
39.975387 116.348793 34372
39.975362 116.348994 34377
39.975348 116.349003 34379
39.975341 116.349008 34380
39.975327 116.349006 34383
39.975316 116.349007 34386
39.975307 116.349050 34391
39.975304 116.349295 34396
39.975307 116.349607 34401
39.975295 116.349976 34406
39.975297 116.350163 34408
39.975299 116.350443 34411
39.975300 116.350555 34412
39.975304 116.351005 34416
39.975319 116.351539 34421
39.975349 116.352143 34426
39.975424 116.352703 34431
39.975421 116.353126 34435
39.975420 116.353232 34436
39.975393 116.353618 34441
39.975363 116.353646 34446
39.975368 116.353645 34447
39.975377 116.353644 34449
39.975380 116.353648 34452
39.975378 116.353650 34454
39.975375 116.353651 34456
39.975367 116.353667 34461
39.975366 116.353914 34466
39.975363 116.354306 34471
39.975360 116.354788 34476
39.975369 116.355015 34478
39.975383 116.355356 34481
39.975358 116.355879 34486
39.975350 116.356221 34491
39.975337 116.356314 34495
39.975328 116.356328 34498
39.975319 116.356322 34501
39.975312 116.356328 34504
39.975308 116.356330 34508
39.975298 116.356333 34511
39.975294 116.356334 34512
39.975291 116.356335 34513
39.975273 116.356345 34516
39.975266 116.356350 34519
