39.965845 116.290893 43079
39.965835 116.290893 43088
39.965767 116.290960 43129
39.965749 116.290990 43131
39.965713 116.291050 43135
39.965613 116.291110 43141
39.965550 116.291192 43148
39.965363 116.291275 43153
39.965148 116.291313 43158
39.965142 116.291415 43164
39.965220 116.291482 43168
39.965632 116.291250 43173
39.965849 116.291214 43176
39.965922 116.291202 43177
39.966230 116.291107 43181
39.966487 116.291020 43185
39.966578 116.291007 43187
39.966668 116.291002 43192
39.966763 116.291008 43209
39.966987 116.290935 43214
39.967220 116.290860 43218
39.967422 116.290798 43221
39.967490 116.290777 43222
39.967778 116.290697 43226
39.968073 116.290587 43230
39.968353 116.290487 43234
39.968425 116.290470 43235
39.968642 116.290420 43238
39.968957 116.290395 43242
39.969282 116.290387 43246
39.969598 116.290378 43250
39.969882 116.290375 43254
39.970205 116.290373 43258
39.970542 116.290372 43262
39.970873 116.290375 43266
39.971208 116.290365 43270
39.971550 116.290363 43274
39.971865 116.290372 43278
39.972023 116.290370 43280
39.972180 116.290368 43282
39.972517 116.290358 43286
39.972845 116.290350 43290
39.973083 116.290412 43294
39.973137 116.290770 43299
39.973147 116.291240 43304
39.973157 116.291580 43308
39.973172 116.291920 43312
39.973179 116.292090 43314
39.973185 116.292260 43316
39.973200 116.292717 43321
39.973201 116.293052 43324
39.973202 116.293275 43326
39.973222 116.293817 43331
39.973225 116.293900 43332
39.973228 116.293983 43333
39.973238 116.294232 43336
39.973240 116.294468 43340
39.973238 116.294563 43432
39.973250 116.294762 43436
39.973273 116.295052 43440
39.973335 116.295497 43445
39.973510 116.296005 43450
39.973730 116.296502 43455
39.973782 116.296610 43457
39.973835 116.296718 43459
39.973957 116.296972 43463
39.973988 116.297035 43464
39.974068 116.297248 43466
39.974188 116.297568 43469
39.974261 116.297924 43472
39.974310 116.298162 43474
39.974354 116.298668 43478
39.974365 116.298795 43479
39.974370 116.299363 43484
39.974365 116.299707 43489
39.974342 116.299802 43599
39.974313 116.299897 43602
39.974348 116.300190 43607
39.974378 116.300645 43612
39.974352 116.301122 43617
39.974255 116.301455 43621
39.974228 116.301767 43625
39.974233 116.302055 43629
39.974267 116.302337 43633
39.974312 116.302445 43638
