0.000000 0.000000
0.000000 0.000000
0.000000 0.000000
0.000000 0.000000
0.000000 0.000000
0.000000 0.000000
0.000000 0.000000
0.000000 0.000000
0.000000 0.000000
0.000000 0.000000
0.000000 0.000000
0.000000 0.000000
0.000000 0.000000
0.000000 0.000000
0.000000 0.000000
0.000000 0.000000
0.000000 0.000000
0.000000 0.000000
0.000000 0.000000
0.000000 0.000000
0.000000 0.000000
0.000000 0.000000
0.000000 0.000000
0.000000 0.000000
0.000000 0.000000
0.000000 0.000000
0.000000 0.000000
0.000000 0.000000
0.000000 0.000000
0.000000 0.000000
39.975316 116.328632
39.975316 116.328632
39.975323 116.328632
39.975305 116.328632
39.975316 116.328632
39.975316 116.328632
39.975316 116.328632
39.975316 116.328632
39.975350 116.328632
39.975316 116.328632
39.975316 116.328632
39.975316 116.328632
39.975316 116.328632
39.975316 116.328632
39.975316 116.328632
39.975314 116.328632
39.975290 116.328631
39.975267 116.328630
39.975239 116.328629
39.975225 116.328628
39.975260 116.328630
39.975266 116.328630
39.975269 116.328630
39.975261 116.328630
39.975274 116.328630
39.975313 116.328551
39.975311 116.328525
39.975381 116.328633
39.975464 116.328633
39.975682 116.328635
39.975810 116.328637
39.975950 116.328638
39.976016 116.328639
39.976203 116.328403
39.976201 116.328353
39.976198 116.328263
39.976194 116.328170
39.976190 116.328056
39.976187 116.327974
39.976185 116.327938
39.976184 116.327910
39.976185 116.327925
39.976184 116.327909
39.976184 116.327910
39.975278 116.327778
39.975278 116.327778
39.975278 116.327778
39.975278 116.327778
39.975283 116.327858
39.975281 116.327832
39.975278 116.327778
39.975279 116.327721
39.975277 116.327726
39.975257 116.327779
39.975234 116.327780
39.975212 116.327782
39.975208 116.327782
39.975187 116.327783
39.975168 116.327784
39.975147 116.327785
39.975127 116.327786
39.975109 116.327787
39.975092 116.327788
39.975074 116.327789
39.975060 116.327790
39.975042 116.327791
39.975024 116.327792
0.000000 0.000000
39.975017 116.327792
39.974922 116.327797
39.974922 116.327797
39.974841 116.327604
39.974840 116.327572
39.974839 116.327541
39.974838 116.327517
39.974838 116.327488
39.974837 116.327467
39.974836 116.327439
39.974836 116.327405
39.974835 116.327374
39.974834 116.327347
39.974833 116.327326
39.974833 116.327316
39.974833 116.327305
39.974833 116.327304
39.974833 116.327304
39.974833 116.327305
39.974833 116.327305
39.974833 116.327306
39.974833 116.327307
39.974833 116.327306
39.974587 116.327628
39.974833 116.327312
39.974547 116.327601
39.974528 116.327588
39.974509 116.327575
39.974492 116.327563
39.974473 116.327550
39.974452 116.327536
39.974428 116.327520
39.974409 116.327507
39.974386 116.327492
39.974366 116.327477
39.974336 116.327457
39.974313 116.327442
39.974291 116.327427
39.974266 116.327409
39.974240 116.327392
39.974217 116.327376
39.974195 116.327361
39.974173 116.327346
39.974157 116.327335
39.974141 116.327324
39.974116 116.327307
39.974091 116.327290
39.974070 116.327276
39.974054 116.327265
39.974039 116.327255
39.974023 116.327244
39.973994 116.327224
39.973985 116.327218
39.973975 116.327211
39.973892 116.327161
39.973872 116.327162
39.973852 116.327164
39.973826 116.327166
39.973799 116.327168
39.973777 116.327170
39.973754 116.327172
39.973733 116.327173
39.973708 116.327175
39.973661 116.327179
39.973627 116.327181
39.973599 116.327183
39.973580 116.327185
39.973569 116.327186
39.973556 116.327187
39.973541 116.327188
39.973520 116.327189
39.973504 116.327190
39.973485 116.327192
39.973476 116.327193
39.973457 116.327194
39.973439 116.327195
39.973424 116.327197
39.973328 116.327362
39.973329 116.327375
39.973329 116.327383
39.973331 116.327399
39.973332 116.327416
39.973333 116.327433
39.973334 116.327442
39.973334 116.327448
39.973333 116.327432
39.973332 116.327411
39.973315 116.327202
39.973315 116.327202
39.973315 116.327202
39.973315 116.327202
39.972889 116.327380
39.972888 116.327347
39.972887 116.327329
39.972886 116.327300
39.972885 116.327268
39.972885 116.327255
39.972884 116.327246
39.972885 116.327255
39.972885 116.327273
39.972887 116.327331
39.972889 116.327380
39.972891 116.327433
39.972890 116.327411
39.972891 116.327427
39.972890 116.327425
39.972890 116.327415
39.972890 116.327419
39.972891 116.327434
39.972890 116.327417
39.972891 116.327436
39.972891 116.327452
39.972892 116.327482
39.972894 116.327517
39.972894 116.327537
39.972894 116.327531
0.000000 0.000000
0.000000 0.000000
0.000000 0.000000
0.000000 0.000000
0.000000 0.000000
0.000000 0.000000
0.000000 0.000000
0.000000 0.000000
0.000000 0.000000
0.000000 0.000000
0.000000 0.000000
0.000000 0.000000
0.000000 0.000000
0.000000 0.000000
0.000000 0.000000
0.000000 0.000000
0.000000 0.000000
0.000000 0.000000
0.000000 0.000000
39.972880 116.327109
39.972878 116.327073
39.972636 116.326546
39.972877 116.327022
39.972636 116.326546
39.972875 116.326965
39.972522 116.326543
39.972478 116.326542
39.972636 116.326546
39.972636 116.326546
39.972636 116.326546
39.972636 116.326546
39.972636 116.326546
39.972636 116.326546
39.972636 116.326546
39.972636 116.326546
39.972460 116.326541
39.972463 116.326541
39.972458 116.326541
39.972457 116.326541
39.972453 116.326541
39.972443 116.326541
39.972443 116.326541
39.972459 116.326541
39.972452 116.326541
39.972414 116.326540
39.972627 116.326323
39.972625 116.326276
39.972623 116.326221
39.972621 116.326181
39.972620 116.326143
39.972618 116.326107
39.972616 116.326060
39.972615 116.326028
39.972613 116.325973
39.972611 116.325933
39.972611 116.325934
39.972611 116.325930
39.972610 116.325901
39.972375 116.325346
39.972609 116.325889
39.972609 116.325877
39.972608 116.325867
39.972607 116.325839
39.972605 116.325799
39.972602 116.325724
39.972598 116.325619
39.971918 116.325585
39.971917 116.325545
39.972251 116.325352
39.972279 116.325351
39.972311 116.325349
39.972391 116.325346
39.972402 116.325345
39.972391 116.325346
39.972404 116.325345
39.972389 116.325346
39.972408 116.325345
39.972431 116.325344
39.972434 116.325344
39.972588 116.325337
39.972588 116.325337
39.972588 116.325337
39.972463 116.325343
39.972492 116.325341
39.972500 116.325341
39.972588 116.325337
39.972526 116.325340
39.972588 116.325337
39.972588 116.325337
39.972588 116.325337
39.972794 116.324956
39.972792 116.324920
39.972789 116.324878
39.972510 116.325340
39.972464 116.325343
39.972786 116.324815
39.972784 116.324785
39.972782 116.324748
39.972780 116.324710
39.972779 116.324692
39.972778 116.324668
39.972776 116.324633
39.972773 116.324590
39.972771 116.324540
39.972767 116.324472
39.972763 116.324396
39.972764 116.324411
39.972763 116.324397
39.972270 116.324155
39.972198 116.324159
39.972173 116.324160
39.972133 116.324162
39.972097 116.324163
39.972067 116.324165
39.972037 116.324166
39.972003 116.324168
39.971974 116.324169
39.971947 116.324171
39.971940 116.324171
39.971928 116.324172
39.971906 116.324173
39.971849 116.324175
39.971789 116.324178
39.971739 116.324181
39.971684 116.324183
39.971344 116.324527
39.971647 116.324185
39.971633 116.324186
39.971625 116.324186
39.971346 116.324570
39.971601 116.324187
39.971346 116.324581
39.971347 116.324602
39.971348 116.324645
39.971350 116.324697
39.971351 116.324730
39.971353 116.324802
39.971354 116.324833
39.971357 116.324918
39.971359 116.324984
39.971712 116.325377
39.971786 116.325373
39.971835 116.325371
39.971868 116.325369
39.971911 116.325367
39.971911 116.325367
39.971911 116.325367
39.971911 116.325367
39.971911 116.325367
39.971911 116.325367
39.971950 116.325365
39.971911 116.325367
39.971983 116.325364
39.971995 116.325363
39.971981 116.325364
39.971911 116.325367
39.971991 116.325363
39.971911 116.325367
39.971911 116.325367
39.971963 116.325365
39.971934 116.325366
39.971946 116.325365
39.971971 116.325364
39.971990 116.325363
39.972010 116.325363
39.972020 116.325362
39.971997 116.325363
39.972068 116.325360
39.972076 116.325360
39.972099 116.325359
39.972119 116.325358
39.971911 116.325367
39.972127 116.325357
39.971911 116.325367
39.972113 116.325358
39.972096 116.325359
39.972088 116.325359
39.971911 116.325367
39.972131 116.325357
