40.027545 116.343326 42615
40.027676 116.343240 42620
40.027707 116.343223 42625
40.027706 116.343227 42627
40.027704 116.343232 42630
40.027686 116.343232 42634
40.027682 116.343232 42635
40.027707 116.343230 42640
40.027712 116.343234 42643
40.027716 116.343236 42645
40.027717 116.343239 42650
40.027717 116.343233 42655
40.027716 116.343227 42658
40.027716 116.343223 42660
40.027715 116.343215 42665
40.027763 116.343102 42670
40.027975 116.342930 42675
40.028278 116.342680 42680
40.028421 116.342560 42682
40.028636 116.342381 42685
40.029048 116.342071 42690
40.029476 116.341815 42694
40.029583 116.341751 42695
40.029795 116.341606 42698
40.029936 116.341510 42700
40.030015 116.341405 42705
40.029909 116.341494 42710
40.029884 116.341501 42715
40.029874 116.341515 42720
40.029865 116.341549 42725
40.029770 116.341641 42730
40.029759 116.341686 42732
40.029743 116.341754 42735
40.029738 116.341869 42740
40.029729 116.341903 42742
40.029715 116.341954 42745
40.029543 116.342018 42750
40.029448 116.342100 42755
40.029346 116.342169 42760
40.029271 116.342164 42765
40.029390 116.342029 42770
40.029481 116.341904 42775
40.029533 116.341797 42780
40.029605 116.341746 42785
40.029698 116.341642 42789
40.029721 116.341616 42790
40.029791 116.341310 42795
40.029862 116.341099 42800
40.029886 116.341064 42801
40.029982 116.340926 42805
40.029880 116.340849 42810
40.029826 116.340706 42815
40.029740 116.340438 42820
40.029624 116.340158 42825
40.029518 116.339923 42830
40.029497 116.339899 42831
40.029454 116.339851 42833
40.029412 116.339803 42835
40.029410 116.339611 42840
40.029395 116.339396 42845
40.029369 116.339191 42850
40.029378 116.338832 42855
40.029372 116.338492 42859
40.029370 116.338407 42860
40.029389 116.338034 42865
40.029416 116.337797 42870
40.029476 116.337653 42875
40.029514 116.337363 42880
40.029494 116.336974 42885
40.029465 116.336656 42890
40.029453 116.336459 42895
40.029414 116.336202 42900
40.029417 116.336144 42901
40.029429 116.335914 42905
40.029427 116.335844 42906
40.029418 116.335563 42910
40.029380 116.335178 42915
40.029392 116.334818 42920
40.029392 116.334612 42923
40.029392 116.334544 42924
40.029392 116.334475 42925
40.029410 116.334066 42930
40.029468 116.333590 42935
40.029522 116.333207 42940
40.029567 116.332774 42945
40.029646 116.332325 42950
40.029701 116.331895 42955
40.029744 116.331608 42960
40.029729 116.331542 42965
40.029723 116.331519 42970
40.029724 116.331502 42975
40.029724 116.331494 42980
40.029724 116.331481 42985
40.029724 116.331459 42990
40.029725 116.331437 42995
40.029726 116.331421 43000
40.029705 116.331298 43005
40.029680 116.331156 43007
40.029643 116.330943 43010
40.029612 116.330454 43015
40.029667 116.329837 43020
40.029665 116.329322 43025
40.029683 116.328968 43029
40.029687 116.328880 43030
40.029702 116.328328 43035
40.029711 116.327760 43040
40.029825 116.327410 43045
40.030093 116.327401 43050
40.030374 116.327419 43054
40.030444 116.327424 43055
40.030881 116.327479 43060
40.031303 116.327548 43065
40.031668 116.327560 43070
40.031865 116.327527 43075
40.031882 116.327525 43078
40.031893 116.327524 43080
40.031895 116.327523 43085
40.031888 116.327524 43090
40.031888 116.327522 43095
40.031901 116.327523 43100
40.032035 116.327594 43105
40.032325 116.327692 43110
40.032474 116.327777 43115
40.032533 116.327959 43120
40.032560 116.328240 43125
40.032586 116.328539 43130
40.032633 116.328781 43135
40.032683 116.329021 43140
40.032713 116.329179 43145
40.032720 116.329217 43148
40.032725 116.329242 43150
40.032733 116.329256 43155
40.032729 116.329249 43160
40.032722 116.329242 43163
40.032718 116.329237 43165
40.032713 116.329229 43170
40.032699 116.329211 43175
40.032695 116.329205 43180
40.032696 116.329205 43185
40.032703 116.329212 43190
40.032710 116.329218 43195
40.032718 116.329227 43200
40.032727 116.329240 43205
40.032730 116.329248 43210
40.032736 116.329257 43215
40.032736 116.329257 43218
