39.974865 116.312532 1271
39.974856 116.312382 1326
39.974852 116.312298 1357
39.974848 116.312235 1380
39.974742 116.311823 1385
39.974622 116.311447 1390
39.974652 116.310932 1395
39.974650 116.310437 1400
39.974652 116.309887 1405
39.974675 116.309367 1410
39.974665 116.308993 1415
39.974712 116.308768 1420
39.974701 116.308756 1424
39.974698 116.308753 1425
39.974690 116.308745 1430
39.974683 116.308738 1435
39.974700 116.308702 1440
39.974695 116.308563 1445
39.974695 116.308535 1450
39.974709 116.308457 1454
39.974713 116.308437 1455
39.974700 116.308058 1460
39.974692 116.307483 1465
39.974657 116.307080 1468
39.974633 116.306812 1470
39.974673 116.306068 1475
39.974628 116.305417 1480
39.974667 116.304737 1485
39.974650 116.304175 1490
39.974656 116.304083 1491
39.974678 116.303713 1495
39.974622 116.303535 1500
39.974597 116.303513 1505
39.974592 116.303512 1510
39.974602 116.303484 1513
39.974605 116.303474 1514
39.974608 116.303465 1515
39.974595 116.303383 1520
39.974597 116.303292 1525
39.974617 116.303198 1530
39.974650 116.303118 1535
39.974659 116.303113 1536
39.974697 116.303093 1540
39.974728 116.303077 1545
39.974837 116.303047 1550
39.974874 116.303038 1553
39.974898 116.303032 1555
39.974945 116.303005 1560
39.975000 116.303015 1565
39.975032 116.303042 1570
39.975090 116.303043 1575
39.975125 116.303057 1580
39.975180 116.303048 1585
39.975233 116.303060 1590
39.975305 116.303070 1595
39.975402 116.303038 1600
39.975492 116.302992 1605
39.975585 116.302987 1610
39.975695 116.302983 1615
39.975772 116.303007 1620
39.975832 116.303017 1625
39.975898 116.303027 1630
39.975980 116.303037 1635
39.976022 116.303035 1640
39.976140 116.303022 1645
39.976242 116.302993 1650
39.976342 116.302968 1655
39.976410 116.302947 1660
39.976510 116.302963 1665
39.976577 116.302950 1670
39.976620 116.302935 1675
39.976658 116.302923 1679
39.976667 116.302920 1680
39.976725 116.302918 1685
39.976749 116.302949 1689
39.976755 116.302957 1690
39.976853 116.302958 1695
39.976952 116.302932 1700
39.977033 116.302952 1705
39.977023 116.303090 1710
39.977039 116.303113 1712
39.977063 116.303147 1715
39.977130 116.303142 1720
39.977175 116.303127 1725
39.977242 116.303098 1730
39.977288 116.303097 1735
39.977353 116.303117 1740
39.977385 116.303178 1745
39.977440 116.303268 1750
39.977452 116.303321 1753
39.977460 116.303357 1755
39.977515 116.303442 1760
39.977570 116.303498 1765
39.977598 116.303539 1768
39.977617 116.303567 1770
39.977653 116.303627 1775
39.977712 116.303656 1779
39.977727 116.303663 1780
39.977760 116.303677 1785
39.977723 116.303708 1790
39.977738 116.303808 1795
39.977733 116.303893 1800
39.977760 116.303934 1803
39.977778 116.303962 1805
39.977840 116.303977 1806
39.977905 116.304308 1847
39.977913 116.304410 1852
39.977780 116.304354 1856
39.977747 116.304340 1857
39.977630 116.304280 1862
39.977609 116.304275 1863
39.977525 116.304255 1867
39.977442 116.304268 1872
39.977375 116.304278 1877
39.977360 116.304277 1878
