39.939886 116.349699 43477
39.940327 116.349695 43482
39.940807 116.349695 43487
39.941165 116.349818 43492
39.941508 116.349997 43497
39.941779 116.350246 43502
39.942124 116.350628 43507
39.942442 116.351160 43512
39.942701 116.351758 43516
39.942766 116.351908 43517
39.943021 116.352677 43522
39.943186 116.353199 43527
39.943313 116.353620 43532
39.943387 116.353842 43537
39.943495 116.354217 43542
39.943689 116.354713 43547
39.943914 116.355349 43552
39.944170 116.356135 43557
39.944262 116.356458 43559
39.944401 116.356942 43562
39.944649 116.357883 43567
39.944959 116.358979 43572
39.945335 116.360036 43577
39.945767 116.361068 43582
39.946220 116.362042 43587
39.946467 116.362682 43590
39.946631 116.363109 43592
39.946837 116.363779 43595
39.946974 116.364225 43597
39.947192 116.365361 43602
39.947268 116.366563 43607
39.947296 116.367019 43609
39.947337 116.367703 43612
39.947394 116.368834 43617
39.947407 116.369969 43622
39.947406 116.371091 43627
39.947408 116.371547 43629
39.947412 116.372231 43632
39.947443 116.373427 43637
39.947460 116.374538 43642
39.947450 116.375615 43647
39.947461 116.376734 43652
39.947458 116.377870 43657
39.947474 116.379002 43662
39.947504 116.380161 43667
39.947508 116.381256 43672
39.947485 116.382365 43677
39.947494 116.383490 43682
39.947504 116.384598 43687
39.947508 116.385746 43692
39.947500 116.386834 43697
39.947491 116.387902 43702
39.947501 116.389059 43707
39.947496 116.390241 43712
39.947499 116.390697 43714
39.947503 116.391381 43717
39.947516 116.392127 43720
39.947525 116.392624 43722
39.947535 116.392869 43723
39.947576 116.393851 43727
39.947591 116.394761 43731
39.947595 116.394989 43732
39.947596 116.395883 43737
39.947610 116.396584 43742
39.947623 116.397430 43747
39.947644 116.398331 43752
39.947649 116.399199 43757
39.947642 116.400237 43762
39.947613 116.401269 43767
39.947616 116.402169 43772
39.947632 116.403329 43777
39.947627 116.404424 43782
39.947646 116.405282 43787
39.947683 116.406267 43792
39.947725 116.407470 43797
39.947778 116.408607 43802
39.947845 116.409587 43807
39.947856 116.410163 43810
39.947864 116.410547 43812
39.947904 116.411558 43817
39.947932 116.412509 43822
39.947962 116.413381 43827
39.948004 116.414172 43832
39.948029 116.414918 43837
39.948073 116.415836 43842
39.948085 116.416260 43844
39.948103 116.416895 43847
39.948126 116.417936 43852
39.948140 116.418826 43857
39.948162 116.419564 43861
39.948168 116.419749 43862
39.948202 116.420750 43867
39.948243 116.421711 43872
39.948288 116.422731 43877
39.948310 116.423775 43882
39.948270 116.424709 43887
39.948101 116.425527 43892
39.947778 116.426250 43897
39.947372 116.426780 43902
39.946899 116.427117 43907
39.946799 116.427134 43908
39.946398 116.427203 43912
39.945895 116.427229 43917
39.945235 116.427225 43922
39.944536 116.427222 43927
39.943860 116.427201 43932
39.943270 116.427224 43937
39.942634 116.427210 43942
39.941919 116.427210 43947
39.941777 116.427216 43948
39.941211 116.427239 43952
39.940552 116.427254 43957
39.939899 116.427304 43962
39.939225 116.427334 43967
39.938975 116.427338 43969
39.938601 116.427344 43972
39.938147 116.427354 43977
39.938093 116.427158 43981
39.938079 116.427109 43982
39.938387 116.427118 43987
39.938761 116.427170 43992
39.938961 116.427160 43995
39.939027 116.427157 43996
39.939094 116.427154 43997
39.939331 116.427331 44002
39.939383 116.427828 44007
39.939543 116.428310 44012
39.939594 116.428727 44016
39.939607 116.428831 44017
39.939641 116.429239 44021
39.939650 116.429341 44022
39.939660 116.429749 44026
39.939662 116.429851 44027
39.939633 116.429947 44029
39.939589 116.430090 44032
39.939439 116.430117 44037
39.939155 116.430127 44042
39.938878 116.430135 44047
39.938582 116.430112 44052
39.938286 116.430126 44057
39.938129 116.430119 44060
39.938024 116.430115 44062
39.937723 116.430147 44067
39.937445 116.430133 44072
39.937215 116.430153 44077
