39.981573 116.255518
39.981567 116.255524
39.981544 116.255543
39.981536 116.255550
39.981899 116.255237
39.982168 116.255005
39.982153 116.254942
39.981879 116.255254
39.981858 116.255272
39.981839 116.255289
39.981867 116.255264
39.981889 116.255246
39.981883 116.255251
39.981864 116.255267
39.981613 116.255484
39.981731 116.255382
39.981749 116.255367
39.981775 116.255344
39.981798 116.255324
39.980253 116.254234
39.980262 116.254194
39.980235 116.254147
39.980227 116.254108
39.980211 116.254031
39.980191 116.253935
39.980072 116.253899
39.980060 116.253903
39.980176 116.253864
39.980197 116.253838
39.980103 116.253888
39.980082 116.253895
39.980063 116.253902
39.980022 116.253915
39.980176 116.253864
39.980176 116.253864
39.979769 116.253056
39.979695 116.253078
39.979686 116.253081
39.979722 116.253070
39.979763 116.253058
39.979765 116.253057
39.979739 116.253065
39.979708 116.253074
0.000000 0.000000
39.979699 116.253077
39.979659 116.253089
0.000000 0.000000
39.979661 116.253088
39.979606 116.253104
39.979588 116.253109
39.979577 116.253113
39.979550 116.253121
39.979531 116.253126
39.979537 116.253125
39.979564 116.253117
39.979584 116.253111
39.979572 116.253114
39.979519 116.253130
39.979501 116.253135
39.979487 116.253139
39.979485 116.253140
39.979468 116.253145
39.979454 116.253149
39.979439 116.253153
0.000000 0.000000
0.000000 0.000000
0.000000 0.000000
0.000000 0.000000
0.000000 0.000000
0.000000 0.000000
0.000000 0.000000
0.000000 0.000000
0.000000 0.000000
0.000000 0.000000
0.000000 0.000000
0.000000 0.000000
0.000000 0.000000
0.000000 0.000000
0.000000 0.000000
0.000000 0.000000
0.000000 0.000000
0.000000 0.000000
0.000000 0.000000
0.000000 0.000000
0.000000 0.000000
0.000000 0.000000
0.000000 0.000000
0.000000 0.000000
0.000000 0.000000
0.000000 0.000000
0.000000 0.000000
0.000000 0.000000
0.000000 0.000000
0.000000 0.000000
0.000000 0.000000
0.000000 0.000000
0.000000 0.000000
0.000000 0.000000
0.000000 0.000000
0.000000 0.000000
0.000000 0.000000
0.000000 0.000000
0.000000 0.000000
0.000000 0.000000
0.000000 0.000000
0.000000 0.000000
0.000000 0.000000
0.000000 0.000000
0.000000 0.000000
0.000000 0.000000
0.000000 0.000000
0.000000 0.000000
0.000000 0.000000
0.000000 0.000000
0.000000 0.000000
0.000000 0.000000
0.000000 0.000000
0.000000 0.000000
0.000000 0.000000
0.000000 0.000000
0.000000 0.000000
0.000000 0.000000
0.000000 0.000000
0.000000 0.000000
0.000000 0.000000
0.000000 0.000000
0.000000 0.000000
0.000000 0.000000
0.000000 0.000000
0.000000 0.000000
0.000000 0.000000
0.000000 0.000000
0.000000 0.000000
0.000000 0.000000
0.000000 0.000000
0.000000 0.000000
0.000000 0.000000
0.000000 0.000000
0.000000 0.000000
0.000000 0.000000
0.000000 0.000000
0.000000 0.000000
39.978419 116.253454
39.978467 116.253439
39.978492 116.253432
39.978496 116.253431
39.978522 116.253423
39.978522 116.253424
39.978515 116.253426
39.978479 116.253436
39.978350 116.253474
39.978351 116.253474
39.978388 116.253463
39.978453 116.253444
39.978468 116.253439
0.000000 0.000000
0.000000 0.000000
0.000000 0.000000
0.000000 0.000000
0.000000 0.000000
0.000000 0.000000
0.000000 0.000000
0.000000 0.000000
0.000000 0.000000
0.000000 0.000000
0.000000 0.000000
0.000000 0.000000
0.000000 0.000000
0.000000 0.000000
0.000000 0.000000
0.000000 0.000000
0.000000 0.000000
0.000000 0.000000
0.000000 0.000000
0.000000 0.000000
0.000000 0.000000
0.000000 0.000000
0.000000 0.000000
0.000000 0.000000
0.000000 0.000000
0.000000 0.000000
0.000000 0.000000
39.932744 116.265178
39.932707 116.264938
39.932256 116.264774
39.932000 116.264786
39.931630 116.264792
39.931683 116.264792
39.931803 116.264313
39.931814 116.264312
39.931860 116.264310
39.931868 116.264309
39.931858 116.264310
39.931844 116.264311
39.931426 116.264051
39.931749 116.264315
39.931669 116.264319
39.931616 116.264322
39.933755 116.245451
39.933629 116.245335
39.933629 116.245335
39.933629 116.245335
39.933629 116.245335
39.933629 116.245335
39.933629 116.245335
39.933629 116.245335
39.933629 116.245335
39.933624 116.245207
39.933586 116.245116
0.000000 0.000000
0.000000 0.000000
0.000000 0.000000
0.000000 0.000000
0.000000 0.000000
0.000000 0.000000
0.000000 0.000000
0.000000 0.000000
0.000000 0.000000
0.000000 0.000000
0.000000 0.000000
0.000000 0.000000
0.000000 0.000000
0.000000 0.000000
0.000000 0.000000
0.000000 0.000000
0.000000 0.000000
0.000000 0.000000
0.000000 0.000000
0.000000 0.000000
0.000000 0.000000
0.000000 0.000000
0.000000 0.000000
0.000000 0.000000
0.000000 0.000000
0.000000 0.000000
0.000000 0.000000
0.000000 0.000000
0.000000 0.000000
0.000000 0.000000
0.000000 0.000000
0.000000 0.000000
0.000000 0.000000
0.000000 0.000000
0.000000 0.000000
0.000000 0.000000
0.000000 0.000000
0.000000 0.000000
0.000000 0.000000
0.000000 0.000000
0.000000 0.000000
0.000000 0.000000
39.931324 116.245377
39.931328 116.245376
39.931303 116.245379
39.931388 116.245371
39.931319 116.245377
39.931269 116.245382
39.931237 116.245385
39.931319 116.245377
39.931333 116.245376
39.931394 116.245371
39.931496 116.245361
39.931580 116.245354
39.931580 116.245354
39.931580 116.245354
39.931580 116.245354
39.931580 116.245354
39.931580 116.245354
39.931540 116.245358
39.931472 116.245364
39.931097 116.245866
39.931123 116.245975
39.931140 116.246047
39.931160 116.246126
39.931180 116.246210
39.931204 116.246311
39.931211 116.246338
39.931208 116.246325
0.000000 0.000000
0.000000 0.000000
0.000000 0.000000
0.000000 0.000000
39.982499 116.290529
39.982491 116.290593
39.982486 116.290629
39.982479 116.290684
39.982469 116.290761
39.982455 116.290871
39.982437 116.291016
39.982420 116.291146
39.982408 116.291235
39.982403 116.291278
39.982393 116.291355
39.982390 116.291376
39.982390 116.291381
39.982388 116.291395
39.982385 116.291416
39.982383 116.291430
39.982385 116.291416
39.982385 116.291415
39.982378 116.291474
39.982367 116.291554
39.982353 116.291662
39.982450 116.291781
39.982338 116.291782
39.982338 116.291782
39.982338 116.291782
39.982297 116.292444
39.982338 116.292511
39.982380 116.292580
39.982410 116.292629
39.982441 116.292680
39.982467 116.292724
39.982486 116.292755
39.982495 116.292769
39.982502 116.292780
39.982505 116.292785
39.982526 116.292820
39.982550 116.292860
39.982579 116.292907
39.982632 116.292994
39.982694 116.293097
39.982741 116.293173
39.982803 116.293276
39.982862 116.293373
39.982942 116.293505
39.982996 116.293595
39.982844 116.293948
39.982905 116.294016
39.982949 116.294064
39.982982 116.294100
39.982977 116.294142
39.983023 116.294195
39.983107 116.294310
39.983112 116.294335
39.983118 116.294360
39.983121 116.294373
39.983126 116.294396
39.983003 116.294172
39.982899 116.294051
39.983086 116.294216
39.982707 116.294600
39.982780 116.294747
39.982836 116.294859
39.982889 116.294965
39.982915 116.295018
39.982936 116.295060
39.982955 116.295098
39.982969 116.295125
39.982986 116.295161
39.983021 116.295231
39.983038 116.295264
39.983052 116.295294
39.983095 116.295379
39.983101 116.295391
39.983113 116.295416
39.983069 116.295328
0.000000 0.000000
0.000000 0.000000
0.000000 0.000000
0.000000 0.000000
0.000000 0.000000
0.000000 0.000000
0.000000 0.000000
0.000000 0.000000
0.000000 0.000000
0.000000 0.000000
0.000000 0.000000
0.000000 0.000000
0.000000 0.000000
0.000000 0.000000
0.000000 0.000000
0.000000 0.000000
0.000000 0.000000
0.000000 0.000000
0.000000 0.000000
0.000000 0.000000
0.000000 0.000000
0.000000 0.000000
0.000000 0.000000
0.000000 0.000000
0.000000 0.000000
0.000000 0.000000
0.000000 0.000000
0.000000 0.000000
0.000000 0.000000
0.000000 0.000000
0.000000 0.000000
0.000000 0.000000
0.000000 0.000000
0.000000 0.000000
0.000000 0.000000
0.000000 0.000000
0.000000 0.000000
0.000000 0.000000
0.000000 0.000000
0.000000 0.000000
0.000000 0.000000
0.000000 0.000000
0.000000 0.000000
0.000000 0.000000
0.000000 0.000000
0.000000 0.000000
0.000000 0.000000
0.000000 0.000000
0.000000 0.000000
0.000000 0.000000
0.000000 0.000000
0.000000 0.000000
0.000000 0.000000
0.000000 0.000000
0.000000 0.000000
0.000000 0.000000
0.000000 0.000000
0.000000 0.000000
0.000000 0.000000
0.000000 0.000000
39.979640 116.302001
39.979532 116.302008
39.979426 116.302015
39.979392 116.302018
39.979375 116.302019
39.979387 116.302018
39.979374 116.302019
39.979359 116.302020
39.979328 116.302022
39.979206 116.302030
39.979044 116.301908
39.978890 116.302058
39.978704 116.301397
39.978603 116.301406
39.978410 116.301423
39.978252 116.301437
39.978058 116.301454
39.977927 116.301466
39.977802 116.301177
39.977671 116.301071
39.977581 116.301064
39.977458 116.301008
39.977364 116.301017
39.977249 116.301027
39.977191 116.301033
39.977115 116.301070
39.977064 116.301095
39.976994 116.300898
39.976816 116.301481
39.976815 116.301480
39.976794 116.301480
39.976864 116.301481
39.977414 116.301488
39.978007 116.302155
39.978485 116.302103
39.983058 116.304390
39.983079 116.304477
39.983076 116.304465
39.983096 116.304550
39.983096 116.304550
39.983096 116.304550
39.983096 116.304550
39.983096 116.304550
39.983096 116.304550
39.983096 116.304550
39.983096 116.304550
39.983096 116.304550
39.983096 116.304550
39.983096 116.304550
39.983096 116.304550
39.983096 116.304550
0.000000 0.000000
39.983541 116.305650
39.983966 116.305130
39.983964 116.305373
39.983697 116.305633
39.983723 116.305629
39.983810 116.305618
39.983773 116.305623
39.983804 116.305619
39.983880 116.305731
39.983888 116.305731
39.983825 116.305736
39.983710 116.305747
39.983526 116.305764
39.983550 116.305762
39.983581 116.305759
39.983630 116.305754
39.983668 116.305751
39.983663 116.305751
39.983663 116.305751
39.983646 116.305753
39.983963 116.305599
39.983643 116.305753
39.983656 116.305752
39.983679 116.305750
39.983784 116.306715
39.983690 116.305749
39.983804 116.306710
39.983842 116.306698
39.983856 116.306694
39.983889 116.306685
39.983906 116.306680
39.983820 116.306705
39.983586 116.306773
39.983515 116.306793
39.983435 116.306817
39.983339 116.306844
39.983312 116.306852
39.983357 116.306839
39.983406 116.306825
0.000000 0.000000
39.983405 116.306825
39.983428 116.306819
39.983423 116.306820
39.983413 116.306823
39.983472 116.306806
39.983519 116.306792
39.983595 116.306770
39.983639 116.306758
39.983479 116.306804
39.983553 116.306782
39.983712 116.306736
39.983835 116.306701
39.983827 116.306703
39.983641 116.306757
0.000000 0.000000
39.983531 116.308091
39.983495 116.308090
39.983470 116.308090
39.983402 116.308089
39.983304 116.308088
39.983251 116.308088
39.983231 116.308087
39.983195 116.308087
39.983205 116.308087
39.983222 116.308220
39.983227 116.308220
39.983213 116.308220
39.983233 116.308220
39.983208 116.308220
39.983192 116.308220
39.983155 116.308086
39.983152 116.308086
39.983158 116.308086
39.983140 116.308086
39.983113 116.308086
39.983106 116.308086
39.983077 116.308086
39.983085 116.308086
39.983081 116.308086
39.983058 116.308085
39.983009 116.308085
39.982890 116.308083
39.982811 116.308083
39.982490 116.307669
39.982689 116.308081
39.982487 116.307562
39.982485 116.307483
39.982481 116.307338
39.982479 116.307244
39.982478 116.307227
39.982478 116.307202
39.982477 116.307159
39.982476 116.307115
39.982474 116.307079
39.982372 116.307026
39.982311 116.306827
39.982207 116.306789
39.982101 116.306749
39.982043 116.306728
39.981987 116.306707
39.981960 116.306698
39.981952 116.306695
39.981943 116.306691
39.981938 116.306689
39.981902 116.306676
39.981847 116.306656
39.981745 116.306618
39.981655 116.306585
39.981595 116.306563
39.981574 116.306556
39.981491 116.306525
39.981420 116.306499
39.981298 116.306454
39.981088 116.306346
39.981087 116.306315
39.980852 116.305977
39.984574 116.396431
39.987237 116.399586
39.987237 116.402054
0.000000 0.000000
39.987301 116.406886
0.000000 0.000000
39.987317 116.411376
0.000000 0.000000
39.987515 116.416074
39.987481 116.418695
39.987542 116.421180
0.000000 0.000000
0.000000 0.000000
39.987856 116.428005
39.987875 116.430985
0.000000 0.000000
39.986890 116.435306
39.985656 116.437603
39.984874 116.439977
39.983853 116.441679
39.982970 116.443721
39.981669 116.445492
0.000000 0.000000
0.000000 0.000000
0.000000 0.000000
39.977264 116.452385
0.000000 0.000000
0.000000 0.000000
0.000000 0.000000
0.000000 0.000000
39.971358 116.461514
39.970178 116.462793
39.970149 116.463053
39.970117 116.463326
39.968916 116.464781
39.968121 116.466093
39.966911 116.467964
39.965768 116.469408
39.964861 116.471006
0.000000 0.000000
0.000000 0.000000
39.961802 116.476163
0.000000 0.000000
0.000000 0.000000
0.000000 0.000000
0.000000 0.000000
0.000000 0.000000
0.000000 0.000000
39.960379 116.478063
39.960263 116.478062
39.960126 116.478061
39.959992 116.478060
39.959789 116.478287
39.959783 116.478473
39.959777 116.478656
39.959772 116.478830
0.000000 0.000000
0.000000 0.000000
0.000000 0.000000
0.000000 0.000000
0.000000 0.000000
39.957397 116.480307
39.957180 116.480299
0.000000 0.000000
0.000000 0.000000
0.000000 0.000000
0.000000 0.000000
39.956519 116.480281
39.956419 116.480278
39.956312 116.480275
39.956206 116.480272
39.956104 116.480270
0.000000 0.000000
0.000000 0.000000
0.000000 0.000000
0.000000 0.000000
0.000000 0.000000
0.000000 0.000000
0.000000 0.000000
0.000000 0.000000
0.000000 0.000000
0.000000 0.000000
0.000000 0.000000
0.000000 0.000000
0.000000 0.000000
39.954807 116.476253
39.954789 116.476260
39.954773 116.476267
39.954752 116.476276
39.954726 116.476287
39.954709 116.476294
0.000000 0.000000
0.000000 0.000000
39.954216 116.474559
39.954025 116.474415
39.954195 116.474569
39.954095 116.474256
39.953922 116.473984
39.953893 116.473571
39.953883 116.473824
39.953829 116.473591
0.000000 0.000000
0.000000 0.000000
0.000000 0.000000
0.000000 0.000000
0.000000 0.000000
0.000000 0.000000
0.000000 0.000000
39.953165 116.471040
39.953138 116.471048
39.953110 116.471056
39.953085 116.471063
39.953070 116.471068
39.953065 116.471070
39.953056 116.471072
39.953052 116.471073
39.953052 116.471073
39.953057 116.471072
0.000000 0.000000
39.953057 116.471072
0.000000 0.000000
0.000000 0.000000
0.000000 0.000000
0.000000 0.000000
0.000000 0.000000
0.000000 0.000000
0.000000 0.000000
0.000000 0.000000
39.952391 116.468323
39.952333 116.468327
39.952230 116.468335
39.952139 116.468341
39.952053 116.468348
0.000000 0.000000
0.000000 0.000000
0.000000 0.000000
0.000000 0.000000
0.000000 0.000000
0.000000 0.000000
0.000000 0.000000
0.000000 0.000000
0.000000 0.000000
0.000000 0.000000
0.000000 0.000000
0.000000 0.000000
0.000000 0.000000
39.951006 116.464549
39.950940 116.464550
39.950841 116.464552
39.950716 116.464554
39.950642 116.464555
0.000000 0.000000
0.000000 0.000000
0.000000 0.000000
0.000000 0.000000
0.000000 0.000000
0.000000 0.000000
39.950196 116.462058
39.950138 116.462058
0.000000 0.000000
0.000000 0.000000
0.000000 0.000000
0.000000 0.000000
0.000000 0.000000
0.000000 0.000000
0.000000 0.000000
0.000000 0.000000
0.000000 0.000000
39.950256 116.462058
39.950226 116.462058
39.950169 116.462058
39.950116 116.462058
39.950091 116.462058
39.950075 116.462058
39.950033 116.462058
39.949990 116.462058
39.949943 116.462058
39.949895 116.462058
39.949801 116.462059
39.949698 116.462059
39.949617 116.462059
39.949486 116.462210
39.949461 116.462132
39.949329 116.462184
39.949328 116.462180
39.949200 116.462063
39.949163 116.462064
39.949343 116.462229
39.949356 116.462273
39.949371 116.462321
39.949393 116.462396
39.949290 116.462757
0.000000 0.000000
39.949290 116.462757
39.949212 116.462758
39.949111 116.462759
39.949019 116.462064
39.948968 116.462064
39.948947 116.462064
39.948849 116.462763
39.948668 116.462766
39.948518 116.462066
39.948378 116.462067
39.948162 116.462319
39.948158 116.462269
39.948058 116.462065
39.947903 116.462062
39.947758 116.462060
39.947616 116.462058
39.947525 116.462057
39.947480 116.462056
39.947343 116.462135
39.947284 116.462224
39.947213 116.462333
39.947055 116.462370
39.947108 116.462494
39.947108 116.462494
39.946744 116.462061
39.946307 116.462349
39.946307 116.462349
39.946331 116.462548
39.946163 116.462347
39.946060 116.462346
39.945961 116.462345
39.945830 116.462344
39.945732 116.462527
39.945564 116.462500
39.945488 116.462512
39.945488 116.462522
39.945564 116.462341
39.945165 116.462048
39.945019 116.462048
39.944886 116.462047
0.000000 0.000000
0.000000 0.000000
0.000000 0.000000
39.943884 116.462687
39.943884 116.462695
39.943884 116.462719
39.943884 116.462746
39.943884 116.462770
39.943883 116.462787
39.943883 116.462802
39.943883 116.462826
39.943883 116.462862
39.943883 116.462889
39.943883 116.462848
39.943883 116.462833
39.943883 116.462801
39.943884 116.462669
39.943884 116.462567
39.943885 116.462486
39.943885 116.462416
39.943885 116.462360
39.944117 116.462045
39.944134 116.462045
39.943885 116.462285
39.943885 116.462279
0.000000 0.000000
39.944119 116.462045
39.944097 116.462045
0.000000 0.000000
39.944092 116.462045
39.944059 116.462045
39.943885 116.462483
39.943884 116.462706
39.943883 116.462956
39.943882 116.463222
39.943835 116.463520
39.943881 116.463759
39.943879 116.463983
39.943878 116.464137
39.943377 116.464285
39.943377 116.464465
39.943876 116.464634
39.943875 116.464820
39.943874 116.464993
39.943873 116.465151
39.943878 116.465333
39.943877 116.465509
39.943876 116.465690
39.943877 116.465890
39.943877 116.466070
39.943878 116.466282
39.943885 116.466504
39.943894 116.466717
39.943903 116.466927
39.943930 116.467155
39.943980 116.467367
39.944021 116.467537
39.944041 116.467620
39.944049 116.467655
39.944050 116.467660
39.944055 116.467679
39.944075 116.467763
39.944098 116.467861
39.944117 116.467938
39.944121 116.467957
39.944109 116.467908
0.000000 0.000000
0.000000 0.000000
0.000000 0.000000
0.000000 0.000000
39.941823 116.468677
0.000000 0.000000
39.940786 116.468533
0.000000 0.000000
0.000000 0.000000
0.000000 0.000000
0.000000 0.000000
0.000000 0.000000
0.000000 0.000000
0.000000 0.000000
0.000000 0.000000
0.000000 0.000000
0.000000 0.000000
0.000000 0.000000
0.000000 0.000000
0.000000 0.000000
0.000000 0.000000
0.000000 0.000000
0.000000 0.000000
0.000000 0.000000
0.000000 0.000000
0.000000 0.000000
0.000000 0.000000
0.000000 0.000000
0.000000 0.000000
0.000000 0.000000
0.000000 0.000000
0.000000 0.000000
0.000000 0.000000
0.000000 0.000000
0.000000 0.000000
0.000000 0.000000
0.000000 0.000000
0.000000 0.000000
39.934888 116.467156
39.934888 116.467156
39.934657 116.467148
39.933856 116.466602
39.933810 116.466582
39.933810 116.466536
39.933646 116.466517
39.933646 116.466520
39.933646 116.466540
39.933411 116.467078
39.933646 116.466484
39.933646 116.466294
39.933181 116.465727
39.933156 116.465727
39.933086 116.465726
39.932942 116.465726
39.932848 116.465725
0.000000 0.000000
39.932750 116.465725
39.932725 116.465724
39.932689 116.465724
39.932662 116.465724
39.932653 116.465724
39.932657 116.465724
0.000000 0.000000
0.000000 0.000000
39.932651 116.464039
39.932641 116.464039
39.932650 116.464039
39.932664 116.464040
39.932680 116.464041
0.000000 0.000000
0.000000 0.000000
0.000000 0.000000
0.000000 0.000000
39.932742 116.462004
39.932902 116.462006
39.932902 116.462006
39.932762 116.462004
39.932760 116.461803
39.932760 116.461616
39.932757 116.461444
39.932837 116.461396
39.932900 116.461288
39.932951 116.461201
39.933018 116.461087
39.933129 116.460897
39.932678 116.459812
39.932678 116.459812
39.932678 116.459812
39.932757 116.459653
39.932704 116.459660
39.932704 116.459660
0.000000 0.000000
0.000000 0.000000
0.000000 0.000000
0.000000 0.000000
39.932792 116.457943
39.932538 116.457794
39.932811 116.457942
39.932807 116.457800
39.932801 116.457800
39.932798 116.457799
39.932540 116.457594
39.932541 116.457529
39.932542 116.457430
39.932543 116.457314
39.932544 116.457202
39.932544 116.457155
39.932545 116.457098
39.932545 116.457058
39.932545 116.457101
39.932545 116.457118
39.932544 116.457132
39.932544 116.457173
39.932544 116.457195
0.000000 0.000000
39.932544 116.457203
39.932544 116.457198
39.932544 116.457186
39.932545 116.457120
39.932545 116.457067
39.932725 116.456653
39.932740 116.456653
0.000000 0.000000
39.932748 116.456653
39.932738 116.456653
39.932545 116.457075
39.932792 116.456652
39.932825 116.456651
39.932783 116.456652
39.932711 116.456654
39.932545 116.457059
39.932547 116.456893
39.932698 116.456654
39.932925 116.456649
39.933081 116.456646
39.933265 116.456726
39.933339 116.456641
39.933426 116.456639
39.933493 116.456638
39.933541 116.456637
39.933578 116.456636
39.933652 116.456595
39.933607 116.456636
39.933555 116.456637
39.933521 116.456637
39.933511 116.456638
39.933488 116.456638
39.933442 116.456639
39.933352 116.456640
39.933259 116.456553
39.933059 116.456646
39.933034 116.456647
39.933054 116.456646
39.933150 116.456644
39.933265 116.456629
39.933264 116.456620
39.933264 116.456617
0.000000 0.000000
39.933264 116.456620
39.933266 116.456640
39.933292 116.456642
39.933331 116.456641
39.933421 116.456639
39.933524 116.456637
39.933654 116.456360
39.933803 116.456263
39.933987 116.456380
39.934187 116.456382
39.934405 116.455451
39.934211 116.455450
39.933805 116.456024
39.933804 116.456106
39.933655 116.456245
39.933654 116.456328
39.933394 116.456640
39.933253 116.456462
39.933181 116.456644
39.933114 116.456645
39.933264 116.456777
39.933264 116.456815
39.933264 116.456823
39.933264 116.456814
39.933264 116.456792
0.000000 0.000000
39.933264 116.456791
39.933119 116.456645
39.933062 116.456646
39.933026 116.456647
39.933014 116.456647
39.932984 116.456648
39.932963 116.456648
39.932953 116.456649
39.932975 116.456648
39.932984 116.456648
39.933030 116.456647
39.933262 116.456956
39.933260 116.457076
39.933259 116.457176
39.933258 116.457241
39.933257 116.457266
39.933257 116.457270
39.933258 116.457250
39.933800 116.457092
39.933258 116.457214
39.933657 116.457193
39.933657 116.457172
39.933656 116.457161
39.933800 116.457180
39.933932 116.457092
39.934028 116.457092
39.934037 116.457092
39.933923 116.457092
39.933800 116.457092
39.933656 116.457091
39.933466 116.456638
39.933263 116.456864
39.933264 116.456793
39.933139 116.456645
39.933105 116.456645
39.933155 116.456644
39.933108 116.456645
39.933234 116.456203
39.933054 116.455932
39.932967 116.455909
39.932882 116.455887
39.932800 116.455865
39.932712 116.455842
39.932566 116.455674
39.932467 116.455444
39.932337 116.455444
39.932183 116.455443
39.932053 116.455443
39.931895 116.455443
39.931601 116.455442
39.931562 116.455442
39.931552 116.455442
39.931578 116.455442
39.931630 116.455442
39.931675 116.455442
39.931750 116.455443
39.931842 116.455443
39.931961 116.456562
39.932232 116.456406
39.932345 116.456341
39.932430 116.456292
39.932553 116.456394
39.932718 116.456653
39.932819 116.456651
39.932909 116.456649
39.932965 116.456648
39.933037 116.456647
39.933078 116.456646
39.933105 116.456645
39.933123 116.456645
39.933087 116.456646
39.933109 116.456645
39.933153 116.456644
39.933167 116.456644
39.933188 116.456644
39.933257 116.456515
39.933367 116.456640
39.933412 116.456639
39.933442 116.456639
39.933654 116.456407
39.933653 116.456455
39.933652 116.456574
39.933515 116.456637
39.933387 116.456640
39.933263 116.456853
39.933262 116.456931
39.933261 116.457014
39.933261 116.457023
39.933261 116.456992
39.933453 116.456639
39.933262 116.456914
39.933409 116.456639
39.933443 116.456639
39.933477 116.456638
39.933515 116.456637
39.933654 116.456895
39.933654 116.456877
39.933654 116.456836
39.933654 116.456814
39.933801 116.456813
39.933970 116.457092
39.934010 116.457092
39.934062 116.457092
39.934035 116.457092
39.934000 116.457092
39.933925 116.457092
39.933801 116.456861
39.933801 116.456871
39.933801 116.456889
39.933920 116.457092
39.934005 116.457092
39.934083 116.457092
39.934147 116.457092
39.934150 116.457092
39.934130 116.457092
39.934107 116.457092
39.934062 116.457092
39.933978 116.457092
39.933935 116.457092
39.933852 116.457092
39.933800 116.457092
39.933656 116.457100
39.933656 116.457100
39.933432 116.456639
39.933260 116.457093
39.933260 116.457084
39.933260 116.457066
39.933062 116.456646
39.932989 116.456648
39.932944 116.456649
39.932871 116.456650
39.932817 116.456651
39.932796 116.456652
39.932792 116.456652
0.000000 0.000000
39.932796 116.456652
39.932546 116.456973
39.932546 116.456935
39.932854 116.456651
39.932885 116.456650
39.932922 116.456649
39.932940 116.456649
39.933006 116.456647
39.933082 116.456646
39.933261 116.457014
39.933261 116.456993
39.933261 116.456974
39.933074 116.456646
0.000000 0.000000
39.933081 116.456646
39.933261 116.456992
0.000000 0.000000
39.933261 116.456996
39.933262 116.456967
39.933261 116.456980
0.000000 0.000000
39.933124 116.456645
39.933261 116.456994
39.933261 116.456986
39.933261 116.456991
0.000000 0.000000
0.000000 0.000000
39.933261 116.456989
39.933260 116.457053
39.933260 116.457091
39.933261 116.457033
39.933260 116.457054
39.933261 116.457031
39.933261 116.456989
39.933262 116.456944
39.933262 116.456904
39.933262 116.456951
39.933261 116.456984
39.933261 116.457017
39.933261 116.457039
39.933259 116.457143
39.933258 116.457249
39.933256 116.457363
39.933255 116.457478
39.933253 116.457563
39.933251 116.457700
39.933423 116.457918
39.933662 116.458335
39.933662 116.458745
39.933797 116.459162
39.933873 116.459654
39.934673 116.462023
0.000000 0.000000
39.935193 116.465172
39.935068 116.459028
39.935076 116.458748
0.000000 0.000000
0.000000 0.000000
0.000000 0.000000
39.933797 116.457975
39.933797 116.457811
39.933798 116.457666
39.933798 116.457518
39.933799 116.457352
39.933799 116.457386
0.000000 0.000000
39.933799 116.457377
39.933799 116.457339
39.933799 116.457256
39.933887 116.457092
39.933800 116.456983
39.933801 116.456897
39.933800 116.456923
39.933800 116.456920
39.933800 116.456920
39.933800 116.456924
39.933799 116.457287
39.933799 116.457302
39.933799 116.457318
39.933799 116.457340
39.933799 116.457359
39.933799 116.457378
39.933945 116.457092
39.933967 116.457092
39.933978 116.457092
0.000000 0.000000
39.933799 116.457419
39.933968 116.457092
0.000000 0.000000
39.933799 116.457419
39.933983 116.457092
39.933997 116.457092
39.934005 116.457092
39.933799 116.457437
39.933799 116.457439
0.000000 0.000000
39.934000 116.457092
39.933973 116.457092
39.933945 116.457092
39.933960 116.457092
39.933950 116.457092
39.933799 116.457417
39.933947 116.457092
39.933955 116.457092
0.000000 0.000000
39.933799 116.457426
39.933799 116.457419
39.933799 116.457384
39.933799 116.457325
39.933657 116.457250
39.933657 116.457182
39.933800 116.457092
39.933260 116.457079
39.933261 116.457041
39.933261 116.457007
39.933261 116.456980
39.933262 116.456959
39.933110 116.456645
39.932855 116.456651
39.932801 116.456652
39.932729 116.456653
39.932545 116.457065
39.932545 116.457105
39.932544 116.457133
39.932546 116.456987
39.932548 116.456806
39.932493 116.456664
39.932553 116.456391
39.932557 116.456184
39.932559 116.456038
39.932562 116.455905
39.932564 116.455824
39.932564 116.455768
39.932678 116.455833
39.932814 116.455869
39.932977 116.455912
39.933190 116.455444
39.933370 116.455444
39.933553 116.455444
39.933808 116.455691
39.933932 116.455449
39.934127 116.455450
39.934329 116.455451
39.934537 116.455452
39.934754 116.455454
39.934972 116.455455
39.935194 116.455456
39.935431 116.455457
39.935671 116.455459
39.935927 116.455461
39.937198 116.455471
39.937451 116.455465
39.937699 116.455459
39.938001 116.455763
39.938164 116.455451
39.938376 116.455451
39.938558 116.455450
39.938693 116.455450
39.938806 116.455449
39.938911 116.455449
39.938996 116.455449
39.939053 116.455449
39.939083 116.455448
39.939222 116.455818
39.939222 116.455824
39.939222 116.455827
39.939407 116.455449
39.939542 116.455449
39.939702 116.455450
39.939887 116.455451
39.940097 116.455452
39.940321 116.455452
39.940521 116.455453
39.940717 116.455454
39.940937 116.455455
39.941219 116.455799
39.941445 116.455459
39.942869 116.455456
39.944315 116.455467
39.945520 116.455470
39.945611 116.455471
39.945679 116.455471
39.945709 116.455472
39.945579 116.455471
39.945431 116.455470
39.945290 116.455469
39.945121 116.455468
39.944925 116.455467
39.944712 116.455467
39.944473 116.455467
39.944215 116.455467
39.942883 116.455456
39.942626 116.455453
39.941430 116.455459
39.941215 116.455319
39.941063 116.455455
39.940886 116.455455
39.940746 116.455454
39.940621 116.455454
39.940500 116.455453
39.940370 116.455453
39.940223 116.455452
39.940096 116.455452
39.939996 116.455451
39.939944 116.455451
0.000000 0.000000
0.000000 0.000000
0.000000 0.000000
0.000000 0.000000
0.000000 0.000000
0.000000 0.000000
0.000000 0.000000
0.000000 0.000000
0.000000 0.000000
0.000000 0.000000
0.000000 0.000000
0.000000 0.000000
39.940122 116.450615
39.940056 116.450572
39.939948 116.450527
39.939902 116.449606
39.939902 116.449590
39.939901 116.449554
39.939960 116.449474
39.939902 116.449376
39.939903 116.449216
39.939904 116.449039
39.939906 116.448844
39.939908 116.448625
39.939982 116.448425
39.940056 116.448149
39.940057 116.447872
39.940058 116.447582
39.939931 116.447326
39.940024 116.446943
39.940023 116.446701
39.940023 116.446701
0.000000 0.000000
0.000000 0.000000
0.000000 0.000000
0.000000 0.000000
0.000000 0.000000
39.939867 116.444600
39.939866 116.444600
39.939867 116.444600
39.939866 116.444600
39.939866 116.444600
39.939862 116.444600
0.000000 0.000000
39.939860 116.444601
39.939861 116.444601
39.939860 116.444601
39.939857 116.444601
39.939856 116.444601
39.939856 116.444601
0.000000 0.000000
39.939856 116.444601
39.939857 116.444601
39.939857 116.444601
39.939821 116.444602
39.939744 116.444604
39.939629 116.444608
39.939478 116.444612
39.939289 116.444618
39.938972 116.444546
39.938775 116.444472
39.938579 116.444397
39.938377 116.444321
39.938165 116.444241
39.937941 116.444156
39.937697 116.444089
39.937445 116.444033
39.937186 116.443976
39.935823 116.443821
39.935607 116.443821
39.935378 116.443821
39.935144 116.443819
39.934899 116.443818
39.934649 116.443816
39.934409 116.443814
39.934175 116.443812
39.933948 116.443811
39.933787 116.444240
39.933506 116.443847
39.933291 116.443844
39.933106 116.443842
39.932969 116.443841
39.932833 116.443839
39.932717 116.443838
39.932607 116.443837
39.932533 116.443836
39.932448 116.443835
39.932408 116.443835
39.932381 116.443835
39.932349 116.443834
39.932332 116.443834
39.932337 116.443729
39.932334 116.443685
39.932128 116.443463
39.932128 116.443305
39.932127 116.443157
39.932245 116.442880
39.932290 116.442829
39.932335 116.442778
39.932386 116.442721
39.932452 116.442648
39.932529 116.442562
39.932568 116.441838
39.932478 116.441701
39.932380 116.441552
39.932269 116.441301
39.932270 116.441013
39.932271 116.440716
39.932272 116.440421
39.932273 116.440130
39.932274 116.439838
39.932276 116.439728
39.932276 116.439728
39.932293 116.438633
39.932301 116.438632
39.932310 116.438631
39.932317 116.438631
39.932329 116.438629
39.932336 116.438628
39.932341 116.438628
39.932340 116.438628
39.932343 116.438628
39.932340 116.438628
0.000000 0.000000
0.000000 0.000000
0.000000 0.000000
0.000000 0.000000
0.000000 0.000000
0.000000 0.000000
0.000000 0.000000
0.000000 0.000000
0.000000 0.000000
39.930893 116.437490
39.930894 116.437499
39.930894 116.437505
39.930894 116.437494
39.930893 116.437468
39.930262 116.437100
39.930214 116.437150
39.930184 116.437430
39.930174 116.437475
39.930005 116.437367
39.929973 116.437400
39.929956 116.437418
0.000000 0.000000
39.929954 116.437420
39.929916 116.437459
39.929842 116.437536
39.929752 116.437630
39.929522 116.437526
39.929522 116.437532
39.929186 116.437127
39.929060 116.437169
39.928926 116.437214
39.928797 116.437257
39.928666 116.437300
39.928530 116.437346
39.928397 116.437376
39.928260 116.437402
39.928100 116.437431
39.927936 116.437462
39.927780 116.437491
39.927636 116.437358
39.927455 116.437528
39.927303 116.437533
39.927155 116.437538
39.926937 116.437367
39.926820 116.437552
39.926638 116.437562
39.926468 116.437571
39.926296 116.437580
39.926131 116.437589
39.925991 116.437597
39.925894 116.437602
39.925830 116.437606
39.925821 116.437606
39.925754 116.437610
39.925601 116.437511
39.925601 116.437445
39.925530 116.437448
39.925452 116.437380
39.925602 116.437164
39.925602 116.436969
39.925603 116.436756
39.925604 116.436565
39.925604 116.436465
39.925604 116.436389
39.925604 116.436289
39.925605 116.436185
39.925605 116.436085
39.925605 116.435969
39.925497 116.435799
39.925541 116.435732
39.925570 116.435686
39.925605 116.435577
39.925605 116.435530
39.925604 116.435503
0.000000 0.000000
39.925604 116.435503
39.925603 116.435373
39.925601 116.435232
39.925599 116.435072
39.925532 116.434882
39.925535 116.434882
39.925531 116.434700
39.925534 116.434700
39.925529 116.434700
39.925501 116.434516
39.925442 116.434519
39.925339 116.434524
39.925205 116.434530
39.925045 116.434538
39.924873 116.434547
39.924702 116.434555
39.924525 116.434564
39.924344 116.434573
39.924150 116.434502
39.923991 116.434416
39.923829 116.434425
39.923683 116.434433
39.923561 116.434439
39.923473 116.434444
39.923408 116.434447
39.923368 116.434449
39.923343 116.434450
0.000000 0.000000
39.923338 116.434451
39.923277 116.434454
39.923170 116.434460
39.923034 116.434467
39.922880 116.434475
39.922747 116.434651
39.922657 116.434827
39.922622 116.434877
39.922601 116.434876
0.000000 0.000000
39.922082 116.435780
39.922088 116.436067
39.922095 116.436362
39.922100 116.436652
39.922105 116.436943
39.922110 116.437225
39.922117 116.437503
39.922119 116.437534
39.922119 116.437534
0.000000 0.000000
0.000000 0.000000
0.000000 0.000000
0.000000 0.000000
0.000000 0.000000
0.000000 0.000000
0.000000 0.000000
0.000000 0.000000
0.000000 0.000000
0.000000 0.000000
0.000000 0.000000
0.000000 0.000000
0.000000 0.000000
0.000000 0.000000
0.000000 0.000000
0.000000 0.000000
0.000000 0.000000
0.000000 0.000000
0.000000 0.000000
39.920983 116.440037
39.920974 116.439997
39.920963 116.439944
39.920963 116.439944
39.920974 116.439995
39.920990 116.440069
39.921008 116.440157
39.920621 116.440601
39.920800 116.440599
39.920802 116.440601
39.920809 116.440808
39.920818 116.440940
39.920817 116.440940
39.920639 116.440819
39.920639 116.440819
39.920423 116.441370
39.920425 116.441475
39.920426 116.441559
39.920428 116.441632
39.920429 116.441700
39.920430 116.441748
0.000000 0.000000
0.000000 0.000000
0.000000 0.000000
0.000000 0.000000
0.000000 0.000000
0.000000 0.000000
0.000000 0.000000
0.000000 0.000000
0.000000 0.000000
0.000000 0.000000
39.920427 116.441624
39.920427 116.441606
39.920427 116.441587
39.920428 116.441629
39.920428 116.441669
39.920429 116.441697
39.920429 116.441719
39.920429 116.441723
39.920429 116.441717
39.920429 116.441712
0.000000 0.000000
39.920429 116.441712
39.920429 116.441717
39.920429 116.441694
39.920428 116.441628
39.920425 116.441507
39.920423 116.441385
39.920639 116.440819
39.920639 116.440819
39.920855 116.440938
39.920864 116.440937
39.920867 116.440805
39.920868 116.440805
39.920863 116.440600
39.920860 116.440600
39.920857 116.440599
39.920866 116.440599
39.920885 116.440599
39.920919 116.440598
39.921046 116.440337
39.921035 116.440286
39.921032 116.440274
0.000000 0.000000
39.921033 116.440275
39.921015 116.440190
39.920989 116.440065
39.920962 116.439936
39.920947 116.439866
39.920946 116.439860
39.920950 116.439880
39.920958 116.439916
39.920969 116.439970
0.000000 0.000000
0.000000 0.000000
0.000000 0.000000
0.000000 0.000000
0.000000 0.000000
0.000000 0.000000
0.000000 0.000000
0.000000 0.000000
0.000000 0.000000
0.000000 0.000000
0.000000 0.000000
39.922473 116.438971
39.922471 116.438845
39.922470 116.438747
39.922469 116.438659
39.922468 116.438573
39.922467 116.438497
39.922466 116.438420
39.922465 116.438320
39.922464 116.438204
39.922462 116.438091
39.922461 116.437987
39.922460 116.437885
39.922297 116.437717
39.922272 116.437692
39.922275 116.437694
39.922279 116.437699
39.922296 116.437716
39.922305 116.437725
39.922460 116.437885
0.000000 0.000000
39.922296 116.437717
39.922309 116.437730
39.922315 116.437736
0.000000 0.000000
39.922313 116.437734
39.922272 116.437691
39.922236 116.437655
39.922113 116.437400
39.922110 116.437261
39.922108 116.437093
39.922105 116.436918
39.922102 116.436742
39.922099 116.436576
39.922096 116.436429
0.000000 0.000000
0.000000 0.000000
0.000000 0.000000
0.000000 0.000000
0.000000 0.000000
0.000000 0.000000
0.000000 0.000000
0.000000 0.000000
0.000000 0.000000
0.000000 0.000000
39.922680 116.434826
39.922723 116.434882
39.922739 116.434882
39.922754 116.434883
39.922774 116.434650
39.922794 116.434479
39.922818 116.434304
39.922861 116.434298
0.000000 0.000000
0.000000 0.000000
39.923162 116.432125
39.923505 116.431426
39.923503 116.431173
39.923163 116.430948
39.923499 116.430733
39.923496 116.430505
39.923177 116.430069
39.923177 116.430069
39.923014 116.429894
39.923205 116.429502
39.923201 116.429502
39.922982 116.429223
39.923464 116.429025
39.923458 116.428884
39.923453 116.428767
39.923450 116.428681
39.923449 116.428658
39.924343 116.428607
39.924343 116.428590
39.924343 116.428590
39.924495 116.428582
39.924495 116.428566
0.000000 0.000000
39.925357 116.428150
39.925357 116.428150
39.925496 116.428143
39.925685 116.428134
39.925861 116.428125
39.926024 116.428117
39.926187 116.428109
39.926347 116.428101
39.926505 116.428093
39.926668 116.428085
39.926835 116.428077
39.926995 116.428069
39.927156 116.428061
39.927309 116.428053
39.927577 116.428249
39.927577 116.428229
39.927574 116.428040
0.000000 0.000000
0.000000 0.000000
0.000000 0.000000
0.000000 0.000000
39.929287 116.428137
39.929287 116.428132
39.930653 116.427767
39.932075 116.427665
39.933601 116.427915
39.935025 116.427245
39.936470 116.427193
0.000000 0.000000
39.940039 116.427500
39.941608 116.427319
39.942581 116.427319
39.944749 116.427516
0.000000 0.000000
39.947231 116.427036
39.948151 116.425585
39.948241 116.423914
39.948270 116.421688
39.948110 116.420001
0.000000 0.000000
39.948394 116.415996
39.948413 116.413866
39.948031 116.411648
39.948035 116.409894
39.947652 116.407985
39.947564 116.406119
39.947677 116.404221
39.947502 116.402269
0.000000 0.000000
39.947475 116.398002
39.947633 116.395953
39.947392 116.393528
39.947594 116.391084
39.947166 116.389038
0.000000 0.000000
39.947554 116.385071
39.947893 116.382815
39.947904 116.380821
39.947267 116.378198
39.947775 116.376142
39.947596 116.373736
39.947926 116.371124
39.947470 116.369263
39.947357 116.367275
0.000000 0.000000
0.000000 0.000000
39.946290 116.361864
39.945073 116.359970
39.944882 116.358631
39.944898 116.358443
39.944915 116.358229
39.944932 116.358023
39.944948 116.357826
39.944962 116.357653
39.944242 116.357708
39.944185 116.357570
39.944997 116.357220
39.944582 116.356489
39.944538 116.356485
39.944473 116.356479
39.944398 116.356472
39.944333 116.356220
39.944271 116.355935
39.944197 116.355658
39.944200 116.355386
39.944203 116.355103
39.943996 116.354807
39.943918 116.354540
39.943753 116.354730
0.000000 0.000000
0.000000 0.000000
0.000000 0.000000
0.000000 0.000000
0.000000 0.000000
0.000000 0.000000
0.000000 0.000000
0.000000 0.000000
39.943273 116.351677
39.943219 116.351683
39.943168 116.351688
39.943113 116.351340
39.943125 116.351334
0.000000 0.000000
0.000000 0.000000
39.943482 116.350211
39.943476 116.350189
39.943485 116.350222
39.944092 116.350060
39.944092 116.350060
39.944139 116.350100
39.945620 116.349802
0.000000 0.000000
0.000000 0.000000
39.950344 116.349417
39.952550 116.349358
39.953848 116.348509
0.000000 0.000000
0.000000 0.000000
0.000000 0.000000
0.000000 0.000000
0.000000 0.000000
39.964174 116.348307
39.965983 116.348541
39.967014 116.348477
39.967143 116.348469
39.967185 116.348467
39.967221 116.348464
39.967454 116.348723
39.967455 116.348898
39.967457 116.349088
39.967459 116.349295
0.000000 0.000000
39.967003 116.350109
39.967003 116.350109
39.967003 116.350109
0.000000 0.000000
0.000000 0.000000
0.000000 0.000000
0.000000 0.000000
39.966491 116.348510
39.966492 116.348509
39.966499 116.348509
39.966466 116.347794
0.000000 0.000000
0.000000 0.000000
39.966404 116.341612
39.966361 116.338953
0.000000 0.000000
39.966329 116.334195
39.966283 116.331516
39.966583 116.329372
0.000000 0.000000
39.965730 116.324525
39.966317 116.322649
39.966130 116.321054
39.966074 116.320788
39.966025 116.320557
39.965980 116.320341
39.965935 116.320131
39.966259 116.319751
39.966192 116.319569
39.966142 116.319434
39.966124 116.319386
39.966127 116.319393
39.966150 116.319457
39.966557 116.319284
39.966584 116.319358
39.966612 116.319437
39.966641 116.319516
39.966674 116.319608
39.967539 116.319270
39.967550 116.319327
39.967562 116.319383
39.967575 116.319445
0.000000 0.000000
39.968475 116.319300
39.968482 116.319342
39.968896 116.318843
39.970198 116.319817
39.970429 116.319725
39.970640 116.319640
39.970797 116.319578
39.970901 116.319536
39.971062 116.319138
39.971062 116.319138
39.971062 116.319138
39.971062 116.319138
39.971102 116.319125
39.971164 116.319105
39.971285 116.319209
39.971292 116.319236
39.971464 116.319313
39.971585 116.319266
39.971722 116.319213
39.971866 116.319158
39.972020 116.319098
39.972232 116.319236
39.972394 116.319170
39.972574 116.319148
39.972709 116.319040
39.972866 116.318973
39.973017 116.318907
39.973174 116.318840
39.973331 116.318773
39.973486 116.318706
39.973637 116.318641
39.973773 116.318582
39.973871 116.318540
39.973941 116.318510
0.000000 0.000000
0.000000 0.000000
0.000000 0.000000
39.974568 116.319480
39.974627 116.319416
39.974734 116.318871
39.974734 116.318871
39.974714 116.319012
39.974714 116.319015
39.974715 116.319019
0.000000 0.000000
39.974715 116.319021
39.974761 116.319027
39.974854 116.318830
39.974940 116.318800
39.975021 116.318772
39.975080 116.318752
39.975128 116.318388
39.975036 116.318159
39.974999 116.317842
39.975071 116.317812
39.975134 116.317786
0.000000 0.000000
0.000000 0.000000
0.000000 0.000000
0.000000 0.000000
0.000000 0.000000
0.000000 0.000000
0.000000 0.000000
0.000000 0.000000
0.000000 0.000000
0.000000 0.000000
0.000000 0.000000
0.000000 0.000000
0.000000 0.000000
0.000000 0.000000
0.000000 0.000000
0.000000 0.000000
0.000000 0.000000
0.000000 0.000000
0.000000 0.000000
0.000000 0.000000
0.000000 0.000000
0.000000 0.000000
0.000000 0.000000
0.000000 0.000000
0.000000 0.000000
0.000000 0.000000
0.000000 0.000000
0.000000 0.000000
0.000000 0.000000
0.000000 0.000000
0.000000 0.000000
0.000000 0.000000
0.000000 0.000000
0.000000 0.000000
0.000000 0.000000
0.000000 0.000000
0.000000 0.000000
0.000000 0.000000
0.000000 0.000000
0.000000 0.000000
0.000000 0.000000
0.000000 0.000000
0.000000 0.000000
0.000000 0.000000
0.000000 0.000000
0.000000 0.000000
0.000000 0.000000
0.000000 0.000000
0.000000 0.000000
0.000000 0.000000
0.000000 0.000000
0.000000 0.000000
0.000000 0.000000
0.000000 0.000000
0.000000 0.000000
0.000000 0.000000
0.000000 0.000000
0.000000 0.000000
0.000000 0.000000
0.000000 0.000000
0.000000 0.000000
0.000000 0.000000
0.000000 0.000000
0.000000 0.000000
0.000000 0.000000
0.000000 0.000000
0.000000 0.000000
0.000000 0.000000
39.975751 116.313857
39.975751 116.313873
39.975753 116.313924
39.975753 116.313930
39.975753 116.313919
39.975753 116.313907
39.975751 116.313866
39.975748 116.313779
39.975745 116.313688
39.975740 116.313566
39.975737 116.313460
39.975733 116.313360
39.975729 116.313250
39.975725 116.313141
39.975722 116.313042
39.975719 116.312965
39.975717 116.312889
39.975714 116.312829
39.975713 116.312781
39.975710 116.312699
39.975706 116.312595
39.975701 116.312460
39.975697 116.312325
39.975694 116.312215
39.975691 116.312122
39.975688 116.312012
39.975683 116.311848
39.975679 116.311696
39.975675 116.311544
39.975670 116.311395
39.975665 116.311221
39.975663 116.311154
39.975661 116.311061
39.975749 116.310984
39.976068 116.311216
39.976278 116.311199
39.976502 116.311181
39.976722 116.311163
39.976921 116.311147
39.977112 116.310803
39.977286 116.311118
39.977425 116.311106
39.977512 116.311099
39.977629 116.311090
39.977822 116.310812
39.977822 116.310800
39.978091 116.311054
39.978271 116.311040
39.978449 116.311027
39.978634 116.311013
39.978872 116.310688
39.978963 116.310681
39.979150 116.310985
39.979283 116.310977
39.979379 116.310972
39.979474 116.310967
39.979551 116.310962
39.979608 116.310959
39.979642 116.311098
39.979928 116.312309
39.979786 116.312378
39.979698 116.312420
39.979636 116.312451
39.979588 116.312474
39.979541 116.312497
39.979504 116.312515
39.979473 116.312530
0.000000 0.000000
0.000000 0.000000
0.000000 0.000000
0.000000 0.000000
0.000000 0.000000
0.000000 0.000000
0.000000 0.000000
0.000000 0.000000
0.000000 0.000000
0.000000 0.000000
0.000000 0.000000
0.000000 0.000000
0.000000 0.000000
0.000000 0.000000
0.000000 0.000000
0.000000 0.000000
0.000000 0.000000
0.000000 0.000000
0.000000 0.000000
0.000000 0.000000
0.000000 0.000000
0.000000 0.000000
0.000000 0.000000
0.000000 0.000000
0.000000 0.000000
0.000000 0.000000
0.000000 0.000000
0.000000 0.000000
0.000000 0.000000
0.000000 0.000000
0.000000 0.000000
0.000000 0.000000
0.000000 0.000000
0.000000 0.000000
0.000000 0.000000
0.000000 0.000000
0.000000 0.000000
0.000000 0.000000
0.000000 0.000000
0.000000 0.000000
0.000000 0.000000
0.000000 0.000000
0.000000 0.000000
0.000000 0.000000
0.000000 0.000000
0.000000 0.000000
0.000000 0.000000
0.000000 0.000000
0.000000 0.000000
0.000000 0.000000
0.000000 0.000000
0.000000 0.000000
0.000000 0.000000
0.000000 0.000000
0.000000 0.000000
0.000000 0.000000
0.000000 0.000000
0.000000 0.000000
39.979448 116.312542
39.979461 116.312536
39.979468 116.312532
39.979478 116.312527
39.979492 116.312520
39.979495 116.312519
39.979519 116.312508
39.979542 116.312496
39.979569 116.312483
39.979598 116.312469
39.979631 116.312453
39.979309 116.311909
39.979309 116.311909
39.979416 116.311308
39.979428 116.311292
39.979478 116.311222
39.979504 116.311106
39.979505 116.310965
39.979502 116.310965
39.979563 116.311104
39.979563 116.311104
39.979509 116.310965
0.000000 0.000000
0.000000 0.000000
39.979467 116.309636
39.979464 116.309636
39.979024 116.309862
39.979458 116.309636
39.979457 116.309637
39.979050 116.309433
39.979058 116.309254
39.979066 116.309071
39.979519 116.308397
39.979568 116.308394
39.979624 116.308391
39.979684 116.308387
39.979736 116.308247
39.979779 116.308244
39.979810 116.308242
39.979837 116.308241
39.979873 116.308239
39.980187 116.308220
39.980187 116.308220
39.980400 116.307268
39.980341 116.306997
39.980326 116.306930
