39.859679 116.257318
39.859164 116.256971
39.859093 116.257017
39.859153 116.256978
39.859142 116.256985
39.859082 116.257024
39.859150 116.256980
39.859074 116.257030
0.000000 0.000000
0.000000 0.000000
0.000000 0.000000
0.000000 0.000000
0.000000 0.000000
0.000000 0.000000
0.000000 0.000000
0.000000 0.000000
39.859909 116.258312
39.859930 116.258404
39.859952 116.258499
39.859978 116.258609
39.860002 116.258714
39.860023 116.258802
39.860061 116.258970
39.860083 116.259062
39.860085 116.259070
39.860085 116.259072
39.860083 116.259064
39.860084 116.259065
39.860313 116.259289
39.860354 116.259025
39.860470 116.259008
39.860502 116.259258
39.860502 116.259258
39.860741 116.259335
39.861213 116.258679
39.861239 116.258738
39.861263 116.258791
39.861505 116.259272
0.000000 0.000000
39.863319 116.258923
39.863319 116.258923
39.863319 116.258923
39.863353 116.258997
39.863415 116.259129
39.863480 116.259270
39.863543 116.259404
39.863600 116.259526
39.863648 116.259630
39.863528 116.259885
39.863534 116.259881
39.863799 116.259974
39.863838 116.260067
39.863880 116.260166
39.863925 116.260271
39.863973 116.260386
39.864024 116.260505
39.863955 116.260788
39.864212 116.260953
39.864262 116.261077
39.864314 116.261204
39.864371 116.261348
39.864402 116.261423
39.864430 116.261494
39.864462 116.261572
39.864496 116.261657
39.864644 116.261926
39.864647 116.262032
39.864647 116.262032
39.864047 116.262501
39.864047 116.262501
39.864047 116.262501
39.864047 116.262501
39.864047 116.262501
39.864047 116.262501
39.864042 116.262503
0.000000 0.000000
0.000000 0.000000
39.863768 116.263745
39.863820 116.263852
39.863872 116.263957
39.863919 116.264051
39.863957 116.264128
39.863996 116.264207
39.864037 116.264291
39.864078 116.264373
39.864126 116.264445
39.864115 116.264519
39.864124 116.264659
39.864157 116.264725
39.864195 116.264801
39.864232 116.264873
39.864269 116.264945
39.864307 116.265019
39.864342 116.265089
39.864377 116.265158
39.864412 116.265226
0.000000 0.000000
0.000000 0.000000
0.000000 0.000000
0.000000 0.000000
0.000000 0.000000
0.000000 0.000000
0.000000 0.000000
0.000000 0.000000
0.000000 0.000000
0.000000 0.000000
0.000000 0.000000
0.000000 0.000000
0.000000 0.000000
0.000000 0.000000
0.000000 0.000000
0.000000 0.000000
0.000000 0.000000
0.000000 0.000000
0.000000 0.000000
0.000000 0.000000
0.000000 0.000000
0.000000 0.000000
0.000000 0.000000
0.000000 0.000000
0.000000 0.000000
0.000000 0.000000
0.000000 0.000000
0.000000 0.000000
0.000000 0.000000
0.000000 0.000000
0.000000 0.000000
0.000000 0.000000
0.000000 0.000000
0.000000 0.000000
0.000000 0.000000
0.000000 0.000000
0.000000 0.000000
0.000000 0.000000
0.000000 0.000000
0.000000 0.000000
0.000000 0.000000
0.000000 0.000000
0.000000 0.000000
0.000000 0.000000
0.000000 0.000000
0.000000 0.000000
0.000000 0.000000
0.000000 0.000000
0.000000 0.000000
0.000000 0.000000
0.000000 0.000000
0.000000 0.000000
0.000000 0.000000
0.000000 0.000000
0.000000 0.000000
0.000000 0.000000
0.000000 0.000000
0.000000 0.000000
0.000000 0.000000
0.000000 0.000000
0.000000 0.000000
0.000000 0.000000
0.000000 0.000000
0.000000 0.000000
0.000000 0.000000
0.000000 0.000000
0.000000 0.000000
0.000000 0.000000
0.000000 0.000000
0.000000 0.000000
0.000000 0.000000
0.000000 0.000000
0.000000 0.000000
0.000000 0.000000
0.000000 0.000000
0.000000 0.000000
0.000000 0.000000
0.000000 0.000000
0.000000 0.000000
0.000000 0.000000
0.000000 0.000000
0.000000 0.000000
0.000000 0.000000
0.000000 0.000000
0.000000 0.000000
0.000000 0.000000
0.000000 0.000000
0.000000 0.000000
0.000000 0.000000
0.000000 0.000000
39.854286 116.276936
39.854286 116.276936
39.854286 116.276936
39.854217 116.276862
39.854124 116.276762
39.854029 116.276660
0.000000 0.000000
0.000000 0.000000
0.000000 0.000000
0.000000 0.000000
0.000000 0.000000
0.000000 0.000000
0.000000 0.000000
0.000000 0.000000
0.000000 0.000000
0.000000 0.000000
0.000000 0.000000
0.000000 0.000000
0.000000 0.000000
0.000000 0.000000
0.000000 0.000000
0.000000 0.000000
0.000000 0.000000
0.000000 0.000000
0.000000 0.000000
39.831051 116.282913
39.830900 116.282934
39.830767 116.282952
39.830641 116.283329
39.830595 116.283522
39.830511 116.283698
39.830347 116.283921
39.830229 116.283951
39.830079 116.284130
39.830124 116.284390
39.830149 116.284535
39.830175 116.284685
0.000000 0.000000
39.829285 116.285446
39.829285 116.285446
39.829285 116.285446
39.829285 116.285446
39.829458 116.286194
39.829341 116.286161
39.829254 116.286315
39.829263 116.286657
39.829169 116.286713
39.828890 116.287284
39.828956 116.287461
39.829021 116.287637
39.829088 116.287818
39.829153 116.287995
39.829216 116.288165
39.829280 116.288340
39.829156 116.288628
39.828939 116.288944
39.829171 116.289068
39.829148 116.289207
39.828982 116.289280
39.829182 116.289676
39.829177 116.290130
39.829204 116.290134
39.829228 116.290138
39.829248 116.290141
0.000000 0.000000
0.000000 0.000000
0.000000 0.000000
0.000000 0.000000
0.000000 0.000000
0.000000 0.000000
0.000000 0.000000
0.000000 0.000000
0.000000 0.000000
0.000000 0.000000
0.000000 0.000000
0.000000 0.000000
0.000000 0.000000
0.000000 0.000000
0.000000 0.000000
0.000000 0.000000
0.000000 0.000000
0.000000 0.000000
0.000000 0.000000
0.000000 0.000000
0.000000 0.000000
0.000000 0.000000
0.000000 0.000000
0.000000 0.000000
0.000000 0.000000
0.000000 0.000000
0.000000 0.000000
0.000000 0.000000
0.000000 0.000000
0.000000 0.000000
0.000000 0.000000
0.000000 0.000000
0.000000 0.000000
0.000000 0.000000
0.000000 0.000000
39.829048 116.321759
39.829051 116.321976
39.829077 116.322215
39.829104 116.322427
39.829132 116.322647
39.829160 116.322865
39.829189 116.323086
39.829217 116.323305
39.829244 116.323519
39.829271 116.323726
39.829297 116.323937
39.829325 116.324152
39.829333 116.324215
39.829333 116.324215
39.829260 116.324997
39.829175 116.325127
39.829090 116.325256
39.829008 116.325381
39.828927 116.325505
39.828845 116.325631
0.000000 0.000000
0.000000 0.000000
0.000000 0.000000
0.000000 0.000000
0.000000 0.000000
0.000000 0.000000
39.829140 116.327985
39.829174 116.327985
0.000000 0.000000
0.000000 0.000000
0.000000 0.000000
0.000000 0.000000
0.000000 0.000000
0.000000 0.000000
0.000000 0.000000
0.000000 0.000000
0.000000 0.000000
0.000000 0.000000
0.000000 0.000000
0.000000 0.000000
0.000000 0.000000
0.000000 0.000000
0.000000 0.000000
0.000000 0.000000
39.829336 116.334610
39.829354 116.334621
39.829424 116.334664
39.829488 116.334704
39.829554 116.334745
39.829614 116.334782
0.000000 0.000000
0.000000 0.000000
39.829063 116.336243
39.829097 116.336407
39.829137 116.336596
39.829183 116.336815
39.829483 116.336930
39.829531 116.336948
39.829196 116.337289
39.829205 116.337491
39.829213 116.337689
39.829221 116.337884
39.829229 116.338083
39.829238 116.338283
39.829241 116.338352
39.829202 116.338567
39.829168 116.338757
39.829133 116.338952
39.829098 116.339144
0.000000 0.000000
0.000000 0.000000
0.000000 0.000000
0.000000 0.000000
0.000000 0.000000
0.000000 0.000000
0.000000 0.000000
0.000000 0.000000
0.000000 0.000000
39.829724 116.344885
39.829650 116.345060
39.829579 116.345227
39.829594 116.345419
39.829594 116.345718
39.829598 116.345943
39.829600 116.345943
39.829901 116.346037
39.829973 116.346182
39.829744 116.347197
39.829697 116.347218
39.829651 116.347239
39.829601 116.347261
39.829423 116.347585
39.829485 116.347735
39.829546 116.347884
39.829607 116.348033
39.829669 116.348184
39.829730 116.348333
39.829793 116.348484
39.829855 116.348637
39.829918 116.348790
39.829595 116.349294
39.829621 116.349299
39.829619 116.349643
39.829544 116.349733
0.000000 0.000000
0.000000 0.000000
39.829979 116.350658
39.829979 116.350658
39.829979 116.350658
0.000000 0.000000
0.000000 0.000000
0.000000 0.000000
39.829545 116.352293
39.829569 116.352298
39.829596 116.352304
39.829614 116.352459
39.829585 116.352465
39.829556 116.352471
0.000000 0.000000
0.000000 0.000000
0.000000 0.000000
0.000000 0.000000
0.000000 0.000000
0.000000 0.000000
0.000000 0.000000
0.000000 0.000000
0.000000 0.000000
0.000000 0.000000
0.000000 0.000000
0.000000 0.000000
0.000000 0.000000
0.000000 0.000000
0.000000 0.000000
0.000000 0.000000
0.000000 0.000000
0.000000 0.000000
0.000000 0.000000
0.000000 0.000000
0.000000 0.000000
0.000000 0.000000
0.000000 0.000000
0.000000 0.000000
0.000000 0.000000
0.000000 0.000000
0.000000 0.000000
0.000000 0.000000
0.000000 0.000000
0.000000 0.000000
0.000000 0.000000
0.000000 0.000000
39.830382 116.377156
39.830389 116.377343
39.830394 116.377503
39.830400 116.377647
39.830405 116.377788
39.830410 116.377930
39.830416 116.378098
39.829823 116.379912
39.830531 116.381758
39.830097 116.382203
39.830120 116.382394
39.830422 116.394073
39.830459 116.394279
39.830494 116.394476
39.830529 116.394669
39.830561 116.394847
39.830698 116.395614
39.830736 116.395826
39.830770 116.396015
39.830605 116.399708
39.830605 116.399708
39.830605 116.399708
0.000000 0.000000
39.830709 116.400767
39.830690 116.400770
39.830677 116.400772
39.830666 116.400774
39.830649 116.400776
39.830671 116.401183
39.830667 116.401183
39.830678 116.401559
39.830684 116.401559
39.830687 116.401559
39.830687 116.401985
39.830705 116.401986
39.830722 116.401988
39.830731 116.401989
39.830740 116.401989
0.000000 0.000000
0.000000 0.000000
0.000000 0.000000
0.000000 0.000000
0.000000 0.000000
39.831017 116.403744
39.831017 116.403744
39.831017 116.403744
39.831017 116.403744
39.831017 116.403744
0.000000 0.000000
0.000000 0.000000
39.831125 116.404869
39.831067 116.405000
39.831007 116.405134
39.831001 116.405148
39.831001 116.405148
39.831001 116.405148
39.831001 116.405148
0.000000 0.000000
39.830756 116.406464
39.830762 116.406464
39.830768 116.406464
39.830772 116.406464
39.830773 116.406464
39.830774 116.406464
0.000000 0.000000
0.000000 0.000000
0.000000 0.000000
0.000000 0.000000
0.000000 0.000000
0.000000 0.000000
0.000000 0.000000
0.000000 0.000000
0.000000 0.000000
0.000000 0.000000
39.830874 116.409536
39.830803 116.409592
39.830724 116.409654
39.830645 116.409716
39.830549 116.409792
39.830591 116.410559
39.830637 116.410592
39.830692 116.410632
39.830762 116.410683
39.830762 116.410683
39.830663 116.411480
39.830712 116.411500
39.830759 116.411520
39.830806 116.411539
39.830852 116.411558
0.000000 0.000000
0.000000 0.000000
0.000000 0.000000
0.000000 0.000000
0.000000 0.000000
0.000000 0.000000
0.000000 0.000000
0.000000 0.000000
0.000000 0.000000
39.831006 116.414337
39.830920 116.414440
39.830837 116.414541
39.830759 116.414635
39.830686 116.414723
39.830608 116.414818
39.830530 116.414912
39.830978 116.415749
39.830978 116.415749
39.830977 116.415784
39.830689 116.416062
39.830694 116.416062
39.830972 116.416364
39.830972 116.416556
39.830972 116.416744
39.830971 116.416931
39.830971 116.417114
39.830973 116.417299
39.830972 116.417502
39.830970 116.417701
39.830738 116.417864
39.830970 116.418102
39.830708 116.418317
39.830967 116.418558
39.830668 116.418803
39.830960 116.419014
39.830957 116.419231
39.830559 116.419553
39.830642 116.419670
39.830725 116.419786
39.830945 116.420092
39.830945 116.420094
39.830945 116.420094
0.000000 0.000000
0.000000 0.000000
0.000000 0.000000
0.000000 0.000000
0.000000 0.000000
0.000000 0.000000
0.000000 0.000000
0.000000 0.000000
0.000000 0.000000
0.000000 0.000000
0.000000 0.000000
0.000000 0.000000
0.000000 0.000000
0.000000 0.000000
0.000000 0.000000
0.000000 0.000000
0.000000 0.000000
0.000000 0.000000
0.000000 0.000000
0.000000 0.000000
39.830717 116.425156
39.830718 116.425156
39.830720 116.425156
39.830725 116.425156
39.830732 116.425156
39.830735 116.425156
0.000000 0.000000
0.000000 0.000000
0.000000 0.000000
0.000000 0.000000
0.000000 0.000000
0.000000 0.000000
0.000000 0.000000
0.000000 0.000000
0.000000 0.000000
0.000000 0.000000
0.000000 0.000000
0.000000 0.000000
0.000000 0.000000
0.000000 0.000000
0.000000 0.000000
39.830873 116.429138
39.830814 116.429174
39.830753 116.429211
0.000000 0.000000
0.000000 0.000000
0.000000 0.000000
0.000000 0.000000
0.000000 0.000000
0.000000 0.000000
0.000000 0.000000
0.000000 0.000000
0.000000 0.000000
39.836733 116.465605
39.836722 116.465741
39.836711 116.465880
39.836700 116.466019
39.836691 116.466155
39.836683 116.466284
39.836674 116.466413
39.836666 116.466539
0.000000 0.000000
0.000000 0.000000
39.837672 116.467263
39.837654 116.467299
39.837633 116.467339
39.837615 116.467374
39.837594 116.467415
39.837737 116.467607
39.837714 116.467666
39.837634 116.468187
39.837722 116.468313
39.837810 116.468437
39.837898 116.468561
39.837988 116.468689
39.838010 116.468720
39.838010 116.468720
39.838381 116.469246
39.838393 116.469256
39.838632 116.469217
39.838698 116.469210
39.839314 116.473314
39.839333 116.473340
39.839345 116.473356
39.839170 116.473578
39.839179 116.473591
39.839059 116.473732
39.838887 116.473958
39.838905 116.473988
39.838912 116.474000
39.838916 116.474005
39.838923 116.474019
0.000000 0.000000
0.000000 0.000000
0.000000 0.000000
0.000000 0.000000
0.000000 0.000000
0.000000 0.000000
0.000000 0.000000
0.000000 0.000000
0.000000 0.000000
0.000000 0.000000
0.000000 0.000000
0.000000 0.000000
0.000000 0.000000
0.000000 0.000000
0.000000 0.000000
0.000000 0.000000
0.000000 0.000000
0.000000 0.000000
0.000000 0.000000
0.000000 0.000000
0.000000 0.000000
0.000000 0.000000
0.000000 0.000000
0.000000 0.000000
0.000000 0.000000
0.000000 0.000000
0.000000 0.000000
0.000000 0.000000
0.000000 0.000000
0.000000 0.000000
0.000000 0.000000
0.000000 0.000000
0.000000 0.000000
39.835711 116.477650
39.835711 116.477650
39.835711 116.477650
39.835711 116.477650
39.835634 116.477688
39.835536 116.477737
39.835430 116.477789
39.835380 116.478011
39.835397 116.478057
39.835101 116.478264
39.835121 116.478323
39.835016 116.478315
39.834940 116.478360
39.834863 116.478406
39.834788 116.478450
39.834705 116.478499
39.834624 116.478548
39.834620 116.478550
39.834620 116.478550
39.834101 116.479576
39.834101 116.479576
39.834101 116.479576
39.834101 116.479576
39.834101 116.479576
39.834101 116.479576
39.834101 116.479576
39.834101 116.479576
0.000000 0.000000
0.000000 0.000000
0.000000 0.000000
0.000000 0.000000
0.000000 0.000000
0.000000 0.000000
0.000000 0.000000
0.000000 0.000000
39.831355 116.482368
39.831064 116.483242
39.830946 116.483251
39.830834 116.483259
39.830730 116.483267
39.830632 116.483274
39.830388 116.483292
39.830276 116.483301
39.830173 116.483308
39.830066 116.483316
39.829960 116.483324
0.000000 0.000000
0.000000 0.000000
0.000000 0.000000
0.000000 0.000000
39.829022 116.484400
39.829025 116.484509
39.829027 116.484617
39.829029 116.484720
39.829031 116.484818
39.829034 116.484925
39.828961 116.485108
39.828885 116.485241
39.828812 116.485381
39.828734 116.485528
39.828662 116.485665
39.828590 116.485803
39.828519 116.485939
39.828442 116.486084
39.828438 116.486092
39.827699 116.486046
39.827685 116.486183
39.827670 116.486314
39.827657 116.486441
39.827643 116.486570
39.827634 116.486652
39.827634 116.486652
39.827634 116.486652
0.000000 0.000000
0.000000 0.000000
0.000000 0.000000
0.000000 0.000000
0.000000 0.000000
0.000000 0.000000
0.000000 0.000000
0.000000 0.000000
0.000000 0.000000
0.000000 0.000000
0.000000 0.000000
0.000000 0.000000
0.000000 0.000000
0.000000 0.000000
0.000000 0.000000
0.000000 0.000000
0.000000 0.000000
0.000000 0.000000
0.000000 0.000000
0.000000 0.000000
0.000000 0.000000
0.000000 0.000000
0.000000 0.000000
0.000000 0.000000
0.000000 0.000000
0.000000 0.000000
0.000000 0.000000
39.820650 116.495958
39.820611 116.495935
39.820579 116.495916
39.820547 116.495897
39.820514 116.495878
39.820484 116.495860
39.820443 116.495836
0.000000 0.000000
0.000000 0.000000
0.000000 0.000000
39.819925 116.497319
39.819822 116.497326
39.819716 116.497332
39.819611 116.497339
39.819513 116.497344
39.819411 116.497351
39.819310 116.497357
39.819215 116.497363
39.819119 116.497368
0.000000 0.000000
0.000000 0.000000
0.000000 0.000000
0.000000 0.000000
0.000000 0.000000
0.000000 0.000000
39.818047 116.499334
39.818078 116.499418
39.818107 116.499498
39.818135 116.499575
39.817903 116.499811
39.817826 116.499955
39.817767 116.500087
39.817656 116.500234
39.817680 116.500349
39.817783 116.500540
39.817788 116.500682
0.000000 0.000000
0.000000 0.000000
0.000000 0.000000
0.000000 0.000000
0.000000 0.000000
0.000000 0.000000
0.000000 0.000000
0.000000 0.000000
0.000000 0.000000
39.815837 116.502575
39.815837 116.502575
39.815812 116.502650
39.815764 116.502798
39.815714 116.502952
39.815662 116.503111
39.815609 116.503272
39.815556 116.503435
39.815501 116.503603
39.815483 116.503778
39.815483 116.503912
39.815482 116.504057
39.815482 116.504197
39.815482 116.504343
0.000000 0.000000
0.000000 0.000000
0.000000 0.000000
0.000000 0.000000
0.000000 0.000000
0.000000 0.000000
0.000000 0.000000
0.000000 0.000000
0.000000 0.000000
0.000000 0.000000
0.000000 0.000000
39.813568 116.506498
39.813600 116.506563
39.813628 116.506620
39.813583 116.506739
39.813615 116.506807
39.813645 116.506873
0.000000 0.000000
0.000000 0.000000
0.000000 0.000000
39.812591 116.508427
39.812532 116.508393
39.812474 116.508359
39.812430 116.508456
39.812462 116.508526
0.000000 0.000000
0.000000 0.000000
0.000000 0.000000
0.000000 0.000000
0.000000 0.000000
0.000000 0.000000
0.000000 0.000000
0.000000 0.000000
39.810674 116.510597
39.810984 116.511005
39.810724 116.510712
39.810747 116.510763
39.810649 116.511251
39.810510 116.511357
39.810374 116.511460
39.810240 116.511562
39.810109 116.511661
39.809975 116.511763
39.809845 116.511862
39.809737 116.511944
39.809611 116.512039
39.809487 116.512133
39.809367 116.512119
39.809234 116.512303
39.809113 116.512380
39.808993 116.512456
39.808878 116.512528
39.808766 116.512599
39.808651 116.512672
39.808545 116.512739
39.808450 116.512800
39.808353 116.512861
39.808273 116.512912
39.808193 116.512962
39.808011 116.513077
39.807935 116.513125
39.807929 116.513378
39.807722 116.513263
39.807654 116.513308
39.807200 116.514557
39.807200 116.514559
39.807194 116.514653
39.807188 116.514751
39.807181 116.514862
39.806994 116.514937
39.807103 116.515459
39.807011 116.515540
39.806918 116.515623
39.806819 116.515710
39.806723 116.515795
39.806623 116.515884
39.806514 116.515980
39.806411 116.516072
39.806305 116.516166
39.806197 116.516261
39.806088 116.516358
39.805973 116.516460
39.805852 116.516566
39.805730 116.516675
39.805602 116.516789
39.805469 116.516906
39.805345 116.517016
39.805209 116.517136
39.805072 116.517255
39.804931 116.517378
39.804789 116.517501
39.804644 116.517630
39.804495 116.517763
39.804351 116.517893
39.804207 116.518023
39.803612 116.518559
39.803462 116.518693
39.803313 116.518827
39.803158 116.518967
39.803010 116.519100
39.802848 116.519246
39.802162 116.519863
0.000000 0.000000
0.000000 0.000000
0.000000 0.000000
0.000000 0.000000
0.000000 0.000000
0.000000 0.000000
0.000000 0.000000
0.000000 0.000000
0.000000 0.000000
0.000000 0.000000
39.797307 116.523869
39.797122 116.524018
39.796939 116.524165
39.796755 116.524313
39.796571 116.524462
39.796390 116.524607
39.796210 116.524752
39.796032 116.524895
39.795744 116.524689
39.795896 116.525005
39.794973 116.524960
39.794972 116.525085
39.794972 116.525217
39.794971 116.525354
39.794970 116.525491
0.000000 0.000000
0.000000 0.000000
0.000000 0.000000
0.000000 0.000000
39.793363 116.526485
39.793363 116.526485
39.793262 116.526564
39.793076 116.526709
39.792880 116.526861
39.792692 116.527008
39.792570 116.527103
39.792365 116.527422
39.792178 116.527570
39.791985 116.527724
39.791805 116.527866
39.791628 116.528006
39.791441 116.528154
39.791246 116.528309
39.791059 116.528456
39.790877 116.528601
39.790693 116.528746
39.790505 116.528895
39.790313 116.529047
39.790129 116.529193
39.789945 116.529338
39.789760 116.529485
39.789542 116.529434
39.789398 116.529771
39.789224 116.529909
39.789051 116.530045
39.788875 116.530184
39.788697 116.530325
39.788522 116.530463
39.788342 116.530606
39.788148 116.530671
39.787987 116.530902
39.787805 116.531061
39.787626 116.531217
39.787447 116.531374
39.787265 116.531532
39.787086 116.531689
39.786903 116.531849
39.786747 116.532018
39.786506 116.532242
39.786521 116.532273
39.786535 116.532301
0.000000 0.000000
0.000000 0.000000
0.000000 0.000000
0.000000 0.000000
0.000000 0.000000
0.000000 0.000000
0.000000 0.000000
0.000000 0.000000
0.000000 0.000000
39.784126 116.534329
39.784126 116.534329
39.783979 116.534450
39.783792 116.534603
39.783605 116.534757
39.783421 116.534908
0.000000 0.000000
39.783127 116.535944
39.783147 116.535986
39.783169 116.536032
39.783191 116.536075
0.000000 0.000000
0.000000 0.000000
0.000000 0.000000
0.000000 0.000000
0.000000 0.000000
0.000000 0.000000
0.000000 0.000000
0.000000 0.000000
0.000000 0.000000
0.000000 0.000000
0.000000 0.000000
0.000000 0.000000
0.000000 0.000000
0.000000 0.000000
0.000000 0.000000
0.000000 0.000000
0.000000 0.000000
0.000000 0.000000
0.000000 0.000000
0.000000 0.000000
0.000000 0.000000
39.779005 116.541075
39.779022 116.541108
39.779037 116.541138
39.779052 116.541166
0.000000 0.000000
0.000000 0.000000
0.000000 0.000000
0.000000 0.000000
0.000000 0.000000
0.000000 0.000000
0.000000 0.000000
0.000000 0.000000
0.000000 0.000000
0.000000 0.000000
0.000000 0.000000
0.000000 0.000000
39.775587 116.544622
39.775593 116.544634
39.775599 116.544648
39.775607 116.544664
0.000000 0.000000
0.000000 0.000000
0.000000 0.000000
0.000000 0.000000
0.000000 0.000000
0.000000 0.000000
0.000000 0.000000
0.000000 0.000000
0.000000 0.000000
0.000000 0.000000
0.000000 0.000000
0.000000 0.000000
0.000000 0.000000
0.000000 0.000000
0.000000 0.000000
39.772145 116.547721
39.772145 116.547720
39.772144 116.547719
39.772141 116.547713
39.772137 116.547705
0.000000 0.000000
0.000000 0.000000
0.000000 0.000000
0.000000 0.000000
0.000000 0.000000
0.000000 0.000000
0.000000 0.000000
0.000000 0.000000
0.000000 0.000000
0.000000 0.000000
0.000000 0.000000
0.000000 0.000000
0.000000 0.000000
0.000000 0.000000
0.000000 0.000000
39.765982 116.551972
39.765994 116.552055
39.765943 116.552156
39.765955 116.552233
39.765155 116.552472
39.765163 116.552575
39.765172 116.552684
39.765180 116.552793
0.000000 0.000000
0.000000 0.000000
39.764052 116.552812
39.764102 116.553365
39.763890 116.553487
39.763726 116.553719
39.763525 116.553733
39.763316 116.553757
39.763098 116.553789
39.762837 116.554167
39.762889 116.554474
39.762889 116.554474
0.000000 0.000000
0.000000 0.000000
0.000000 0.000000
0.000000 0.000000
0.000000 0.000000
0.000000 0.000000
0.000000 0.000000
0.000000 0.000000
0.000000 0.000000
39.760357 116.555738
39.760366 116.555771
39.760374 116.555802
39.760141 116.556373
39.759957 116.556412
39.759782 116.556450
39.759608 116.556487
39.759433 116.556525
39.759268 116.556560
39.759104 116.556595
39.759036 116.556610
39.759036 116.556610
39.758516 116.557067
39.758443 116.557138
39.758451 116.557164
39.758459 116.557189
0.000000 0.000000
39.757482 116.557515
39.757458 116.557672
39.757433 116.557840
39.757408 116.558005
39.757383 116.558172
39.757360 116.558325
0.000000 0.000000
0.000000 0.000000
0.000000 0.000000
0.000000 0.000000
0.000000 0.000000
0.000000 0.000000
0.000000 0.000000
39.755135 116.559211
39.755091 116.559403
39.755043 116.559613
39.754994 116.559824
39.754769 116.559908
39.754582 116.559896
39.754382 116.560356
39.754204 116.560343
39.753994 116.560851
39.753825 116.560826
39.753708 116.560948
39.753695 116.561135
39.753672 116.561462
0.000000 0.000000
0.000000 0.000000
0.000000 0.000000
0.000000 0.000000
0.000000 0.000000
0.000000 0.000000
0.000000 0.000000
0.000000 0.000000
0.000000 0.000000
0.000000 0.000000
0.000000 0.000000
0.000000 0.000000
0.000000 0.000000
0.000000 0.000000
39.747518 116.566996
39.747520 116.567000
39.747522 116.567003
0.000000 0.000000
0.000000 0.000000
0.000000 0.000000
0.000000 0.000000
0.000000 0.000000
0.000000 0.000000
0.000000 0.000000
0.000000 0.000000
0.000000 0.000000
0.000000 0.000000
0.000000 0.000000
0.000000 0.000000
0.000000 0.000000
0.000000 0.000000
0.000000 0.000000
0.000000 0.000000
0.000000 0.000000
0.000000 0.000000
0.000000 0.000000
0.000000 0.000000
0.000000 0.000000
0.000000 0.000000
0.000000 0.000000
0.000000 0.000000
0.000000 0.000000
0.000000 0.000000
0.000000 0.000000
0.000000 0.000000
0.000000 0.000000
0.000000 0.000000
0.000000 0.000000
0.000000 0.000000
0.000000 0.000000
39.739094 116.578762
39.739113 116.578952
0.000000 0.000000
0.000000 0.000000
0.000000 0.000000
0.000000 0.000000
0.000000 0.000000
0.000000 0.000000
0.000000 0.000000
0.000000 0.000000
0.000000 0.000000
0.000000 0.000000
0.000000 0.000000
0.000000 0.000000
0.000000 0.000000
0.000000 0.000000
0.000000 0.000000
0.000000 0.000000
0.000000 0.000000
0.000000 0.000000
0.000000 0.000000
0.000000 0.000000
0.000000 0.000000
0.000000 0.000000
0.000000 0.000000
0.000000 0.000000
0.000000 0.000000
0.000000 0.000000
0.000000 0.000000
0.000000 0.000000
0.000000 0.000000
0.000000 0.000000
0.000000 0.000000
0.000000 0.000000
0.000000 0.000000
0.000000 0.000000
0.000000 0.000000
0.000000 0.000000
0.000000 0.000000
0.000000 0.000000
0.000000 0.000000
0.000000 0.000000
0.000000 0.000000
0.000000 0.000000
0.000000 0.000000
0.000000 0.000000
0.000000 0.000000
0.000000 0.000000
0.000000 0.000000
0.000000 0.000000
0.000000 0.000000
0.000000 0.000000
0.000000 0.000000
0.000000 0.000000
0.000000 0.000000
0.000000 0.000000
0.000000 0.000000
0.000000 0.000000
0.000000 0.000000
0.000000 0.000000
0.000000 0.000000
0.000000 0.000000
0.000000 0.000000
0.000000 0.000000
0.000000 0.000000
0.000000 0.000000
0.000000 0.000000
0.000000 0.000000
0.000000 0.000000
0.000000 0.000000
0.000000 0.000000
0.000000 0.000000
0.000000 0.000000
0.000000 0.000000
0.000000 0.000000
39.709582 116.613709
39.709432 116.613728
39.709223 116.613754
39.709017 116.613779
39.708809 116.613805
39.708603 116.613830
39.708400 116.613856
39.708112 116.614344
39.708121 116.614489
39.708131 116.614643
0.000000 0.000000
0.000000 0.000000
0.000000 0.000000
0.000000 0.000000
0.000000 0.000000
0.000000 0.000000
0.000000 0.000000
0.000000 0.000000
0.000000 0.000000
0.000000 0.000000
0.000000 0.000000
0.000000 0.000000
0.000000 0.000000
0.000000 0.000000
0.000000 0.000000
0.000000 0.000000
0.000000 0.000000
0.000000 0.000000
0.000000 0.000000
0.000000 0.000000
0.000000 0.000000
0.000000 0.000000
0.000000 0.000000
0.000000 0.000000
0.000000 0.000000
0.000000 0.000000
0.000000 0.000000
0.000000 0.000000
0.000000 0.000000
0.000000 0.000000
0.000000 0.000000
0.000000 0.000000
0.000000 0.000000
0.000000 0.000000
0.000000 0.000000
0.000000 0.000000
0.000000 0.000000
0.000000 0.000000
0.000000 0.000000
0.000000 0.000000
0.000000 0.000000
0.000000 0.000000
0.000000 0.000000
0.000000 0.000000
0.000000 0.000000
0.000000 0.000000
0.000000 0.000000
0.000000 0.000000
0.000000 0.000000
0.000000 0.000000
0.000000 0.000000
0.000000 0.000000
0.000000 0.000000
0.000000 0.000000
0.000000 0.000000
0.000000 0.000000
0.000000 0.000000
0.000000 0.000000
0.000000 0.000000
0.000000 0.000000
0.000000 0.000000
0.000000 0.000000
0.000000 0.000000
0.000000 0.000000
0.000000 0.000000
0.000000 0.000000
0.000000 0.000000
0.000000 0.000000
0.000000 0.000000
0.000000 0.000000
0.000000 0.000000
0.000000 0.000000
0.000000 0.000000
0.000000 0.000000
0.000000 0.000000
0.000000 0.000000
0.000000 0.000000
0.000000 0.000000
0.000000 0.000000
0.000000 0.000000
0.000000 0.000000
0.000000 0.000000
0.000000 0.000000
0.000000 0.000000
0.000000 0.000000
0.000000 0.000000
0.000000 0.000000
0.000000 0.000000
0.000000 0.000000
0.000000 0.000000
0.000000 0.000000
0.000000 0.000000
0.000000 0.000000
0.000000 0.000000
0.000000 0.000000
0.000000 0.000000
0.000000 0.000000
0.000000 0.000000
0.000000 0.000000
0.000000 0.000000
0.000000 0.000000
0.000000 0.000000
0.000000 0.000000
0.000000 0.000000
0.000000 0.000000
0.000000 0.000000
39.674969 116.659552
39.674787 116.659558
39.674602 116.659565
39.674412 116.659572
39.674216 116.659606
39.674009 116.659649
39.673804 116.659692
39.673618 116.659730
0.000000 0.000000
0.000000 0.000000
0.000000 0.000000
0.000000 0.000000
0.000000 0.000000
0.000000 0.000000
0.000000 0.000000
0.000000 0.000000
0.000000 0.000000
0.000000 0.000000
0.000000 0.000000
0.000000 0.000000
0.000000 0.000000
0.000000 0.000000
0.000000 0.000000
0.000000 0.000000
0.000000 0.000000
0.000000 0.000000
0.000000 0.000000
0.000000 0.000000
0.000000 0.000000
39.669194 116.664784
39.669002 116.664892
39.668816 116.664996
39.668626 116.665103
39.668444 116.665205
39.668251 116.665313
39.668066 116.665417
39.667893 116.665515
39.667711 116.665617
39.667535 116.665716
39.667365 116.665811
39.667188 116.665911
39.667016 116.666008
39.666838 116.666109
39.666667 116.666206
39.666506 116.666298
39.666342 116.666391
39.666164 116.666493
39.665990 116.666592
0.000000 0.000000
0.000000 0.000000
0.000000 0.000000
0.000000 0.000000
0.000000 0.000000
0.000000 0.000000
0.000000 0.000000
0.000000 0.000000
0.000000 0.000000
0.000000 0.000000
39.660689 116.671569
39.660612 116.671253
39.660612 116.671253
39.660645 116.671390
39.655984 116.665803
39.655964 116.665710
39.655942 116.665608
39.655918 116.665502
39.655892 116.665393
39.655959 116.665264
39.655955 116.665190
0.000000 0.000000
39.653493 116.660289
39.653486 116.660274
39.653400 116.660317
39.653389 116.660295
0.000000 0.000000
0.000000 0.000000
0.000000 0.000000
0.000000 0.000000
0.000000 0.000000
0.000000 0.000000
0.000000 0.000000
0.000000 0.000000
0.000000 0.000000
0.000000 0.000000
0.000000 0.000000
39.648941 116.655774
39.648918 116.655784
39.648899 116.655792
39.648875 116.655802
39.648854 116.655811
39.648829 116.655822
39.648810 116.655830
39.648788 116.655840
39.648765 116.655850
0.000000 0.000000
0.000000 0.000000
0.000000 0.000000
0.000000 0.000000
0.000000 0.000000
0.000000 0.000000
0.000000 0.000000
0.000000 0.000000
0.000000 0.000000
0.000000 0.000000
0.000000 0.000000
0.000000 0.000000
0.000000 0.000000
0.000000 0.000000
0.000000 0.000000
0.000000 0.000000
0.000000 0.000000
0.000000 0.000000
0.000000 0.000000
0.000000 0.000000
0.000000 0.000000
0.000000 0.000000
0.000000 0.000000
0.000000 0.000000
0.000000 0.000000
0.000000 0.000000
0.000000 0.000000
0.000000 0.000000
0.000000 0.000000
0.000000 0.000000
0.000000 0.000000
0.000000 0.000000
0.000000 0.000000
0.000000 0.000000
0.000000 0.000000
0.000000 0.000000
0.000000 0.000000
0.000000 0.000000
0.000000 0.000000
39.642990 116.654068
39.642970 116.654074
39.642941 116.654083
39.642926 116.654087
39.642908 116.654093
39.642928 116.654086
39.642840 116.654113
39.642919 116.654089
39.642949 116.654080
39.642830 116.654117
39.642895 116.654097
39.643113 116.654030
39.642873 116.654103
39.642929 116.654086
39.642814 116.654122
39.642826 116.654118
39.642902 116.654095
