214437
214437
214437
214437
214437
214437
214437
214437
214437
214437
214437
214437
214445
214439
214439
214445
214445
214445
0
0
214433
214425
214433
214433
214425
214433
214433
0
0
214415
214415
214419
214415
214415
214421
214421
214421
214413
218758
221344
221344
221344
221344
0
218750
218750
218750
218750
218750
214409
218750
218750
218750
0
0
0
0
0
0
0
0
0
0
0
0
0
0
0
214399
214399
214399
214401
0
214399
220043
220043
220043
220043
220043
220043
220043
220043
220043
214399
214399
220043
220043
214399
214399
214399
214399
214192
214192
214192
214192
214192
214192
214192
214192
206808
206808
206808
206808
0
206808
206808
0
206808
206808
206808
206808
214188
214188
214186
214186
214186
214186
214186
214347
214186
214186
214353
214353
214353
214353
214353
214353
214353
214178
214178
214353
214176
214174
214174
214167
214167
214167
214213
214213
214211
214211
214211
214211
214211
214211
214167
214167
214198
214198
214200
214200
214200
220019
220019
220019
0
220019
220019
220019
220019
220019
220019
0
220019
220019
220019
220019
214209
214209
217060
217056
217056
217060
214207
214207
214205
214205
214202
214202
214202
214202
214205
214205
0
214205
214205
214205
214205
214205
214205
214205
214205
214205
214207
214207
214364
217056
214364
214364
217056
214364
217056
214364
214207
214207
214207
214207
201530
214361
214361
214361
214361
214361
214361
0
214361
214359
202781
202781
202781
217044
217044
217044
217044
217047
217043
217043
217043
217043
217043
217043
0
217043
217043
0
217043
217043
217047
217043
217047
217034
0
217034
217034
217047
217034
217034
218686
0
218686
218686
218686
218686
214051
214051
218686
0
218686
214051
214051
214051
214048
214048
0
214048
214048
214048
214048
214059
214059
214059
214059
214059
214059
214059
214059
0
209968
209968
209968
209968
209968
209968
209970
209970
209968
209968
209968
209968
209972
216162
216162
216162
216162
216162
216162
216162
216159
216159
216159
216159
216162
216162
210073
198009
210065
210065
210065
210065
210065
216166
216166
216166
216166
216166
216166
216166
216166
0
0
0
0
0
0
0
0
0
0
0
0
0
0
0
0
0
0
0
0
0
0
0
201350
201350
221600
221600
221600
221600
0
221600
221600
0
221600
221600
221600
221600
0
221600
221600
221600
221600
221600
221600
221602
207581
207581
207581
207581
0
207581
221602
221602
207581
207581
207581
0
207581
207581
207581
0
201348
201348
201348
221602
201348
207581
201348
201348
207581
207581
201348
201348
201348
201348
201348
201348
201348
0
201348
201348
207581
207581
201348
0
201348
201348
201348
201348
201348
201348
201348
201348
201348
0
221306
204263
221308
221308
221308
201348
201348
201348
201348
201348
201348
201348
201348
201348
201348
201348
201348
201348
201348
201350
201350
0
201350
201350
0
221600
221600
221600
221600
221600
221600
221600
207581
207581
221600
221600
221600
221600
221600
221600
221600
221600
221602
221602
221602
221602
207581
207581
207581
207581
221602
207581
207581
221602
207581
207581
207581
207581
207581
207581
207581
207581
0
207581
207581
201348
207581
207581
0
207581
207581
201348
0
207581
201348
207581
0
201348
201348
201348
0
207581
207581
0
201348
201348
207581
207581
201348
207581
207581
207581
207581
207581
207581
207581
207581
207581
0
207581
207581
207581
207581
207581
207581
0
207581
207581
207581
207581
207581
207581
0
207581
207581
201348
221602
0
201348
207581
207581
207581
207581
207581
207581
207581
221602
221602
221600
221600
221600
221600
221600
221600
0
221600
221600
221600
221600
221600
221600
221600
221600
0
0
0
0
0
0
0
0
0
0
0
0
0
0
0
0
216166
216166
216166
216166
216166
216166
216166
210065
210065
198009
198009
210073
210073
210073
216162
216162
216161
216161
216161
216161
216161
216162
216162
216162
216162
216162
216162
216162
216162
216162
216159
216159
216159
216159
216159
216159
216159
216159
216159
216155
216162
216162
216162
216157
209972
209972
209972
209972
209972
209972
209970
209970
209970
209970
209968
209968
209968
209968
209968
209968
209968
0
214059
214059
214061
214059
214059
214059
214059
214061
214059
214061
214048
214048
214048
214048
214048
218686
218686
218686
217034
217034
217047
217043
217043
217047
202781
214359
214361
201530
201530
201530
217056
217056
217056
217056
217056
217056
217056
0
217056
217056
217056
217056
217056
217056
217056
0
217056
217056
214207
217060
217056
217056
217056
217056
217056
217056
217060
214209
214209
220019
220019
220019
214200
214200
214198
214200
214198
214198
214198
214165
214167
214167
214167
214167
214167
214167
214213
214167
214167
214167
214167
214174
214176
214176
214178
214353
214353
214353
214353
214353
214353
214186
214347
214347
214186
214186
214186
214186
214186
214186
214192
214180
214192
214192
214192
206808
206808
206808
206808
206808
206810
214399
214399
214399
214401
214401
206812
214401
0
0
0
0
0
0
0
0
0
0
0
0
0
0
0
0
0
0
0
0
0
0
0
0
0
0
0
0
0
0
218748
218750
218752
218752
218752
218752
218748
218748
218752
218748
218748
218748
218746
218746
218746
218746
218746
218746
218746
218746
218746
218746
218746
218746
218746
218746
218746
218746
218746
214405
214405
201500
218746
218746
218746
218746
221346
221346
0
221346
221346
214405
214459
214457
221350
221350
221350
221350
221346
221344
221344
221344
