217170
217170
0
0
0
0
0
0
0
0
0
0
0
0
0
0
0
0
0
0
0
0
0
0
0
0
0
0
0
0
0
0
0
0
217169
217169
0
198764
198764
198764
198764
198764
198764
198764
198764
198764
198764
198764
198764
198764
198764
198764
198764
198764
198764
198764
198764
198764
198764
198764
198764
198764
198764
198764
198764
198764
198764
198764
198764
198764
198764
198764
198764
198764
198764
198764
198764
198764
198764
198764
198764
198764
198764
198764
198764
198764
198764
198764
198764
198764
198764
198764
198764
198768
198768
198768
198768
198768
198768
198764
198764
198764
198764
198764
198768
198764
198764
198764
198764
198764
198764
198764
198764
198764
198764
198764
198764
198764
198764
198768
198764
198768
198768
198764
198768
198768
198768
198768
198768
198768
198768
198768
198768
198768
198768
198768
198768
199082
199082
199082
199082
199082
199082
207827
207827
207827
207827
207827
207827
214402
214402
214402
214402
214402
214402
214402
214402
214402
214402
214402
214402
214402
214402
220043
220043
220043
220043
214402
220043
214402
220043
220043
220043
220043
220043
220043
220043
220043
220043
220043
220043
220043
220043
220043
220043
220043
220043
220043
220043
220043
220043
220043
220043
220043
220043
220043
220043
220043
220043
220043
220043
220043
220043
220043
220043
220043
220043
220043
220043
220043
220043
220043
220043
214401
214401
220043
220043
214401
214399
214401
214401
214401
214401
220043
214399
214401
214401
220043
0
214399
214401
214401
214401
214401
214401
214401
214401
214401
214401
214401
214401
214401
214401
214401
214401
214401
214401
214401
214401
0
0
0
0
0
0
0
0
0
0
0
0
0
0
0
0
0
0
0
0
0
0
0
0
0
0
0
0
0
0
0
0
0
0
0
0
0
0
0
0
0
0
0
0
0
0
0
0
0
0
0
0
0
0
0
0
0
0
0
0
0
0
0
0
0
0
0
0
0
0
0
0
0
0
0
0
218750
218750
218750
218748
218750
218750
218750
218750
218750
218750
218752
218752
218752
221344
217174
218758
214413
214421
214421
214421
214421
214421
214417
214421
214421
214421
0
0
214433
214433
214433
214433
214433
214433
214433
214433
0
0
214439
214443
214443
214443
214439
214439
214439
214443
214437
214437
214437
214437
214437
0
214437
214437
214437
214437
214437
214443
217187
217187
217187
217187
217187
217187
217187
217187
217187
217187
217187
217187
217187
217187
217187
217187
0
0
0
0
0
0
0
0
0
0
0
0
0
0
0
0
0
0
0
0
0
0
0
0
0
0
0
0
0
214611
214451
214451
214611
214611
214611
214451
214451
207960
207960
207960
207960
207960
207960
207960
207960
207960
207960
0
207960
207960
207960
207960
207960
197042
197042
197042
197042
197042
197042
197042
197042
197042
197042
197042
197042
197042
197042
197042
197042
0
0
0
0
0
0
0
0
0
0
0
0
0
0
0
0
0
0
0
0
0
0
0
0
0
0
0
0
0
0
0
0
0
0
0
0
0
0
0
0
214624
214623
214623
214623
214623
214623
214659
214659
214623
214623
214644
214640
214640
214644
214644
214644
214644
214644
214648
214650
214667
214648
214648
214667
0
0
0
0
0
0
0
0
0
0
0
0
0
0
0
0
0
198934
198934
198934
198934
198934
198934
198934
198934
198934
198934
198934
198934
198934
198934
198934
198934
218114
218114
218114
218114
218114
218114
218114
218114
0
218114
218114
218114
218114
218114
218114
218114
218114
218114
218114
218114
218114
218114
218114
218114
218114
218111
218111
218111
218111
198943
198943
198943
217292
217292
217292
217292
217292
217292
217292
217292
217292
217294
217294
217294
217294
217294
217294
201603
201603
201603
201603
201603
201603
201603
201603
201603
201605
220185
220185
220185
220185
220185
220185
220185
220185
220185
220185
220185
220185
220185
220185
220185
220185
220185
220185
220185
220185
220185
220185
220185
220185
220185
220185
220185
0
220185
220185
220185
220185
220185
220185
220185
0
220185
220185
220185
220185
220185
220185
220185
220185
220185
220185
220185
220185
220185
220185
220185
220185
220185
220185
220185
0
0
0
0
0
0
0
0
0
0
0
0
0
0
0
0
0
0
0
0
0
0
0
0
0
0
0
0
0
0
0
0
0
0
0
0
0
0
0
0
0
0
0
0
0
0
0
0
0
0
0
0
0
0
0
0
0
0
0
0
0
0
0
0
0
0
0
0
0
0
0
0
0
0
0
0
0
0
0
200975
200973
200973
200973
200975
200975
200973
200973
200973
200973
200973
200973
200973
200973
200973
200973
200973
200973
200973
200973
200973
200973
200973
200973
200973
200973
200973
200973
200973
200973
201619
201619
221215
199801
214879
214879
214879
214879
214879
214879
214879
214881
214881
214881
214881
214881
214881
214881
214881
214881
214881
214881
214881
214881
214881
214881
214881
214881
214881
214881
214881
214881
214881
214881
214881
214881
214881
214881
214881
214881
214881
214881
214881
214881
214881
214881
214881
214881
214881
214881
214881
214881
214881
214881
214881
214881
214881
214881
214881
214881
214881
214881
209192
209192
209192
209192
209192
209192
209192
209192
209192
209192
209192
209192
209192
209192
209192
209192
209192
209192
209192
209192
209192
218004
218004
218004
218004
218004
218004
218004
218004
218004
218004
218004
218004
218004
218004
218004
218004
218004
218004
220187
218004
218004
218004
218004
0
0
0
201635
201635
201635
201635
201635
201635
201635
201635
201635
201635
201635
201635
201635
201635
201635
201635
201635
201635
201635
201635
0
201635
201635
201635
201635
201635
201635
201635
201635
201635
201635
201635
201635
201635
201635
209217
209217
201635
214901
214901
214899
214899
214899
214899
214899
214899
214899
214899
201637
201637
201637
201637
201637
201637
201637
201637
201637
201637
201637
201637
201637
201637
201637
209179
209179
209180
199045
196510
209099
209099
209099
209099
209099
209099
0
0
0
0
0
0
0
0
0
0
0
0
0
0
0
0
0
0
0
0
0
0
0
0
0
0
0
0
0
0
0
0
0
0
0
0
0
0
0
0
0
0
0
0
0
0
0
0
0
0
0
0
0
0
0
0
0
0
0
0
0
0
0
0
0
0
0
0
236071
236071
236071
236071
236071
236071
236071
236071
236071
0
0
0
236053
236053
236053
236053
236053
236049
236049
236049
236049
236049
236049
236049
236049
236049
236049
236043
236043
236035
236035
236035
236035
236035
236035
236035
236039
236039
236039
236035
236035
236035
236035
236035
239257
239257
239257
239257
243993
243996
243996
242138
242138
239255
236604
236604
236604
236604
236604
236604
236604
236604
236604
236604
236604
236604
236604
236604
236604
236604
236604
236604
236604
236604
236604
236604
0
0
0
229670
229670
229670
229670
229670
229670
229670
229678
229678
229670
229670
229678
229678
229678
229678
229678
229678
229678
229670
229670
229670
229670
229670
229670
229670
229670
229670
229670
229670
229670
229670
229670
229676
229676
229676
229670
229670
229670
229670
229670
229670
229670
0
0
0
0
0
229647
229647
229647
229647
229647
229647
239263
239263
229659
229659
229659
229659
229659
229659
229659
229659
229659
229659
229659
229659
229659
229659
229659
229659
229659
229657
229655
229651
229651
229651
246081
246081
246083
246083
246083
229666
229666
229666
229666
229666
229666
229666
229666
229666
229666
229666
229666
229666
229666
229666
229666
229666
229666
229666
229666
229666
0
0
0
0
0
0
0
0
0
0
0
0
0
0
0
0
0
0
0
0
0
0
0
0
0
0
0
0
0
0
0
0
0
0
0
0
229616
229616
229616
229616
229616
229616
224719
224719
223588
224895
224895
242309
242309
242309
242309
242309
242309
242303
242303
242303
242303
242303
242303
242309
242303
242309
242303
242303
242303
242303
242309
242309
242309
242309
242309
242309
242307
242307
242307
242307
242307
242307
242307
242309
242307
242307
242307
242307
242309
242307
0
0
0
0
0
0
0
0
0
0
0
0
0
0
0
0
0
0
0
0
0
0
0
0
0
0
0
0
242315
242315
242315
242315
242315
242315
242315
242315
242315
242315
242315
242315
242315
242315
242327
242315
242315
242315
242315
242315
242315
242315
242315
242329
242329
242329
242329
242327
242327
242327
242327
242327
242327
242327
242327
242327
242327
242327
242327
242327
242327
242327
242327
242327
242327
242327
0
0
0
0
0
0
0
0
0
0
0
0
0
0
0
0
0
0
229784
229784
229784
229784
229784
229784
229784
229784
229784
229784
229784
229784
229784
229784
229810
229810
229810
229810
229810
229810
229787
229810
229810
229810
229810
229796
229796
229796
229796
229796
229796
229796
229796
229808
229806
229806
229806
229806
229806
229806
229806
229806
229806
229806
229806
229806
229806
0
0
0
0
0
0
0
0
0
0
0
0
0
0
0
0
0
0
0
0
0
0
0
0
0
0
0
0
0
0
0
0
0
0
0
0
0
0
0
0
0
0
0
0
0
0
0
0
0
0
0
0
0
0
0
0
0
0
0
0
0
0
0
0
0
0
0
0
0
0
0
0
0
0
0
0
0
0
0
0
0
0
0
0
0
0
0
0
0
0
0
0
0
0
0
0
0
0
0
0
0
0
0
0
0
0
0
0
0
0
0
0
0
0
0
0
0
0
0
0
0
0
0
0
0
0
226918
226918
226918
226918
226918
226918
226918
244385
244385
244385
244385
244385
244385
0
227648
227648
227648
227648
227648
227648
227648
239479
239479
239479
239479
239479
239479
239479
239479
239479
227648
227648
0
227648
227648
227648
227648
227648
227648
227648
227648
227648
227648
239479
239479
239479
227648
227648
239479
227648
227648
227648
239479
239479
227648
227648
227648
227648
227648
227648
227648
227648
227648
227648
227648
227648
227648
247514
247514
247514
247527
247527
247527
247527
247527
247527
247527
247527
247527
247514
247514
247514
247514
247514
247514
247514
247514
247514
247514
247514
247514
247514
247514
247514
247514
247514
247514
247514
247514
247514
247514
247514
247514
247514
247514
247525
247525
247525
247525
247525
247525
247525
247525
247514
247514
247514
247514
247514
247525
0
0
0
0
0
0
0
0
0
0
0
0
0
0
0
0
0
0
0
0
0
0
0
0
0
0
0
0
0
0
0
0
0
0
0
0
0
0
0
0
0
0
0
0
0
0
0
0
0
0
0
0
242428
242428
242428
239534
242428
242428
242428
242428
242428
242428
242428
242428
242428
242428
242428
242428
242428
242428
242428
242432
242432
239530
239530
239530
239530
239530
239530
239528
239528
239528
239530
239528
239530
239528
239530
239530
239530
239530
239530
239530
239530
0
239530
239530
239530
239530
239530
239530
239528
239528
0
0
0
0
0
0
0
0
0
0
0
0
0
0
0
0
0
0
0
0
0
0
0
0
0
0
0
0
0
0
0
0
0
0
0
0
0
0
0
0
0
0
0
0
0
236731
236731
236731
236731
236731
236731
236760
236760
236762
236762
236762
236762
236762
236762
236762
236762
236762
236762
236762
236762
236762
236762
236762
239537
239537
239537
239537
239537
239537
239537
239537
239537
239537
239537
239537
239537
239537
239537
239537
239537
239537
239537
239537
239537
239537
239537
239537
239537
239537
239538
239538
239538
239538
239538
239538
236819
236819
236819
242542
242542
239557
239557
239557
239557
239557
239558
239558
239558
239558
239558
239558
239558
239558
239558
239558
239558
239558
236776
239558
239558
239558
239558
239558
239558
239558
239558
239558
239558
239558
239558
239558
239558
239558
239558
239558
236777
236777
236777
236777
236777
236777
236777
236777
236777
236777
236779
236779
236811
236811
236811
236811
236811
236811
236811
236811
236810
236810
236810
236810
236810
236810
236810
236810
0
236810
236810
236810
236810
236810
236810
236810
236810
0
236810
236810
236810
0
236810
236810
236810
236810
236810
236813
236813
236723
236723
236723
236723
236814
236814
236814
236814
236814
236814
236814
236725
236814
236725
0
236725
236725
236725
236725
236725
236814
236814
236725
236725
236725
236725
236725
236725
236725
236725
236815
236815
236815
236815
236815
236815
236815
236748
236748
236748
247550
247550
236754
236754
236754
236754
236754
236754
236754
236754
236754
236754
236754
236754
236754
236754
239570
236754
239570
0
239570
239570
239570
236754
239570
239570
0
239570
239570
236754
236754
236754
236754
236754
236754
236754
236754
236754
236754
236754
236754
236754
236754
236754
236754
236754
236754
236754
240942
228158
228158
228158
228158
228158
228158
228158
228158
226022
226022
226022
226022
226022
226022
226022
226022
226022
226022
226022
226022
226022
226022
226022
226022
226022
226022
226022
226022
226022
226022
226022
226022
226022
226022
0
226022
226022
226022
226020
226020
226020
226020
226020
226020
226020
226020
226020
226020
226020
226020
226022
226022
226022
226022
226022
228158
228158
228158
228158
228158
228158
228158
228158
228158
228158
228158
228158
228158
228158
228158
228158
228158
228158
228158
228158
228158
0
0
0
0
0
0
0
0
0
0
0
0
0
0
0
0
0
0
0
0
0
0
0
0
0
0
0
0
0
0
0
0
0
0
0
0
0
0
0
0
0
0
0
0
0
0
0
0
0
0
0
0
228163
228163
228163
228163
228163
228163
228163
228163
228163
228163
228163
228163
228163
228163
228163
228163
228163
228163
228163
228163
228163
228163
228163
228163
228163
228163
228163
228163
228163
228163
228163
228163
228163
228163
228163
228163
228163
228163
228163
228163
228163
228163
228163
228163
228163
228163
228163
228163
228163
228163
228165
228163
228163
228165
228165
228165
228165
228165
228165
228165
228165
228165
228165
228165
228165
228165
228165
228165
228165
228165
228165
228165
228165
228165
228165
228165
228165
228165
228165
228165
228165
228165
228165
228165
228165
228165
228165
228165
228165
228165
228165
228165
228165
228165
228165
228165
228165
228165
228165
228165
228165
228165
228165
228165
228165
228165
228165
228165
228165
0
232752
232752
232752
232752
232752
232752
232752
232752
232752
232752
232752
232752
232752
232752
232752
232752
232752
232752
232752
232752
232752
232752
232752
232752
232752
232752
232752
232752
232752
232752
232752
232752
232752
232752
232752
232752
232752
232752
232752
232752
232752
228167
228167
228167
228167
226020
226022
226022
226022
226022
226022
226022
226022
226022
226022
228158
228158
228158
228158
228158
228158
228158
228158
226022
226022
226022
226022
0
228158
228158
228158
228158
0
228158
226022
226022
226022
226022
0
226022
226022
226022
228158
228158
228158
228158
228158
228158
228158
228158
228158
228158
228158
228158
228158
228158
228158
228158
228158
228158
228158
228158
226022
226022
228158
228158
228158
228158
228158
228158
228158
0
228158
228158
228158
228158
228158
228158
228158
228158
228158
228158
228158
228158
228158
0
228158
228158
228158
228158
228158
0
228158
228158
228158
228158
228158
228158
228158
228158
228158
228158
0
228158
228158
228158
228158
0
228173
228158
228158
228158
228158
228158
228158
228158
228158
228158
228158
228158
228158
228158
228158
228158
228158
0
228158
228158
228158
228158
228158
228158
228158
226022
226022
226022
226022
226022
226020
226020
226020
226020
226020
226020
0
226020
226022
226022
226022
226022
0
226022
226022
226022
226022
0
226022
226022
226022
226022
226022
226022
226022
226022
226022
226022
226022
226020
226022
226022
226022
226022
226022
226020
226020
226022
226020
226022
226020
226022
226022
226022
226022
226022
226022
226022
226022
226022
226022
226022
226022
226022
228159
228159
228179
227095
227095
227095
227095
227095
227095
227095
227095
227095
227095
227095
227095
227095
227095
227095
227095
227095
227095
227095
227095
227095
227095
227095
227095
227095
227095
227095
227095
227095
227095
227095
227095
227095
227095
227095
227098
227098
227098
227098
227098
227098
227098
227098
227098
227098
227098
227098
227098
227098
227098
227098
227098
0
227098
227098
227098
227098
227098
227098
227098
227098
227098
227098
227098
227098
227098
227098
227098
227098
227098
227098
227098
227098
227098
227098
240949
233500
233500
233500
233500
233500
233500
223408
223859
223731
223731
223392
223392
223124
223124
223124
223124
223124
223731
223124
223731
223124
223124
223124
223124
223124
223124
223124
223124
223731
223392
223392
223392
0
223124
223731
223124
223392
0
223124
223124
223124
223731
223731
223392
0
223392
223124
223124
223124
223124
223124
223124
223124
223392
223124
223124
223124
223124
223124
223124
223124
223124
223124
223124
223124
223124
223124
223124
223124
223124
223124
223124
223124
223124
223124
223124
223124
222206
222206
222206
222206
222206
222206
222296
222296
222296
222296
222296
222296
222296
222296
222296
222296
222296
222300
222300
222300
222300
222300
222300
222300
222300
222300
222300
222300
222300
222300
222300
222300
222300
222300
222296
222298
222298
222296
222296
222296
222354
222354
222354
222330
222330
222354
222354
222354
222354
222354
222354
222354
222354
222354
222354
222354
222354
222354
222354
222354
222354
222354
222354
222354
222354
222362
222354
222354
222354
222354
222354
222354
222362
222354
222354
222354
0
222354
222362
222354
222362
222362
222354
222354
222354
222354
222354
222354
233514
233514
233514
233514
233514
233514
233514
233514
233514
233514
0
0
0
0
0
0
242879
242879
242879
242879
242879
242879
242879
242879
242879
242879
242879
242879
225203
225203
225203
225203
225203
225203
225203
225203
225203
225203
225203
225203
225203
225203
225203
225203
225203
225203
225203
225203
248512
248512
248512
248512
248512
232814
232814
232814
232814
232814
232814
222443
222443
222443
222443
222443
232814
232814
232814
232814
232814
232814
232816
232816
232816
232816
232816
232816
232816
232816
232816
232816
225955
225955
225955
225955
225955
225955
225955
225955
225955
225955
225955
225955
225955
225955
225955
225955
222533
233790
233183
233183
233183
233183
222533
222533
222533
222533
222533
222533
0
0
0
0
0
0
0
0
223156
223156
223156
223156
223156
223156
223156
223156
223156
223156
223156
223156
222616
223160
223160
223160
223160
223160
223160
223160
223160
223160
223160
223160
223160
223160
223160
223160
223160
223160
223160
223160
225953
225953
225953
225953
225953
225953
225953
225953
225953
225953
225953
225953
225953
225953
225953
225953
0
225953
225953
225953
0
225953
225953
225953
225953
225953
225953
225953
225953
225953
225953
225953
225953
225953
225953
225953
225953
222661
222661
222661
222661
222661
222661
222661
222661
222661
222661
222661
222661
222661
222661
222661
222661
222661
222661
222661
222661
222661
222661
222661
222661
222661
222661
222661
222661
241183
241183
241183
241183
241183
241183
241183
224248
224248
224248
224248
224248
247923
247923
247923
247923
247923
247923
227217
227217
227217
227217
227217
227217
227217
227217
227217
227217
227217
227217
227217
222723
222723
222723
222723
222723
222723
222723
222723
222723
222723
222723
222723
0
222723
222723
222723
222723
222723
222723
222723
0
222723
222723
222723
222723
222723
0
222723
222723
222723
222723
0
222723
222723
222723
222723
222723
222723
222723
222723
222723
222723
222723
222723
222723
222723
222723
222723
222723
222749
222749
222749
222749
222749
222749
222749
222749
222749
222749
222749
222749
222749
222749
222749
222749
222749
222749
222749
0
0
0
0
0
0
0
0
0
0
0
0
0
0
0
0
0
0
0
222785
222789
222789
222789
222789
222785
222785
222785
222789
222789
222789
222789
222789
222789
222785
222785
222789
222785
0
0
0
0
0
0
0
0
0
0
222839
222839
222839
222847
222847
222847
222847
222839
222839
222839
222839
222839
222839
222837
222839
222837
0
222837
222839
222839
222839
222839
222839
222847
222847
222847
222847
222847
222847
222847
222847
222847
222847
222847
222847
222847
222847
222889
222889
222889
222889
222889
222889
222889
222889
222889
222889
222889
222889
222889
222889
222889
222889
222889
222889
222889
222900
222900
222900
222900
222900
222900
222905
222905
222905
222905
222905
222905
222905
222905
222905
0
0
0
0
0
0
0
0
0
0
224203
224203
224203
224203
233222
233222
224203
233222
224203
224203
224203
224203
233222
233222
224203
224203
224203
224203
233219
233219
233219
233222
233222
233222
233222
233222
233222
233222
0
0
0
0
0
0
0
0
0
0
0
0
0
0
0
0
0
0
0
0
0
0
0
0
0
0
0
0
0
0
0
233576
233576
233576
233576
233576
233576
233576
233576
233576
233576
222979
222979
222979
222979
222979
222979
222979
222979
233574
233574
233574
233574
233574
233574
233574
223019
223019
223019
223019
223019
223019
223019
223019
223019
223019
223019
223019
233232
233232
233232
233232
233232
233232
233232
233232
233232
233232
233232
225282
225282
225282
0
225282
225282
225282
225282
225282
225282
225282
225282
225282
225282
225282
225282
225282
225282
225282
236593
236593
236593
236593
236593
236593
236593
226757
226757
226757
226757
226757
226757
236593
236593
236593
236593
236593
236593
236593
236593
236593
236593
236593
236593
236593
236593
236593
236593
236593
236593
236593
236593
236593
236593
0
236593
236593
236593
236593
236593
236593
236593
236394
236294
236294
236394
236363
236363
151629
144404
144404
144404
144410
144406
144400
144400
144400
144400
144400
144398
144398
162112
162112
162119
162119
162119
162119
162119
162119
162119
162119
162119
162119
162119
162119
162119
162119
162119
162119
162119
162123
162119
162119
0
162119
162123
162123
162123
162123
162123
162123
162119
162119
162119
162119
162119
162119
162123
162119
162119
162119
162119
162119
162119
162119
162119
162119
162119
162119
148439
148439
148439
148439
148439
148439
148439
0
0
0
0
0
0
148929
148929
148930
148930
148929
148929
148929
148930
148929
148929
141405
141405
141405
141405
141405
141405
141405
0
141405
141405
141405
141405
141405
141405
141405
141405
139108
139108
139108
139108
139108
139108
139108
139108
139108
0
0
139144
139144
139144
139144
139144
139144
139144
139144
139144
139144
0
139144
139144
139144
139144
139144
139144
139144
139144
139144
139144
139144
139144
139144
139144
148447
148447
148447
148447
148447
148967
148967
148447
148447
148447
148447
148447
148447
148447
148447
148447
148447
148447
148447
148447
148447
148447
148447
148447
148447
162897
162897
162897
162897
162897
162897
162897
162897
162897
162897
162897
162897
162897
162897
138465
138465
138465
138465
138465
148447
145287
148979
148979
148979
148979
148987
148979
148987
148987
163119
148987
148987
148987
148987
148987
148987
148987
148987
148987
148987
148987
148987
148987
148987
148987
148987
148987
148987
148987
148987
148987
148987
148987
148987
148987
148987
148987
148987
148987
148987
148987
148987
148987
148987
148987
148987
148987
148987
148987
148987
148987
148987
148987
148987
148987
148987
148987
148987
148987
148987
148987
148987
148987
148987
148987
148987
148987
148987
0
148994
148994
148994
149006
149006
148994
148994
149006
149006
149006
148994
148994
149006
148994
148994
148996
148996
148994
148996
149006
148996
148996
148996
148996
148996
148996
148996
148996
148996
148996
148996
149006
149006
149006
149006
148994
149006
149006
149006
149006
149006
149006
149006
149006
149006
149006
149006
149006
149006
149006
149006
149006
149010
149006
149006
149010
149010
149010
149010
149010
149010
149010
149010
149010
149010
149010
149010
149010
149010
149010
149010
149010
149010
149010
149010
149010
149010
149010
149008
149008
149008
149010
149008
149008
149008
149008
149008
149008
149008
149008
149008
149008
149008
139238
139238
149008
149008
139238
139238
139238
139238
139238
139238
140801
139238
139238
139238
139238
140801
139238
139238
140801
149008
149008
140801
149008
140801
149008
149008
149008
149008
149008
140801
140801
140801
140801
140801
140801
139238
139238
139238
139238
139238
139238
139238
139238
139238
139238
139238
139238
139238
139238
139238
139238
139238
139238
139238
139238
139238
139238
139238
139238
139238
139238
139238
139238
139238
139238
139238
139238
139238
139238
139238
139238
140783
140783
140783
140783
140783
140783
140783
140783
140783
140783
140783
140783
140783
140783
140783
140783
140783
140783
140783
140783
140783
140783
140783
140783
140783
140783
140783
140783
140783
140783
140783
0
140783
140783
140783
140783
140783
140783
140783
140783
140783
140783
140783
140783
140783
140783
0
140783
140783
140783
140783
140783
140783
140783
140783
0
140783
140783
140783
140783
140783
140783
140783
140783
140783
140783
140783
140783
140783
140783
140783
140783
140783
140783
140783
140783
140783
140783
140783
140783
140783
140783
140783
140783
140783
140783
140783
0
140783
140783
140783
140783
140783
140783
140783
140783
140783
140783
140783
140783
140783
140783
140783
140783
140783
139238
139238
139238
142806
142806
142806
142806
142806
142806
142806
142806
142806
142806
142806
142806
142806
142806
142806
142806
142806
142806
142806
142806
142806
142806
142806
142806
142806
142806
142806
142806
142806
142806
142806
142806
142806
149026
149026
142806
149026
149026
149026
149026
149026
149026
149026
149026
142806
142806
149026
149026
149026
149026
149026
149026
149026
149026
149026
149026
142806
149026
149026
149026
149026
149026
0
149026
149026
149026
149026
149026
149026
149026
0
149026
149026
149026
149026
149026
149026
149026
142305
142305
142305
142305
142305
142305
142305
142305
142305
142305
142305
142305
142305
142305
142305
142305
142305
142305
142305
142305
142305
142305
142305
142305
142305
142305
142305
142305
142305
142305
142305
142305
142305
142305
142305
142305
142305
142305
142305
142305
142305
142305
142305
142305
