39.985395 116.448631 85408.000000
39.985433 116.448465 85409.000000
39.985374 116.448589 85411.000000
39.986362 116.449651 85414.000000
39.986360 116.449759 85419.000000
39.986325 116.449852 85424.000000
39.986280 116.449929 85429.000000
39.986231 116.449973 85434.000000
39.986168 116.450003 85439.000000
39.986048 116.449885 85444.000000
39.985998 116.449916 85449.000000
39.985952 116.449969 85454.000000
39.985927 116.450047 85459.000000
39.985873 116.450092 85464.000000
39.985841 116.450165 85469.000000
39.985812 116.450225 85474.000000
39.985714 116.450273 85479.000000
39.985672 116.450338 85484.000000
39.985651 116.450374 85489.000000
39.985619 116.450456 85494.000000
39.985598 116.450525 85499.000000
39.985561 116.450530 85504.000000
39.985496 116.450543 85509.000000
39.985411 116.450538 85514.000000
39.985350 116.450492 85519.000000
39.985316 116.450496 85524.000000
39.985267 116.450473 85529.000000
39.985212 116.450467 85534.000000
39.985161 116.450446 85539.000000
39.985100 116.450446 85544.000000
39.985037 116.450443 85549.000000
39.984967 116.450458 85554.000000
39.984879 116.450492 85559.000000
39.984823 116.450501 85564.000000
39.984728 116.450560 85569.000000
39.984659 116.450577 85574.000000
39.984631 116.450592 85579.000000
39.984620 116.450554 85584.000000
39.984583 116.450519 85589.000000
39.984568 116.450411 85594.000000
39.984470 116.450473 85598.000000
39.984390 116.450499 85603.000000
39.984345 116.450499 85608.000000
39.984315 116.450478 85613.000000
39.984208 116.450538 85617.000000
39.984131 116.450586 85622.000000
39.984096 116.450632 85627.000000
39.984072 116.450736 85632.000000
39.984060 116.450845 85637.000000
39.984072 116.450970 85640.000000
39.984069 116.451056 85645.000000
39.984044 116.451133 85650.000000
39.984041 116.451131 85970.000000
39.984039 116.451128 86290.000000
39.984036 116.451126 86610.000000
39.984033 116.451123 86930.000000
39.984030 116.451121 87250.000000
39.984028 116.451119 87570.000000
39.984025 116.451116 87890.000000
39.984022 116.451114 88210.000000
39.984020 116.451112 88530.000000
39.984017 116.451109 88850.000000
39.984014 116.451107 89170.000000
39.984012 116.451104 89490.000000
39.984009 116.451102 89810.000000
39.984006 116.451100 90130.000000
39.984004 116.451097 90450.000000
39.984001 116.451095 90770.000000
39.983998 116.451093 91090.000000
39.983995 116.451090 91410.000000
39.983993 116.451088 91730.000000
39.983990 116.451086 92050.000000
39.983987 116.451083 92370.000000
39.983985 116.451081 92690.000000
39.983982 116.451078 93010.000000
39.983979 116.451076 93330.000000
39.983976 116.451074 93650.000000
39.983974 116.451071 93970.000000
39.983971 116.451069 94290.000000
39.983968 116.451066 94610.000000
39.983966 116.451064 94930.000000
39.983963 116.451062 95250.000000
39.983960 116.451059 95570.000000
39.983958 116.451057 95890.000000
39.983955 116.451055 96210.000000
39.983952 116.451052 96530.000000
39.983950 116.451050 96850.000000
39.983947 116.451048 97170.000000
39.983944 116.451045 97490.000000
39.983941 116.451043 97810.000000
39.983939 116.451040 98130.000000
39.983936 116.451038 98450.000000
39.983933 116.451036 98770.000000
39.983931 116.451033 99090.000000
39.983928 116.451031 99410.000000
39.983925 116.451028 99730.000000
39.983922 116.451026 100050.000000
39.983920 116.451024 100370.000000
39.983917 116.451021 100690.000000
39.983914 116.451019 101010.000000
39.983912 116.451017 101330.000000
39.983909 116.451014 101650.000000
39.983906 116.451012 101970.000000
39.983904 116.451009 102290.000000
39.983901 116.451007 102610.000000
39.983898 116.451005 102930.000000
39.983896 116.451002 103250.000000
39.983893 116.451000 103570.000000
39.983890 116.450998 103890.000000
39.983887 116.450995 104210.000000
39.983885 116.450993 104530.000000
39.983882 116.450990 104850.000000
39.983879 116.450988 105170.000000
39.983877 116.450986 105490.000000
39.983874 116.450983 105810.000000
39.983871 116.450981 106130.000000
39.983868 116.450979 106450.000000
39.983866 116.450976 106770.000000
39.983863 116.450974 107090.000000
39.983860 116.450971 107410.000000
39.983858 116.450969 107730.000000
39.983855 116.450967 108050.000000
39.983852 116.450964 108370.000000
39.983850 116.450962 108690.000000
39.983847 116.450960 109010.000000
39.983844 116.450957 109330.000000
39.983842 116.450955 109650.000000
39.983839 116.450952 109970.000000
39.983836 116.450950 110290.000000
39.983833 116.450948 110610.000000
39.983831 116.450945 110930.000000
39.983828 116.450943 85970.000000
39.983795 116.450975 85975.000000
39.982996 116.450028 86007.000000
39.982197 116.449082 86039.000000
39.981397 116.448135 86071.000000
39.980598 116.447188 86103.000000
39.979799 116.446241 86135.000000
39.979000 116.445294 86167.000000
39.978200 116.444348 86199.000000
39.977401 116.443401 86007.000000
39.978088 116.444831 86009.000000
39.977261 116.443554 86036.000000
39.976434 116.442278 86063.000000
39.975606 116.441001 86090.000000
39.974779 116.439725 86117.000000
39.973952 116.438449 86144.000000
39.973125 116.437172 86036.000000
39.973234 116.437356 86037.000000
39.973487 116.437777 86040.000000
39.973557 116.437890 86041.000000
39.973614 116.437980 86042.000000
39.973716 116.438357 86070.000000
39.973818 116.438733 86098.000000
39.973920 116.439110 86126.000000
39.974021 116.439487 86154.000000
39.974123 116.439864 86182.000000
39.974225 116.440240 86210.000000
39.974327 116.440617 86070.000000
39.974432 116.440724 86071.000000
39.974539 116.440846 86072.000000
39.974610 116.440934 86073.000000
39.974794 116.441211 86167.000000
39.974979 116.441487 86261.000000
39.975163 116.441764 86355.000000
39.975348 116.442041 86449.000000
39.975532 116.442318 86543.000000
39.975717 116.442594 86637.000000
39.975901 116.442871 86731.000000
39.976086 116.443148 86825.000000
39.976270 116.443425 86919.000000
39.976455 116.443701 87013.000000
39.976639 116.443978 87107.000000
39.976824 116.444255 87201.000000
39.977008 116.444532 87295.000000
39.977193 116.444808 87389.000000
39.977377 116.445085 87483.000000
39.977562 116.445362 87577.000000
39.977746 116.445639 87671.000000
39.977931 116.445915 87765.000000
39.978115 116.446192 87859.000000
39.978300 116.446469 87953.000000
39.978484 116.446746 88047.000000
39.978669 116.447022 88141.000000
39.978853 116.447299 86167.000000
39.980821 116.449561 86170.000000
39.980961 116.449729 86171.000000
39.981026 116.449814 86172.000000
39.981026 116.449814 86175.000000
39.981027 116.449816 86177.000000
39.980995 116.449801 86182.000000
39.980938 116.449827 86187.000000
39.980824 116.449782 86191.000000
39.980708 116.449694 86194.000000
39.980594 116.449616 86197.000000
39.980500 116.449588 86201.000000
39.980400 116.449529 86205.000000
39.980314 116.449447 86208.000000
39.980237 116.449368 86210.000000
39.980155 116.449286 86213.000000
39.980054 116.449212 86217.000000
39.979950 116.449166 86221.000000
39.979841 116.449098 86225.000000
39.979742 116.449009 86228.000000
39.979662 116.448948 86230.000000
39.979586 116.448879 86232.000000
39.979476 116.448782 86235.000000
39.979228 116.448638 86245.000000
39.978981 116.448494 86245.000000
39.978858 116.448408 86247.000000
39.978741 116.448260 86249.000000
39.978662 116.448188 86251.000000
39.978553 116.448102 86253.000000
39.978333 116.447857 86255.000000
39.978225 116.447731 86256.000000
39.978146 116.447629 86257.000000
39.978064 116.447529 86258.000000
39.977948 116.447383 86260.000000
39.977843 116.447249 86262.000000
39.977702 116.447081 86264.000000
39.977632 116.447002 86265.000000
39.977527 116.446887 86267.000000
39.977443 116.446803 86270.000000
39.977378 116.446765 86275.000000
39.977402 116.446713 86280.000000
39.977394 116.446701 86285.000000
39.977293 116.446599 86288.000000
39.977194 116.446533 86290.000000
39.977074 116.446433 86292.000000
39.977002 116.446333 86293.000000
39.976886 116.446230 86295.000000
39.976752 116.446112 86297.000000
39.976605 116.445980 86299.000000
39.976449 116.445860 86301.000000
39.976306 116.445730 86303.000000
39.976170 116.445623 86305.000000
39.976051 116.445514 86307.000000
39.975941 116.445408 86309.000000
39.975835 116.445316 86311.000000
39.975737 116.445249 86314.000000
