39.985510 116.358898
39.985464 116.360094
39.985510 116.361359
0.000000 0.000000
0.000000 0.000000
39.985356 116.364992
39.985792 116.365521
0.000000 0.000000
0.000000 0.000000
39.985889 116.369394
0.000000 0.000000
0.000000 0.000000
39.985611 116.372601
0.000000 0.000000
0.000000 0.000000
0.000000 0.000000
39.986486 116.377808
39.986194 116.378755
39.986447 116.379719
0.000000 0.000000
39.986429 116.382340
39.986417 116.383432
0.000000 0.000000
39.986508 116.386221
39.986573 116.387777
0.000000 0.000000
0.000000 0.000000
0.000000 0.000000
39.986780 116.393240
39.986689 116.393796
39.986828 116.394021
39.986864 116.394260
39.986967 116.394545
39.987191 116.394688
39.987242 116.394863
39.987480 116.394911
39.987516 116.395022
39.987878 116.394921
39.988168 116.394903
39.988565 116.394896
39.988574 116.394819
39.989709 116.394836
0.000000 0.000000
0.000000 0.000000
0.000000 0.000000
0.000000 0.000000
0.000000 0.000000
0.000000 0.000000
0.000000 0.000000
0.000000 0.000000
0.000000 0.000000
0.000000 0.000000
0.000000 0.000000
0.000000 0.000000
0.000000 0.000000
0.000000 0.000000
0.000000 0.000000
0.000000 0.000000
39.993337 116.398133
39.993338 116.398133
39.993530 116.399597
39.993407 116.400270
39.993389 116.400485
39.993360 116.400524
39.993447 116.400877
39.993461 116.401311
39.993463 116.401471
39.993465 116.401656
39.993468 116.401868
39.993471 116.402105
39.993474 116.402347
39.993486 116.402602
39.993500 116.402886
39.993516 116.403186
39.993528 116.403420
39.993528 116.403420
39.993907 116.404288
39.993818 116.404521
39.993731 116.404746
39.993649 116.404963
39.993579 116.405143
39.993517 116.405306
39.993465 116.405441
39.993427 116.405541
39.993414 116.405575
39.993665 116.406166
39.993640 116.406166
39.993404 116.405599
39.993383 116.405655
39.993341 116.405765
39.993617 116.406166
39.993585 116.407504
39.993560 116.407865
39.993584 116.407866
0.000000 0.000000
0.000000 0.000000
39.993568 116.410343
39.993688 116.410516
39.993877 116.410913
39.993870 116.411168
39.993862 116.411413
39.993854 116.411682
0.000000 0.000000
0.000000 0.000000
39.993527 116.412715
39.993424 116.412836
39.993335 116.412941
39.993269 116.413018
39.993121 116.413191
39.993021 116.413310
39.992890 116.413463
39.992980 116.413888
39.992645 116.413750
39.992377 116.414394
39.992382 116.414505
39.992385 116.414562
39.992386 116.414573
39.992383 116.414526
39.992383 116.414510
39.992384 116.414535
39.992385 116.414551
39.992385 116.414553
0.000000 0.000000
39.992384 116.414546
0.000000 0.000000
0.000000 0.000000
0.000000 0.000000
0.000000 0.000000
0.000000 0.000000
0.000000 0.000000
0.000000 0.000000
0.000000 0.000000
39.992386 116.414592
39.992387 116.414602
39.992387 116.414598
39.992387 116.414593
39.992387 116.414594
39.992387 116.414595
39.992389 116.414636
39.992391 116.414691
39.992392 116.414714
39.992393 116.414724
39.992393 116.414727
39.992392 116.414705
39.992391 116.414691
