39.967330 116.410050 38287
39.967310 116.409953 38291
39.967260 116.409847 38298
39.967335 116.409778 38303
39.967392 116.409692 38307
39.967478 116.409663 38312
39.967518 116.409752 38328
39.967537 116.409847 38330
39.967555 116.409972 38332
39.967572 116.410097 38334
39.967575 116.410227 38336
39.967577 116.410342 38338
39.967577 116.410445 38340
39.967577 116.410537 38342
39.967583 116.410652 38345
39.967618 116.410758 38349
39.967718 116.410707 38354
39.967788 116.410567 38356
39.967820 116.410447 38358
39.967867 116.410310 38360
39.967913 116.410125 38362
39.967935 116.410010 38363
39.967948 116.409892 38364
39.967960 116.409767 38365
39.967960 116.409635 38366
39.967952 116.409497 38367
39.967948 116.409363 38368
39.967943 116.409228 38369
39.967940 116.409097 38370
39.967935 116.408968 38371
39.967928 116.408842 38372
39.967922 116.408722 38373
39.967912 116.408598 38374
39.967900 116.408480 38375
39.967885 116.408360 38376
39.967872 116.408237 38377
39.967858 116.408107 38378
39.967847 116.407972 38379
39.967835 116.407835 38380
39.967827 116.407703 38381
39.967823 116.407577 38382
39.967822 116.407453 38383
39.967820 116.407332 38384
39.967817 116.407207 38385
39.967810 116.407075 38386
39.967810 116.406933 38387
39.967813 116.406785 38388
39.967810 116.406630 38389
39.967808 116.406475 38390
39.967805 116.406317 38391
39.967800 116.406160 38392
39.967795 116.406003 38393
39.967790 116.405852 38394
39.967787 116.405703 38395
39.967785 116.405558 38396
39.967782 116.405418 38397
39.967778 116.405280 38398
39.967775 116.405138 38399
39.967772 116.404995 38400
39.967767 116.404848 38401
39.967762 116.404700 38402
39.967757 116.404545 38403
39.967755 116.404387 38404
39.967750 116.404222 38405
39.967745 116.404053 38406
39.967740 116.403880 38407
39.967747 116.403703 38408
39.967747 116.403520 38409
39.967740 116.403338 38410
39.967733 116.403157 38411
39.967727 116.402973 38412
39.967722 116.402787 38413
39.967715 116.402602 38414
39.967727 116.402425 38415
39.967730 116.402252 38416
39.967722 116.402087 38417
39.967710 116.401927 38418
39.967700 116.401773 38419
39.967688 116.401632 38420
39.967680 116.401507 38421
39.967670 116.401387 38422
39.967660 116.401270 38423
39.967650 116.401147 38424
39.967640 116.401013 38425
39.967632 116.400877 38426
39.967623 116.400738 38427
39.967615 116.400598 38428
39.967608 116.400458 38429
39.967600 116.400323 38430
39.967592 116.400192 38431
39.967588 116.400065 38432
39.967585 116.399943 38433
39.967580 116.399820 38434
39.967577 116.399698 38435
39.967573 116.399577 38436
39.967570 116.399458 38437
39.967567 116.399337 38438
39.967562 116.399213 38439
39.967555 116.399088 38440
39.967550 116.398965 38441
39.967545 116.398847 38442
39.967542 116.398725 38443
39.967538 116.398598 38444
39.967535 116.398468 38445
39.967532 116.398337 38446
39.967527 116.398203 38447
39.967527 116.398068 38448
39.967523 116.397930 38449
39.967518 116.397792 38450
39.967517 116.397650 38451
39.967513 116.397505 38452
39.967512 116.397355 38453
39.967508 116.397200 38454
39.967503 116.397047 38455
39.967498 116.396893 38456
39.967490 116.396740 38457
39.967480 116.396583 38458
39.967470 116.396423 38459
39.967462 116.396260 38460
39.967448 116.396098 38461
39.967443 116.395933 38462
39.967432 116.395773 38463
39.967423 116.395612 38464
39.967412 116.395448 38465
39.967410 116.395285 38466
39.967407 116.395125 38467
39.967407 116.394967 38468
39.967403 116.394805 38469
39.967392 116.394642 38470
39.967380 116.394477 38471
39.967370 116.394310 38472
39.967365 116.394143 38473
39.967360 116.393982 38474
39.967370 116.393815 38475
39.967377 116.393655 38476
39.967377 116.393492 38477
39.967382 116.393323 38478
39.967392 116.393152 38479
39.967393 116.392977 38480
39.967388 116.392803 38481
39.967392 116.392627 38482
39.967373 116.392452 38483
39.967363 116.392275 38484
39.967362 116.392100 38485
39.967360 116.391925 38486
39.967352 116.391750 38487
39.967358 116.391577 38488
39.967353 116.391407 38489
39.967352 116.391242 38490
39.967348 116.391080 38491
39.967343 116.390922 38492
39.967365 116.390762 38493
39.967352 116.390607 38494
39.967330 116.390460 38495
39.967318 116.390312 38496
39.967308 116.390162 38497
39.967302 116.390008 38498
39.967295 116.389847 38499
39.967288 116.389683 38500
39.967282 116.389517 38501
39.967275 116.389347 38502
39.967270 116.389172 38503
39.967265 116.388992 38504
39.967260 116.388808 38505
39.967255 116.388623 38506
39.967248 116.388438 38507
39.967243 116.388255 38508
39.967228 116.388085 38509
39.967218 116.387928 38510
39.967208 116.387747 38511
39.967200 116.387577 38512
39.967198 116.387423 38513
39.967197 116.387280 38514
39.967195 116.387142 38515
39.967193 116.387008 38516
39.967190 116.386878 38517
39.967187 116.386748 38518
39.967183 116.386617 38519
39.967180 116.386482 38520
39.967177 116.386343 38521
39.967173 116.386203 38522
39.967172 116.386063 38523
39.967168 116.385930 38524
39.967167 116.385803 38525
39.967163 116.385685 38526
39.967162 116.385570 38527
39.967158 116.385457 38528
39.967155 116.385340 38529
39.967152 116.385222 38530
39.967148 116.385107 38531
39.967145 116.384993 38532
39.967143 116.384887 38533
39.967143 116.384787 38534
39.967148 116.384695 38535
39.967152 116.384528 38537
39.967148 116.384390 38539
39.967138 116.384242 38541
39.967132 116.384067 38543
39.967128 116.383975 38544
39.967123 116.383878 38545
39.967117 116.383773 38546
39.967115 116.383662 38547
39.967115 116.383547 38548
39.967113 116.383433 38549
39.967112 116.383315 38550
39.967110 116.383200 38551
39.967107 116.383085 38552
39.967135 116.382973 38553
39.967138 116.382858 38554
39.967137 116.382740 38555
39.967135 116.382625 38556
39.967130 116.382508 38557
39.967130 116.382388 38558
39.967140 116.382268 38559
39.967173 116.382152 38560
39.967183 116.382028 38561
39.967185 116.381898 38562
39.967180 116.381763 38563
39.967172 116.381633 38564
39.967157 116.381505 38565
39.967140 116.381378 38566
39.967122 116.381252 38567
39.967123 116.381127 38568
39.967122 116.381000 38569
39.967100 116.380873 38570
39.967103 116.380745 38571
39.967088 116.380615 38572
39.967070 116.380485 38573
39.967057 116.380352 38574
39.967053 116.380218 38575
39.967047 116.380083 38576
39.967042 116.379948 38577
39.967035 116.379813 38578
39.967033 116.379682 38579
39.967032 116.379552 38580
39.967030 116.379422 38581
39.967027 116.379293 38582
39.967050 116.379162 38583
39.967042 116.379032 38584
39.967030 116.378897 38585
39.967025 116.378762 38586
39.967017 116.378630 38587
39.967008 116.378498 38588
39.967002 116.378367 38589
39.966995 116.378232 38590
39.966988 116.378100 38591
39.966985 116.377972 38592
39.966982 116.377850 38593
39.966978 116.377733 38594
39.966973 116.377617 38595
39.966970 116.377507 38596
39.966967 116.377405 38597
39.966965 116.377303 38598
39.966962 116.377205 38599
39.966960 116.377103 38600
39.966958 116.377000 38601
39.966955 116.376890 38602
39.966955 116.376782 38603
39.966955 116.376673 38604
39.966953 116.376568 38605
39.966950 116.376460 38606
39.966945 116.376352 38607
39.966940 116.376240 38608
39.966935 116.376123 38609
39.966928 116.376003 38610
39.966923 116.375873 38611
39.966918 116.375732 38612
39.966913 116.375577 38613
39.966908 116.375408 38614
39.966908 116.375233 38615
39.966910 116.375053 38616
39.966913 116.374872 38617
39.966913 116.374685 38618
39.966912 116.374497 38619
39.966912 116.374310 38620
39.966917 116.374125 38621
39.966907 116.373948 38622
39.966902 116.373792 38623
39.966897 116.373640 38624
39.966877 116.373483 38625
39.966867 116.373320 38626
39.966863 116.373173 38627
39.966848 116.373023 38628
39.966835 116.372863 38629
39.966843 116.372698 38630
39.966845 116.372527 38631
39.966845 116.372353 38632
39.966843 116.372182 38633
39.966845 116.372013 38634
39.966847 116.371847 38635
39.966845 116.371675 38636
39.966840 116.371505 38637
39.966835 116.371333 38638
39.966830 116.371158 38639
39.966825 116.370987 38640
39.966820 116.370825 38641
39.966815 116.370668 38642
39.966815 116.370518 38643
39.966815 116.370373 38644
39.966810 116.370230 38645
39.966808 116.370095 38646
39.966807 116.369957 38647
39.966805 116.369818 38648
39.966808 116.369677 38649
39.966802 116.369532 38650
39.966797 116.369393 38651
39.966790 116.369255 38652
39.966788 116.369115 38653
39.966783 116.368970 38654
39.966777 116.368832 38655
39.966767 116.368693 38656
39.966763 116.368548 38657
39.966762 116.368387 38658
39.966757 116.368233 38659
39.966755 116.368077 38660
39.966752 116.367915 38661
39.966750 116.367750 38662
39.966750 116.367583 38663
39.966748 116.367410 38664
39.966745 116.367237 38665
39.966742 116.367057 38666
39.966738 116.366875 38667
39.966732 116.366690 38668
39.966725 116.366510 38669
39.966720 116.366333 38670
39.966713 116.366163 38671
39.966710 116.365998 38672
39.966703 116.365832 38673
39.966698 116.365672 38674
39.966692 116.365513 38675
39.966690 116.365362 38676
39.966693 116.365213 38677
39.966695 116.365065 38678
39.966693 116.364920 38679
39.966688 116.364775 38680
39.966688 116.364628 38681
39.966697 116.364487 38682
39.966697 116.364342 38683
39.966690 116.364195 38684
39.966680 116.364048 38685
39.966670 116.363902 38686
39.966663 116.363753 38687
39.966655 116.363607 38688
39.966648 116.363462 38689
39.966642 116.363315 38690
39.966635 116.363170 38691
39.966630 116.363027 38692
39.966625 116.362885 38693
39.966623 116.362740 38694
39.966622 116.362593 38695
39.966618 116.362443 38696
39.966615 116.362295 38697
39.966610 116.362150 38698
39.966605 116.362005 38699
39.966600 116.361858 38700
39.966595 116.361710 38701
39.966588 116.361562 38702
39.966585 116.361413 38703
39.966580 116.361262 38704
39.966577 116.361113 38705
39.966572 116.360965 38706
39.966568 116.360815 38707
39.966563 116.360667 38708
39.966555 116.360507 38709
39.966545 116.360343 38710
39.966535 116.360177 38711
39.966527 116.360007 38712
39.966522 116.359838 38713
39.966517 116.359663 38714
39.966512 116.359480 38715
39.966503 116.359295 38716
39.966493 116.359102 38717
39.966488 116.358903 38718
39.966487 116.358700 38719
39.966490 116.358497 38720
39.966493 116.358285 38721
39.966492 116.358068 38722
39.966492 116.357855 38723
39.966490 116.357650 38724
39.966487 116.357448 38725
39.966485 116.357252 38726
39.966483 116.357058 38727
39.966483 116.356872 38728
39.966483 116.356687 38729
39.966485 116.356503 38730
39.966485 116.356315 38731
39.966485 116.356123 38732
39.966487 116.355933 38733
39.966488 116.355743 38734
39.966488 116.355553 38735
39.966490 116.355362 38736
39.966493 116.355168 38737
39.966500 116.354972 38738
39.966507 116.354773 38739
39.966515 116.354577 38740
39.966517 116.354378 38741
39.966518 116.354185 38742
39.966515 116.354003 38743
39.966512 116.353828 38744
39.966510 116.353653 38745
39.966507 116.353477 38746
39.966508 116.353300 38747
39.966512 116.353132 38748
39.966510 116.352967 38749
39.966513 116.352818 38750
39.966515 116.352682 38751
39.966517 116.352553 38752
39.966518 116.352418 38753
39.966520 116.352292 38754
39.966525 116.352168 38755
39.966532 116.352043 38756
39.966535 116.351920 38757
39.966538 116.351795 38758
39.966542 116.351667 38759
39.966533 116.351535 38760
39.966535 116.351398 38761
39.966538 116.351263 38762
39.966555 116.351125 38763
39.966570 116.350983 38764
39.966577 116.350838 38765
39.966577 116.350702 38766
39.966590 116.350573 38767
39.966622 116.350445 38768
39.966665 116.350320 38769
39.966713 116.350188 38770
39.966765 116.350055 38771
39.966813 116.349920 38772
39.966863 116.349790 38773
39.966930 116.349667 38774
39.966987 116.349542 38775
39.967045 116.349418 38776
39.967100 116.349295 38777
39.967162 116.349170 38778
39.967213 116.349050 38779
39.967267 116.348930 38780
39.967318 116.348820 38781
39.967333 116.348690 38783
39.967375 116.348583 38785
39.967447 116.348492 38787
39.967548 116.348438 38789
39.967697 116.348420 38791
39.967867 116.348412 38793
39.967962 116.348407 38794
39.968065 116.348400 38795
39.968177 116.348392 38796
39.968293 116.348383 38797
39.968413 116.348375 38798
39.968537 116.348365 38799
39.968670 116.348357 38800
39.968805 116.348350 38801
39.968942 116.348342 38802
39.969082 116.348338 38803
39.969223 116.348335 38804
39.969368 116.348327 38805
39.969513 116.348312 38806
39.969662 116.348297 38807
39.969812 116.348283 38808
39.969962 116.348272 38809
39.970112 116.348260 38810
39.970263 116.348253 38811
39.970413 116.348245 38812
39.970562 116.348240 38813
39.970708 116.348237 38814
39.970853 116.348232 38815
39.970998 116.348225 38816
39.971140 116.348217 38817
39.971282 116.348212 38818
39.971422 116.348203 38819
39.971562 116.348197 38820
39.971703 116.348192 38821
39.971843 116.348185 38822
39.971985 116.348180 38823
39.972127 116.348177 38824
39.972268 116.348173 38825
39.972405 116.348163 38826
39.972542 116.348158 38827
39.972682 116.348157 38828
39.972830 116.348162 38829
39.972972 116.348155 38830
39.973113 116.348150 38831
39.973258 116.348143 38832
39.973403 116.348133 38833
39.973550 116.348125 38834
39.973695 116.348115 38835
39.973837 116.348107 38836
39.973975 116.348098 38837
39.974107 116.348092 38838
39.974223 116.348073 38839
39.974335 116.348060 38840
39.974447 116.348052 38841
39.974558 116.348045 38842
39.974668 116.348038 38843
39.974777 116.348032 38844
39.974887 116.348023 38845
39.975000 116.348010 38846
39.975117 116.347995 38847
39.975238 116.347980 38848
39.975362 116.347965 38849
39.975488 116.347955 38850
39.975615 116.347945 38851
39.975743 116.347935 38852
39.975877 116.347927 38853
39.976013 116.347918 38854
39.976157 116.347910 38855
39.976303 116.347902 38856
39.976455 116.347895 38857
39.976608 116.347887 38858
39.976768 116.347877 38859
39.976928 116.347868 38860
39.977092 116.347858 38861
39.977253 116.347850 38862
39.977415 116.347842 38863
39.977575 116.347837 38864
39.977730 116.347827 38865
39.977887 116.347818 38866
39.978040 116.347813 38867
39.978195 116.347797 38868
39.978340 116.347787 38869
39.978488 116.347775 38870
39.978640 116.347777 38871
39.978788 116.347773 38872
39.978938 116.347763 38873
39.979085 116.347753 38874
39.979230 116.347745 38875
39.979375 116.347738 38876
39.979517 116.347727 38877
39.979655 116.347720 38878
39.979783 116.347712 38879
39.979908 116.347717 38880
39.980022 116.347713 38881
39.980128 116.347707 38882
39.980228 116.347702 38883
39.980327 116.347697 38884
39.980422 116.347692 38885
39.980512 116.347688 38886
