40.075665 116.319952 22412
40.075703 116.320067 22413
40.075738 116.320177 22414
40.075773 116.320285 22415
40.075807 116.320390 22416
40.075842 116.320495 22417
40.075877 116.320600 22418
40.075912 116.320703 22419
40.075947 116.320810 22420
40.075982 116.320915 22421
40.076017 116.321023 22422
40.076050 116.321127 22423
40.076082 116.321227 22424
40.076112 116.321320 22425
40.076165 116.321483 22427
40.076213 116.321623 22429
40.076257 116.321750 22431
40.076297 116.321865 22433
40.076328 116.321957 22435
40.076365 116.322062 22453
40.076397 116.322158 22456
40.076430 116.322252 22459
40.076463 116.322345 22462
40.076497 116.322448 22466
40.076538 116.322535 22478
40.076593 116.322610 22480
40.076672 116.322685 22482
40.076763 116.322733 22484
40.076880 116.322723 22486
40.077013 116.322663 22488
40.077152 116.322592 22490
40.077312 116.322510 22492
40.077398 116.322468 22493
40.077488 116.322427 22494
40.077580 116.322387 22495
40.077672 116.322343 22496
40.077767 116.322297 22497
40.077862 116.322250 22498
40.077958 116.322203 22499
40.078058 116.322157 22500
40.078158 116.322113 22501
40.078260 116.322068 22502
40.078358 116.322023 22503
40.078457 116.321977 22504
40.078553 116.321933 22505
40.078648 116.321888 22506
40.078743 116.321847 22507
40.078837 116.321802 22508
40.078932 116.321757 22509
40.079027 116.321715 22510
40.079122 116.321675 22511
40.079218 116.321635 22512
40.079313 116.321595 22513
40.079408 116.321553 22514
40.079503 116.321513 22515
40.079597 116.321472 22516
40.079692 116.321430 22517
40.079785 116.321388 22518
40.079880 116.321345 22519
40.079973 116.321300 22520
40.080070 116.321257 22521
40.080167 116.321213 22522
40.080267 116.321172 22523
40.080363 116.321130 22524
40.080460 116.321088 22525
40.080553 116.321047 22526
40.080647 116.321007 22527
40.080738 116.320967 22528
40.080828 116.320927 22529
40.080917 116.320885 22530
40.081008 116.320842 22531
40.081100 116.320800 22532
40.081187 116.320760 22533
40.081340 116.320690 22535
40.081482 116.320620 22537
40.081642 116.320545 22539
40.081725 116.320507 22540
40.081812 116.320465 22541
40.081902 116.320422 22542
40.081995 116.320378 22543
40.082087 116.320335 22544
40.082177 116.320293 22545
40.082262 116.320255 22546
40.082420 116.320187 22548
40.082570 116.320118 22550
40.082718 116.320050 22552
40.082847 116.319992 22554
40.082947 116.319947 22556
40.083032 116.319912 22558
40.083160 116.319853 22561
40.083262 116.319792 22563
40.083348 116.319698 22565
40.083403 116.319577 22567
40.083438 116.319428 22569
40.083440 116.319267 22571
40.083425 116.319090 22573
40.083415 116.318995 22574
40.083405 116.318895 22575
40.083392 116.318792 22576
40.083378 116.318688 22577
40.083365 116.318585 22578
40.083352 116.318483 22579
40.083338 116.318378 22580
40.083325 116.318273 22581
40.083312 116.318168 22582
40.083298 116.318065 22583
40.083287 116.317963 22584
40.083275 116.317860 22585
40.083263 116.317762 22586
40.083253 116.317663 22587
40.083243 116.317567 22588
40.083237 116.317470 22589
40.083225 116.317363 22590
40.083213 116.317252 22591
40.083200 116.317142 22592
40.083187 116.317033 22593
40.083173 116.316925 22594
40.083160 116.316820 22595
40.083148 116.316717 22596
40.083133 116.316612 22597
40.083122 116.316518 22598
40.083098 116.316357 22600
40.083075 116.316215 22602
40.083052 116.316068 22604
40.083038 116.315930 22606
40.083027 116.315802 22608
40.083017 116.315678 22610
40.083007 116.315553 22612
40.082993 116.315400 22614
40.082972 116.315230 22616
40.082953 116.315062 22618
40.082943 116.314967 22619
40.082933 116.314873 22620
40.082913 116.314700 22622
40.082893 116.314548 22624
40.082877 116.314433 22626
40.082860 116.314343 22629
40.082828 116.314227 22649
40.082773 116.314135 22652
40.082678 116.314078 22655
40.082543 116.314102 22658
40.082442 116.314153 22660
40.082330 116.314212 22662
40.082203 116.314270 22664
40.082072 116.314327 22666
40.081943 116.314395 22668
40.081808 116.314463 22670
40.081670 116.314530 22672
40.081533 116.314595 22674
40.081400 116.314657 22676
40.081270 116.314718 22678
40.081138 116.314777 22680
40.081012 116.314835 22682
40.080888 116.314890 22684
40.080765 116.314935 22686
40.080633 116.314982 22688
40.080507 116.315037 22690
40.080382 116.315097 22692
40.080253 116.315155 22694
40.080123 116.315215 22696
40.079993 116.315275 22698
40.079868 116.315330 22700
40.079740 116.315387 22702
40.079603 116.315445 22704
40.079450 116.315512 22706
40.079365 116.315548 22707
40.079278 116.315587 22708
40.079192 116.315620 22709
40.079045 116.315672 22711
40.078928 116.315713 22713
40.078833 116.315750 22715
40.078708 116.315805 22718
40.078620 116.315848 22720
40.078537 116.315890 22722
40.078453 116.315930 22724
40.078370 116.315968 22727
40.078272 116.316008 22739
40.078183 116.316050 22743
40.078095 116.316092 22758
40.078005 116.316137 22769
40.077907 116.316180 22774
40.077813 116.316222 22779
40.077727 116.316265 22783
40.077642 116.316310 22786
40.077545 116.316353 22789
40.077438 116.316400 22792
40.077352 116.316438 22794
40.077247 116.316488 22797
40.077155 116.316538 22800
40.077035 116.316607 22803
40.076937 116.316648 22805
40.076828 116.316690 22807
40.076715 116.316737 22809
40.076602 116.316787 22811
40.076502 116.316833 22813
40.076418 116.316872 22815
40.076335 116.316910 22817
40.076240 116.316948 22819
40.076150 116.316980 22821
40.076032 116.317018 22824
40.075935 116.317052 22827
40.075815 116.317093 22830
40.075695 116.317135 22833
40.075587 116.317165 22836
40.075482 116.317195 22839
40.075397 116.317227 22842
40.075302 116.317262 22846
40.075193 116.317285 22851
40.075105 116.317240 22854
40.075042 116.317167 22856
40.074995 116.317063 22858
40.074957 116.316942 22860
40.074920 116.316815 22862
40.074888 116.316667 22864
40.074852 116.316508 22866
40.074810 116.316348 22868
40.074773 116.316207 22870
40.074737 116.316078 22872
40.074703 116.315958 22874
40.074672 116.315843 22876
40.074642 116.315737 22878
40.074612 116.315640 22880
40.074577 116.315530 22883
40.074550 116.315443 22889
40.074520 116.315340 22894
40.074495 116.315252 22899
40.074473 116.315162 22905
40.074450 116.315073 22909
40.074418 116.314963 22912
40.074385 116.314848 22915
40.074360 116.314753 22918
40.074335 116.314657 22921
40.074312 116.314553 22925
40.074273 116.314448 22930
40.074240 116.314353 22934
40.074212 116.314258 22937
40.074182 116.314163 22940
40.074148 116.314052 22944
40.074120 116.313942 22948
40.074098 116.313848 22952
40.074063 116.313753 22960
40.074033 116.313663 22964
40.073990 116.313538 22967
40.073968 116.313447 22969
40.073937 116.313333 22972
40.073912 116.313240 22975
40.073885 116.313128 22978
40.073855 116.313037 22980
40.073817 116.312927 22983
40.073778 116.312813 22986
40.073735 116.312703 22989
40.073697 116.312595 22992
40.073668 116.312500 22995
40.073638 116.312403 22998
40.073600 116.312297 23001
40.073560 116.312178 23004
40.073520 116.312087 23006
40.073480 116.311970 23009
40.073442 116.311883 23011
