39.984803 116.320003 41548
39.984790 116.319872 41550
39.984755 116.319700 41552
39.984755 116.319588 41553
39.984745 116.319477 41554
39.984730 116.319357 41555
39.984730 116.319220 41556
39.984727 116.319082 41557
39.984722 116.318937 41558
39.984717 116.318785 41559
39.984710 116.318622 41560
39.984705 116.318460 41561
39.984700 116.318293 41562
39.984695 116.318125 41563
39.984690 116.317960 41564
39.984685 116.317793 41565
39.984680 116.317628 41566
39.984673 116.317460 41567
39.984667 116.317292 41568
39.984660 116.317123 41569
39.984653 116.316955 41570
39.984647 116.316787 41571
39.984640 116.316620 41572
39.984633 116.316455 41573
39.984628 116.316290 41574
39.984622 116.316125 41575
39.984617 116.315962 41576
39.984610 116.315803 41577
39.984605 116.315647 41578
39.984600 116.315495 41579
39.984595 116.315347 41580
39.984590 116.315203 41581
39.984585 116.315063 41582
39.984580 116.314927 41583
39.984575 116.314792 41584
39.984570 116.314653 41585
39.984567 116.314518 41586
39.984563 116.314395 41587
39.984560 116.314290 41588
39.984553 116.314148 41590
39.984548 116.314055 41592
39.984440 116.314037 41596
39.984342 116.314045 41598
39.984235 116.314100 41601
39.984205 116.314195 41603
39.984202 116.314345 41605
39.984202 116.314438 41606
39.984202 116.314537 41607
39.984200 116.314645 41608
39.984205 116.314772 41609
39.984200 116.314903 41610
39.984202 116.315042 41611
39.984197 116.315197 41612
39.984197 116.315360 41613
39.984205 116.315527 41614
39.984215 116.315700 41615
39.984222 116.315880 41616
39.984232 116.316063 41617
39.984248 116.316242 41618
39.984262 116.316430 41619
39.984275 116.316627 41620
39.984283 116.316828 41621
39.984293 116.317033 41622
39.984305 116.317240 41623
39.984310 116.317455 41624
39.984317 116.317675 41625
39.984328 116.317895 41626
39.984340 116.318113 41627
39.984353 116.318332 41628
39.984365 116.318555 41629
39.984377 116.318780 41630
39.984393 116.319002 41631
39.984408 116.319223 41632
39.984427 116.319443 41633
39.984443 116.319662 41634
39.984460 116.319882 41635
39.984482 116.320100 41636
39.984503 116.320318 41637
39.984528 116.320540 41638
39.984552 116.320758 41639
39.984568 116.320990 41640
39.984587 116.321208 41641
39.984605 116.321440 41642
39.984617 116.321670 41643
39.984617 116.321922 41644
39.984622 116.322163 41645
39.984627 116.322400 41646
39.984632 116.322637 41647
39.984633 116.322877 41648
39.984633 116.323098 41649
39.984633 116.323312 41650
39.984633 116.323538 41651
39.984642 116.323778 41652
39.984657 116.324010 41653
39.984648 116.324248 41654
39.984655 116.324490 41655
39.984660 116.324738 41656
39.984667 116.324987 41657
39.984677 116.325238 41658
39.984682 116.325490 41659
39.984692 116.325737 41660
39.984700 116.325978 41661
39.984703 116.326223 41662
39.984705 116.326468 41663
39.984710 116.326712 41664
39.984712 116.326952 41665
39.984713 116.327195 41666
39.984727 116.327455 41667
39.984722 116.327698 41668
39.984758 116.327927 41669
39.984775 116.328168 41670
39.984790 116.328408 41671
39.984800 116.328653 41672
39.984810 116.328903 41673
39.984807 116.329148 41674
39.984815 116.329413 41675
39.984823 116.329677 41676
39.984835 116.329918 41677
39.984848 116.330157 41678
39.984867 116.330393 41679
39.984888 116.330637 41680
39.984905 116.330885 41681
39.984922 116.331135 41682
39.984937 116.331382 41683
39.984950 116.331625 41684
39.984960 116.331863 41685
39.984973 116.332103 41686
39.984985 116.332335 41687
39.984995 116.332568 41688
39.984972 116.332820 41689
39.984955 116.333063 41690
39.984940 116.333303 41691
39.984960 116.333518 41692
39.984980 116.333733 41693
39.984997 116.333945 41694
39.985010 116.334162 41695
39.985023 116.334378 41696
39.985037 116.334597 41697
39.985052 116.334822 41698
39.985062 116.335045 41699
39.985070 116.335260 41700
39.985080 116.335467 41701
39.985090 116.335677 41702
39.985095 116.335890 41703
39.985100 116.336097 41704
39.985098 116.336307 41705
39.985097 116.336518 41706
39.985103 116.336725 41707
39.985107 116.336925 41708
39.985110 116.337132 41709
39.985113 116.337338 41710
39.985117 116.337543 41711
39.985125 116.337742 41712
39.985132 116.337930 41713
39.985137 116.338108 41714
39.985138 116.338277 41715
39.985143 116.338437 41716
39.985148 116.338593 41717
39.985148 116.338728 41718
39.985160 116.338868 41719
39.985168 116.339005 41720
39.985170 116.339140 41721
39.985175 116.339273 41722
39.985177 116.339418 41723
39.985178 116.339570 41724
39.985182 116.339728 41725
39.985187 116.339892 41726
39.985188 116.340067 41727
39.985188 116.340248 41728
39.985197 116.340430 41729
39.985207 116.340612 41730
39.985212 116.340813 41731
39.985217 116.341013 41732
39.985227 116.341207 41733
39.985235 116.341395 41734
39.985243 116.341580 41735
39.985248 116.341757 41736
39.985242 116.341912 41737
39.985235 116.342042 41738
39.985222 116.342172 41739
39.985213 116.342320 41740
39.985205 116.342452 41741
39.985202 116.342585 41742
39.985212 116.342743 41743
39.985223 116.342900 41744
39.985227 116.343060 41745
39.985225 116.343223 41746
39.985232 116.343397 41747
39.985237 116.343562 41748
39.985242 116.343725 41749
39.985252 116.343885 41750
39.985260 116.344045 41751
39.985267 116.344208 41752
39.985275 116.344378 41753
39.985280 116.344553 41754
39.985278 116.344730 41755
39.985278 116.344903 41756
39.985283 116.345065 41757
39.985283 116.345220 41758
39.985290 116.345367 41759
39.985297 116.345508 41760
39.985275 116.345660 41761
39.985262 116.345807 41762
39.985260 116.345928 41763
39.985262 116.346050 41764
39.985268 116.346165 41765
39.985242 116.346303 41766
39.985218 116.346428 41767
39.985197 116.346527 41768
39.985100 116.346630 41770
39.985092 116.346743 41772
39.985133 116.346833 41775
39.985242 116.346927 41793
39.985243 116.347027 41839
39.985320 116.347132 41842
39.985447 116.347147 41844
39.985542 116.347190 41846
39.985627 116.347232 41847
39.985708 116.347273 41848
39.985855 116.347292 41849
39.985970 116.347307 41850
39.986082 116.347305 41851
39.986195 116.347297 41852
39.986312 116.347292 41853
39.986438 116.347290 41854
39.986577 116.347282 41855
39.986722 116.347277 41856
39.986872 116.347270 41857
39.987025 116.347265 41858
39.987185 116.347262 41859
39.987347 116.347262 41860
39.987508 116.347260 41861
39.987668 116.347257 41862
39.987823 116.347252 41863
39.987978 116.347243 41864
39.988117 116.347245 41865
39.988260 116.347238 41866
39.988402 116.347232 41867
39.988542 116.347225 41868
39.988680 116.347220 41869
39.988818 116.347213 41870
39.988960 116.347210 41871
39.989105 116.347207 41872
39.989248 116.347202 41873
39.989387 116.347197 41874
39.989525 116.347192 41875
39.989663 116.347187 41876
39.989800 116.347183 41877
39.989938 116.347173 41878
39.990073 116.347162 41879
39.990207 116.347150 41880
39.990342 116.347138 41881
39.990462 116.347137 41882
39.990570 116.347145 41883
39.990685 116.347145 41884
39.990803 116.347145 41885
39.990918 116.347145 41886
39.991030 116.347150 41887
39.991142 116.347152 41888
39.991250 116.347152 41889
39.991358 116.347150 41890
39.991462 116.347148 41891
39.991558 116.347145 41892
39.991723 116.347140 41894
39.991855 116.347120 41896
39.991945 116.347100 41898
39.992028 116.347203 41902
39.992067 116.347328 41904
39.992067 116.347422 41905
39.992068 116.347517 41906
39.992068 116.347622 41907
39.992067 116.347738 41908
39.992067 116.347865 41909
39.992068 116.348002 41910
39.992072 116.348140 41911
39.992075 116.348280 41912
39.992078 116.348417 41913
39.992083 116.348543 41914
39.992088 116.348662 41915
39.992093 116.348765 41916
39.992103 116.348910 41918
39.992097 116.349005 41925
39.992095 116.349143 41928
39.992097 116.349300 41930
39.992092 116.349403 41931
39.992092 116.349515 41932
39.992105 116.349625 41933
39.992127 116.349743 41934
39.992127 116.349868 41935
39.992137 116.349988 41936
39.992145 116.350113 41937
39.992135 116.350247 41938
39.992128 116.350383 41939
39.992130 116.350525 41940
39.992145 116.350667 41941
39.992163 116.350802 41942
39.992180 116.350938 41943
39.992187 116.351080 41944
39.992185 116.351228 41945
39.992185 116.351378 41946
39.992192 116.351530 41947
39.992195 116.351685 41948
39.992200 116.351848 41949
39.992203 116.352017 41950
39.992202 116.352192 41951
39.992205 116.352368 41952
39.992207 116.352548 41953
39.992207 116.352727 41954
39.992212 116.352907 41955
39.992213 116.353092 41956
39.992217 116.353275 41957
39.992220 116.353457 41958
39.992222 116.353638 41959
39.992227 116.353818 41960
39.992230 116.354000 41961
39.992232 116.354183 41962
39.992233 116.354372 41963
39.992233 116.354563 41964
39.992235 116.354763 41965
39.992235 116.354970 41966
39.992237 116.355180 41967
39.992232 116.355398 41968
39.992238 116.355608 41969
39.992240 116.355818 41970
39.992238 116.356022 41971
39.992242 116.356227 41972
39.992245 116.356417 41973
39.992245 116.356603 41974
39.992248 116.356792 41975
39.992253 116.356975 41976
39.992260 116.357155 41977
39.992267 116.357322 41978
39.992273 116.357487 41979
39.992283 116.357643 41980
39.992292 116.357790 41981
39.992305 116.357920 41982
39.992313 116.358035 41983
39.992322 116.358135 41984
39.992333 116.358287 41986
39.992360 116.358377 41999
39.992355 116.358478 42002
39.992358 116.358580 42004
39.992392 116.358703 42006
39.992455 116.358805 42008
39.992523 116.358880 42010
39.992615 116.358917 42012
39.992733 116.358933 42014
39.992870 116.358935 42016
39.993010 116.358940 42018
39.993165 116.358933 42020
39.993318 116.358927 42022
39.993468 116.358918 42024
39.993618 116.358900 42026
39.993775 116.358877 42028
39.993942 116.358862 42030
39.994113 116.358843 42032
39.994277 116.358830 42034
39.994438 116.358823 42036
39.994602 116.358820 42038
39.994737 116.358822 42040
39.994827 116.358832 42042
39.994902 116.358902 42046
39.994922 116.359027 42049
39.994918 116.359132 42051
39.994948 116.359232 42053
39.994967 116.359363 42055
39.994962 116.359505 42057
39.994932 116.359630 42059
39.994927 116.359738 42061
39.994933 116.359838 42063
39.994925 116.359960 42065
39.994910 116.360075 42067
39.994917 116.360182 42069
39.994942 116.360270 42071
39.994957 116.360373 42074
39.994958 116.360495 42077
39.994938 116.360630 42079
39.994915 116.360752 42081
39.994892 116.360875 42084
39.994830 116.360972 42087
39.994775 116.361043 42089
39.994717 116.361122 42091
39.994645 116.361200 42094
39.994567 116.361295 42110
39.994493 116.361388 42113
39.994408 116.361498 42116
39.994345 116.361573 42118
39.994277 116.361668 42121
39.994228 116.361757 42124
39.994155 116.361837 42127
39.994068 116.361877 42130
39.993975 116.361860 42134
