39.986415 116.379842 2281
39.986410 116.379933 2282
39.986405 116.380107 2284
39.986432 116.380283 2286
39.986422 116.380400 2287
39.986412 116.380508 2288
39.986403 116.380600 2289
39.986397 116.380777 2291
39.986402 116.380878 2292
39.986403 116.380980 2293
39.986407 116.381157 2295
39.986382 116.381320 2297
39.986380 116.381423 2298
39.986400 116.381562 2299
39.986390 116.381693 2300
39.986400 116.381812 2301
39.986407 116.381918 2302
39.986402 116.382022 2303
39.986395 116.382113 2304
39.986407 116.382222 2305
39.986417 116.382327 2306
39.986423 116.382430 2307
39.986433 116.382540 2308
39.986437 116.382642 2309
39.986440 116.382743 2310
39.986440 116.382842 2311
39.986437 116.382940 2312
39.986427 116.383052 2313
39.986420 116.383167 2314
39.986413 116.383273 2315
39.986403 116.383378 2316
39.986397 116.383480 2317
39.986402 116.383573 2318
39.986400 116.383672 2319
39.986400 116.383775 2320
39.986402 116.383883 2321
39.986407 116.383998 2322
39.986408 116.384128 2323
39.986407 116.384270 2324
39.986407 116.384423 2325
39.986400 116.384593 2326
39.986392 116.384780 2327
39.986383 116.384968 2328
39.986375 116.385163 2329
39.986367 116.385362 2330
39.986353 116.385555 2331
39.986340 116.385750 2332
39.986337 116.385940 2333
39.986328 116.386125 2334
39.986315 116.386298 2335
39.986288 116.386463 2336
39.986237 116.386608 2337
39.986185 116.386727 2338
39.986102 116.386818 2339
39.986000 116.386883 2340
39.985888 116.386933 2341
39.985770 116.386968 2342
39.985643 116.386982 2343
39.985517 116.386988 2344
39.985387 116.386987 2345
39.985248 116.386990 2346
39.985103 116.386997 2347
39.984957 116.387005 2348
39.984803 116.387020 2349
39.984645 116.387032 2350
39.984483 116.387042 2351
39.984318 116.387050 2352
39.984142 116.387062 2353
39.983963 116.387073 2354
39.983783 116.387082 2355
39.983602 116.387090 2356
39.983422 116.387100 2357
39.983243 116.387107 2358
39.983070 116.387120 2359
39.982898 116.387130 2360
39.982730 116.387140 2361
39.982565 116.387145 2362
39.982395 116.387137 2363
39.982232 116.387128 2364
39.982080 116.387127 2365
39.981950 116.387135 2366
39.981840 116.387138 2367
39.981695 116.387148 2369
39.981603 116.387123 2393
39.981477 116.387140 2396
39.981320 116.387150 2398
39.981230 116.387157 2399
39.981125 116.387158 2400
39.981010 116.387163 2401
39.980892 116.387168 2402
39.980762 116.387172 2403
39.980625 116.387177 2404
39.980477 116.387183 2405
39.980325 116.387192 2406
39.980170 116.387202 2407
39.980005 116.387207 2408
39.979835 116.387213 2409
39.979658 116.387220 2410
39.979482 116.387228 2411
39.979305 116.387235 2412
39.979128 116.387247 2413
39.978953 116.387257 2414
39.978778 116.387263 2415
39.978607 116.387268 2416
39.978440 116.387278 2417
39.978265 116.387290 2418
39.978088 116.387297 2419
39.977908 116.387302 2420
39.977732 116.387310 2421
39.977557 116.387322 2422
39.977387 116.387332 2423
39.977217 116.387340 2424
39.977047 116.387348 2425
39.976882 116.387360 2426
39.976722 116.387372 2427
39.976570 116.387382 2428
39.976425 116.387390 2429
39.976288 116.387395 2430
39.976163 116.387397 2431
39.976055 116.387405 2432
39.975960 116.387418 2433
39.975833 116.387472 2435
39.975755 116.387530 2550
39.975683 116.387585 2552
39.975593 116.387657 2554
39.975483 116.387743 2556
39.975365 116.387813 2558
39.975222 116.387865 2560
39.975045 116.387910 2562
39.974943 116.387928 2563
39.974838 116.387943 2564
39.974733 116.387953 2565
39.974625 116.387962 2566
39.974515 116.387968 2567
39.974398 116.387973 2568
39.974282 116.387978 2569
39.974157 116.387977 2570
39.974030 116.387980 2571
39.973898 116.387983 2572
39.973763 116.387987 2573
39.973628 116.387992 2574
39.973492 116.387998 2575
39.973352 116.388007 2576
39.973210 116.388013 2577
39.973063 116.388020 2578
39.972917 116.388027 2579
39.972767 116.388033 2580
39.972617 116.388042 2581
39.972467 116.388048 2582
39.972317 116.388055 2583
39.972167 116.388060 2584
39.972018 116.388067 2585
39.971870 116.388073 2586
39.971710 116.388078 2587
39.971557 116.388090 2588
39.971403 116.388098 2589
39.971252 116.388103 2590
39.971103 116.388107 2591
39.970960 116.388110 2592
39.970820 116.388115 2593
39.970683 116.388122 2594
39.970553 116.388132 2595
39.970418 116.388140 2596
39.970282 116.388147 2597
39.970147 116.388153 2598
39.970010 116.388160 2599
39.969872 116.388167 2600
39.969733 116.388173 2601
39.969592 116.388178 2602
39.969448 116.388183 2603
39.969303 116.388187 2604
39.969157 116.388188 2605
39.969007 116.388188 2606
39.968853 116.388195 2607
39.968698 116.388203 2608
39.968540 116.388210 2609
39.968383 116.388223 2610
39.968233 116.388233 2611
39.968080 116.388250 2612
39.967942 116.388267 2613
39.967817 116.388270 2614
39.967700 116.388270 2615
39.967602 116.388268 2616
39.967435 116.388267 2618
39.967270 116.388265 2620
39.967092 116.388267 2622
39.967002 116.388268 2623
39.966833 116.388268 2625
39.966690 116.388215 2627
39.966598 116.388080 2629
39.966580 116.387985 2630
39.966573 116.387882 2631
39.966570 116.387767 2632
39.966567 116.387632 2633
39.966565 116.387498 2634
39.966562 116.387357 2635
39.966560 116.387213 2636
39.966557 116.387073 2637
39.966553 116.386938 2638
39.966563 116.386822 2639
39.966585 116.386718 2640
39.966692 116.386608 2642
39.966800 116.386605 2644
39.966887 116.386668 2647
39.966935 116.386775 2649
39.966977 116.386948 2651
39.966992 116.387062 2652
39.966997 116.387187 2653
39.967003 116.387322 2654
39.967010 116.387462 2655
39.967017 116.387607 2656
39.967023 116.387748 2657
39.967028 116.387887 2658
39.967035 116.388020 2659
39.967040 116.388153 2660
39.967033 116.388288 2661
39.967027 116.388428 2662
39.967015 116.388562 2663
39.967023 116.388693 2664
39.967030 116.388833 2665
39.967048 116.388952 2666
39.967057 116.389083 2667
39.967067 116.389217 2668
39.967075 116.389352 2669
39.967087 116.389480 2670
39.967097 116.389608 2671
39.967103 116.389737 2672
39.967108 116.389865 2673
39.967115 116.389990 2674
39.967130 116.390118 2675
39.967147 116.390257 2676
39.967160 116.390405 2677
39.967168 116.390553 2678
39.967172 116.390702 2679
39.967177 116.390852 2680
39.967178 116.391005 2681
39.967182 116.391163 2682
39.967185 116.391320 2683
39.967187 116.391477 2684
39.967190 116.391623 2685
39.967192 116.391768 2686
39.967195 116.391913 2687
39.967198 116.392057 2688
39.967202 116.392210 2689
39.967207 116.392367 2690
39.967212 116.392525 2691
39.967215 116.392687 2692
39.967220 116.392855 2693
39.967223 116.393035 2694
39.967227 116.393223 2695
39.967230 116.393415 2696
39.967235 116.393612 2697
39.967240 116.393810 2698
39.967243 116.394007 2699
39.967250 116.394200 2700
39.967255 116.394392 2701
39.967262 116.394582 2702
39.967268 116.394765 2703
39.967272 116.394950 2704
39.967275 116.395132 2705
39.967280 116.395307 2706
39.967283 116.395482 2707
39.967287 116.395652 2708
39.967290 116.395820 2709
39.967298 116.395982 2710
39.967302 116.396145 2711
39.967307 116.396312 2712
39.967310 116.396482 2713
39.967315 116.396657 2714
39.967318 116.396837 2715
39.967322 116.397017 2716
39.967327 116.397202 2717
39.967333 116.397385 2718
39.967342 116.397572 2719
39.967347 116.397758 2720
39.967353 116.397948 2721
39.967357 116.398142 2722
39.967355 116.398338 2723
39.967353 116.398537 2724
39.967355 116.398737 2725
39.967358 116.398930 2726
39.967362 116.399120 2727
39.967367 116.399307 2728
39.967372 116.399485 2729
39.967375 116.399655 2730
39.967380 116.399822 2731
39.967383 116.399982 2732
39.967387 116.400142 2733
39.967392 116.400297 2734
39.967395 116.400447 2735
39.967400 116.400598 2736
39.967405 116.400753 2737
39.967408 116.400915 2738
39.967413 116.401080 2739
39.967418 116.401243 2740
39.967423 116.401410 2741
39.967430 116.401580 2742
39.967435 116.401755 2743
39.967438 116.401930 2744
39.967443 116.402108 2745
39.967448 116.402288 2746
39.967452 116.402467 2747
39.967455 116.402648 2748
39.967457 116.402827 2749
39.967458 116.403007 2750
39.967460 116.403187 2751
39.967463 116.403363 2752
39.967472 116.403537 2753
39.967475 116.403700 2754
39.967477 116.403850 2755
39.967473 116.403988 2756
39.967460 116.404120 2757
39.967432 116.404233 2758
39.967407 116.404335 2759
39.967393 116.404483 2761
39.967378 116.404587 2764
39.967373 116.404697 2768
39.967375 116.404797 2770
39.967373 116.404902 2772
39.967362 116.405017 2774
39.967363 116.405137 2776
39.967377 116.405257 2778
39.967383 116.405388 2780
39.967395 116.405525 2782
39.967400 116.405678 2784
39.967413 116.405822 2786
39.967432 116.405943 2788
39.967452 116.406070 2790
39.967472 116.406243 2792
39.967473 116.406337 2793
39.967485 116.406430 2794
39.967492 116.406522 2795
39.967505 116.406613 2796
39.967512 116.406778 2798
39.967500 116.406940 2800
39.967503 116.407107 2802
39.967482 116.407282 2804
39.967473 116.407375 2805
39.967468 116.407472 2806
39.967462 116.407577 2807
39.967457 116.407688 2808
39.967450 116.407795 2809
39.967447 116.407912 2810
39.967450 116.408032 2811
39.967443 116.408148 2812
39.967445 116.408258 2813
39.967458 116.408357 2814
39.967475 116.408530 2816
39.967487 116.408675 2818
39.967500 116.408795 2820
39.967517 116.408890 2822
39.967545 116.408978 2824
39.967538 116.409082 2826
39.967567 116.409188 2828
39.967583 116.409303 2831
39.967573 116.409405 2834
39.967530 116.409505 2838
39.967472 116.409577 2850
39.967358 116.409613 2857
39.967250 116.409622 2861
39.967150 116.409643 2870
39.967063 116.409678 2881
