39.934536 116.366573 30734
39.934536 116.366574 30739
39.934539 116.366573 30744
39.934539 116.366573 30747
39.934545 116.366573 30749
39.934589 116.366566 30754
39.934625 116.366548 30758
39.934656 116.366540 30763
39.934656 116.366540 30766
39.934663 116.366544 30768
39.934716 116.366551 30772
39.934767 116.366550 30774
39.934821 116.366555 30776
39.934889 116.366544 30778
39.934946 116.366546 30780
39.935005 116.366547 30782
39.935057 116.366552 30784
39.935111 116.366556 30786
39.935163 116.366557 30788
39.935214 116.366561 30791
39.935271 116.366563 30794
39.935332 116.366563 30797
39.935377 116.366556 30801
39.935448 116.366555 30804
39.935517 116.366555 30806
39.935591 116.366557 30808
39.935663 116.366555 30810
39.935732 116.366547 30812
39.935804 116.366548 30814
39.935876 116.366550 30816
39.935923 116.366551 30817
39.935969 116.366551 30818
39.936017 116.366550 30819
39.936064 116.366547 30820
39.936110 116.366543 30821
39.936189 116.366538 30823
39.936261 116.366544 30825
39.936326 116.366546 30827
39.936386 116.366541 30829
39.936449 116.366545 30832
39.936495 116.366544 30835
39.936554 116.366537 30839
39.936592 116.366517 30843
39.936662 116.366514 30847
39.936718 116.366511 30850
39.936780 116.366507 30853
39.936840 116.366522 30856
39.936888 116.366497 30859
39.936937 116.366478 30862
39.936964 116.366511 30866
39.936977 116.366525 30871
39.937019 116.366486 30874
39.937070 116.366488 30876
39.937120 116.366513 30878
39.937082 116.366522 30883
39.937082 116.366522 30886
39.937077 116.366522 30888
39.937139 116.366517 30891
39.937221 116.366524 30893
39.937291 116.366514 30895
39.937353 116.366499 30897
39.937418 116.366521 30899
39.937479 116.366539 30901
39.937525 116.366545 30904
39.937576 116.366552 30906
39.937576 116.366552 30909
39.937580 116.366553 30911
39.937632 116.366548 30914
39.937724 116.366546 30916
39.937777 116.366535 30917
39.937826 116.366531 30918
39.937881 116.366527 30919
39.937934 116.366524 30920
39.938020 116.366512 30922
39.938067 116.366507 30923
39.938147 116.366498 30925
39.938226 116.366490 30927
39.938307 116.366487 30929
39.938357 116.366483 30930
39.938408 116.366480 30931
39.938462 116.366466 30932
39.938518 116.366463 30933
39.938575 116.366458 30934
39.938624 116.366450 30935
39.938675 116.366441 30936
39.938748 116.366440 30938
39.938803 116.366427 30940
39.938842 116.366427 30943
39.938866 116.366427 30948
39.938865 116.366428 30953
39.938863 116.366428 30958
39.938869 116.366428 30963
39.938865 116.366428 30968
39.938865 116.366428 30971
39.938867 116.366429 30973
39.938911 116.366440 30977
39.938963 116.366436 30981
39.939009 116.366441 30983
39.939056 116.366445 30985
39.939118 116.366418 30987
39.939166 116.366383 30991
39.939211 116.366337 30994
39.939246 116.366277 30998
39.939275 116.366194 31001
39.939271 116.366102 31003
39.939265 116.366037 31004
39.939260 116.365925 31006
39.939261 116.365866 31007
39.939263 116.365801 31008
39.939261 116.365732 31009
39.939251 116.365663 31010
39.939247 116.365598 31011
39.939247 116.365531 31012
39.939249 116.365453 31013
39.939252 116.365378 31014
39.939255 116.365294 31015
39.939255 116.365224 31016
39.939257 116.365153 31017
39.939261 116.365088 31018
39.939260 116.365024 31019
39.939263 116.364952 31020
39.939266 116.364886 31021
39.939269 116.364815 31022
39.939267 116.364744 31023
39.939261 116.364658 31024
39.939260 116.364573 31025
39.939251 116.364500 31026
39.939256 116.364416 31027
39.939247 116.364349 31028
39.939245 116.364265 31029
39.939246 116.364135 31030
39.939242 116.364046 31031
39.939233 116.363954 31032
39.939234 116.363863 31033
39.939235 116.363763 31034
39.939238 116.363676 31035
39.939243 116.363573 31036
39.939242 116.363454 31037
39.939240 116.363343 31038
39.939240 116.363241 31039
39.939242 116.363159 31040
39.939242 116.363078 31041
39.939239 116.362990 31042
39.939235 116.362904 31043
39.939226 116.362820 31044
39.939223 116.362736 31045
39.939222 116.362646 31046
39.939225 116.362556 31047
39.939226 116.362468 31048
39.939225 116.362369 31049
39.939226 116.362272 31050
39.939225 116.362175 31051
39.939226 116.362068 31052
39.939231 116.361971 31053
39.939243 116.361870 31054
39.939245 116.361783 31055
39.939246 116.361697 31056
39.939241 116.361605 31057
39.939232 116.361515 31058
39.939217 116.361427 31059
39.939217 116.361353 31060
39.939211 116.361249 31062
39.939200 116.361219 31066
39.939197 116.361163 31070
39.939196 116.361157 31075
39.939196 116.361157 31078
39.939196 116.361150 31080
39.939189 116.361075 31084
39.939199 116.361013 31089
39.939204 116.361017 31094
39.939204 116.361017 31097
39.939204 116.361017 31099
39.939213 116.360951 31101
39.939215 116.360883 31103
39.939215 116.360790 31105
39.939222 116.360682 31107
39.939222 116.360622 31109
39.939230 116.360550 31111
39.939214 116.360446 31113
39.939201 116.360348 31115
39.939185 116.360251 31117
39.939181 116.360162 31119
39.939182 116.360094 31121
39.939178 116.360021 31124
39.939181 116.359968 31129
39.939182 116.359958 31134
39.939180 116.359897 31136
39.939181 116.359811 31138
39.939179 116.359713 31140
39.939182 116.359644 31141
39.939184 116.359575 31142
39.939187 116.359503 31143
39.939189 116.359426 31144
39.939190 116.359345 31145
39.939190 116.359271 31146
39.939191 116.359194 31147
39.939189 116.359103 31148
39.939187 116.359020 31149
39.939186 116.358935 31150
39.939183 116.358854 31151
39.939181 116.358784 31152
39.939180 116.358713 31153
39.939175 116.358639 31154
39.939173 116.358570 31155
39.939190 116.358480 31156
39.939187 116.358413 31157
39.939180 116.358329 31159
39.939168 116.358262 31162
39.939163 116.358186 31164
39.939161 116.358106 31165
39.939165 116.358026 31166
39.939162 116.357951 31167
39.939160 116.357861 31168
39.939158 116.357767 31169
39.939156 116.357665 31170
39.939156 116.357556 31171
39.939154 116.357454 31172
39.939153 116.357345 31173
39.939152 116.357228 31174
39.939149 116.357111 31175
39.939146 116.356988 31176
39.939140 116.356870 31177
39.939132 116.356756 31178
39.939133 116.356649 31179
39.939132 116.356550 31180
39.939135 116.356451 31181
39.939143 116.356350 31182
39.939141 116.356258 31183
39.939151 116.356144 31184
39.939149 116.356053 31185
39.939149 116.355933 31186
39.939140 116.355821 31187
39.939140 116.355703 31188
39.939131 116.355591 31189
39.939128 116.355472 31190
39.939127 116.355359 31191
39.939129 116.355246 31192
39.939135 116.355135 31193
39.939138 116.355017 31194
39.939131 116.354905 31195
39.939136 116.354796 31196
39.939137 116.354696 31197
39.939141 116.354603 31198
39.939145 116.354510 31199
39.939147 116.354421 31200
39.939145 116.354333 31201
39.939123 116.354223 31202
39.939119 116.354135 31203
39.939120 116.354069 31204
39.939124 116.354006 31205
39.939134 116.353909 31207
39.939124 116.353832 31209
39.939129 116.353771 31213
39.939129 116.353771 31216
39.939133 116.353775 31218
39.939133 116.353762 31223
39.939135 116.353702 31225
39.939127 116.353582 31227
39.939125 116.353496 31229
39.939098 116.353408 31231
39.939134 116.353309 31232
39.939140 116.353245 31234
39.939150 116.353139 31236
39.939158 116.353046 31238
39.939166 116.352946 31240
39.939161 116.352881 31241
39.939162 116.352821 31242
39.939159 116.352757 31243
39.939154 116.352690 31244
39.939136 116.352601 31245
39.939132 116.352520 31246
39.939128 116.352436 31247
39.939133 116.352347 31248
39.939132 116.352258 31249
39.939125 116.352156 31250
39.939128 116.352040 31251
39.939134 116.351915 31252
39.939139 116.351822 31253
39.939140 116.351747 31254
39.939143 116.351678 31255
39.939144 116.351607 31256
39.939144 116.351535 31257
39.939140 116.351460 31258
39.939141 116.351382 31259
39.939150 116.351291 31260
39.939167 116.351184 31261
39.939182 116.351069 31262
39.939191 116.350931 31263
39.939190 116.350814 31264
39.939187 116.350688 31265
39.939184 116.350568 31266
39.939181 116.350444 31267
39.939180 116.350313 31268
39.939171 116.350179 31269
39.939170 116.350044 31270
39.939177 116.349895 31271
39.939182 116.349758 31272
39.939184 116.349616 31273
39.939184 116.349474 31274
39.939187 116.349323 31275
39.939185 116.349185 31276
39.939182 116.349047 31277
39.939182 116.348889 31278
39.939177 116.348747 31279
39.939170 116.348611 31280
39.939163 116.348473 31281
39.939154 116.348337 31282
39.939145 116.348199 31283
39.939137 116.348057 31284
39.939129 116.347913 31285
39.939120 116.347759 31286
39.939116 116.347605 31287
39.939110 116.347446 31288
39.939104 116.347288 31289
39.939095 116.347140 31290
39.939080 116.346983 31291
39.939067 116.346818 31292
39.939054 116.346663 31293
39.939036 116.346508 31294
39.939023 116.346363 31295
39.939005 116.346211 31296
39.938986 116.346063 31297
39.938966 116.345912 31298
39.938947 116.345762 31299
39.938927 116.345617 31300
39.938908 116.345467 31301
39.938891 116.345319 31302
39.938873 116.345170 31303
39.938853 116.345023 31304
39.938833 116.344880 31305
39.938813 116.344731 31306
39.938794 116.344582 31307
39.938769 116.344433 31308
39.938748 116.344288 31309
39.938727 116.344135 31310
39.938706 116.343990 31311
39.938687 116.343839 31312
39.938668 116.343690 31313
39.938653 116.343541 31314
39.938640 116.343392 31315
39.938631 116.343243 31316
39.938617 116.343105 31317
39.938598 116.342968 31318
39.938578 116.342839 31319
39.938553 116.342712 31320
39.938531 116.342582 31321
39.938512 116.342456 31322
39.938495 116.342340 31323
39.938483 116.342232 31324
39.938474 116.342137 31325
39.938466 116.342048 31326
39.938459 116.341970 31327
39.938451 116.341904 31329
39.938456 116.341904 31334
