39.971331 116.299064 38141
39.971353 116.299116 38144
39.971371 116.299185 38148
39.971407 116.299249 38151
39.971455 116.299290 38153
39.971498 116.299335 38155
39.971533 116.299387 38157
39.971550 116.299446 38160
39.971590 116.299491 38163
39.971624 116.299541 38168
39.971672 116.299571 38171
39.971678 116.299601 38176
39.971703 116.299650 38179
39.971742 116.299677 38181
39.971791 116.299681 38185
39.971835 116.299681 38188
39.971902 116.299709 38191
39.971934 116.299775 38193
39.971958 116.299857 38195
39.971998 116.299882 38199
39.971997 116.299835 38204
39.971976 116.299792 38207
39.971914 116.299816 38210
39.971877 116.299843 38212
39.971836 116.299865 38214
39.971812 116.299917 38216
39.971769 116.299961 38219
39.971738 116.300027 38222
39.971706 116.300078 38225
39.971681 116.300125 38230
39.971700 116.300175 38235
39.971738 116.300214 38237
39.971775 116.300266 38239
39.971811 116.300315 38241
39.971851 116.300343 38244
39.971853 116.300363 38249
39.971862 116.300361 38254
39.971896 116.300383 38259
39.971939 116.300393 38264
39.972014 116.300438 38273
39.971978 116.300476 38277
39.971923 116.300486 38279
39.971861 116.300467 38281
39.971800 116.300421 38283
39.971766 116.300383 38284
39.971725 116.300347 38285
39.971685 116.300307 38286
39.971639 116.300268 38287
39.971580 116.300215 38288
39.971528 116.300163 38289
39.971475 116.300100 38290
39.971429 116.300046 38291
39.971375 116.299977 38292
39.971337 116.299932 38293
39.971281 116.299872 38295
39.971239 116.299810 38299
39.971198 116.299743 38302
39.971151 116.299716 38306
39.971165 116.299716 38311
39.971171 116.299666 38316
39.971198 116.299632 38321
39.971220 116.299644 38326
39.971178 116.299602 38328
39.971121 116.299565 38332
39.971077 116.299542 38335
39.971074 116.299562 38340
39.971058 116.299571 38345
39.971024 116.299590 38350
39.971015 116.299617 38355
39.971036 116.299645 38360
39.971056 116.299661 38365
39.971045 116.299714 38370
39.971006 116.299755 38374
39.970979 116.299783 38379
39.970945 116.299820 38384
39.970930 116.299852 38389
39.970861 116.299841 38392
39.970807 116.299823 38394
39.970759 116.299800 38396
39.970712 116.299787 38398
39.970662 116.299780 38400
39.970594 116.299763 38403
39.970541 116.299749 38405
39.970485 116.299746 38407
39.970426 116.299743 38409
39.970366 116.299754 38412
39.970320 116.299769 38414
39.970276 116.299788 38416
39.970232 116.299804 38418
39.970188 116.299818 38420
39.970143 116.299838 38422
39.970091 116.299862 38425
39.970055 116.299886 38427
39.970013 116.299901 38431
39.969992 116.299878 38434
39.970028 116.299839 38438
39.970074 116.299823 38439
39.970169 116.299780 38444
39.970238 116.299746 38445
39.970301 116.299712 38446
39.970363 116.299684 38447
39.970415 116.299660 38449
39.970511 116.299620 38451
39.970579 116.299587 38453
39.970653 116.299549 38455
39.970736 116.299513 38456
39.970775 116.299484 38457
39.970821 116.299450 38458
39.970906 116.299406 38459
39.970982 116.299360 38460
39.971063 116.299313 38461
39.971139 116.299265 38462
39.971220 116.299221 38463
39.971295 116.299181 38464
39.971362 116.299132 38465
39.971434 116.299085 38466
39.971512 116.299040 38467
39.971572 116.299008 38468
39.971512 116.298976 38471
39.971455 116.298977 38472
39.971404 116.298977 38473
39.971355 116.298978 38474
39.971295 116.298981 38475
39.971256 116.299003 38479
39.971256 116.299048 38484
39.971295 116.299125 38486
39.971335 116.299186 38488
39.971369 116.299225 38490
39.971406 116.299262 38493
39.971446 116.299296 38496
39.971490 116.299323 38501
39.971536 116.299342 38504
39.971587 116.299363 38507
39.971634 116.299381 38511
39.971667 116.299391 38516
39.971670 116.299404 38521
39.971688 116.299447 38526
39.971717 116.299482 38530
39.971752 116.299498 38533
39.971790 116.299514 38536
39.971818 116.299539 38539
39.971828 116.299568 38543
39.971803 116.299675 38550
39.971794 116.299725 38559
39.971810 116.299736 38564
39.971814 116.299757 38569
39.971806 116.299819 38573
39.971760 116.299892 38577
39.971711 116.299916 38578
39.971652 116.299941 38580
39.971669 116.299938 38585
39.971720 116.299928 38587
39.971811 116.299898 38589
39.971856 116.299888 38591
39.971929 116.299845 38592
39.971979 116.299810 38594
39.972026 116.299773 38596
39.972072 116.299750 38598
39.972188 116.299695 38601
39.972368 116.299622 38607
39.972422 116.299604 38609
39.972531 116.299572 38631
39.972531 116.299572 38634
39.972535 116.299570 38636
39.972476 116.299560 38653
39.972421 116.299544 38654
39.972320 116.299576 38655
39.972117 116.299554 38656
39.971972 116.299544 38657
39.971834 116.299529 38658
39.971770 116.299549 38659
39.971578 116.299501 38660
39.971447 116.299477 38661
39.971366 116.299469 38662
39.971279 116.299466 38663
39.971197 116.299465 38664
39.971144 116.299473 38665
39.971095 116.299471 38666
39.970993 116.299473 38668
39.970947 116.299479 38669
39.970884 116.299496 38671
39.970822 116.299513 38673
39.970762 116.299520 38675
39.970727 116.299560 38680
39.970683 116.299566 38685
39.970683 116.299553 38690
39.970713 116.299502 38694
39.970694 116.299491 38699
39.970652 116.299522 38704
39.970615 116.299554 38709
39.970623 116.299530 38714
39.970667 116.299527 38719
39.970690 116.299570 38724
39.970739 116.299590 38727
39.970786 116.299588 38729
39.970825 116.299540 38734
