40.054698 116.321618 14567
40.054690 116.321613 14569
40.054690 116.321613 14572
40.054688 116.321615 14574
40.054668 116.321632 14576
40.054643 116.321653 14578
40.054613 116.321683 14580
40.054575 116.321730 14582
40.054490 116.321782 14584
40.054388 116.321850 14586
40.054292 116.321940 14588
40.054200 116.322010 14590
40.054148 116.322065 14592
40.054130 116.322103 14594
40.054108 116.322127 14596
40.054077 116.322148 14598
40.054032 116.322177 14600
40.053987 116.322222 14602
40.053955 116.322247 14604
40.053952 116.322257 14669
40.053952 116.322257 14756
40.053948 116.322257 14758
40.053908 116.322290 14760
40.053837 116.322348 14762
40.053735 116.322435 14764
40.053613 116.322537 14766
40.053475 116.322653 14768
40.053323 116.322782 14770
40.053160 116.322918 14772
40.052987 116.323058 14774
40.052712 116.323272 14777
40.052445 116.323438 14780
40.052265 116.323507 14782
40.052085 116.323598 14784
40.051898 116.323658 14786
40.051723 116.323745 14788
40.051572 116.323828 14790
40.051453 116.323882 14792
40.051372 116.323930 14794
40.051325 116.323965 14796
40.051317 116.323985 14798
40.051303 116.323995 14800
40.051282 116.324013 14802
40.051262 116.324032 14804
40.051238 116.324055 14806
40.051227 116.324085 14814
40.051187 116.324105 14816
40.051122 116.324127 14818
40.051062 116.324172 14820
40.051037 116.324190 14848
40.050997 116.324218 14850
40.050935 116.324273 14852
40.050845 116.324353 14854
40.050735 116.324450 14856
40.050605 116.324560 14858
40.050468 116.324682 14860
40.050325 116.324795 14862
40.050180 116.324935 14864
40.050022 116.325062 14866
40.049848 116.325205 14868
40.049663 116.325347 14870
40.049383 116.325553 14873
40.049127 116.325733 14876
40.048957 116.325858 14878
40.048787 116.325990 14880
40.048612 116.326120 14882
40.048428 116.326262 14884
40.048137 116.326487 14887
40.047830 116.326733 14890
40.047503 116.326977 14893
40.047157 116.327223 14896
40.046793 116.327508 14899
40.046407 116.327778 14902
40.046023 116.328058 14905
40.045663 116.328315 14908
40.045347 116.328580 14911
40.045053 116.328810 14914
40.044777 116.329043 14917
40.044493 116.329288 14920
40.044187 116.329527 14923
40.043867 116.329778 14926
40.043527 116.330037 14929
40.043180 116.330310 14932
40.042838 116.330597 14935
40.042505 116.330865 14938
40.041163 116.331808 14951
40.040890 116.332140 14954
40.038297 116.334128 14984
40.038178 116.334283 14986
40.038055 116.334408 14988
40.037915 116.334470 14990
40.037753 116.334462 14992
40.037600 116.334405 14994
40.037452 116.334327 14996
40.037313 116.334212 14998
40.037225 116.334008 15000
40.037185 116.333828 15002
40.037147 116.333745 15004
40.037123 116.333690 15006
40.037105 116.333643 15008
40.037073 116.333592 15010
40.037058 116.333543 15012
40.037040 116.333512 15014
40.036973 116.333627 15033
40.037000 116.333653 15040
40.036222 116.331568 15068
40.036093 116.330917 15093
40.036108 116.330923 15114
40.036088 116.330748 15125
40.035992 116.330598 15127
40.035898 116.330517 15129
40.035845 116.330457 15131
40.035817 116.330417 15133
40.035753 116.330378 15135
40.035742 116.330328 15137
40.035720 116.330295 15139
40.035695 116.330253 15141
40.035703 116.330167 15143
40.035360 116.329110 15156
40.035210 116.328842 15158
40.035137 116.328580 15160
40.035117 116.328320 15162
40.035022 116.327898 15165
