39.966992 116.383853 30769
39.966985 116.383792 30771
39.967005 116.383775 30773
39.967028 116.383750 30775
39.967062 116.383672 30777
39.967078 116.383575 30779
39.967102 116.383442 30781
39.967103 116.383258 30783
39.967050 116.383035 30785
39.967023 116.382815 30787
39.966998 116.382578 30789
39.966975 116.382323 30791
39.966952 116.382067 30793
39.966940 116.381823 30795
39.966888 116.381515 30797
39.966863 116.381242 30799
39.966870 116.380965 30801
39.966857 116.380550 30804
39.966850 116.380143 30807
39.966852 116.379878 30809
39.966857 116.379622 30811
39.966862 116.379380 30813
39.966863 116.379140 30815
39.966863 116.378882 30817
39.966868 116.378620 30819
39.966872 116.378238 30822
39.966860 116.377993 30824
39.966852 116.377783 30826
39.966845 116.377617 30828
39.966843 116.377508 30830
39.966832 116.377423 30832
39.966822 116.377368 30834
39.966808 116.377307 30836
39.966800 116.377230 30838
39.966803 116.377135 30840
39.966808 116.377018 30842
39.966810 116.376900 30844
39.966815 116.376782 30846
39.966820 116.376678 30848
39.966825 116.376612 30850
39.966837 116.376595 30852
39.966837 116.376595 30854
39.966842 116.376605 30856
39.966835 116.376630 30858
39.966828 116.376627 30860
39.966833 116.376627 30862
39.966838 116.376622 30864
39.966832 116.376583 30866
39.966847 116.376590 30868
39.966855 116.376602 30870
39.966858 116.376615 30872
39.966865 116.376640 30874
39.966900 116.376647 30877
39.966917 116.376657 30879
39.966935 116.376650 30881
39.966953 116.376612 30883
39.966960 116.376537 30885
39.966962 116.376425 30887
39.966978 116.376282 30889
39.966985 116.376113 30891
39.967012 116.375923 30893
39.967043 116.375730 30895
39.966890 116.375425 30897
39.966870 116.375155 30899
39.966882 116.374878 30901
39.966885 116.374595 30903
39.967250 116.373533 30917
39.967267 116.373438 30919
39.967207 116.373348 30921
39.967197 116.373228 30923
39.967177 116.373123 30925
39.967160 116.373062 30927
39.967175 116.373035 30929
39.967153 116.372988 30931
39.967152 116.372943 30933
39.967123 116.372922 30941
39.967123 116.372878 30943
39.967108 116.372813 30945
39.967105 116.372767 30947
39.967085 116.372727 30949
39.967087 116.372692 30951
39.967072 116.372645 30953
39.967058 116.372568 30955
39.967038 116.372458 30957
39.967038 116.372337 30959
39.967035 116.372200 30961
39.967020 116.372045 30963
39.966967 116.371860 30965
39.966927 116.371665 30967
39.966903 116.371482 30969
39.966885 116.371328 30971
39.966865 116.371205 30973
39.966848 116.371090 30975
39.966833 116.370962 30977
39.966822 116.370827 30979
39.966818 116.370702 30981
39.966825 116.370573 30983
39.966918 116.370517 30985
39.966950 116.370427 30987
39.966962 116.370343 30989
39.966955 116.370235 30991
39.966947 116.370110 30993
39.966928 116.369962 30995
39.966930 116.369805 30997
39.966920 116.369640 30999
39.966910 116.369473 31001
39.966850 116.369275 31003
39.966813 116.369115 31005
39.966795 116.368983 31007
39.966772 116.368835 31009
39.966810 116.368742 31011
39.966818 116.368635 31013
39.966823 116.368495 31015
39.966813 116.368342 31017
39.966828 116.368198 31019
39.966823 116.368023 31021
39.966828 116.367847 31023
39.966825 116.367660 31025
39.966815 116.367462 31027
39.966798 116.367253 31029
39.966777 116.367033 31031
39.966760 116.366805 31033
39.966743 116.366565 31035
39.966727 116.366327 31037
39.966713 116.366082 31039
39.966708 116.365835 31041
39.966688 116.365588 31043
39.966662 116.365335 31045
39.966648 116.365085 31047
39.966632 116.364837 31049
39.966617 116.364597 31051
39.966607 116.364373 31053
39.966598 116.364168 31055
39.966308 116.363347 31060
39.966290 116.363145 31063
39.966292 116.363018 31065
39.966298 116.362880 31067
39.966307 116.362767 31069
39.966317 116.362657 31071
39.966343 116.362573 31073
39.966365 116.362470 31075
39.966378 116.362348 31077
39.966388 116.362215 31079
39.966400 116.362078 31081
39.966403 116.361940 31083
39.966393 116.361672 31087
39.966405 116.361232 31092
39.966408 116.361027 31094
39.966408 116.360822 31096
39.966415 116.360620 31098
39.966422 116.360430 31100
39.966433 116.360253 31102
39.966437 116.360090 31104
39.966435 116.359945 31106
39.966425 116.359825 31108
39.966420 116.359730 31110
39.966422 116.359647 31112
39.966423 116.359577 31114
39.966422 116.359535 31116
39.966432 116.359513 31118
39.966442 116.359508 31120
39.966463 116.359512 31122
39.966483 116.359522 31124
39.966500 116.359533 31126
39.966518 116.359538 31128
39.966535 116.359545 31130
39.966555 116.359543 31132
39.966567 116.359528 31134
39.966568 116.359500 31136
39.966597 116.359468 31138
39.966625 116.359447 31140
39.966642 116.359442 31142
39.966665 116.359448 31144
39.966682 116.359453 31146
39.966705 116.359443 31152
39.966727 116.359387 31156
39.966753 116.359335 31158
39.966768 116.359297 31160
39.966790 116.359295 31162
39.966732 116.359243 31164
39.966718 116.359217 31166
39.966733 116.359205 31168
39.966762 116.359212 31170
39.966793 116.359212 31173
39.966818 116.359202 31175
39.966550 116.357550 31198
39.966495 116.357328 31200
39.966442 116.357090 31202
39.966423 116.356848 31204
39.966480 116.356610 31206
39.966492 116.356365 31208
39.966490 116.356110 31210
39.966498 116.355852 31212
39.966500 116.355587 31214
39.966497 116.355317 31216
39.966498 116.354883 31219
39.966507 116.354300 31223
39.966523 116.353817 31226
39.966520 116.353305 31229
39.966525 116.352780 31232
39.966535 116.352240 31235
39.966528 116.351688 31238
39.966527 116.351140 31241
39.966528 116.350608 31244
39.966522 116.350103 31247
39.966513 116.349637 31250
39.966497 116.349215 31253
39.966497 116.348817 31256
39.966500 116.348415 31259
39.966508 116.347995 31262
39.966525 116.347565 31265
39.966473 116.347108 31268
39.966455 116.346633 31271
39.966465 116.346168 31274
39.966472 116.345708 31277
39.966483 116.345262 31280
39.966485 116.344822 31283
39.966480 116.344417 31286
39.966468 116.344098 31289
39.966468 116.343812 31292
39.966473 116.343655 31294
39.966468 116.343312 31298
39.966458 116.343183 31300
39.966458 116.343128 31302
39.966467 116.343100 31304
39.966468 116.343103 31306
39.966463 116.343092 31308
39.966355 116.343002 31323
39.966365 116.343008 31325
39.966378 116.342957 31327
39.966398 116.342862 31329
39.966418 116.342733 31331
39.966430 116.342572 31333
39.966433 116.342363 31335
39.966445 116.342147 31337
39.966445 116.341895 31339
39.966450 116.341647 31341
39.966447 116.341385 31343
