39.946854 116.419234 30696
39.946808 116.419286 30701
39.946760 116.419343 30706
39.946723 116.419365 30711
39.946743 116.419358 30716
39.946743 116.419340 30721
39.946743 116.419340 30724
39.946749 116.419343 30726
39.946746 116.419393 30731
39.946758 116.419355 30736
39.946751 116.419333 30741
39.946726 116.419306 30746
39.946716 116.419314 30751
39.946700 116.419348 30756
39.946651 116.419404 30761
39.946633 116.419381 30766
39.946589 116.419404 30771
39.946527 116.419394 30776
39.946498 116.419357 30781
39.946458 116.419420 30786
39.946411 116.419444 30791
39.946358 116.419420 30796
39.946335 116.419362 30801
39.946324 116.419239 30804
39.946286 116.419206 30809
39.946228 116.419196 30814
39.946180 116.419173 30819
39.946161 116.419164 30824
39.946098 116.419170 30829
39.946039 116.419197 30834
39.945975 116.419213 30839
39.945938 116.419193 30844
39.945928 116.419198 30849
39.945917 116.419184 30854
39.945893 116.419209 30859
39.945865 116.419219 30864
39.945875 116.419216 30869
39.945871 116.419219 30874
39.945871 116.419219 30877
39.945868 116.419221 30879
39.945847 116.419235 30884
39.945824 116.419245 30889
39.945776 116.419233 30894
39.945723 116.419225 30899
39.945668 116.419203 30904
39.945625 116.419202 30909
39.945593 116.419210 30914
39.945552 116.419231 30919
39.945500 116.419220 30924
39.945444 116.419228 30929
39.945407 116.419232 30934
39.945369 116.419263 30939
39.945321 116.419285 30944
39.945298 116.419262 30949
39.945274 116.419248 30954
39.945239 116.419285 30959
39.945218 116.419296 30964
39.945194 116.419278 30969
39.945192 116.419279 30974
39.945190 116.419280 30979
39.945186 116.419283 30984
39.945183 116.419285 30989
39.945189 116.419282 30994
39.945188 116.419283 30999
39.945188 116.419283 31002
39.945190 116.419283 31004
39.945228 116.419257 31009
39.945292 116.419209 31014
39.945346 116.419169 31019
39.945365 116.419164 31024
39.945396 116.419170 31029
39.945442 116.419190 31034
39.945485 116.419201 31039
39.945526 116.419158 31044
39.945558 116.419145 31049
39.945579 116.419129 31054
39.945665 116.419134 31059
39.945687 116.419138 31064
39.945721 116.419147 31069
39.945766 116.419149 31074
39.945792 116.419154 31079
39.945878 116.419208 31083
39.945926 116.419197 31088
39.945926 116.419197 31091
39.945934 116.419198 31093
39.945948 116.419191 31098
39.945941 116.419176 31103
39.945941 116.419176 31106
39.945934 116.419181 31108
39.945924 116.419189 31113
39.945939 116.419204 31118
39.945966 116.419202 31123
39.946040 116.419210 31128
39.946078 116.419180 31133
39.946119 116.419143 31138
39.946129 116.419133 31143
39.946176 116.419122 31148
39.946176 116.419122 31151
39.946182 116.419130 31153
39.946269 116.419107 31158
39.946299 116.419112 31163
39.946299 116.419112 31166
39.946300 116.419107 31168
39.946356 116.419125 31173
39.946412 116.419139 31178
39.946414 116.419138 31183
39.946408 116.419143 31188
39.946408 116.419143 31191
39.946411 116.419142 31193
39.946460 116.419112 31198
39.946557 116.419086 31202
39.946697 116.419014 31205
39.946758 116.419015 31210
39.946836 116.418948 31212
39.946876 116.418927 31217
39.946903 116.418899 31222
39.946941 116.418937 31227
39.946980 116.418971 31232
39.947034 116.419007 31237
39.947089 116.419028 31242
39.947168 116.419032 31247
39.947235 116.418925 31249
39.947315 116.418926 31254
39.947407 116.418923 31259
39.947504 116.418948 31264
39.947590 116.418969 31269
39.947677 116.418997 31274
39.947735 116.419005 31279
39.947799 116.419003 31284
39.947841 116.418992 31289
39.947893 116.418981 31294
