40.064141 116.549936 11709
40.064140 116.549937 11714
40.064141 116.549937 11719
40.064140 116.549938 11724
40.064140 116.549937 11729
40.064140 116.549938 11734
40.064140 116.549938 11739
40.064140 116.549938 11742
40.064140 116.549938 11744
40.064200 116.549783 11748
40.064253 116.549647 11750
40.064306 116.549488 11752
40.064356 116.549326 11754
40.064396 116.549148 11756
40.064397 116.548961 11758
40.064353 116.548811 11760
40.064272 116.548691 11762
40.064160 116.548597 11764
40.064018 116.548506 11766
40.063931 116.548455 11767
40.063837 116.548399 11768
40.063736 116.548337 11769
40.063629 116.548272 11770
40.063520 116.548206 11771
40.063413 116.548127 11772
40.063288 116.548051 11773
40.063163 116.547969 11774
40.063023 116.547884 11775
40.062883 116.547799 11776
40.062759 116.547712 11777
40.062636 116.547621 11778
40.062510 116.547532 11779
40.062390 116.547438 11780
40.062271 116.547341 11781
40.062161 116.547240 11782
40.062047 116.547130 11783
40.061929 116.547020 11784
40.061815 116.546906 11785
40.061692 116.546791 11786
40.061567 116.546668 11787
40.061446 116.546538 11788
40.061316 116.546406 11789
40.061203 116.546274 11790
40.061084 116.546140 11791
40.060972 116.546005 11792
40.060852 116.545871 11793
40.060728 116.545738 11794
40.060606 116.545600 11795
40.060478 116.545462 11796
40.060363 116.545328 11797
40.060247 116.545187 11798
40.060135 116.545050 11799
40.060023 116.544915 11800
40.059903 116.544780 11801
40.059782 116.544648 11802
40.059664 116.544513 11803
40.059539 116.544387 11804
40.059421 116.544256 11805
40.059304 116.544120 11806
40.059189 116.543980 11807
40.059075 116.543840 11808
40.058956 116.543706 11809
40.058840 116.543567 11810
40.058722 116.543427 11811
40.058603 116.543289 11812
40.058480 116.543152 11813
40.058363 116.543012 11814
40.058241 116.542873 11815
40.058123 116.542732 11816
40.058011 116.542590 11817
40.057897 116.542450 11818
40.057783 116.542313 11819
40.057675 116.542173 11820
40.057570 116.542028 11821
40.057478 116.541872 11822
40.057388 116.541721 11823
40.057300 116.541571 11824
40.057210 116.541424 11825
40.057124 116.541274 11826
40.057054 116.541127 11827
40.056985 116.540981 11828
40.056919 116.540833 11829
40.056856 116.540684 11830
40.056780 116.540536 11831
40.056707 116.540386 11832
40.056641 116.540237 11833
40.056565 116.540088 11834
40.056483 116.539940 11835
40.056397 116.539796 11836
40.056306 116.539649 11837
40.056227 116.539490 11838
40.056148 116.539332 11839
40.056080 116.539176 11840
40.056010 116.539014 11841
40.055940 116.538853 11842
40.055863 116.538689 11843
40.055783 116.538528 11844
40.055707 116.538366 11845
40.055635 116.538207 11846
40.055559 116.538049 11847
40.055485 116.537891 11848
40.055413 116.537734 11849
40.055340 116.537579 11850
40.055270 116.537419 11851
40.055197 116.537260 11852
40.055120 116.537100 11853
40.055043 116.536942 11854
40.054964 116.536783 11855
40.054890 116.536628 11856
40.054820 116.536481 11857
40.054753 116.536339 11858
40.054689 116.536203 11859
40.054637 116.536076 11860
40.054592 116.535966 11861
40.054520 116.535801 11863
40.054458 116.535708 11866
40.054439 116.535753 11871
40.054441 116.535761 11876
40.054443 116.535769 11881
40.054440 116.535766 11886
40.054439 116.535768 11891
40.054439 116.535768 11894
40.054438 116.535769 11896
40.054377 116.535747 11901
40.054292 116.535675 11904
40.054212 116.535593 11906
40.054111 116.535486 11908
40.053979 116.535354 11910
40.053849 116.535232 11912
40.053718 116.535103 11914
40.053585 116.534975 11916
40.053505 116.534915 11917
40.053417 116.534854 11918
40.053336 116.534785 11919
40.053256 116.534712 11920
40.053168 116.534635 11921
40.053074 116.534555 11922
40.052977 116.534473 11923
40.052874 116.534386 11924
40.052759 116.534291 11925
40.052646 116.534205 11926
40.052532 116.534124 11927
40.052417 116.534049 11928
40.052305 116.533978 11929
40.052195 116.533904 11930
40.052081 116.533830 11931
40.051968 116.533756 11932
40.051846 116.533677 11933
40.051721 116.533598 11934
40.051597 116.533519 11935
40.051474 116.533447 11936
40.051350 116.533364 11937
40.051220 116.533280 11938
40.051087 116.533190 11939
40.050953 116.533107 11940
40.050820 116.533024 11941
40.050687 116.532938 11942
40.050562 116.532855 11943
40.050435 116.532774 11944
40.050312 116.532693 11945
40.050192 116.532614 11946
40.050079 116.532541 11947
40.049961 116.532460 11948
40.049845 116.532384 11949
40.049730 116.532304 11950
40.049613 116.532222 11951
40.049497 116.532140 11952
40.049381 116.532068 11953
40.049263 116.531987 11954
40.049148 116.531906 11955
40.049027 116.531828 11956
40.048903 116.531753 11957
40.048778 116.531674 11958
40.048655 116.531595 11959
40.048532 116.531515 11960
40.048408 116.531431 11961
40.048290 116.531354 11962
40.048166 116.531280 11963
40.048044 116.531208 11964
40.047922 116.531136 11965
40.047805 116.531067 11966
40.047684 116.530994 11967
40.047563 116.530923 11968
40.047442 116.530856 11969
40.047324 116.530790 11970
40.047209 116.530718 11971
40.047094 116.530651 11972
40.046983 116.530590 11973
40.046877 116.530527 11974
40.046769 116.530469 11975
40.046662 116.530411 11976
40.046554 116.530348 11977
40.046443 116.530290 11978
40.046331 116.530226 11979
40.046219 116.530164 11980
40.046109 116.530104 11981
40.045993 116.530043 11982
40.045872 116.529984 11983
40.045750 116.529923 11984
40.045625 116.529865 11985
40.045500 116.529807 11986
40.045370 116.529750 11987
40.045247 116.529691 11988
40.045122 116.529638 11989
40.045008 116.529583 11990
40.044891 116.529525 11991
40.044781 116.529476 11992
40.044682 116.529427 11993
40.044592 116.529384 11994
40.044458 116.529320 11996
40.044381 116.529288 12001
40.044389 116.529287 12006
40.044389 116.529287 12009
40.044384 116.529282 12011
40.044351 116.529270 12016
40.044322 116.529265 12021
40.044304 116.529260 12026
40.044196 116.529226 12031
40.044113 116.529160 12034
40.044029 116.529112 12036
40.043932 116.529058 12038
40.043818 116.529002 12040
40.043702 116.528939 12042
40.043575 116.528877 12044
40.043429 116.528811 12046
40.043267 116.528733 12048
40.043182 116.528692 12049
40.043098 116.528647 12050
40.043010 116.528607 12051
40.042919 116.528557 12052
40.042833 116.528510 12053
40.042746 116.528461 12054
40.042657 116.528410 12055
40.042569 116.528355 12056
40.042468 116.528287 12057
40.042379 116.528223 12058
40.042223 116.528148 12060
40.042094 116.528101 12062
40.041999 116.528072 12065
40.041999 116.528072 12068
40.042001 116.528065 12070
40.041940 116.528036 12075
40.041823 116.527970 12078
40.041691 116.527924 12080
40.041540 116.527853 12082
40.041378 116.527777 12084
40.041289 116.527736 12085
40.041193 116.527696 12086
40.041098 116.527655 12087
40.041006 116.527603 12088
40.040913 116.527554 12089
40.040817 116.527503 12090
40.040721 116.527461 12091
40.040632 116.527413 12092
40.040542 116.527369 12093
40.040450 116.527323 12094
40.040358 116.527279 12095
40.040269 116.527225 12096
40.040172 116.527177 12097
40.040073 116.527130 12098
40.039977 116.527080 12099
40.039882 116.527026 12100
40.039789 116.526970 12101
40.039694 116.526917 12102
40.039588 116.526859 12103
40.039482 116.526808 12104
40.039379 116.526764 12105
40.039266 116.526721 12106
40.039154 116.526672 12107
40.039036 116.526622 12108
40.038919 116.526580 12109
40.038790 116.526535 12110
40.038662 116.526479 12111
40.038530 116.526418 12112
40.038398 116.526354 12113
40.038261 116.526290 12114
40.038135 116.526227 12115
40.038010 116.526161 12116
40.037886 116.526095 12117
40.037761 116.526027 12118
40.037633 116.525961 12119
40.037503 116.525896 12120
40.037372 116.525832 12121
40.037242 116.525769 12122
40.037114 116.525701 12123
40.036978 116.525632 12124
40.036844 116.525562 12125
40.036709 116.525496 12126
40.036574 116.525426 12127
40.036436 116.525357 12128
40.036303 116.525290 12129
40.036169 116.525221 12130
40.036037 116.525150 12131
40.035907 116.525074 12132
40.035775 116.524994 12133
40.035646 116.524913 12134
40.035521 116.524830 12135
40.035397 116.524746 12136
40.035273 116.524665 12137
40.035147 116.524583 12138
40.035022 116.524507 12139
40.034895 116.524417 12140
40.034770 116.524327 12141
40.034640 116.524245 12142
40.034510 116.524159 12143
40.034383 116.524069 12144
40.034253 116.523980 12145
40.034130 116.523901 12146
40.034004 116.523817 12147
40.033880 116.523730 12148
40.033755 116.523639 12149
40.033627 116.523553 12150
40.033494 116.523464 12151
40.033362 116.523373 12152
40.033230 116.523280 12153
40.033097 116.523191 12154
40.032964 116.523102 12155
40.032832 116.523011 12156
40.032695 116.522916 12157
40.032560 116.522820 12158
40.032423 116.522725 12159
40.032286 116.522628 12160
40.032152 116.522531 12161
40.032015 116.522433 12162
40.031876 116.522332 12163
40.031742 116.522244 12164
40.031597 116.522150 12165
40.031457 116.522056 12166
40.031322 116.521957 12167
40.031189 116.521863 12168
40.031055 116.521769 12169
40.030920 116.521678 12170
40.030785 116.521587 12171
40.030650 116.521494 12172
40.030516 116.521405 12173
40.030379 116.521320 12174
40.030244 116.521233 12175
40.030110 116.521146 12176
40.029973 116.521053 12177
40.029842 116.520968 12178
40.029716 116.520886 12179
40.029590 116.520795 12180
40.029466 116.520712 12181
40.029345 116.520633 12182
40.029229 116.520552 12183
40.029113 116.520472 12184
40.028997 116.520386 12185
40.028886 116.520306 12186
40.028772 116.520229 12187
40.028658 116.520153 12188
40.028545 116.520077 12189
40.028432 116.519999 12190
40.028320 116.519928 12191
40.028214 116.519856 12192
40.028112 116.519785 12193
40.028013 116.519711 12194
40.027917 116.519638 12195
40.027810 116.519559 12196
40.027710 116.519484 12197
40.027604 116.519409 12198
40.027495 116.519336 12199
40.027386 116.519260 12200
40.027276 116.519180 12201
40.027161 116.519102 12202
40.027031 116.519016 12203
40.026907 116.518931 12204
40.026783 116.518846 12205
40.026663 116.518764 12206
40.026552 116.518688 12207
40.026446 116.518618 12208
40.026345 116.518561 12209
40.026250 116.518503 12210
40.026148 116.518436 12211
40.026049 116.518368 12212
40.025949 116.518302 12213
40.025851 116.518235 12214
40.025752 116.518168 12215
40.025651 116.518098 12216
40.025545 116.518029 12217
40.025434 116.517952 12218
40.025328 116.517877 12219
40.025219 116.517801 12220
40.025107 116.517728 12221
40.024999 116.517654 12222
40.024890 116.517581 12223
40.024786 116.517508 12224
40.024681 116.517440 12225
40.024576 116.517374 12226
40.024476 116.517312 12227
40.024379 116.517255 12228
40.024291 116.517196 12229
40.024207 116.517138 12230
40.024075 116.517040 12232
40.023974 116.516974 12234
40.023894 116.516949 12239
40.023909 116.516977 12244
40.023907 116.516976 12249
40.023909 116.516976 12254
40.023905 116.516974 12259
40.023899 116.516971 12264
40.023894 116.516968 12269
40.023891 116.516967 12274
40.023889 116.516966 12279
40.023890 116.516967 12284
40.023890 116.516968 12289
40.023890 116.516969 12294
40.023890 116.516970 12299
40.023890 116.516970 12304
40.023890 116.516970 12307
40.023890 116.516970 12309
