39.962923 116.316165 24257
39.963032 116.316142 24259
39.963145 116.316118 24261
39.963255 116.316090 24263
39.963392 116.316070 24265
39.963532 116.316052 24267
39.963687 116.316020 24269
39.963838 116.315985 24271
39.963997 116.315922 24273
39.964083 116.315883 24274
39.964170 116.315818 24275
39.964257 116.315763 24276
39.964343 116.315718 24277
39.964428 116.315680 24278
39.964587 116.315623 24280
39.964717 116.315540 24282
39.964827 116.315485 24284
39.964923 116.315418 24286
39.965002 116.315342 24288
39.965053 116.315245 24291
39.965012 116.315340 24397
39.965087 116.315290 24404
39.965213 116.315237 24407
39.965322 116.315210 24409
39.965425 116.315178 24411
39.965528 116.315132 24413
39.965630 116.315055 24415
39.965748 116.314993 24417
39.965867 116.314965 24419
39.965967 116.314912 24422
39.966065 116.314912 24429
39.966167 116.314890 24433
39.966277 116.314848 24437
39.966363 116.314823 24441
39.966472 116.314792 24450
39.966580 116.314762 24456
39.966670 116.314738 24462
39.966765 116.314718 24468
39.966860 116.314692 24472
39.966950 116.314660 24476
39.967033 116.314620 24479
39.967135 116.314598 24482
39.967230 116.314585 24488
39.967338 116.314578 24497
39.967433 116.314558 24501
39.967538 116.314532 24508
39.967618 116.314477 24512
39.967685 116.314393 24517
39.967705 116.314288 24526
39.967740 116.314182 24560
39.967775 116.314073 24563
39.967820 116.313970 24566
39.967850 116.313872 24569
39.967895 116.313955 24573
39.967992 116.313953 24578
39.968085 116.313890 24582
39.968173 116.313865 24585
39.968298 116.313817 24589
39.968390 116.313782 24591
39.968487 116.313718 24593
39.968567 116.313670 24595
39.968680 116.313643 24598
39.968753 116.313565 24600
39.968865 116.313500 24603
39.968977 116.313447 24606
39.969053 116.313362 24608
39.969137 116.313270 24610
39.969202 116.313180 24612
39.969262 116.313082 24614
39.969333 116.312993 24617
39.969373 116.312903 24619
39.969420 116.312823 24621
39.969467 116.312745 24623
39.969542 116.312652 24625
39.969603 116.312585 24627
39.969700 116.312562 24632
39.969755 116.312672 24636
39.969768 116.312783 24639
39.969735 116.312923 24642
39.969693 116.313030 24644
39.969640 116.313270 24645
39.969605 116.313372 24646
39.969563 116.313468 24649
39.969512 116.313570 24659
39.969447 116.313647 24664
39.969358 116.313837 24672
39.969335 116.313937 24674
39.969310 116.314053 24677
39.969290 116.314152 24680
39.969273 116.314247 24683
39.969345 116.314320 24693
39.969423 116.314213 24695
39.969508 116.314282 24699
39.969535 116.314378 24701
39.969605 116.314472 24704
39.969628 116.314382 24705
39.969670 116.314157 24707
39.969727 116.314085 24710
39.969797 116.313990 24714
39.969828 116.314075 24717
39.969750 116.314025 24733
39.969760 116.313918 24735
39.969812 116.313743 24737
39.969845 116.313603 24738
39.969868 116.313493 24739
39.969887 116.313387 24740
39.969895 116.313288 24741
39.969898 116.313195 24743
39.969887 116.313105 24746
39.969875 116.312997 24750
39.969960 116.312958 24758
39.970065 116.312987 24763
39.970172 116.312977 24768
39.970255 116.312927 24780
39.970332 116.312975 24787
39.970410 116.313038 24792
39.970487 116.313098 24800
39.970595 116.313108 24804
39.970687 116.313098 24806
39.970773 116.313068 24808
39.970887 116.313033 24810
39.971013 116.312988 24812
39.971147 116.312940 24814
39.971290 116.312890 24816
39.971443 116.312835 24818
39.971600 116.312765 24820
39.971753 116.312695 24822
39.971900 116.312642 24824
39.972052 116.312588 24826
39.972137 116.312553 24827
39.972217 116.312512 24828
39.972385 116.312440 24830
39.972485 116.312415 24831
39.972575 116.312387 24832
39.972667 116.312353 24833
39.972762 116.312317 24834
39.972853 116.312282 24835
39.972948 116.312245 24836
39.973040 116.312207 24837
39.973132 116.312170 24838
39.973222 116.312132 24839
39.973310 116.312095 24840
39.973398 116.312055 24841
39.973557 116.311993 24843
39.973700 116.311938 24845
39.973852 116.311870 24847
39.974002 116.311802 24849
39.974108 116.311760 24851
39.974193 116.311730 24853
39.974287 116.311703 24857
