39.968878 116.313637 39144
39.968802 116.313665 39146
39.968728 116.313690 39148
39.968640 116.313720 39150
39.968558 116.313725 39152
39.968453 116.313758 39154
39.968340 116.313787 39156
39.968223 116.313798 39158
39.968100 116.313810 39160
39.967982 116.313830 39162
39.967860 116.313853 39164
39.967347 116.314087 39180
39.967252 116.314112 39182
39.967113 116.314197 39184
39.966992 116.314282 39186
39.966862 116.314343 39188
39.966785 116.314393 39190
39.966742 116.314407 39192
39.966585 116.314463 39194
39.966523 116.314492 39196
39.966507 116.314525 39198
39.966517 116.314557 39200
39.966495 116.314583 39202
39.966417 116.314633 39204
39.966392 116.314652 39206
39.966363 116.314663 39208
39.966317 116.314685 39210
39.966327 116.314687 39212
39.966357 116.314735 39217
39.966393 116.314690 39219
39.966338 116.314650 39222
39.966150 116.314638 39224
39.966015 116.314592 39226
39.965935 116.314513 39228
39.965878 116.314423 39230
39.965828 116.314303 39232
39.965768 116.314187 39234
39.965698 116.314043 39236
39.965642 116.313933 39238
39.965573 116.313720 39240
39.965525 116.313575 39242
39.965460 116.313410 39244
39.965435 116.313243 39246
39.965375 116.313138 39248
39.965337 116.313045 39250
39.965303 116.312973 39252
39.965298 116.312943 39254
39.965267 116.312960 39256
39.965252 116.312880 39258
39.965230 116.312838 39260
39.965217 116.312822 39262
39.965197 116.312825 39264
39.965155 116.312773 39268
39.965112 116.312668 39270
39.965062 116.312492 39272
39.964985 116.312302 39274
39.964902 116.312092 39276
39.964812 116.311873 39278
39.964717 116.311638 39280
39.964617 116.311373 39282
39.964508 116.311093 39284
39.964393 116.310790 39286
39.964293 116.310500 39288
39.964185 116.310207 39290
39.964078 116.309945 39292
39.963977 116.309690 39294
39.963892 116.309430 39296
39.963808 116.309175 39298
39.963722 116.308942 39300
39.963643 116.308737 39302
39.963578 116.308580 39304
39.963550 116.308448 39306
39.963512 116.308368 39308
39.963483 116.308295 39310
39.963470 116.308273 39312
39.963465 116.308258 39314
39.963463 116.308245 39316
39.963468 116.308232 39318
39.963488 116.308222 39320
39.963477 116.308195 39324
39.963480 116.308193 39326
39.963475 116.308160 39330
39.963488 116.308143 39334
39.963490 116.308147 39338
39.963490 116.308147 39340
39.963488 116.308147 39342
39.963472 116.308143 39346
39.963457 116.308130 39348
39.963440 116.308102 39350
39.963422 116.308068 39352
39.963408 116.308025 39354
39.963383 116.307975 39356
39.963370 116.307923 39358
39.963345 116.307873 39360
39.963327 116.307838 39362
39.963312 116.307822 39364
39.963303 116.307795 39366
39.963298 116.307792 39368
39.963293 116.307805 39372
39.963317 116.307767 39376
39.963283 116.307710 39378
39.963218 116.307628 39380
39.963142 116.307515 39382
39.963055 116.307420 39384
39.962997 116.307282 39386
39.962930 116.307092 39388
39.962852 116.306890 39390
39.962783 116.306663 39392
39.962712 116.306442 39394
39.962652 116.306193 39396
39.962593 116.305953 39398
39.962492 116.305775 39400
39.962410 116.305600 39402
39.962345 116.305422 39404
39.962300 116.305263 39406
39.962255 116.305127 39408
39.962233 116.304997 39410
39.962220 116.304895 39412
39.962218 116.304847 39414
39.962220 116.304827 39416
39.962220 116.304812 39418
39.962232 116.304818 39422
39.962242 116.304742 39426
39.962298 116.304693 39430
39.962323 116.304685 39434
39.962312 116.304657 39436
39.962312 116.304637 39438
39.962305 116.304642 39440
39.962290 116.304612 39444
39.962278 116.304553 39446
39.962263 116.304520 39448
39.962247 116.304465 39450
39.962240 116.304422 39452
39.962237 116.304377 39454
39.962235 116.304347 39456
39.962247 116.304315 39458
39.962250 116.304292 39460
39.962252 116.304273 39462
39.962247 116.304257 39464
39.962240 116.304245 39466
39.962218 116.304267 39470
39.962205 116.304255 39474
39.962193 116.304242 39476
39.962193 116.304242 39478
39.962193 116.304238 39480
39.962188 116.304203 39484
39.962190 116.304172 39486
39.962188 116.304152 39488
39.962193 116.304115 39490
39.962198 116.304068 39492
39.962208 116.304025 39494
39.962202 116.304002 39496
39.962205 116.303963 39498
39.962218 116.303935 39500
39.962222 116.303905 39502
39.962243 116.303865 39504
39.962275 116.303813 39506
39.962275 116.303782 39508
39.962280 116.303728 39510
39.962250 116.303667 39512
39.962217 116.303592 39514
39.962185 116.303482 39516
39.962138 116.303355 39518
39.962098 116.303215 39520
39.962067 116.303078 39522
39.961973 116.302977 39524
39.961885 116.302820 39526
39.961775 116.302682 39528
39.961698 116.302533 39530
39.961590 116.302422 39532
39.961485 116.302293 39534
39.961383 116.302193 39536
39.961277 116.302102 39538
39.961187 116.301975 39540
39.961078 116.301842 39542
39.960962 116.301660 39544
39.960847 116.301462 39546
39.960735 116.301260 39548
39.960635 116.301043 39550
39.960553 116.300863 39552
39.960460 116.300687 39554
39.960370 116.300537 39556
39.960300 116.300388 39558
39.960238 116.300243 39560
39.960185 116.300127 39562
39.960148 116.300050 39564
39.960110 116.300007 39566
39.960083 116.299947 39568
39.960050 116.299873 39570
39.960018 116.299785 39572
39.959958 116.299685 39574
39.959887 116.299592 39576
39.959833 116.299478 39578
39.959787 116.299368 39580
39.959753 116.299293 39582
39.959733 116.299222 39584
39.959712 116.299127 39587
39.959680 116.299012 39590
39.959610 116.298982 39592
39.959547 116.298950 39594
39.959530 116.298922 39596
39.959523 116.298887 39598
39.959523 116.298838 39600
39.959513 116.298788 39602
39.959492 116.298702 39606
39.959513 116.298683 39611
39.959532 116.298662 39613
39.959542 116.298642 39615
39.959538 116.298630 39617
39.959423 116.298470 39622
39.959347 116.298450 39623
39.959337 116.298302 39625
39.959373 116.298047 39628
39.959347 116.297938 39630
39.959285 116.297850 39633
39.959238 116.297783 39635
39.959220 116.297672 39638
39.959180 116.297622 39640
39.959183 116.297580 39641
39.959155 116.297500 39644
39.959165 116.297432 39648
39.959165 116.297432 39652
39.959165 116.297432 39656
39.959165 116.297432 39660
39.959165 116.297432 39664
39.959165 116.297432 39668
39.959165 116.297432 39672
39.959165 116.297432 39676
39.959165 116.297432 39680
39.959165 116.297432 39684
39.959165 116.297432 39688
39.959165 116.297432 39690
39.959165 116.297432 39692
39.959177 116.297420 39694
39.959177 116.297365 39696
39.959135 116.297268 39698
39.959063 116.297107 39700
39.958995 116.296930 39702
39.958948 116.296707 39704
39.958902 116.296525 39706
39.958847 116.296297 39708
39.958810 116.296060 39710
39.958782 116.295835 39712
39.958760 116.295608 39714
39.958737 116.295372 39716
39.958707 116.295152 39718
39.958680 116.294945 39720
39.958658 116.294743 39722
39.958630 116.294557 39724
39.958585 116.294393 39726
39.958543 116.294273 39728
39.958522 116.294182 39730
39.958503 116.294122 39732
39.958487 116.294143 39734
39.958477 116.294148 39736
39.958465 116.294150 39738
39.958465 116.294158 39740
39.958465 116.294165 39742
