39.862767 116.258472 10562
39.862767 116.258472 10604
39.862767 116.258472 10606
39.862857 116.258470 10609
39.862973 116.258470 10611
39.863123 116.258473 10613
39.863297 116.258482 10615
39.863390 116.258487 10616
39.863482 116.258493 10617
39.863572 116.258498 10618
39.863742 116.258515 10620
39.863897 116.258525 10622
39.864038 116.258528 10624
39.864153 116.258530 10626
39.864263 116.258537 10629
39.864355 116.258542 10632
39.864463 116.258545 10635
39.864587 116.258547 10638
39.864685 116.258538 10640
39.864805 116.258525 10642
39.864942 116.258517 10644
39.865088 116.258515 10646
39.865247 116.258490 10648
39.865423 116.258477 10650
39.865517 116.258473 10651
39.865612 116.258470 10652
39.865708 116.258467 10653
39.865805 116.258465 10654
39.865900 116.258462 10655
39.865995 116.258458 10656
39.866092 116.258455 10657
39.866193 116.258457 10658
39.866297 116.258457 10659
39.866395 116.258457 10660
39.866490 116.258458 10661
39.866582 116.258460 10662
39.866747 116.258465 10664
39.866903 116.258468 10666
39.867053 116.258468 10668
39.867208 116.258465 10670
39.867380 116.258467 10672
39.867470 116.258468 10673
39.867648 116.258472 10675
39.867822 116.258475 10677
39.867993 116.258480 10679
39.868160 116.258487 10681
39.868337 116.258492 10683
39.868508 116.258492 10685
39.868682 116.258495 10687
39.868865 116.258505 10689
39.868963 116.258510 10690
39.869067 116.258513 10691
39.869175 116.258517 10692
39.869285 116.258520 10693
39.869395 116.258525 10694
39.869507 116.258527 10695
39.869618 116.258528 10696
39.869728 116.258530 10697
39.869838 116.258535 10698
39.869947 116.258538 10699
39.870053 116.258542 10700
39.870160 116.258543 10701
39.870267 116.258548 10702
39.870373 116.258557 10703
39.870480 116.258563 10704
39.870585 116.258568 10705
39.870688 116.258570 10706
39.870792 116.258570 10707
39.870895 116.258570 10708
39.871002 116.258570 10709
39.871108 116.258570 10710
39.871217 116.258568 10711
39.871323 116.258568 10712
39.871430 116.258568 10713
39.871537 116.258567 10714
39.871643 116.258567 10715
39.871748 116.258567 10716
39.871855 116.258570 10717
39.871962 116.258573 10718
39.872067 116.258578 10719
39.872167 116.258582 10720
39.872265 116.258583 10721
39.872360 116.258585 10722
39.872455 116.258583 10723
39.872555 116.258582 10724
39.872657 116.258582 10725
39.872762 116.258583 10726
39.872872 116.258585 10727
39.872983 116.258587 10728
39.873098 116.258587 10729
39.873217 116.258587 10730
39.873337 116.258585 10731
39.873457 116.258587 10732
39.873580 116.258587 10733
39.873703 116.258588 10734
39.873832 116.258590 10735
39.873960 116.258590 10736
39.874088 116.258592 10737
39.874217 116.258592 10738
39.874345 116.258595 10739
39.874477 116.258597 10740
39.874612 116.258598 10741
39.874750 116.258600 10742
39.874890 116.258602 10743
39.875028 116.258602 10744
39.875165 116.258603 10745
39.875300 116.258603 10746
39.875437 116.258603 10747
39.875570 116.258603 10748
39.875705 116.258605 10749
39.875838 116.258607 10750
39.875970 116.258607 10751
39.876100 116.258607 10752
39.876227 116.258607 10753
39.876352 116.258607 10754
39.876473 116.258607 10755
39.876593 116.258608 10756
39.876715 116.258610 10757
39.876837 116.258612 10758
39.876957 116.258613 10759
39.877075 116.258615 10760
39.877193 116.258615 10761
39.877308 116.258615 10762
39.877422 116.258615 10763
39.877530 116.258615 10764
39.877635 116.258615 10765
39.877740 116.258615 10766
39.877845 116.258615 10767
39.877947 116.258612 10768
39.878052 116.258605 10769
39.878155 116.258597 10770
39.878253 116.258590 10771
39.878343 116.258585 10772
39.878505 116.258582 10774
39.878633 116.258580 10776
39.878728 116.258580 10780
39.878820 116.258573 10828
39.878920 116.258573 10832
39.879033 116.258575 10836
39.879140 116.258578 10839
39.879240 116.258578 10841
39.879363 116.258578 10843
39.879502 116.258578 10845
39.879648 116.258577 10847
39.879807 116.258577 10849
39.879993 116.258572 10851
39.880095 116.258573 10852
39.880202 116.258577 10853
39.880310 116.258583 10854
39.880423 116.258592 10855
39.880537 116.258598 10856
39.880650 116.258605 10857
39.880762 116.258607 10858
39.880872 116.258608 10859
39.880977 116.258612 10860
39.881083 116.258613 10861
39.881185 116.258613 10862
39.881287 116.258613 10863
39.881380 116.258613 10864
39.881472 116.258615 10865
39.881625 116.258617 10867
39.881765 116.258618 10869
39.881892 116.258620 10871
39.882005 116.258622 10873
39.882113 116.258625 10876
39.882208 116.258632 10900
39.882300 116.258637 10903
39.882398 116.258640 10905
39.882518 116.258640 10907
39.882662 116.258637 10909
39.882822 116.258632 10911
39.882993 116.258630 10913
39.883163 116.258632 10915
39.883327 116.258635 10917
39.883483 116.258635 10919
39.883613 116.258643 10921
39.883707 116.258667 10923
39.883807 116.258713 10926
39.883855 116.258808 10933
39.883833 116.258910 10938
39.883733 116.258917 10942
39.883638 116.258978 10966
39.883573 116.259048 10969
39.883695 116.258872 11015
39.883710 116.258973 11023
39.883792 116.258932 11028
39.883877 116.258897 11034
39.883867 116.258990 11048
39.883915 116.259077 11056
39.883833 116.259117 11111
39.883920 116.259065 11126
