39.847463 116.276465 13782
39.847582 116.276477 13786
39.847690 116.276477 13789
39.847798 116.276477 13792
39.847903 116.276477 13796
39.847993 116.276450 13810
39.848060 116.276348 13813
39.848090 116.276212 13815
39.848098 116.276098 13817
39.848110 116.275973 13819
39.848133 116.275808 13821
39.848142 116.275647 13823
39.848142 116.275472 13825
39.848147 116.275382 13826
39.848152 116.275210 13828
39.848157 116.275037 13830
39.848173 116.274875 13832
39.848172 116.274765 13833
39.848178 116.274663 13834
39.848182 116.274558 13835
39.848192 116.274465 13836
39.848190 116.274372 13837
39.848180 116.274258 13838
39.848173 116.274152 13839
39.848175 116.274052 13840
39.848177 116.273880 13842
39.848175 116.273785 13843
39.848168 116.273695 13844
39.848195 116.273608 13845
39.848237 116.273435 13847
39.848252 116.273295 13849
39.848298 116.273190 13852
39.848245 116.273082 13856
39.848165 116.273008 13860
39.848072 116.272998 13862
39.847962 116.272993 13864
39.847842 116.272985 13866
39.847727 116.272978 13868
39.847618 116.272988 13870
39.847515 116.272998 13872
39.847413 116.272998 13874
39.847278 116.273000 13876
39.847118 116.272998 13878
39.846962 116.273002 13880
39.846825 116.273005 13882
39.846687 116.273002 13884
39.846537 116.272993 13886
39.846383 116.273002 13888
39.846232 116.273010 13890
39.846095 116.273017 13892
39.845968 116.273033 13894
39.845843 116.273042 13896
39.845708 116.273045 13898
39.845597 116.272988 13900
39.845508 116.272952 13902
39.845455 116.272877 13904
39.845413 116.272753 13906
39.845390 116.272578 13908
39.845382 116.272487 13909
39.845383 116.272310 13911
39.845388 116.272215 13912
39.845400 116.272037 13914
39.845397 116.271938 13915
39.845397 116.271842 13916
39.845392 116.271738 13917
39.845382 116.271632 13918
39.845373 116.271525 13919
39.845370 116.271415 13920
39.845370 116.271305 13921
39.845370 116.271195 13922
39.845367 116.271082 13923
39.845372 116.270963 13924
39.845362 116.270833 13925
39.845353 116.270700 13926
39.845342 116.270563 13927
39.845333 116.270430 13928
39.845323 116.270288 13929
39.845318 116.270157 13930
39.845315 116.270027 13931
39.845308 116.269895 13932
39.845300 116.269765 13933
39.845298 116.269640 13934
39.845292 116.269507 13935
39.845288 116.269378 13936
39.845285 116.269257 13937
39.845283 116.269148 13938
39.845275 116.268988 13940
39.845273 116.268840 13942
39.845273 116.268663 13944
39.845270 116.268563 13945
39.845265 116.268458 13946
39.845262 116.268350 13947
39.845258 116.268245 13948
39.845258 116.268142 13949
39.845255 116.268042 13950
39.845253 116.267948 13951
39.845253 116.267858 13952
39.845253 116.267768 13953
39.845262 116.267603 13955
39.845258 116.267435 13957
39.845252 116.267277 13959
39.845243 116.267128 13961
39.845220 116.266980 13963
39.845193 116.266823 13965
39.845178 116.266663 13967
39.845163 116.266505 13969
39.845152 116.266375 13971
39.845147 116.266230 13973
39.845163 116.266052 13975
39.845187 116.265963 13976
39.845238 116.265793 13978
39.845293 116.265625 13980
39.845330 116.265537 13981
39.845370 116.265445 13982
39.845415 116.265353 13983
39.845458 116.265258 13984
39.845503 116.265162 13985
39.845545 116.265058 13986
39.845582 116.264953 13987
39.845615 116.264845 13988
39.845645 116.264738 13989
39.845673 116.264628 13990
39.845705 116.264520 13991
39.845732 116.264407 13992
39.845758 116.264292 13993
39.845787 116.264175 13994
39.845813 116.264055 13995
39.845833 116.263945 13996
39.845845 116.263850 13997
39.845858 116.263742 13998
39.845877 116.263622 13999
39.845903 116.263517 14000
39.845918 116.263413 14001
39.845933 116.263312 14002
39.845955 116.263212 14003
39.845977 116.263117 14004
39.846023 116.262950 14006
39.846055 116.262803 14008
39.846087 116.262667 14010
39.846118 116.262525 14012
39.846155 116.262380 14014
39.846193 116.262232 14016
39.846223 116.262103 14018
39.846222 116.262000 14044
39.846265 116.261897 14071
39.846300 116.261810 14073
39.846407 116.261720 14076
39.846527 116.261702 14078
39.846673 116.261695 14080
39.846843 116.261685 14082
39.846935 116.261677 14083
39.847027 116.261667 14084
39.847118 116.261653 14085
39.847208 116.261643 14086
39.847370 116.261615 14088
39.847517 116.261563 14090
39.847665 116.261500 14092
39.847815 116.261453 14094
39.847932 116.261425 14096
39.848058 116.261408 14098
39.848207 116.261387 14100
39.848372 116.261365 14102
39.848462 116.261358 14103
39.848553 116.261355 14104
39.848648 116.261350 14105
39.848745 116.261345 14106
39.848835 116.261325 14107
39.848932 116.261317 14108
39.849025 116.261305 14109
39.849122 116.261295 14110
39.849222 116.261282 14111
39.849327 116.261267 14112
39.849432 116.261253 14113
39.849540 116.261243 14114
39.849652 116.261232 14115
39.849762 116.261225 14116
39.849870 116.261220 14117
39.849973 116.261205 14118
39.850077 116.261193 14119
39.850178 116.261185 14120
39.850278 116.261178 14121
39.850378 116.261178 14122
39.850480 116.261173 14123
39.850582 116.261160 14124
39.850672 116.261140 14125
39.850832 116.261120 14127
39.850935 116.261110 14129
39.851048 116.261105 14132
39.851157 116.261093 14150
39.851252 116.261088 14152
39.851382 116.261078 14154
39.851545 116.261060 14156
39.851635 116.261062 14157
39.851735 116.261075 14158
39.851833 116.261092 14159
39.851942 116.261113 14160
39.852055 116.261138 14161
39.852170 116.261162 14162
39.852285 116.261178 14163
39.852397 116.261188 14164
39.852508 116.261197 14165
39.852620 116.261195 14166
39.852735 116.261185 14167
39.852847 116.261165 14168
39.852960 116.261142 14169
39.853078 116.261112 14170
39.853200 116.261087 14171
39.853325 116.261068 14172
39.853443 116.261037 14173
39.853560 116.261010 14174
39.853672 116.260982 14175
39.853773 116.260950 14176
39.853867 116.260927 14177
39.853992 116.260897 14179
39.854070 116.260802 14182
39.854195 116.260747 14185
39.854282 116.260700 14187
39.854390 116.260675 14189
39.854533 116.260662 14191
39.854678 116.260617 14193
39.854837 116.260563 14195
39.854993 116.260515 14197
39.855148 116.260463 14199
39.855308 116.260383 14201
39.855395 116.260343 14202
39.855495 116.260302 14203
39.855598 116.260258 14204
39.855703 116.260213 14205
39.855802 116.260170 14206
39.855910 116.260137 14207
39.856012 116.260082 14208
39.856117 116.260030 14209
39.856223 116.259987 14210
39.856328 116.259947 14211
39.856433 116.259908 14212
39.856540 116.259870 14213
39.856645 116.259825 14214
39.856745 116.259777 14215
39.856842 116.259727 14216
39.856938 116.259680 14217
39.857035 116.259637 14218
39.857137 116.259608 14219
39.857240 116.259587 14220
39.857347 116.259567 14221
39.857452 116.259545 14222
39.857550 116.259530 14223
39.857650 116.259513 14224
39.857747 116.259497 14225
39.857840 116.259478 14226
39.858007 116.259445 14228
39.858182 116.259410 14230
39.858278 116.259392 14231
39.858377 116.259373 14232
39.858477 116.259355 14233
39.858573 116.259338 14234
39.858673 116.259318 14235
39.858847 116.259282 14237
39.858937 116.259265 14238
39.859030 116.259248 14239
39.859123 116.259232 14240
39.859215 116.259213 14241
39.859307 116.259198 14242
39.859398 116.259180 14243
39.859545 116.259145 14245
39.859630 116.259095 14247
39.859653 116.258972 14250
39.859630 116.258878 14252
39.859603 116.258760 14254
39.859578 116.258612 14256
39.859552 116.258452 14258
39.859523 116.258285 14260
39.859498 116.258115 14262
39.859475 116.257957 14264
39.859440 116.257835 14266
39.859417 116.257742 14270
39.859497 116.257670 14276
39.859602 116.257645 14280
39.859693 116.257610 14284
39.859740 116.257520 14294
39.859752 116.257418 14297
39.859733 116.257310 14310
39.859713 116.257407 14330
