39.973640 116.333728 2830
39.973786 116.333653 2835
39.973969 116.333522 2840
39.974013 116.333534 2845
39.973978 116.333559 2850
39.972728 116.333768 2855
39.972413 116.333945 2860
39.972319 116.333964 2865
39.972251 116.333916 2870
39.972187 116.333806 2875
39.972179 116.333701 2880
39.972281 116.333568 2885
39.972376 116.333404 2890
39.972177 116.333194 2895
39.971911 116.333000 2900
39.971820 116.333054 2905
39.971672 116.333075 2910
39.971358 116.332990 2915
39.970962 116.332861 2920
39.970961 116.333318 2925
39.971011 116.333764 2930
39.971029 116.333874 2935
39.972358 116.334604 2955
39.972871 116.334601 2960
39.972666 116.334253 2965
39.972573 116.334214 2970
39.972687 116.334407 2975
39.972524 116.334374 2980
39.972352 116.334220 2985
39.972327 116.334344 2990
39.971641 116.334206 2995
39.971511 116.334135 3000
39.971541 116.334136 3005
39.971328 116.334100 3010
39.971258 116.334001 3015
39.971189 116.333860 3020
39.971245 116.333859 3025
39.971282 116.333866 3030
39.971324 116.333884 3035
39.971324 116.333884 3038
39.971322 116.333891 3040
39.971343 116.334094 3045
39.971428 116.334347 3050
39.971382 116.334494 3055
39.971386 116.334617 3060
39.971445 116.334710 3065
39.971501 116.334736 3070
39.971459 116.334796 3075
39.971440 116.334836 3080
39.971390 116.334838 3085
39.971303 116.334872 3090
39.971236 116.334950 3095
39.971244 116.335006 3100
39.971291 116.335031 3105
39.971339 116.335066 3110
39.971373 116.335072 3115
39.971644 116.335145 3120
39.971830 116.335203 3125
39.971887 116.335301 3130
39.971951 116.335353 3135
39.971999 116.335417 3140
39.972027 116.335484 3145
39.972012 116.335524 3150
39.972012 116.335543 3155
39.972012 116.335543 3158
39.972007 116.335550 3160
39.971940 116.335521 3165
39.971829 116.335473 3170
39.971682 116.335455 3175
39.971581 116.335463 3180
39.971513 116.335490 3185
39.971559 116.335510 3190
39.971737 116.335608 3195
39.971895 116.335724 3200
39.972044 116.335822 3205
39.972209 116.335898 3210
39.972346 116.335957 3215
39.972485 116.336005 3220
39.972604 116.336085 3225
39.972766 116.336139 3230
39.972980 116.336119 3235
39.973140 116.336063 3240
39.973169 116.336008 3245
39.973112 116.335961 3250
39.973065 116.335937 3255
39.973027 116.335875 3260
39.972993 116.335832 3265
39.972330 116.335753 3270
39.971690 116.335911 3275
39.971420 116.335960 3280
39.971374 116.335974 3285
39.971471 116.336006 3290
39.971738 116.336019 3295
39.972065 116.336071 3300
39.972134 116.336102 3305
39.972260 116.336115 3310
39.972341 116.336112 3315
39.972477 116.336091 3320
39.972379 116.336060 3325
39.972346 116.336057 3330
39.972332 116.336061 3335
39.972252 116.336023 3340
39.972167 116.335984 3345
39.972112 116.335983 3350
39.972055 116.335941 3355
39.971955 116.335790 3360
39.971831 116.335534 3365
39.971750 116.335344 3370
39.971757 116.335278 3375
39.972027 116.335416 3380
39.972032 116.335401 3385
39.972108 116.335285 3390
39.972117 116.335274 3395
39.972192 116.335289 3400
39.972208 116.335301 3405
39.972427 116.335353 3410
39.972702 116.335384 3415
39.972890 116.335387 3420
39.973057 116.335397 3425
39.973187 116.335439 3430
