39.906418 116.479759 53992
39.906418 116.479744 53993
39.906418 116.479729 53994
39.906418 116.479713 53995
39.906414 116.479698 53996
39.906414 116.479683 53997
39.906414 116.479668 53999
39.906414 116.479660 54000
39.906410 116.479652 54001
39.906406 116.479637 54002
39.906406 116.479622 54003
39.906414 116.479607 54004
39.906422 116.479584 54006
39.906429 116.479568 54007
39.906437 116.479553 54008
39.906445 116.479538 54009
39.906452 116.479523 54010
39.906471 116.479515 54011
39.906475 116.479507 54012
39.906479 116.479492 54013
39.906483 116.479485 54014
39.906487 116.479469 54015
39.906498 116.479462 54016
39.906498 116.479454 54017
39.906490 116.479439 54019
39.906490 116.479424 54020
39.906490 116.479408 54021
39.906498 116.479385 54022
39.906502 116.479370 54023
39.906506 116.479355 54024
39.906513 116.479340 54025
39.906513 116.479324 54026
39.906513 116.479309 54027
39.906513 116.479294 54028
39.906513 116.479286 54029
39.906513 116.479271 54030
39.906513 116.479256 54031
39.906513 116.479248 54032
39.906506 116.479233 54033
39.906494 116.479218 54034
39.906498 116.479210 54035
39.906494 116.479187 54036
39.906498 116.479172 54037
39.906506 116.479156 54038
39.906509 116.479149 54039
39.906509 116.479134 54040
39.906513 116.479118 54041
39.906517 116.479103 54042
39.906521 116.479095 54043
39.906521 116.479080 54044
39.906525 116.479065 54045
39.906528 116.479050 54046
39.906528 116.479042 54047
39.906532 116.479027 54048
39.906536 116.479012 54049
39.906540 116.478996 54050
39.906544 116.478973 54051
39.906555 116.478966 54052
39.906559 116.478951 54053
39.906555 116.478935 54054
39.906555 116.478920 54055
39.906551 116.478905 54056
39.906551 116.478897 54057
39.906555 116.478882 54058
39.906559 116.478859 54059
39.906563 116.478844 54060
39.906567 116.478828 54061
39.906567 116.478813 54062
39.906567 116.478798 54063
39.906567 116.478775 54064
39.906567 116.478760 54065
39.906567 116.478752 54066
39.906567 116.478737 54067
39.906570 116.478729 54068
39.906567 116.478714 54069
39.906567 116.478699 54070
39.906567 116.478691 54071
39.906563 116.478668 54072
39.906563 116.478653 54073
39.906567 116.478630 54074
39.906563 116.478622 54075
39.906567 116.478615 54076
39.906567 116.478600 54077
39.906570 116.478592 54078
39.906578 116.478577 54079
39.906582 116.478569 54080
39.906586 116.478554 54081
39.906582 116.478546 54082
39.906590 116.478531 54083
39.906590 116.478516 54084
39.906593 116.478500 54085
39.906597 116.478485 54086
39.906601 116.478470 54087
39.906605 116.478455 54088
39.906612 116.478447 54089
39.906620 116.478439 54090
39.906628 116.478424 54091
39.906628 116.478409 54092
39.906628 116.478394 54093
39.906628 116.478394 54094
39.906624 116.478378 54095
39.906628 116.478371 54096
39.906624 116.478355 54097
39.906624 116.478340 54098
39.906620 116.478333 54099
39.906616 116.478325 54100
39.906616 116.478310 54101
39.906616 116.478302 54102
39.906620 116.478294 54103
39.906620 116.478287 54104
39.906620 116.478271 54105
39.906616 116.478256 54106
39.906616 116.478249 54107
39.906620 116.478233 54108
39.906620 116.478226 54109
39.906620 116.478210 54110
39.906620 116.478195 54111
39.906620 116.478188 54112
39.906624 116.478180 54113
39.906628 116.478172 54114
39.906628 116.478157 54115
39.906628 116.478142 54116
39.906624 116.478134 54117
39.906624 116.478119 54118
39.906620 116.478104 54119
39.906620 116.478081 54120
39.906620 116.478065 54121
39.906616 116.478050 54122
39.906612 116.478043 54123
39.906609 116.478027 54124
39.906605 116.478020 54125
39.906605 116.478004 54126
39.906605 116.477989 54127
39.906620 116.477982 54130
39.906631 116.477974 54132
39.906639 116.477959 54133
39.906639 116.477951 54134
39.906643 116.477936 54135
39.906647 116.477921 54136
39.906643 116.477905 54137
39.906654 116.477898 54139
39.906666 116.477890 54140
39.906673 116.477882 54141
39.906681 116.477882 54142
39.906681 116.477852 54145
39.906685 116.477829 54146
39.906685 116.477821 54147
39.906693 116.477814 54148
39.906696 116.477798 54149
39.906700 116.477783 54150
39.906700 116.477768 54151
39.906689 116.477745 54152
39.906689 116.477722 54153
39.906696 116.477699 54154
39.906700 116.477684 54155
39.906704 116.477676 54156
39.906708 116.477669 54157
39.906712 116.477661 54158
39.906712 116.477638 54159
39.906712 116.477623 54160
39.906704 116.477608 54161
39.906700 116.477592 54162
39.906700 116.477577 54163
39.906700 116.477570 54164
39.906700 116.477554 54165
39.906700 116.477539 54166
39.906693 116.477524 54167
39.906689 116.477509 54168
39.906685 116.477486 54169
39.906681 116.477470 54170
39.906677 116.477455 54171
39.906673 116.477432 54172
39.906673 116.477409 54173
39.906670 116.477394 54174
39.906666 116.477379 54175
39.906666 116.477364 54176
39.906662 116.477356 54177
39.906662 116.477348 54178
39.906658 116.477333 54179
39.906654 116.477318 54180
39.906651 116.477295 54181
39.906643 116.477280 54182
39.906639 116.477264 54183
39.906631 116.477242 54184
39.906628 116.477226 54185
39.906620 116.477211 54186
39.906620 116.477203 54187
39.906620 116.477188 54188
39.906616 116.477180 54189
39.906620 116.477165 54190
39.906620 116.477150 54191
39.906616 116.477135 54192
39.906609 116.477119 54193
39.906605 116.477097 54194
39.906597 116.477081 54195
39.906593 116.477066 54196
39.906586 116.477043 54197
39.906590 116.477028 54198
39.906593 116.477020 54199
39.906593 116.477005 54200
39.906593 116.476990 54201
39.906593 116.476982 54202
39.906593 116.476967 54203
39.906593 116.476952 54204
39.906597 116.476929 54205
39.906601 116.476913 54206
39.906609 116.476898 54207
39.906612 116.476891 54208
39.906612 116.476883 54209
39.906612 116.476875 54210
39.906616 116.476860 54211
39.906609 116.476845 54212
39.906605 116.476837 54213
39.906605 116.476830 54214
39.906597 116.476814 54215
39.906597 116.476807 54216
39.906601 116.476784 54217
39.906605 116.476768 54218
39.906605 116.476761 54219
39.906605 116.476746 54220
39.906601 116.476738 54221
39.906605 116.476723 54222
39.906601 116.476707 54223
39.906605 116.476700 54224
39.906605 116.476685 54225
39.906609 116.476677 54226
39.906612 116.476669 54227
39.906612 116.476654 54228
39.906609 116.476646 54229
39.906605 116.476631 54230
39.906601 116.476616 54231
39.906605 116.476608 54232
39.906605 116.476593 54233
39.906605 116.476585 54234
39.906605 116.476570 54235
39.906605 116.476555 54236
39.906601 116.476547 54237
39.906597 116.476532 54238
39.906593 116.476517 54239
39.906593 116.476509 54240
39.906593 116.476494 54241
39.906597 116.476486 54242
39.906597 116.476471 54243
39.906597 116.476456 54244
39.906601 116.476448 54245
39.906597 116.476433 54246
39.906597 116.476410 54247
39.906601 116.476395 54248
39.906601 116.476379 54249
39.906605 116.476372 54250
39.906609 116.476357 54251
39.906612 116.476341 54252
39.906612 116.476334 54253
39.906612 116.476318 54254
39.906616 116.476303 54255
39.906612 116.476288 54256
39.906616 116.476273 54257
39.906605 116.476265 54258
39.906605 116.476250 54259
39.906609 116.476234 54260
39.906609 116.476219 54261
39.906609 116.476204 54262
39.906605 116.476189 54263
39.906605 116.476173 54264
39.906605 116.476158 54265
39.906609 116.476151 54266
39.906605 116.476135 54267
39.906605 116.476120 54268
39.906601 116.476097 54269
39.906605 116.476089 54270
39.906605 116.476082 54271
39.906609 116.476067 54272
39.906609 116.476059 54273
39.906609 116.476051 54274
39.906609 116.476036 54275
39.906609 116.476021 54276
39.906601 116.476013 54277
39.906593 116.475998 54278
39.906590 116.475983 54279
39.906590 116.475960 54280
39.906590 116.475945 54281
39.906593 116.475929 54282
39.906593 116.475914 54283
39.906601 116.475899 54284
39.906609 116.475891 54285
39.906612 116.475883 54286
39.906612 116.475876 54287
39.906616 116.475861 54288
39.906616 116.475845 54289
39.906612 116.475838 54290
39.906616 116.475822 54291
39.906631 116.475800 54292
39.906631 116.475792 54293
39.906631 116.475784 54294
39.906647 116.475761 54295
39.906647 116.475739 54296
39.906635 116.475723 54297
39.906624 116.475716 54298
39.906620 116.475708 54299
39.906616 116.475700 54300
39.906620 116.475685 54301
39.906620 116.475670 54302
39.906620 116.475655 54303
39.906616 116.475632 54304
39.906612 116.475616 54305
39.906612 116.475609 54306
39.906612 116.475601 54307
39.906609 116.475594 54308
39.906609 116.475586 54309
39.906609 116.475586 54310
39.906605 116.475578 54311
39.906605 116.475563 54312
39.906609 116.475540 54314
39.906612 116.475525 54316
39.906609 116.475510 54317
39.906609 116.475502 54318
39.906605 116.475479 54320
39.906597 116.475471 54321
39.906593 116.475456 54322
39.906586 116.475449 54323
39.906590 116.475441 54324
39.906593 116.475433 54325
39.906601 116.475418 54326
39.906597 116.475403 54327
39.906593 116.475388 54328
39.906593 116.475372 54329
39.906590 116.475357 54330
39.906586 116.475342 54331
39.906582 116.475334 54332
39.906582 116.475319 54333
39.906590 116.475304 54334
39.906590 116.475296 54335
39.906590 116.475281 54336
39.906586 116.475266 54337
39.906586 116.475250 54338
39.906586 116.475235 54339
39.906590 116.475220 54340
39.906586 116.475212 54341
39.906582 116.475197 54342
39.906582 116.475182 54343
39.906574 116.475166 54344
39.906574 116.475159 54345
39.906570 116.475136 54347
39.906563 116.475128 54348
39.906555 116.475113 54349
39.906555 116.475105 54350
39.906555 116.475090 54351
39.906548 116.475082 54352
39.906548 116.475067 54353
39.906548 116.475060 54354
39.906548 116.475044 54355
39.906548 116.475037 54356
39.906548 116.475021 54357
39.906548 116.475014 54358
39.906544 116.474991 54359
39.906544 116.474968 54360
39.906544 116.474953 54361
39.906544 116.474945 54362
39.906540 116.474937 54363
39.906540 116.474930 54364
39.906544 116.474922 54365
39.906544 116.474907 54366
39.906540 116.474892 54367
39.906540 116.474876 54368
39.906540 116.474869 54369
39.906544 116.474854 54370
39.906540 116.474838 54371
39.906544 116.474831 54372
39.906544 116.474823 54373
39.906540 116.474808 54375
39.906544 116.474800 54376
39.906544 116.474785 54377
39.906551 116.474777 54378
39.906551 116.474762 54379
39.906548 116.474747 54380
39.906551 116.474739 54381
39.906551 116.474731 54382
39.906555 116.474716 54383
39.906548 116.474709 54384
39.906548 116.474693 54385
39.906555 116.474670 54388
39.906555 116.474655 54389
39.906555 116.474640 54390
39.906555 116.474625 54391
39.906551 116.474609 54392
39.906551 116.474594 54393
39.906548 116.474541 54397
39.906544 116.474533 54398
39.906548 116.474525 54399
39.906548 116.474510 54401
39.906567 116.474503 54403
39.906567 116.474495 54404
39.906570 116.474495 54405
39.906582 116.474480 54406
39.906593 116.474480 54407
39.906597 116.474472 54408
39.906605 116.474457 54409
39.906620 116.474457 54410
39.906620 116.474442 54411
39.906620 116.474419 54412
39.906616 116.474403 54413
39.906616 116.474388 54414
39.906620 116.474373 54415
39.906628 116.474358 54416
39.906635 116.474342 54417
39.906647 116.474335 54418
39.906651 116.474327 54419
39.906658 116.474319 54420
39.906662 116.474312 54421
39.906670 116.474297 54422
39.906666 116.474281 54423
39.906662 116.474274 54424
39.906666 116.474266 54425
39.906670 116.474251 54426
39.906673 116.474236 54427
39.906662 116.474220 54428
39.906658 116.474213 54429
39.906654 116.474197 54430
39.906651 116.474190 54431
39.906647 116.474174 54432
39.906647 116.474159 54433
39.906635 116.474144 54434
39.906631 116.474136 54435
39.906631 116.474129 54436
39.906635 116.474113 54437
39.906639 116.474113 54438
39.906639 116.474098 54439
39.906643 116.474091 54440
39.906643 116.474083 54441
39.906647 116.474068 54442
39.906651 116.474052 54443
39.906654 116.474037 54444
39.906651 116.474022 54445
39.906651 116.474007 54446
39.906647 116.473991 54447
39.906647 116.473984 54448
39.906658 116.473969 54451
39.906662 116.473961 54452
39.906666 116.473946 54453
39.906666 116.473923 54454
39.906673 116.473915 54455
39.906681 116.473900 54456
39.906677 116.473885 54457
39.906670 116.473869 54458
39.906673 116.473862 54459
39.906673 116.473846 54460
39.906673 116.473839 54461
39.906670 116.473831 54462
39.906662 116.473808 54463
39.906658 116.473793 54464
39.906658 116.473770 54465
39.906658 116.473755 54466
39.906654 116.473740 54467
39.906654 116.473717 54468
39.906658 116.473701 54469
39.906658 116.473686 54470
39.906658 116.473663 54471
39.906654 116.473633 54472
39.906651 116.473618 54473
39.906643 116.473602 54474
39.906635 116.473587 54475
39.906631 116.473579 54476
39.906628 116.473564 54477
39.906620 116.473557 54478
39.906631 116.473534 54479
39.906635 116.473518 54480
39.906643 116.473503 54481
39.906643 116.473480 54482
39.906647 116.473465 54483
39.906658 116.473442 54484
39.906658 116.473427 54485
39.906662 116.473404 54486
39.906670 116.473389 54487
39.906673 116.473366 54488
39.906673 116.473351 54489
39.906673 116.473335 54490
39.906670 116.473320 54491
39.906651 116.473305 54492
39.906643 116.473289 54493
39.906635 116.473282 54494
39.906643 116.473274 54495
39.906628 116.473267 54496
39.906631 116.473244 54497
39.906639 116.473236 54498
39.906639 116.473221 54499
39.906631 116.473198 54500
39.906647 116.473183 54501
39.906631 116.473175 54502
39.906631 116.473167 54503
39.906643 116.473152 54504
39.906643 116.473137 54505
39.906643 116.473129 54506
39.906647 116.473114 54507
39.906631 116.473106 54508
39.906647 116.473083 54509
39.906639 116.473068 54510
39.906635 116.473061 54511
39.906631 116.473038 54512
39.906620 116.473030 54513
39.906624 116.473015 54514
39.906620 116.473000 54515
39.906620 116.472992 54516
39.906605 116.472984 54517
39.906605 116.472969 54518
39.906605 116.472954 54519
39.906616 116.472931 54520
39.906609 116.472923 54521
39.906620 116.472908 54522
39.906624 116.472900 54523
39.906605 116.472893 54524
39.906593 116.472885 54525
39.906593 116.472878 54526
39.906586 116.472862 54527
39.906574 116.472847 54528
39.906567 116.472847 54529
39.906559 116.472832 54530
39.906570 116.472809 54531
39.906567 116.472794 54532
39.906567 116.472786 54533
39.906582 116.472763 54534
39.906593 116.472740 54535
39.906590 116.472733 54536
39.906597 116.472710 54537
39.906616 116.472694 54538
39.906601 116.472687 54539
39.906605 116.472672 54540
39.906586 116.472656 54541
39.906567 116.472649 54542
39.906548 116.472641 54543
39.906532 116.472641 54544
39.906548 116.472626 54545
39.906540 116.472610 54546
39.906555 116.472595 54548
39.906578 116.472595 54549
39.906597 116.472588 54550
39.906612 116.472580 54551
39.906597 116.472580 54552
39.906590 116.472565 54553
39.906605 116.472542 54554
39.906631 116.472511 54555
39.906620 116.472488 54556
39.906616 116.472481 54558
39.906624 116.472466 54559
39.906628 116.472450 54560
39.906647 116.472427 54561
39.906673 116.472412 54562
39.906681 116.472397 54563
39.906681 116.472382 54564
39.906658 116.472382 54565
39.906651 116.472374 54566
39.906635 116.472366 54567
39.906624 116.472343 54569
39.906631 116.472328 54570
39.906639 116.472313 54571
39.906658 116.472313 54572
39.906673 116.472305 54573
39.906654 116.472290 54575
39.906658 116.472267 54576
39.906677 116.472260 54577
39.906693 116.472244 54578
39.906704 116.472237 54581
39.906708 116.472221 54582
39.906712 116.472214 54583
39.906731 116.472198 54584
39.906738 116.472191 54585
39.906734 116.472183 54586
39.906727 116.472176 54587
39.906731 116.472176 54588
39.906746 116.472160 54589
39.906761 116.472160 54590
39.906765 116.472153 54591
39.906776 116.472145 54592
