39.984725 116.308592 36297
39.984762 116.308540 36299
39.984827 116.308418 36302
39.984820 116.308338 36304
39.984827 116.308182 36306
39.984813 116.308043 36308
39.984753 116.307928 36310
39.984760 116.307843 36312
39.984777 116.307810 36314
39.984768 116.307835 36317
39.985620 116.308657 36375
39.985580 116.308562 36376
39.985603 116.308172 36381
39.985552 116.308122 36383
39.985477 116.308088 36385
39.985427 116.308050 36387
39.985377 116.308000 36389
39.985293 116.307933 36391
39.985260 116.307888 36393
39.985237 116.307852 36395
39.985200 116.307802 36398
39.985197 116.307787 36401
39.985213 116.307758 36404
39.985232 116.307725 36407
39.985167 116.307732 36410
39.985098 116.307708 36413
39.984998 116.307632 36416
39.984962 116.307598 36419
39.984948 116.307598 36422
39.984978 116.307602 36425
39.985033 116.307623 36429
39.985087 116.307595 36432
39.985215 116.307608 36435
39.985320 116.307632 36438
39.985433 116.307618 36441
39.985493 116.307605 36444
39.985530 116.307587 36447
39.985590 116.307542 36450
39.985587 116.307572 36453
39.985587 116.307572 36454
39.985587 116.307578 36456
39.985570 116.307565 36459
39.985570 116.307565 36463
39.985577 116.307563 36465
39.985563 116.307532 36468
39.985537 116.307477 36471
39.985483 116.307445 36474
39.985390 116.307400 36477
39.985357 116.307368 36479
39.985345 116.307303 36481
39.985335 116.307243 36483
39.985343 116.307185 36485
39.985325 116.307138 36487
39.985355 116.307102 36489
39.985380 116.307058 36491
39.985402 116.307047 36493
39.985387 116.306998 36496
39.985387 116.306967 36499
39.985415 116.306922 36502
39.985442 116.306868 36505
39.985578 116.306250 36517
39.985585 116.306228 36520
39.985595 116.306297 36524
39.985643 116.306358 36527
39.985727 116.307007 36534
39.985773 116.307120 36537
39.985680 116.307053 36540
39.985630 116.307005 36543
39.985645 116.306802 36546
39.985678 116.306677 36549
39.985680 116.306578 36552
39.985690 116.306490 36555
39.985710 116.306415 36558
39.985735 116.306348 36561
39.985773 116.306310 36564
39.985805 116.306330 36567
39.985790 116.306310 36570
39.985790 116.306293 36573
39.985818 116.306257 36576
39.985863 116.306247 36579
39.985897 116.306238 36582
39.985935 116.306250 36585
39.985943 116.306235 36588
39.985975 116.306218 36591
39.985915 116.305970 36594
39.985915 116.305828 36597
39.985957 116.305783 36600
39.985993 116.305750 36603
39.986033 116.305700 36606
39.986053 116.305660 36609
39.986073 116.305645 36612
39.986177 116.305600 36615
39.986070 116.305415 36618
39.986013 116.305393 36625
39.986057 116.305413 36628
39.986122 116.305467 36631
39.986177 116.305477 36633
39.986213 116.305493 36635
39.986252 116.305510 36638
39.986295 116.305487 36641
39.986353 116.305452 36644
39.986392 116.305430 36647
39.986405 116.305403 36650
39.986385 116.305370 36653
39.986383 116.305353 36656
39.986383 116.305353 36657
39.986377 116.305347 36659
39.986380 116.305332 36662
39.986408 116.305310 36665
39.986403 116.305290 36668
39.986405 116.305273 36671
39.986412 116.305248 36674
39.986410 116.305220 36677
39.986415 116.305185 36680
39.986433 116.305142 36683
39.986433 116.305087 36686
39.986422 116.305030 36689
39.986403 116.304982 36692
39.986397 116.304930 36695
39.986397 116.304870 36698
39.986390 116.304803 36701
39.986358 116.304790 36704
39.986372 116.304758 36707
39.986400 116.304728 36710
39.986390 116.304715 36713
39.986388 116.304670 36716
39.986417 116.304635 36719
39.986442 116.304598 36722
39.986442 116.304570 36725
39.986458 116.304517 36728
39.986498 116.304465 36731
39.986507 116.304447 36734
39.986555 116.304447 36737
39.986602 116.304423 36740
39.986600 116.304408 36743
39.986602 116.304372 36746
39.986597 116.304345 36749
39.986643 116.304305 36752
39.986668 116.304247 36755
39.986628 116.304172 36758
39.986642 116.304068 36761
39.986655 116.303998 36764
39.986642 116.303928 36767
39.986615 116.303855 36770
39.986613 116.303810 36772
39.986617 116.303777 36774
39.986623 116.303727 36777
39.986622 116.303672 36780
39.986637 116.303653 36782
39.986675 116.303632 36785
39.986663 116.303627 36788
39.986665 116.303608 36791
39.986660 116.303568 36794
39.986668 116.303537 36797
39.986655 116.303503 36800
39.986677 116.303488 36803
39.986700 116.303510 36806
39.986707 116.303495 36809
39.986722 116.303467 36812
39.986742 116.303448 36815
39.986768 116.303425 36818
39.986808 116.303390 36821
39.986820 116.303370 36824
39.986822 116.303318 36827
39.986792 116.303270 36830
39.986792 116.303232 36833
39.986808 116.303203 36836
39.986825 116.303177 36839
39.986857 116.303140 36842
39.986873 116.303095 36845
39.986880 116.303068 36848
39.986873 116.303008 36851
39.986855 116.302987 36854
39.986855 116.302987 36855
39.986853 116.302983 36857
39.986853 116.302960 36860
39.986832 116.302923 36863
39.986802 116.302893 36866
39.986810 116.302850 36869
39.986820 116.302793 36872
39.986818 116.302762 36875
39.986818 116.302725 36878
39.986815 116.302698 36881
39.986832 116.302660 36884
39.986838 116.302632 36887
39.986840 116.302603 36890
39.986842 116.302577 36893
39.986832 116.302545 36896
39.986832 116.302545 36897
