39.991939 116.387106 21726
39.991942 116.387073 21729
39.991937 116.387027 21732
39.991926 116.386997 21735
39.991924 116.386956 21738
39.991922 116.386929 21741
39.991933 116.386904 21744
39.991929 116.386869 21747
39.991930 116.386827 21750
39.991949 116.386805 21753
39.991948 116.386784 21756
39.991957 116.386758 21759
39.991971 116.386738 21762
39.991992 116.386717 21765
39.992021 116.386691 21768
39.992006 116.386650 21771
39.992008 116.386618 21774
39.992013 116.386584 21777
39.992017 116.386548 21780
39.991994 116.386503 21783
39.992008 116.386477 21786
39.992024 116.386436 21789
39.992032 116.386392 21792
39.992023 116.386349 21795
39.992042 116.386314 21798
39.992054 116.386277 21801
39.992043 116.386252 21804
39.992020 116.386220 21807
39.991987 116.386195 21810
39.991995 116.386162 21813
39.991989 116.386115 21816
39.991975 116.386086 21819
39.992040 116.386056 21822
39.992057 116.386035 21825
39.992112 116.386028 21828
39.992182 116.385937 21831
39.992149 116.386009 21834
39.992128 116.386010 21837
39.992121 116.386009 21840
39.992120 116.386007 21843
39.992120 116.386007 21844
39.992120 116.386001 21846
39.992095 116.385974 21849
39.992138 116.385946 21852
39.992147 116.385931 21855
39.992145 116.385911 21858
39.992140 116.385899 21861
39.992118 116.385889 21864
39.992090 116.385848 21867
39.992059 116.385837 21870
39.992045 116.385803 21873
39.992039 116.385763 21876
39.992033 116.385740 21879
39.992026 116.385720 21882
39.992023 116.385687 21885
39.992030 116.385656 21888
39.992064 116.385627 21891
39.992136 116.385600 21894
39.992174 116.385570 21897
39.992219 116.385538 21900
39.992261 116.385514 21903
39.992309 116.385488 21906
39.992309 116.385455 21909
39.992296 116.385433 21912
39.992329 116.385385 21915
39.992371 116.385348 21918
39.992394 116.385316 21921
39.992427 116.385296 21924
39.992459 116.385303 21927
39.992485 116.385296 21930
39.992521 116.385291 21933
39.992562 116.385286 21936
39.992586 116.385285 21939
39.992622 116.385282 21942
39.992649 116.385290 21945
39.992675 116.385290 21948
39.992695 116.385297 21951
39.992719 116.385313 21954
39.992742 116.385284 21957
39.992756 116.385248 21960
39.992774 116.385229 21963
39.992799 116.385210 21966
39.992826 116.385216 21969
39.992841 116.385232 21972
39.992857 116.385259 21975
39.992885 116.385270 21978
39.992918 116.385267 21981
39.992954 116.385246 21984
39.992986 116.385229 21987
39.993016 116.385208 21990
39.993047 116.385197 21993
39.993073 116.385182 21996
39.993090 116.385166 21999
39.993110 116.385159 22002
39.993139 116.385174 22005
39.993161 116.385184 22008
39.993188 116.385196 22011
39.993215 116.385212 22014
39.993245 116.385218 22017
39.993273 116.385223 22020
39.993298 116.385209 22023
39.993316 116.385210 22026
39.993346 116.385217 22029
39.993368 116.385225 22032
39.993399 116.385219 22035
39.993426 116.385225 22038
39.993453 116.385224 22041
39.993484 116.385225 22044
39.993518 116.385225 22047
39.993560 116.385230 22050
39.993588 116.385224 22053
39.993609 116.385212 22056
39.993626 116.385202 22059
39.993663 116.385206 22062
39.993672 116.385186 22065
39.993699 116.385178 22068
39.993718 116.385169 22071
39.993749 116.385165 22074
39.993782 116.385167 22077
39.993811 116.385178 22080
39.993852 116.385180 22083
39.993883 116.385173 22086
39.993918 116.385185 22089
39.993943 116.385177 22092
39.993978 116.385186 22095
39.994008 116.385187 22098
39.994046 116.385188 22101
39.994081 116.385193 22104
39.994114 116.385197 22107
39.994141 116.385184 22110
39.994169 116.385183 22113
39.994207 116.385190 22116
39.994242 116.385189 22119
39.994279 116.385194 22122
39.994306 116.385183 22125
39.994336 116.385180 22128
39.994366 116.385176 22131
39.994393 116.385179 22134
39.994434 116.385169 22137
39.994462 116.385180 22140
39.994488 116.385189 22143
39.994518 116.385185 22146
39.994543 116.385165 22149
39.994574 116.385161 22152
39.994604 116.385163 22155
39.994633 116.385157 22158
39.994662 116.385160 22161
39.994700 116.385163 22164
39.994739 116.385156 22167
39.994768 116.385157 22170
39.994793 116.385152 22173
39.994817 116.385155 22176
39.994852 116.385146 22179
39.994880 116.385152 22182
39.994916 116.385152 22185
39.994938 116.385154 22188
39.994965 116.385159 22191
39.994994 116.385157 22194
39.995021 116.385149 22197
39.995056 116.385152 22200
39.995083 116.385153 22203
39.995116 116.385136 22206
39.995143 116.385130 22209
39.995183 116.385123 22212
39.995211 116.385127 22215
39.995241 116.385131 22218
39.995264 116.385132 22221
39.995303 116.385131 22224
39.995331 116.385140 22227
39.995357 116.385151 22230
39.995391 116.385164 22233
39.995421 116.385190 22236
39.995446 116.385228 22239
39.995479 116.385259 22242
39.995518 116.385274 22245
39.995540 116.385304 22248
39.995573 116.385324 22251
39.995600 116.385343 22254
39.995619 116.385344 22257
39.995619 116.385344 22258
39.995627 116.385343 22260
39.995610 116.385377 22263
39.995626 116.385407 22266
39.995632 116.385457 22269
39.995628 116.385479 22272
39.995662 116.385506 22275
39.995676 116.385535 22278
39.995670 116.385578 22281
39.995679 116.385645 22284
39.995666 116.385699 22287
39.995658 116.385723 22290
39.995659 116.385755 22293
39.995653 116.385789 22296
39.995648 116.385832 22299
39.995636 116.385879 22302
39.995636 116.385935 22305
39.995621 116.385989 22308
39.995623 116.386033 22311
39.995630 116.386082 22314
39.995614 116.386132 22317
39.995603 116.386174 22320
39.995592 116.386182 22323
39.995583 116.386201 22326
