39.977854 116.374761 17709
39.977916 116.374738 17711
39.978007 116.374717 17713
39.978108 116.374694 17715
39.978213 116.374668 17717
39.978332 116.374645 17719
39.978472 116.374599 17721
39.978615 116.374563 17723
39.978773 116.374523 17725
39.978950 116.374483 17727
39.979140 116.374434 17729
39.979337 116.374385 17731
39.979543 116.374326 17733
39.979723 116.374277 17735
39.979897 116.374243 17737
39.980073 116.374181 17739
39.980261 116.374127 17741
39.980434 116.374085 17743
39.980603 116.374053 17745
39.980792 116.373998 17747
39.980964 116.373969 17749
39.981145 116.373916 17751
39.981320 116.373859 17753
39.981489 116.373806 17755
39.981647 116.373755 17757
39.981779 116.373719 17759
39.981886 116.373710 17761
39.981952 116.373701 17763
39.981990 116.373704 17765
39.982005 116.373708 17767
39.982013 116.373703 17769
39.982019 116.373700 17771
39.982027 116.373694 17773
39.982054 116.373690 17775
39.982095 116.373682 17777
39.982144 116.373671 17779
39.982214 116.373653 17781
39.982320 116.373616 17783
39.982425 116.373586 17785
39.982537 116.373560 17787
39.982664 116.373538 17789
39.982797 116.373532 17791
39.982908 116.373514 17793
39.983038 116.373489 17795
39.983166 116.373442 17797
39.983322 116.373385 17799
39.983487 116.373331 17801
39.983662 116.373263 17803
39.983880 116.373199 17805
39.984073 116.373166 17807
39.984275 116.373140 17809
39.984510 116.373127 17811
39.984702 116.373118 17813
39.984880 116.373159 17815
39.985055 116.373231 17817
39.985243 116.373353 17819
39.985459 116.373518 17821
39.985622 116.373702 17823
39.985690 116.373922 17825
39.985706 116.374155 17827
39.985826 116.374321 17829
39.985874 116.374498 17831
39.985933 116.374699 17833
39.985949 116.374939 17835
39.985971 116.375165 17837
39.985990 116.375403 17839
39.986005 116.375647 17841
39.986013 116.375897 17843
39.986030 116.376145 17845
39.986042 116.376377 17847
39.986042 116.376600 17849
39.986046 116.376813 17851
39.986047 116.377011 17853
39.986042 116.377212 17855
39.986038 116.377413 17857
39.986038 116.377583 17859
39.986060 116.377710 17861
39.986077 116.377756 17863
39.986082 116.377747 17865
39.986082 116.377745 17867
39.986082 116.377742 17869
39.986083 116.377743 17871
39.986088 116.377745 17873
39.986088 116.377739 17875
39.986085 116.377750 17877
39.986088 116.377794 17879
39.986097 116.377832 17881
39.986087 116.377827 17883
39.986073 116.377831 17885
39.986062 116.377847 17887
39.986049 116.377852 17889
39.986046 116.377831 17891
39.986037 116.377820 17893
39.986023 116.377816 17895
39.985970 116.377802 17897
39.985929 116.377824 17899
39.985892 116.377863 17901
39.985915 116.377953 17903
39.985931 116.378043 17905
39.985959 116.378151 17907
39.985977 116.378256 17909
39.985998 116.378374 17911
39.986058 116.378546 17913
39.986071 116.378677 17915
39.986076 116.378781 17917
39.986072 116.378935 17919
39.986077 116.379105 17921
39.986110 116.379288 17923
39.986142 116.379522 17925
39.986169 116.379746 17927
39.986199 116.379979 17929
39.986218 116.380216 17931
39.986226 116.380478 17933
39.986233 116.380726 17935
39.986226 116.380983 17937
39.986233 116.381250 17939
39.986241 116.381529 17941
39.986248 116.381800 17943
39.986254 116.382053 17945
39.986256 116.382278 17947
39.986266 116.382448 17949
39.986280 116.382562 17951
39.986279 116.382631 17953
39.986257 116.382677 17955
39.986245 116.382718 17957
39.986265 116.382723 17959
39.986262 116.382738 17961
39.986261 116.382738 17963
39.986261 116.382739 17965
39.986261 116.382740 17967
39.986261 116.382742 17969
39.986261 116.382744 17971
39.986261 116.382750 17973
39.986260 116.382778 17975
39.986235 116.382852 17977
39.986233 116.382933 17979
39.986244 116.383043 17981
39.986257 116.383181 17983
39.986274 116.383322 17985
39.986279 116.383489 17987
39.986293 116.383666 17989
39.986305 116.383848 17991
39.986310 116.384047 17993
39.986312 116.384267 17995
39.986310 116.384513 17997
39.986321 116.384773 17999
39.986355 116.385049 18001
39.986384 116.385323 18003
39.986400 116.385602 18005
39.986417 116.385890 18007
39.986442 116.386193 18009
39.986458 116.386521 18011
39.986464 116.386859 18013
39.986466 116.387197 18015
39.986464 116.387531 18017
39.986456 116.387874 18019
39.986453 116.388255 18021
39.986462 116.388633 18023
39.986483 116.389014 18025
39.986492 116.389382 18027
39.986525 116.389723 18029
39.986555 116.390009 18031
39.986580 116.390269 18033
39.986564 116.390548 18035
39.986553 116.390836 18037
39.986553 116.391123 18039
39.986561 116.391423 18041
39.986556 116.391729 18043
39.986564 116.392055 18045
39.986573 116.392388 18047
39.986576 116.392708 18049
39.986566 116.393052 18051
39.986562 116.393401 18053
39.986578 116.393733 18055
39.986591 116.394068 18057
39.986609 116.394399 18059
39.986613 116.394720 18061
39.986617 116.395033 18063
39.986624 116.395340 18065
39.986624 116.395633 18067
39.986628 116.395921 18069
39.986627 116.396206 18071
39.986628 116.396451 18073
39.986621 116.396642 18075
39.986618 116.396749 18077
39.986616 116.396792 18079
39.986622 116.396793 18081
39.986617 116.396815 18083
39.986611 116.396843 18085
39.986602 116.396902 18087
39.986608 116.396995 18089
39.986601 116.397116 18091
39.986604 116.397231 18093
39.986601 116.397371 18095
39.986599 116.397513 18097
39.986604 116.397659 18099
39.986610 116.397815 18101
39.986618 116.397988 18103
39.986618 116.398149 18105
39.986641 116.398272 18107
39.986645 116.398400 18109
39.986657 116.398532 18111
39.986684 116.398692 18113
39.986696 116.398863 18115
39.986707 116.399044 18117
39.986699 116.399248 18119
39.986704 116.399450 18121
39.986710 116.399676 18123
39.986721 116.399896 18125
39.986737 116.400119 18127
39.986751 116.400355 18129
39.986761 116.400605 18131
39.986769 116.400882 18133
39.986765 116.401154 18135
39.986757 116.401433 18137
39.986763 116.401728 18139
39.986781 116.402037 18141
39.986795 116.402345 18143
39.986829 116.402644 18145
39.986850 116.402938 18147
39.986863 116.403252 18149
39.986871 116.403584 18151
39.986891 116.403902 18153
39.986905 116.404220 18155
39.986908 116.404571 18157
39.986908 116.404890 18159
39.986908 116.405209 18161
39.986907 116.405511 18163
39.986906 116.405803 18165
39.986924 116.406072 18167
39.986938 116.406306 18169
39.986942 116.406512 18171
39.986959 116.406689 18173
39.986971 116.406877 18175
39.986998 116.407040 18177
39.987006 116.407221 18179
39.987006 116.407405 18181
39.987012 116.407591 18183
39.987041 116.407747 18185
39.987061 116.407855 18187
39.987055 116.407891 18189
39.987045 116.407930 18191
39.987035 116.407970 18193
39.987027 116.407979 18195
39.987043 116.407992 18197
39.987043 116.408033 18199
39.987056 116.408084 18201
39.987070 116.408161 18203
39.987093 116.408215 18205
39.987102 116.408386 18207
39.987110 116.408552 18209
39.987144 116.408694 18211
39.987124 116.408898 18213
39.987113 116.409111 18215
39.987115 116.409301 18217
39.987096 116.409440 18219
39.987077 116.409545 18221
39.987080 116.409637 18223
39.987095 116.409730 18225
39.987110 116.409838 18227
39.987125 116.409958 18229
39.987109 116.410116 18231
39.987061 116.410294 18233
39.987009 116.410502 18235
39.986943 116.410662 18237
39.986894 116.410881 18239
39.986879 116.411328 18241
39.986904 116.411587 18243
39.986965 116.411846 18245
39.986983 116.412120 18247
39.986969 116.412386 18249
39.987008 116.412630 18251
39.987019 116.412914 18253
39.987045 116.413202 18255
39.987078 116.413506 18257
39.987078 116.413812 18259
39.987093 116.414101 18261
39.987127 116.414358 18263
39.987155 116.414590 18265
39.987167 116.414791 18267
39.987138 116.414967 18269
39.987096 116.415105 18271
39.987083 116.415172 18273
39.987079 116.415220 18275
39.987094 116.415161 18277
39.987094 116.415164 18279
39.987094 116.415161 18281
39.987094 116.415157 18283
39.987093 116.415155 18285
39.987093 116.415153 18287
39.987092 116.415159 18289
39.987096 116.415169 18291
39.987098 116.415179 18293
39.987098 116.415184 18295
39.987104 116.415197 18297
39.987107 116.415216 18299
39.987105 116.415235 18301
39.987100 116.415254 18303
39.987098 116.415270 18305
39.987108 116.415284 18307
39.987111 116.415296 18309
