39.975475 116.316072 52093
39.975477 116.316175 52094
39.975472 116.316292 52095
39.975467 116.316410 52096
39.975460 116.316535 52097
39.975450 116.316672 52098
39.975447 116.316790 52099
39.975445 116.316898 52100
39.975430 116.317033 52101
39.975415 116.317173 52102
39.975408 116.317290 52103
39.975393 116.317437 52104
39.975375 116.317588 52105
39.975358 116.317723 52106
39.975338 116.317857 52107
39.975318 116.317983 52108
39.975293 116.318098 52109
39.975278 116.318188 52110
39.975253 116.318255 52111
39.975072 116.318513 52170
39.975070 116.318513 52171
39.975070 116.318513 52172
39.975068 116.318513 52173
39.975067 116.318515 52174
39.975067 116.318515 52175
39.975065 116.318515 52176
39.975065 116.318517 52177
39.975063 116.318517 52178
39.975063 116.318517 52179
39.975062 116.318517 52180
39.975062 116.318518 52181
39.975062 116.318518 52182
39.975062 116.318518 52183
39.975062 116.318518 52184
39.975062 116.318518 52185
39.975060 116.318520 52186
39.975060 116.318520 52187
39.975058 116.318522 52188
39.975058 116.318523 52189
39.975057 116.318525 52190
39.975057 116.318527 52191
39.975057 116.318528 52192
39.975057 116.318528 52193
39.975055 116.318530 52194
39.975055 116.318530 52195
39.975055 116.318530 52196
39.975055 116.318532 52197
39.975053 116.318533 52198
39.975053 116.318537 52199
39.975055 116.318547 52200
39.975057 116.318575 52201
39.975058 116.318602 52202
39.975058 116.318635 52203
39.975058 116.318668 52204
39.975058 116.318705 52205
39.975060 116.318738 52206
39.975057 116.318773 52207
39.975053 116.318802 52208
39.975055 116.318832 52209
39.975055 116.318862 52210
39.975055 116.318885 52211
39.975053 116.318903 52212
39.975050 116.318918 52213
39.975048 116.318927 52214
39.975050 116.318933 52215
39.975047 116.318940 52216
39.975047 116.318945 52217
39.975048 116.318958 52218
39.975047 116.318967 52219
39.975048 116.318973 52220
39.975053 116.318983 52221
39.975057 116.318993 52222
39.975058 116.319008 52223
39.975058 116.319028 52224
39.975057 116.319048 52225
39.975053 116.319068 52226
39.975048 116.319090 52227
39.975043 116.319112 52228
39.975040 116.319147 52229
39.975035 116.319190 52230
39.975033 116.319237 52231
39.975033 116.319287 52232
39.975033 116.319342 52233
39.975032 116.319405 52234
39.975030 116.319472 52235
39.975010 116.319563 52236
39.975005 116.319627 52237
39.975003 116.319705 52238
39.975003 116.319790 52239
39.975003 116.319880 52240
39.975008 116.319968 52241
39.975007 116.320055 52242
39.974977 116.320143 52243
39.974987 116.320228 52244
39.974990 116.320315 52245
39.974988 116.320395 52246
39.974982 116.320465 52247
39.974975 116.320528 52248
39.974963 116.320583 52249
39.974952 116.320613 52250
39.974938 116.320635 52251
39.974933 116.320653 52252
39.974932 116.320665 52253
39.974930 116.320665 52254
39.974928 116.320665 52255
39.974928 116.320665 52256
39.974928 116.320665 52257
39.974927 116.320670 52258
39.974928 116.320700 52259
39.974935 116.320742 52260
39.974940 116.320785 52261
39.974942 116.320833 52262
39.974948 116.320895 52263
39.974953 116.320955 52264
39.974958 116.321022 52265
39.974972 116.321102 52266
39.974978 116.321175 52267
39.974987 116.321250 52268
39.974992 116.321323 52269
39.975000 116.321402 52270
39.975010 116.321483 52271
39.975015 116.321572 52272
39.975018 116.321662 52273
39.975025 116.321750 52274
39.975032 116.321842 52275
39.975038 116.321937 52276
39.975042 116.322030 52277
39.975047 116.322132 52278
39.975053 116.322230 52279
39.975058 116.322332 52280
39.975050 116.322450 52281
39.975050 116.322562 52282
39.975052 116.322675 52283
39.975055 116.322787 52284
39.975062 116.322897 52285
39.975058 116.323018 52286
39.975057 116.323143 52287
39.975058 116.323262 52288
39.975053 116.323385 52289
39.975052 116.323507 52290
39.975055 116.323625 52291
39.975052 116.323757 52292
39.975043 116.323892 52293
39.975043 116.324020 52294
39.975043 116.324145 52295
39.975045 116.324270 52296
39.975050 116.324388 52297
39.975057 116.324505 52298
39.975058 116.324630 52299
39.975070 116.324745 52300
39.975083 116.324853 52301
39.975092 116.324960 52302
39.975095 116.325075 52303
39.975103 116.325185 52304
39.975108 116.325297 52305
39.975110 116.325407 52306
39.975112 116.325522 52307
39.975115 116.325628 52308
39.975123 116.325732 52309
39.975132 116.325833 52310
39.975137 116.325937 52311
39.975128 116.326050 52312
39.975135 116.326147 52313
39.975138 116.326248 52314
39.975148 116.326342 52315
39.975148 116.326440 52316
39.975153 116.326535 52317
39.975162 116.326623 52318
39.975173 116.326713 52319
39.975175 116.326808 52320
39.975187 116.326892 52321
39.975202 116.326970 52322
39.975212 116.327037 52323
39.975218 116.327095 52324
39.975118 116.327405 52427
39.975117 116.327472 52428
39.975103 116.327550 52429
39.975107 116.327630 52430
39.975100 116.327713 52431
39.975088 116.327805 52432
39.975078 116.327898 52433
39.975072 116.327995 52434
39.975062 116.328088 52435
39.975050 116.328187 52436
39.975048 116.328282 52437
39.975047 116.328383 52438
39.975043 116.328488 52439
39.975040 116.328588 52440
39.975015 116.328707 52441
39.975002 116.328818 52442
39.975005 116.328928 52443
39.975010 116.329042 52444
39.975010 116.329148 52445
39.975008 116.329247 52446
39.975007 116.329343 52447
39.975005 116.329445 52448
39.975003 116.329540 52449
39.975030 116.329625 52450
39.975042 116.329678 52451
39.975032 116.329697 52452
39.975025 116.329702 52453
39.975035 116.329707 52454
39.975033 116.329712 52455
39.975037 116.329710 52456
39.975025 116.329703 52457
39.975023 116.329702 52458
39.975020 116.329698 52459
39.975020 116.329697 52460
39.975018 116.329690 52461
39.975020 116.329678 52462
39.975027 116.329663 52463
39.975025 116.329648 52464
39.975022 116.329637 52465
39.975025 116.329613 52466
39.975022 116.329598 52467
39.975017 116.329582 52468
39.975015 116.329570 52469
39.975013 116.329567 52470
39.975010 116.329560 52471
39.975010 116.329548 52472
39.975000 116.329537 52473
39.974997 116.329528 52474
39.974992 116.329518 52475
39.974992 116.329510 52476
39.974992 116.329495 52477
39.974993 116.329480 52478
39.974992 116.329470 52479
39.974992 116.329457 52480
39.974993 116.329448 52481
39.974985 116.329438 52482
39.974987 116.329422 52483
39.974993 116.329403 52484
39.974995 116.329392 52485
39.974993 116.329373 52486
39.974993 116.329357 52487
39.974997 116.329340 52488
39.974998 116.329315 52489
39.974997 116.329292 52490
39.974997 116.329273 52491
39.974998 116.329258 52492
39.975002 116.329240 52493
39.975007 116.329217 52494
39.975008 116.329200 52495
39.975010 116.329188 52496
39.975012 116.329172 52497
39.975008 116.329158 52498
39.975005 116.329143 52499
39.975002 116.329130 52500
39.975000 116.329117 52501
39.974998 116.329108 52502
39.975002 116.329098 52503
39.975007 116.329090 52504
39.975008 116.329082 52505
39.975010 116.329073 52506
39.975015 116.329067 52507
39.975020 116.329060 52508
39.975028 116.329053 52509
39.975042 116.329057 52510
39.975055 116.329057 52511
39.975070 116.329057 52512
39.975085 116.329050 52513
39.975098 116.329045 52514
39.975113 116.329042 52515
39.975127 116.329040 52516
39.975142 116.329040 52517
39.975157 116.329040 52518
39.975172 116.329037 52519
39.975187 116.329033 52520
39.975202 116.329028 52521
39.975215 116.329027 52522
39.975232 116.329025 52523
39.975250 116.329025 52524
39.975265 116.329028 52525
39.975282 116.329030 52526
39.975293 116.329033 52527
39.975307 116.329033 52528
39.975320 116.329040 52529
39.975335 116.329042 52530
39.975350 116.329042 52531
39.975363 116.329038 52532
39.975377 116.329042 52533
39.975392 116.329040 52534
39.975408 116.329038 52535
39.975422 116.329042 52536
39.975435 116.329042 52537
39.975450 116.329043 52538
39.975463 116.329042 52539
39.975477 116.329042 52540
39.975488 116.329038 52541
39.975503 116.329037 52542
39.975515 116.329035 52543
39.975525 116.329035 52544
39.975535 116.329030 52545
39.975543 116.329023 52546
39.975555 116.329018 52547
39.975567 116.329012 52548
39.975577 116.329007 52549
39.975588 116.329007 52550
39.975602 116.329003 52551
39.975612 116.329000 52552
39.975622 116.328997 52553
39.975632 116.328997 52554
39.975642 116.328995 52555
39.975653 116.328995 52556
39.975665 116.328993 52557
39.975677 116.328992 52558
39.975687 116.328992 52559
39.975698 116.328993 52560
39.975712 116.328988 52561
39.975727 116.328982 52562
39.975738 116.328980 52563
39.975750 116.328975 52564
39.975763 116.328972 52565
39.975775 116.328973 52566
39.975787 116.328975 52567
39.975797 116.328977 52568
39.975810 116.328977 52569
39.975822 116.328983 52570
39.975833 116.328987 52571
39.975845 116.328993 52572
39.975855 116.328997 52573
39.975872 116.328988 52574
39.975887 116.328985 52575
39.975910 116.328968 52576
39.975928 116.328960 52577
39.975945 116.328957 52578
39.975958 116.328957 52579
39.975973 116.328955 52580
39.975990 116.328947 52581
39.976003 116.328943 52582
39.976018 116.328942 52583
39.976035 116.328938 52584
39.976047 116.328933 52585
39.976058 116.328928 52586
39.976070 116.328922 52587
39.976080 116.328917 52588
39.976088 116.328917 52589
39.976093 116.328920 52590
39.976095 116.328923 52591
39.976110 116.328928 52592
39.976117 116.328928 52593
39.976123 116.328928 52594
39.976138 116.328905 52595
39.976148 116.328902 52596
39.976157 116.328892 52597
39.976170 116.328888 52598
39.976183 116.328888 52599
39.976197 116.328885 52600
39.976213 116.328885 52601
39.976228 116.328882 52602
39.976243 116.328877 52603
39.976267 116.328897 52604
39.976283 116.328905 52605
39.976298 116.328902 52606
39.976312 116.328902 52607
39.976328 116.328907 52608
39.976352 116.328908 52609
39.976367 116.328910 52610
39.976383 116.328917 52611
39.976397 116.328922 52612
39.976413 116.328922 52613
39.976432 116.328918 52614
39.976447 116.328920 52615
39.976458 116.328920 52616
39.976472 116.328922 52617
39.976485 116.328927 52618
39.976497 116.328928 52619
39.976508 116.328930 52620
39.976518 116.328930 52621
39.976532 116.328928 52622
39.976540 116.328923 52623
39.976553 116.328913 52624
39.976565 116.328902 52625
39.976573 116.328900 52626
39.976585 116.328897 52627
39.976593 116.328893 52628
39.976605 116.328897 52629
39.976615 116.328902 52630
39.976625 116.328902 52631
39.976638 116.328900 52632
39.976650 116.328898 52633
39.976660 116.328902 52634
39.976672 116.328905 52635
39.976682 116.328903 52636
39.976693 116.328905 52637
39.976705 116.328905 52638
39.976718 116.328910 52639
39.976732 116.328917 52640
39.976745 116.328922 52641
39.976760 116.328920 52642
39.976773 116.328918 52643
39.976787 116.328920 52644
39.976797 116.328922 52645
39.976808 116.328927 52646
39.976822 116.328932 52647
39.976832 116.328937 52648
39.976842 116.328957 52649
39.976848 116.328967 52650
39.976860 116.328977 52651
39.976868 116.328990 52652
39.976875 116.329005 52653
39.976877 116.329018 52654
39.976880 116.329033 52655
39.976885 116.329050 52656
39.976885 116.329063 52657
39.976885 116.329080 52658
39.976888 116.329092 52659
39.976898 116.329103 52660
39.976908 116.329113 52661
39.976920 116.329123 52662
39.976932 116.329133 52663
39.976943 116.329143 52664
39.976960 116.329157 52665
39.976973 116.329167 52666
39.976982 116.329167 52667
39.976992 116.329163 52668
39.977005 116.329167 52669
39.977022 116.329168 52670
39.977035 116.329168 52671
39.977045 116.329165 52672
39.977055 116.329163 52673
39.977065 116.329160 52674
39.977078 116.329160 52675
39.977088 116.329162 52676
39.977098 116.329167 52677
39.977110 116.329180 52678
39.977113 116.329192 52679
39.977117 116.329207 52680
39.977110 116.329223 52681
39.977093 116.329242 52682
39.977082 116.329258 52683
39.977072 116.329277 52684
39.977067 116.329293 52685
39.977067 116.329312 52686
39.977065 116.329330 52687
39.977075 116.329352 52688
39.977087 116.329377 52689
39.977088 116.329395 52690
39.977087 116.329412 52691
39.977083 116.329428 52692
39.977085 116.329448 52693
