40.008160 116.319300 81708
40.008182 116.319314 81710
40.008192 116.319316 81712
40.008211 116.319322 81714
40.008225 116.319321 81716
40.008229 116.319318 81718
40.008247 116.319321 81720
40.008269 116.319327 81722
40.008290 116.319329 81724
40.008314 116.319314 81726
40.008328 116.319309 81728
40.008330 116.319308 81730
40.008330 116.319308 81732
40.008334 116.319306 81734
40.008336 116.319304 81736
40.008337 116.319303 81738
40.008342 116.319301 81740
40.008344 116.319300 81742
40.008345 116.319299 81744
40.008346 116.319298 81746
40.008349 116.319297 81748
40.008351 116.319295 81750
40.008353 116.319293 81752
40.008355 116.319292 81754
40.008355 116.319291 81756
40.008355 116.319291 81758
40.008354 116.319292 81760
40.008352 116.319292 81762
40.008350 116.319293 81764
40.008348 116.319294 81766
40.008347 116.319294 81768
40.008346 116.319294 81770
40.008347 116.319294 81772
40.008347 116.319294 81774
40.008348 116.319293 81776
40.008348 116.319293 81778
40.008350 116.319292 81780
40.008347 116.319300 81782
40.008333 116.319303 81784
40.008315 116.319310 81786
40.008292 116.319313 81788
40.008293 116.319311 81790
40.008294 116.319311 81792
40.008296 116.319309 81794
40.008298 116.319308 81796
40.008299 116.319307 81798
40.008297 116.319307 81800
40.008295 116.319308 81802
40.008282 116.319308 81804
40.008275 116.319305 81806
40.008272 116.319291 81808
40.008272 116.319291 81810
40.008272 116.319291 81812
40.008274 116.319289 81814
40.008277 116.319288 81816
40.008277 116.319287 81818
40.008277 116.319287 81820
40.008276 116.319287 81822
40.008274 116.319288 81824
40.008275 116.319288 81826
40.008278 116.319286 81828
40.008280 116.319284 81830
40.008280 116.319284 81832
40.008280 116.319283 81834
40.008283 116.319282 81836
40.008287 116.319279 81838
40.008291 116.319276 81840
40.008296 116.319274 81842
40.008300 116.319272 81844
40.008303 116.319271 81846
40.008302 116.319271 81848
40.008297 116.319271 81850
40.008295 116.319263 81852
40.008310 116.319263 81854
40.008296 116.319261 81856
40.008294 116.319262 81858
40.008292 116.319263 81860
40.008288 116.319265 81862
40.008283 116.319267 81864
40.008280 116.319269 81866
40.008280 116.319268 81868
40.008279 116.319268 81870
40.008277 116.319269 81872
40.008276 116.319269 81874
40.008277 116.319268 81876
40.008279 116.319267 81878
40.008280 116.319267 81880
40.008281 116.319266 81882
40.008279 116.319266 81884
40.008279 116.319266 81886
40.008280 116.319265 81888
40.008281 116.319264 81890
40.008281 116.319264 81892
40.008280 116.319264 81894
40.008278 116.319265 81896
40.008270 116.319268 81898
40.008261 116.319270 81900
40.008255 116.319273 81902
40.008244 116.319271 81904
40.008231 116.319276 81906
40.008215 116.319291 81908
40.008200 116.319308 81910
40.008184 116.319320 81912
40.008174 116.319328 81914
40.008164 116.319331 81916
40.008159 116.319340 81918
40.008160 116.319345 81920
40.008160 116.319345 81922
40.008157 116.319347 81924
40.008152 116.319350 81926
40.008148 116.319353 81928
40.008144 116.319355 81930
40.008141 116.319357 81932
40.008139 116.319358 81934
40.008137 116.319358 81936
40.008137 116.319357 81938
40.008139 116.319356 81940
40.008142 116.319354 81942
40.008147 116.319348 81944
40.008157 116.319336 81946
40.008163 116.319333 81948
40.008160 116.319342 81950
40.008149 116.319343 81952
40.008147 116.319344 81954
40.008147 116.319343 81956
40.008145 116.319345 81958
40.008144 116.319345 81960
40.008147 116.319343 81962
40.008151 116.319340 81964
40.008152 116.319340 81966
40.008155 116.319339 81968
40.008163 116.319334 81970
40.008173 116.319328 81972
40.008175 116.319327 81974
40.008179 116.319325 81976
40.008183 116.319323 81978
40.008187 116.319322 81980
40.008190 116.319320 81982
40.008188 116.319322 81984
40.008180 116.319339 81986
40.008160 116.319351 81988
40.008134 116.319352 81990
40.008120 116.319356 81992
40.008105 116.319362 81994
40.008090 116.319370 81996
40.008072 116.319370 81998
40.008044 116.319367 82000
40.008025 116.319368 82002
40.008010 116.319362 82004
40.008012 116.319358 82006
40.008018 116.319359 82008
40.008031 116.319367 82010
40.008055 116.319367 82012
40.008067 116.319373 82014
40.008068 116.319372 82016
40.008070 116.319372 82018
40.008070 116.319372 82020
40.008072 116.319371 82022
40.008072 116.319372 82024
40.008069 116.319373 82026
40.008068 116.319374 82028
40.008067 116.319375 82030
40.008068 116.319375 82032
40.008071 116.319375 82034
40.008076 116.319373 82036
40.008079 116.319372 82038
40.008083 116.319371 82040
40.008114 116.319376 82042
40.008136 116.319378 82044
40.008155 116.319380 82046
40.008166 116.319380 82048
40.008172 116.319369 82050
40.008175 116.319354 82052
40.008184 116.319351 82054
40.008188 116.319349 82056
40.008196 116.319349 82058
40.008208 116.319351 82060
40.008212 116.319361 82062
40.008212 116.319361 82064
40.008211 116.319357 82076
40.008211 116.319357 82078
40.008208 116.319359 82080
40.008205 116.319360 82082
40.008203 116.319361 82084
40.008202 116.319362 82086
40.008198 116.319363 82088
40.008196 116.319364 82090
40.008194 116.319365 82092
40.008184 116.319375 82094
40.008160 116.319393 82096
40.008154 116.319393 82098
40.008140 116.319404 82100
40.008136 116.319412 82102
40.008133 116.319413 82104
40.008129 116.319416 82106
40.008116 116.319415 82108
40.008098 116.319406 82110
40.008075 116.319403 82112
40.008061 116.319403 82114
40.008046 116.319396 82116
40.008042 116.319396 82118
40.008046 116.319390 82120
40.008057 116.319389 82122
40.008065 116.319381 82124
40.008070 116.319373 82126
40.008066 116.319375 82128
40.008063 116.319372 82130
40.008058 116.319367 82132
40.008053 116.319369 82134
40.008049 116.319371 82136
40.008048 116.319360 82138
40.008045 116.319348 82140
40.008041 116.319341 82142
40.008039 116.319344 82144
40.008038 116.319343 82146
40.008039 116.319346 82148
40.008048 116.319356 82150
40.008054 116.319361 82152
40.008051 116.319357 82154
40.008048 116.319358 82156
40.008051 116.319357 82158
40.008054 116.319355 82160
40.008057 116.319354 82162
40.008061 116.319352 82164
40.008087 116.319349 82166
40.008105 116.319371 82168
40.008111 116.319378 82170
40.008110 116.319378 82172
40.008109 116.319379 82174
40.008108 116.319380 82176
40.008105 116.319381 82178
40.008101 116.319383 82180
40.008097 116.319385 82182
40.008095 116.319387 82184
40.008094 116.319389 82186
40.008093 116.319389 82188
40.008094 116.319390 82190
40.008094 116.319391 82192
40.008094 116.319390 82194
40.008095 116.319390 82196
40.008093 116.319391 82198
40.008090 116.319393 82200
40.008088 116.319395 82202
40.008089 116.319394 82204
40.008090 116.319394 82206
40.008092 116.319393 82208
40.008092 116.319393 82210
40.008091 116.319394 82212
40.008089 116.319396 82214
40.008091 116.319395 82216
40.008095 116.319394 82218
40.008119 116.319389 82220
40.008159 116.319392 82222
40.008192 116.319367 82224
40.008214 116.319361 82226
40.008228 116.319355 82228
40.008232 116.319354 82230
40.008236 116.319352 82232
40.008237 116.319351 82234
40.008238 116.319351 82236
40.008239 116.319351 82238
40.008238 116.319351 82240
40.008239 116.319350 82242
40.008243 116.319348 82244
40.008248 116.319345 82246
40.008251 116.319343 82248
40.008253 116.319342 82250
40.008255 116.319340 82252
40.008255 116.319340 82254
40.008257 116.319339 82256
40.008254 116.319340 82258
40.008251 116.319341 82260
40.008249 116.319342 82262
40.008248 116.319342 82264
40.008248 116.319342 82266
40.008247 116.319343 82268
40.008246 116.319343 82270
40.008242 116.319345 82272
40.008232 116.319341 82274
40.008225 116.319339 82276
40.008221 116.319355 82278
40.008216 116.319349 82280
40.008216 116.319339 82282
40.008219 116.319337 82284
40.008220 116.319336 82286
40.008223 116.319334 82288
40.008224 116.319335 82290
40.008234 116.319322 82292
40.008246 116.319306 82294
40.008257 116.319303 82296
40.008246 116.319301 82298
40.008256 116.319297 82300
40.008259 116.319287 82302
40.008260 116.319271 82304
40.008264 116.319264 82306
40.008267 116.319264 82308
