40.089089 116.299043 45277
40.088870 116.299053 45279
40.088877 116.299062 45281
40.088879 116.299029 45283
40.088911 116.299019 45285
40.088914 116.299019 45287
40.088918 116.299022 45289
40.088932 116.299019 45291
40.088950 116.299016 45293
40.088955 116.299018 45295
40.088965 116.299017 45297
40.088962 116.299023 45299
40.088949 116.299023 45301
40.088932 116.299039 45303
40.088913 116.299057 45305
40.088897 116.299066 45307
40.088877 116.299085 45309
40.088887 116.299095 45311
40.088901 116.299099 45313
40.088919 116.299091 45315
40.088955 116.299110 45317
40.088974 116.299145 45319
40.088983 116.299175 45321
40.088984 116.299207 45323
40.088993 116.299229 45325
40.089003 116.299252 45327
40.089008 116.299278 45329
40.089025 116.299302 45331
40.089038 116.299332 45333
40.089042 116.299359 45335
40.089057 116.299390 45337
40.089074 116.299420 45339
40.089082 116.299442 45341
40.089095 116.299477 45343
40.089118 116.299498 45345
40.089128 116.299536 45347
40.089126 116.299566 45349
40.089130 116.299591 45351
40.089140 116.299616 45353
40.089158 116.299650 45355
40.089168 116.299679 45357
40.089182 116.299711 45359
40.089189 116.299740 45361
40.089201 116.299778 45363
40.089217 116.299810 45365
40.089231 116.299841 45367
40.089247 116.299862 45369
40.089264 116.299896 45371
40.089287 116.299920 45373
40.089304 116.299936 45375
40.089314 116.299969 45377
40.089324 116.300002 45379
40.089340 116.300028 45381
40.089359 116.300059 45383
40.089380 116.300092 45385
40.089400 116.300112 45387
40.089407 116.300138 45389
40.089425 116.300167 45391
40.089439 116.300195 45393
40.089462 116.300218 45395
40.089476 116.300246 45397
40.089489 116.300276 45399
40.089500 116.300306 45401
40.089507 116.300331 45403
40.089510 116.300353 45405
40.089524 116.300372 45407
40.089534 116.300391 45409
40.089547 116.300397 45411
40.089561 116.300412 45413
40.089577 116.300430 45415
40.089586 116.300454 45417
40.089593 116.300481 45419
40.089638 116.300526 45421
40.089661 116.300541 45423
40.089686 116.300577 45425
40.089717 116.300604 45427
40.089737 116.300620 45429
40.089760 116.300637 45431
40.089793 116.300660 45433
40.089829 116.300688 45435
40.089855 116.300724 45437
40.089872 116.300755 45439
40.089867 116.300785 45441
40.089879 116.300821 45443
40.089890 116.300855 45445
40.089898 116.300881 45447
40.089897 116.300908 45449
40.089890 116.300934 45451
40.089907 116.300961 45453
40.089923 116.300984 45455
40.089940 116.301006 45457
40.089957 116.301040 45459
40.089975 116.301069 45461
40.089988 116.301098 45463
40.089998 116.301130 45465
40.090014 116.301152 45467
40.090035 116.301184 45469
40.090048 116.301208 45471
40.090050 116.301239 45473
40.090070 116.301261 45475
40.090083 116.301302 45477
40.090087 116.301332 45479
40.090081 116.301363 45481
40.090092 116.301388 45483
40.090099 116.301416 45485
40.090106 116.301432 45487
40.090113 116.301456 45489
40.090130 116.301476 45491
40.090133 116.301502 45493
40.090147 116.301532 45495
40.090163 116.301566 45497
40.090172 116.301598 45499
40.090185 116.301629 45501
40.090176 116.301643 45503
40.090176 116.301672 45505
40.090170 116.301701 45507
40.090170 116.301730 45509
40.090176 116.301760 45511
40.090179 116.301782 45513
40.090188 116.301802 45515
40.090192 116.301823 45517
40.090200 116.301838 45519
40.090189 116.301854 45521
40.090183 116.301871 45523
40.090190 116.301832 45525
40.090135 116.301843 45527
40.090087 116.301857 45529
40.090079 116.301926 45531
40.090053 116.301931 45533
40.090022 116.301936 45535
40.090015 116.301971 45537
40.090010 116.302004 45539
40.090001 116.302046 45541
40.089982 116.302066 45543
40.089965 116.302100 45545
40.089943 116.302131 45547
40.089912 116.302171 45549
40.089877 116.302202 45551
40.089844 116.302231 45553
40.089848 116.302272 45555
40.089838 116.302313 45557
40.089836 116.302357 45559
40.089815 116.302408 45561
40.089802 116.302461 45563
40.089795 116.302499 45565
40.089792 116.302540 45567
40.089781 116.302579 45569
40.089778 116.302612 45571
40.089774 116.302635 45573
40.089773 116.302654 45575
40.089773 116.302680 45577
40.089788 116.302713 45579
40.089775 116.302724 45581
40.089771 116.302739 45583
40.089766 116.302760 45585
40.089775 116.302778 45587
40.089795 116.302799 45589
40.089792 116.302816 45591
40.089782 116.302837 45593
40.089789 116.302861 45595
40.089767 116.302863 45597
40.089770 116.302881 45599
40.089753 116.302898 45601
40.089743 116.302940 45603
40.089736 116.302985 45605
40.089731 116.303021 45607
40.089719 116.303047 45609
40.089716 116.303082 45611
40.089717 116.303119 45613
40.089714 116.303145 45615
40.089699 116.303173 45617
40.089690 116.303200 45619
40.089678 116.303219 45621
40.089671 116.303230 45623
40.089661 116.303260 45625
40.089662 116.303295 45627
40.089664 116.303331 45629
40.089663 116.303367 45631
40.089671 116.303404 45633
40.089669 116.303433 45635
40.089671 116.303455 45637
40.089672 116.303479 45639
40.089667 116.303505 45641
40.089666 116.303526 45643
40.089677 116.303571 45645
40.089681 116.303602 45647
40.089687 116.303648 45649
40.089681 116.303668 45651
40.089666 116.303689 45653
40.089650 116.303703 45655
40.089629 116.303716 45657
40.089606 116.303722 45659
40.089583 116.303730 45661
40.089560 116.303736 45663
40.089531 116.303746 45665
40.089504 116.303743 45667
40.089486 116.303728 45669
40.089459 116.303722 45671
40.089438 116.303724 45673
40.089429 116.303715 45675
40.089416 116.303713 45677
40.089342 116.303791 45679
40.089321 116.303788 45681
40.089308 116.303790 45683
40.089297 116.303806 45685
40.089254 116.303813 45687
40.089230 116.303828 45689
40.089160 116.303831 45691
40.089111 116.303834 45693
40.089073 116.303842 45695
40.089058 116.303842 45697
40.089023 116.303843 45699
40.089017 116.303857 45701
40.089027 116.303853 45703
40.089037 116.303873 45705
40.089048 116.303894 45707
40.089058 116.303912 45709
40.089072 116.303934 45711
40.089084 116.303963 45713
40.089093 116.304002 45715
40.089106 116.304030 45717
40.089118 116.304056 45719
40.089158 116.304124 45721
40.089181 116.304171 45723
40.089190 116.304184 45725
40.089206 116.304195 45727
40.089219 116.304213 45729
40.089270 116.304255 45731
40.089296 116.304286 45733
40.089325 116.304315 45735
40.089348 116.304352 45737
40.089358 116.304378 45739
40.089373 116.304405 45741
40.089404 116.304461 45743
40.089433 116.304493 45745
40.089465 116.304541 45747
40.089489 116.304597 45749
40.089515 116.304625 45751
40.089551 116.304666 45753
40.089577 116.304714 45755
40.089585 116.304733 45757
40.089607 116.304752 45759
40.089618 116.304789 45761
40.089623 116.304813 45763
40.089599 116.304845 45765
40.089566 116.304876 45767
40.089578 116.304891 45769
40.089591 116.304926 45771
40.089584 116.304952 45773
40.089595 116.304964 45775
40.089604 116.304990 45777
40.089611 116.305016 45779
40.089620 116.305040 45781
40.089630 116.305060 45783
40.089636 116.305087 45785
40.089650 116.305107 45787
40.089661 116.305133 45789
40.089668 116.305162 45791
40.089661 116.305196 45793
40.089652 116.305226 45795
40.089598 116.305220 45797
40.089565 116.305220 45799
40.089530 116.305216 45801
40.089510 116.305238 45803
40.089482 116.305255 45805
40.089450 116.305238 45807
40.089418 116.305236 45809
40.089390 116.305236 45811
40.089347 116.305250 45813
40.089320 116.305252 45815
40.089302 116.305251 45817
40.089294 116.305252 45819
40.089271 116.305247 45821
40.089249 116.305251 45823
40.089229 116.305260 45825
40.089219 116.305259 45827
40.089198 116.305283 45829
40.089158 116.305295 45831
40.089128 116.305291 45833
40.089094 116.305285 45835
40.089072 116.305295 45837
40.089051 116.305312 45839
40.089029 116.305336 45841
40.089014 116.305339 45843
40.088988 116.305340 45845
40.088961 116.305351 45847
40.088944 116.305354 45849
40.088925 116.305361 45851
40.088899 116.305365 45853
40.088872 116.305368 45855
40.088838 116.305389 45857
40.088811 116.305384 45859
40.088793 116.305386 45861
40.088779 116.305387 45863
40.088755 116.305385 45865
40.088734 116.305387 45867
40.088716 116.305388 45869
40.088704 116.305389 45871
40.088687 116.305392 45873
40.088667 116.305386 45875
40.088647 116.305402 45877
