39.974317 116.403342 28310
39.974238 116.403340 28312
39.974262 116.403343 28314
39.974208 116.403348 28316
39.974177 116.403353 28318
39.974127 116.403362 28320
39.974105 116.403363 28322
39.974072 116.403370 28324
39.974067 116.403392 28326
39.974112 116.403428 28328
39.974122 116.403457 28330
39.974095 116.403478 28332
39.973983 116.403497 28334
39.973938 116.403503 28336
39.973905 116.403517 28338
39.973875 116.403510 28340
39.973873 116.403530 28342
39.973865 116.403555 28344
39.973865 116.403608 28346
39.973843 116.403647 28348
39.973798 116.403675 28350
39.973752 116.403712 28352
39.973772 116.403735 28354
39.973793 116.403763 28356
39.973840 116.403792 28358
39.973842 116.403813 28360
39.973872 116.403847 28362
39.973912 116.403877 28364
39.973982 116.403922 28366
39.974085 116.403970 28368
39.974093 116.403987 28370
39.974097 116.403997 28372
39.974165 116.404018 28374
39.974188 116.404017 28376
39.974210 116.404037 28378
39.974245 116.404060 28380
39.974227 116.404083 28382
39.974193 116.404117 28384
39.974148 116.404133 28386
39.974102 116.404150 28388
39.974085 116.404167 28390
39.974063 116.404185 28392
39.974048 116.404202 28394
39.974048 116.404225 28396
39.974068 116.404253 28398
39.974063 116.404272 28400
39.974048 116.404288 28402
39.974015 116.404295 28404
39.973982 116.404310 28406
39.973935 116.404325 28408
39.973883 116.404327 28410
39.973845 116.404335 28412
39.973813 116.404352 28414
39.973750 116.404367 28416
39.973733 116.404385 28418
39.973745 116.404418 28420
39.973762 116.404460 28422
39.973765 116.404483 28424
39.973773 116.404515 28426
39.973793 116.404553 28428
39.973828 116.404598 28430
39.973857 116.404633 28432
39.973862 116.404667 28434
39.973818 116.404683 28436
39.973770 116.404693 28438
39.973830 116.404733 28440
39.973842 116.404767 28442
39.973865 116.404805 28444
39.973935 116.404853 28446
39.973920 116.404885 28448
39.973877 116.404903 28450
39.973865 116.404925 28452
39.973855 116.404945 28454
39.973865 116.404973 28456
39.973878 116.404995 28458
39.973895 116.405017 28460
39.973902 116.405037 28462
39.973933 116.405065 28464
39.973988 116.405103 28466
39.974038 116.405128 28468
39.974080 116.405148 28470
39.974107 116.405165 28472
39.974130 116.405177 28474
39.974118 116.405192 28476
39.974082 116.405192 28478
39.974077 116.405220 28480
39.974078 116.405258 28482
39.974045 116.405297 28484
39.974082 116.405332 28486
39.974060 116.405373 28488
39.974050 116.405428 28490
39.974085 116.405443 28492
39.974128 116.405470 28494
39.974120 116.405488 28496
39.974127 116.405517 28498
39.974128 116.405545 28500
39.974122 116.405568 28502
39.974125 116.405597 28504
39.974127 116.405627 28506
39.974163 116.405668 28508
39.974143 116.405698 28510
39.974132 116.405722 28512
39.974157 116.405752 28514
39.974198 116.405783 28516
39.974223 116.405802 28518
39.974263 116.405807 28520
39.974297 116.405818 28522
39.974287 116.405828 28524
39.974292 116.405845 28526
39.974313 116.405872 28528
39.974352 116.405898 28530
39.974372 116.405927 28532
39.974403 116.405957 28534
39.974430 116.405982 28536
39.974450 116.406013 28538
39.974442 116.406047 28540
39.974400 116.406065 28542
39.974398 116.406088 28544
39.974407 116.406113 28546
39.974427 116.406147 28548
39.974460 116.406180 28550
39.974475 116.406228 28552
39.974488 116.406255 28554
39.974495 116.406288 28556
39.974462 116.406307 28558
39.974425 116.406322 28560
39.974443 116.406348 28562
39.974453 116.406375 28564
39.974433 116.406398 28566
39.974467 116.406430 28568
39.974468 116.406448 28570
39.974445 116.406463 28572
39.974450 116.406473 28574
39.974433 116.406488 28576
39.974430 116.406510 28578
39.974438 116.406537 28580
39.974492 116.406570 28582
39.974472 116.406583 28584
39.974473 116.406602 28586
39.974463 116.406623 28588
39.974452 116.406643 28590
39.974433 116.406660 28592
39.974432 116.406685 28594
39.974448 116.406710 28596
39.974433 116.406740 28598
39.974430 116.406773 28600
39.974415 116.406795 28602
39.974400 116.406818 28604
39.974397 116.406853 28606
39.974410 116.406892 28608
39.974410 116.406913 28610
39.974410 116.406932 28612
39.974418 116.406963 28614
39.974427 116.407003 28616
39.974432 116.407035 28618
39.974435 116.407063 28620
39.974410 116.407082 28622
39.974398 116.407102 28624
39.974420 116.407137 28626
39.974443 116.407170 28628
39.974455 116.407200 28630
39.974473 116.407227 28632
39.974470 116.407245 28634
39.974460 116.407263 28636
39.974453 116.407300 28638
39.974425 116.407330 28640
39.974407 116.407360 28642
39.974405 116.407388 28644
39.974410 116.407418 28646
39.974405 116.407448 28648
39.974413 116.407480 28650
39.974408 116.407505 28652
39.974410 116.407530 28654
39.974417 116.407560 28656
39.974410 116.407578 28658
39.974412 116.407610 28660
39.974402 116.407632 28662
39.974382 116.407648 28664
39.974378 116.407677 28666
39.974387 116.407708 28668
39.974393 116.407737 28670
39.974403 116.407765 28672
39.974420 116.407790 28674
39.974427 116.407813 28676
39.974425 116.407833 28678
39.974438 116.407860 28680
39.974440 116.407890 28682
39.974435 116.407920 28684
39.974442 116.407948 28686
39.974450 116.407977 28688
39.974465 116.408003 28690
39.974470 116.408027 28692
39.974510 116.408060 28694
39.974548 116.408090 28696
39.974572 116.408122 28698
39.974587 116.408150 28700
39.974597 116.408178 28702
39.974603 116.408210 28704
39.974582 116.408232 28706
39.974570 116.408255 28708
39.974558 116.408277 28710
39.974540 116.408290 28712
39.974527 116.408307 28714
39.974517 116.408323 28716
39.974515 116.408347 28718
39.974513 116.408363 28720
39.974537 116.408388 28722
39.974543 116.408408 28724
39.974545 116.408428 28726
39.974560 116.408457 28728
39.974580 116.408472 28730
39.974573 116.408485 28732
39.974558 116.408502 28734
39.974548 116.408520 28736
39.974528 116.408527 28738
39.974513 116.408538 28740
39.974498 116.408542 28742
39.974488 116.408543 28744
39.974483 116.408560 28746
39.974482 116.408582 28748
39.974483 116.408618 28750
39.974485 116.408657 28752
39.974495 116.408670 28754
39.974488 116.408705 28756
39.974487 116.408747 28758
39.974470 116.408770 28760
39.974465 116.408792 28762
39.974452 116.408807 28764
39.974440 116.408825 28766
39.974433 116.408872 28768
39.974425 116.408902 28770
39.974422 116.408940 28772
39.974422 116.408975 28774
39.974415 116.409000 28776
39.974408 116.409012 28778
39.974402 116.409027 28780
39.974400 116.409052 28782
39.974398 116.409082 28784
39.974402 116.409127 28786
39.974402 116.409175 28788
39.974407 116.409212 28790
39.974425 116.409253 28792
39.974398 116.409233 28794
39.974423 116.409270 28796
39.974435 116.409300 28798
39.974465 116.409342 28800
39.974477 116.409403 28802
39.974478 116.409423 28804
39.974472 116.409407 28806
39.974472 116.409412 28808
39.974495 116.409520 28813
39.974513 116.409557 28815
39.974533 116.409628 28817
39.974543 116.409643 28819
39.974533 116.409635 28821
39.974513 116.409647 28823
39.974487 116.409655 28825
39.974480 116.409662 28827
39.974483 116.409690 28829
39.974477 116.409710 28831
39.974488 116.409730 28833
39.974485 116.409765 28835
39.974490 116.409792 28837
39.974508 116.409850 28842
39.974500 116.409863 28844
39.974508 116.409937 28849
39.974513 116.409977 28851
39.974520 116.410030 28853
39.974538 116.410083 28855
39.974547 116.410117 28857
39.974555 116.410117 28859
39.974560 116.410103 28864
39.974570 116.410162 28866
39.974570 116.410202 28868
39.974572 116.410237 28870
39.974570 116.410288 28872
39.974567 116.410292 28874
39.974565 116.410335 28876
39.974570 116.410343 28878
39.974615 116.410460 28883
39.974633 116.410472 28885
39.974638 116.410478 28887
39.974640 116.410482 28889
39.974658 116.410520 28891
39.974682 116.410553 28893
39.974683 116.410595 28895
39.974697 116.410597 28897
39.974705 116.410632 28899
39.974720 116.410655 28901
39.974728 116.410680 28903
39.974742 116.410690 28905
39.974752 116.410705 28907
39.974750 116.410713 28909
