39.988132 116.324532 79721
39.987910 116.324380 79727
39.988017 116.324388 79733
39.989763 116.320275 79843
39.989763 116.320318 79849
39.989812 116.320363 79854
39.989825 116.320392 79859
39.989862 116.320395 79861
39.989982 116.320405 79863
39.990172 116.320418 79865
39.990023 116.320408 79867
39.989803 116.320420 79909
39.989847 116.319927 79917
39.989913 116.319787 79919
39.989898 116.319568 79923
39.989883 116.319522 79925
39.989527 116.319422 79934
39.989478 116.319265 79937
39.989428 116.319143 79939
39.989307 116.318992 79941
39.989315 116.317565 79951
39.989317 116.317240 79953
39.989303 116.316898 79955
39.989288 116.316545 79957
39.989283 116.316185 79959
39.989275 116.315840 79961
39.989787 116.315690 79984
39.990588 116.320115 80011
39.990485 116.320317 80013
39.990402 116.320557 80015
39.990492 116.320812 80017
39.990527 116.321102 80019
39.990493 116.321380 80021
39.990655 116.321632 80023
39.990738 116.321843 80025
39.990752 116.322063 80027
39.990830 116.322250 80029
39.990890 116.322445 80031
39.990978 116.322615 80033
39.991002 116.322760 80035
39.990975 116.322918 80037
39.990948 116.323072 80039
39.990908 116.323202 80041
39.990913 116.323302 80043
39.990960 116.323462 80045
39.991000 116.323655 80047
39.991277 116.324238 80049
39.991400 116.324588 80051
39.991518 116.324887 80053
39.991560 116.325107 80055
39.991580 116.325355 80057
39.991675 116.325723 80059
39.991753 116.326035 80061
39.991840 116.326272 80063
39.991842 116.326433 80065
39.991800 116.326553 80067
39.991700 116.326648 80069
39.991572 116.326750 80071
39.991353 116.326863 80073
39.991162 116.326903 80075
39.990963 116.326942 80077
39.990715 116.326993 80079
39.990457 116.327055 80081
39.990173 116.327077 80083
39.989882 116.327100 80085
39.989562 116.327135 80087
39.989268 116.327165 80089
39.988990 116.327185 80091
39.988720 116.327198 80093
39.988467 116.327210 80095
39.988237 116.327217 80097
39.988020 116.327228 80099
39.987808 116.327243 80101
39.987568 116.327258 80103
39.987318 116.327273 80105
39.987097 116.327282 80107
39.986858 116.327292 80109
39.986637 116.327305 80111
39.986435 116.327310 80113
39.986292 116.327408 80115
39.986120 116.327473 80117
39.985885 116.327415 80119
39.985668 116.327452 80121
39.985468 116.327465 80123
39.985288 116.327452 80125
39.985135 116.327450 80127
39.985040 116.327432 80129
39.984953 116.327423 80131
39.984958 116.327348 80133
39.984953 116.327340 80135
39.984978 116.327305 80140
39.984990 116.327285 80145
39.984985 116.327265 80150
39.984985 116.327265 80153
39.984977 116.327265 80155
39.984967 116.327250 80160
39.984963 116.327235 80165
39.984963 116.327235 80168
39.984958 116.327228 80170
39.984950 116.327240 80175
39.984950 116.327242 80180
39.984950 116.327242 80185
39.984950 116.327242 80188
39.984950 116.327242 80190
39.984932 116.327243 80195
39.984882 116.327245 80197
39.984828 116.327250 80199
39.984787 116.327253 80201
39.984767 116.327255 80203
39.984763 116.327255 80208
39.984763 116.327255 80213
39.984763 116.327255 80218
39.984763 116.327255 80223
39.984763 116.327255 80228
39.984763 116.327255 80231
39.984763 116.327255 80233
39.984642 116.327300 80238
39.984575 116.327333 80240
39.984528 116.327363 80242
39.984473 116.327407 80244
39.984408 116.327468 80246
39.984363 116.327585 80248
39.984325 116.327758 80250
39.984343 116.328027 80252
39.984407 116.328310 80254
39.984435 116.328627 80256
39.984437 116.328970 80258
39.984463 116.329300 80260
39.984463 116.329638 80262
39.984523 116.329983 80264
39.984542 116.330347 80266
39.984543 116.330720 80268
39.984562 116.331102 80270
39.984590 116.331487 80272
39.984627 116.331868 80274
39.984665 116.332243 80276
39.984728 116.332620 80278
39.984762 116.332990 80280
39.984765 116.333363 80282
39.984762 116.333730 80284
39.984777 116.334102 80286
39.984825 116.334457 80288
39.984848 116.334813 80290
39.984848 116.335162 80292
39.984890 116.335517 80294
39.984957 116.335895 80296
39.985018 116.336285 80298
39.985058 116.336673 80300
39.985077 116.337040 80302
39.985083 116.337380 80304
39.985095 116.337695 80306
39.985133 116.337985 80308
39.985185 116.338257 80310
39.985220 116.338527 80312
39.985240 116.338815 80314
39.985262 116.339138 80316
39.985282 116.339493 80318
39.985303 116.339870 80320
