40.003560 116.461643 39220
40.003718 116.461638 39222
40.003912 116.461632 39224
40.004242 116.461618 39227
40.004602 116.461578 39230
40.005017 116.461547 39233
40.005453 116.461527 39236
40.005890 116.461505 39239
40.006333 116.461488 39242
40.006673 116.461492 39245
40.006825 116.461493 39247
40.006925 116.461488 39249
40.006982 116.461483 39251
40.006998 116.461482 39253
40.006998 116.461482 39288
40.007003 116.461482 39290
40.007050 116.461478 39292
40.007128 116.461472 39294
40.007223 116.461460 39296
40.007350 116.461443 39298
40.007522 116.461428 39300
40.007722 116.461417 39302
40.008057 116.461405 39305
40.008408 116.461393 39308
40.008787 116.461378 39311
40.009127 116.461357 39314
40.009470 116.461352 39317
40.009720 116.461353 39320
40.009797 116.461350 39322
40.009825 116.461350 39324
40.009840 116.461345 39336
40.009877 116.461343 39338
40.009953 116.461337 39340
40.010062 116.461328 39342
40.010215 116.461313 39344
40.010407 116.461297 39346
40.010755 116.461275 39349
40.011153 116.461257 39352
40.011558 116.461245 39355
40.011927 116.461242 39358
40.012258 116.461237 39361
40.012443 116.461232 39363
40.012583 116.461227 39365
40.012672 116.461223 39367
40.012723 116.461222 39369
40.012745 116.461223 39388
40.012745 116.461223 39393
40.012752 116.461223 39395
40.012825 116.461218 39397
40.012955 116.461212 39399
40.013123 116.461198 39401
40.013322 116.461180 39403
40.013992 116.461122 39409
40.014280 116.461100 39412
40.014405 116.461032 39414
40.014478 116.460903 39416
40.014515 116.460725 39418
40.014538 116.460520 39420
40.014557 116.460297 39422
40.014573 116.460055 39424
40.014585 116.459823 39426
40.014593 116.459622 39428
40.014570 116.459427 39430
40.014507 116.459213 39432
40.014438 116.458962 39434
40.014327 116.458520 39437
40.014197 116.458012 39440
40.014063 116.457483 39443
40.013947 116.456947 39446
40.013903 116.456388 39449
40.013888 116.455792 39452
40.013905 116.454777 39457
40.013985 116.453728 39462
40.014147 116.452642 39467
40.014397 116.451530 39472
40.014665 116.450528 39477
40.014963 116.449535 39482
40.015272 116.448518 39487
40.015555 116.447500 39492
40.015843 116.446535 39497
40.016127 116.445595 39502
40.016407 116.444657 39507
40.016682 116.443750 39512
40.016822 116.443297 39515
40.016948 116.442882 39518
40.017070 116.442468 39521
40.017195 116.442045 39524
40.017333 116.441572 39527
40.017475 116.441107 39530
40.017597 116.440692 39533
40.017702 116.440328 39536
40.017777 116.440082 39538
40.017903 116.439685 39541
40.018020 116.439290 39544
40.018090 116.439055 39546
40.018162 116.438842 39548
40.018223 116.438647 39550
40.018277 116.438468 39552
40.018330 116.438288 39554
40.018393 116.438072 39556
40.018472 116.437837 39558
40.018603 116.437493 39561
40.018682 116.437287 39563
40.018765 116.437067 39565
40.018852 116.436840 39567
40.018937 116.436597 39569
40.019068 116.436213 39572
40.019210 116.435777 39575
40.019355 116.435300 39578
40.019557 116.434667 39582
40.019705 116.434187 39585
40.019838 116.433705 39588
40.019965 116.433293 39591
40.020085 116.433077 39594
40.020130 116.433022 39596
40.020175 116.432960 39598
40.020233 116.432873 39600
40.020295 116.432767 39602
40.020327 116.432643 39604
40.020333 116.432492 39606
40.020342 116.432288 39608
40.020355 116.432065 39610
40.020368 116.431827 39612
40.020387 116.431592 39614
40.020405 116.431412 39616
40.020413 116.431323 39618
40.020422 116.431250 39620
40.020445 116.431152 39622
40.020512 116.431075 39624
40.020615 116.431052 39626
40.020742 116.431050 39628
40.020895 116.431045 39630
40.021055 116.431033 39632
40.021220 116.431020 39634
40.021378 116.431007 39636
40.021523 116.430993 39638
40.021648 116.430985 39640
40.021750 116.430978 39642
40.021843 116.430972 39644
40.021928 116.430960 39646
40.022027 116.430933 39648
40.022150 116.430917 39650
40.022297 116.430917 39652
40.022443 116.430920 39654
40.022587 116.430922 39656
40.022732 116.430913 39658
40.022855 116.430900 39660
40.022953 116.430888 39662
40.023037 116.430875 39664
40.023132 116.430868 39666
40.023257 116.430863 39668
40.023390 116.430855 39670
40.023525 116.430847 39672
40.023645 116.430838 39674
40.023708 116.430833 39676
40.023733 116.430832 39678
40.023778 116.430830 39680
40.023835 116.430828 39682
40.023913 116.430828 39684
40.023992 116.430832 39686
40.024067 116.430838 39688
40.024152 116.430845 39690
40.024220 116.430847 39692
40.024275 116.430850 39694
40.024335 116.430853 39696
40.024415 116.430863 39698
40.024508 116.430875 39700
40.024613 116.430887 39702
40.024738 116.430907 39704
40.024873 116.430923 39706
40.025018 116.430938 39708
40.025168 116.430953 39710
40.025325 116.430970 39712
40.025492 116.430987 39714
40.025665 116.430995 39716
40.025840 116.431003 39718
40.026015 116.431000 39720
40.026178 116.430992 39722
40.026335 116.431007 39724
40.026485 116.431012 39726
40.026628 116.431022 39728
40.026765 116.431030 39730
40.026883 116.431033 39732
40.026993 116.431033 39734
40.027092 116.431017 39736
40.027170 116.430993 39738
40.027212 116.430988 39740
40.027262 116.430990 39742
40.027335 116.431000 39744
40.027440 116.431005 39746
40.027580 116.431023 39748
40.027730 116.431033 39750
40.027900 116.431042 39752
40.028065 116.431048 39754
40.028225 116.431053 39756
40.028355 116.431062 39758
40.028457 116.431060 39760
40.028570 116.431043 39762
40.028720 116.431060 39764
40.028867 116.431065 39766
40.029007 116.431052 39768
40.029142 116.431058 39770
40.029268 116.431065 39772
40.029385 116.431087 39774
40.029477 116.431103 39776
40.029553 116.431090 39778
40.029598 116.431093 39780
40.029618 116.431097 39782
40.029625 116.431095 39784
40.029625 116.431097 39786
40.029625 116.431097 39788
40.029622 116.431100 39790
40.029663 116.431105 39792
40.029720 116.431110 39794
40.029780 116.431113 39796
40.029843 116.431117 39798
40.029930 116.431143 39800
40.030018 116.431153 39802
40.030095 116.431167 39804
40.030168 116.431175 39806
40.030245 116.431165 39808
40.030245 116.431197 39810
40.030283 116.431210 39812
40.030308 116.431210 39814
40.030325 116.431202 39816
40.030307 116.431203 39818
40.030318 116.431200 39820
