39.989809 116.331673 10625
39.990086 116.331662 10627
39.990358 116.331649 10629
39.990599 116.331646 10631
39.990836 116.331653 10633
39.991057 116.331658 10635
39.991251 116.331653 10637
39.991426 116.331640 10639
39.991594 116.331645 10641
39.991728 116.331692 10643
39.991858 116.331697 10645
39.991971 116.331695 10647
39.992070 116.331695 10649
39.992124 116.331737 10651
39.992139 116.331724 10653
39.992136 116.331709 10655
39.992118 116.331722 10657
39.992115 116.331724 10659
39.992115 116.331724 10661
39.992123 116.331724 10663
39.992136 116.331725 10665
39.992142 116.331726 10667
39.992147 116.331724 10669
39.992143 116.331725 10671
39.992141 116.331725 10673
39.992141 116.331724 10675
39.992141 116.331723 10677
39.992139 116.331724 10679
39.992138 116.331724 10681
39.992139 116.331724 10683
39.992137 116.331725 10685
39.992134 116.331727 10687
39.992135 116.331728 10689
39.992135 116.331728 10691
39.992129 116.331730 10693
39.992125 116.331732 10695
39.992131 116.331729 10697
39.992156 116.331717 10699
39.992208 116.331695 10701
39.992357 116.331641 10703
39.992567 116.331611 10705
39.992823 116.331559 10707
39.993089 116.331548 10709
39.993380 116.331523 10711
39.993710 116.331533 10713
39.994044 116.331542 10715
39.994377 116.331546 10717
39.994710 116.331548 10719
39.995021 116.331535 10721
39.995335 116.331528 10723
39.995640 116.331524 10725
39.995960 116.331508 10727
39.996293 116.331487 10729
39.996618 116.331460 10731
39.996943 116.331440 10733
39.997268 116.331425 10735
39.997581 116.331411 10737
39.997902 116.331398 10739
39.998218 116.331380 10741
39.998524 116.331356 10743
39.998830 116.331338 10745
39.999145 116.331327 10747
39.999455 116.331332 10749
39.999757 116.331318 10751
40.000056 116.331309 10753
40.000351 116.331293 10755
40.000648 116.331280 10757
40.000934 116.331255 10759
40.001230 116.331242 10761
40.001528 116.331225 10763
40.001836 116.331222 10765
40.002137 116.331218 10767
40.002451 116.331203 10769
40.002777 116.331201 10771
40.003102 116.331199 10773
40.003426 116.331184 10775
40.003762 116.331172 10777
40.004107 116.331143 10779
40.004451 116.331122 10781
40.004804 116.331116 10783
40.005147 116.331097 10785
40.005499 116.331070 10787
40.005856 116.331036 10789
40.006214 116.330997 10791
40.006560 116.330903 10793
40.006910 116.330787 10795
40.007246 116.330642 10797
40.007579 116.330478 10799
40.007888 116.330277 10801
40.008190 116.330070 10803
40.008485 116.329857 10805
40.008778 116.329610 10807
40.009053 116.329322 10809
40.009315 116.329017 10811
40.009566 116.328717 10813
40.009825 116.328400 10815
40.010085 116.328102 10817
40.010331 116.327784 10819
40.010588 116.327481 10821
40.010850 116.327176 10823
40.011118 116.326878 10825
40.011389 116.326582 10827
40.011661 116.326264 10829
40.011934 116.325963 10831
40.012201 116.325666 10833
40.012471 116.325377 10835
40.012726 116.325064 10837
40.012983 116.324756 10839
40.013256 116.324462 10841
40.013511 116.324164 10843
40.013773 116.323863 10845
40.014033 116.323566 10847
40.014287 116.323267 10849
40.014548 116.322991 10851
40.014805 116.322695 10853
40.015058 116.322390 10855
40.015319 116.322085 10857
40.015583 116.321793 10859
40.015848 116.321508 10861
40.016127 116.321215 10863
40.016388 116.320935 10865
40.016649 116.320660 10867
40.016902 116.320396 10869
40.017165 116.320143 10871
40.017445 116.319920 10873
40.017728 116.319717 10875
40.018007 116.319536 10877
40.018295 116.319378 10879
40.018588 116.319238 10881
40.018887 116.319102 10883
40.019189 116.318989 10885
40.019478 116.318881 10887
40.019749 116.318801 10889
40.020043 116.318683 10891
40.020360 116.318571 10893
40.020666 116.318453 10895
40.020972 116.318327 10897
40.021277 116.318205 10899
40.021582 116.318101 10901
40.021887 116.317992 10903
40.022209 116.317859 10905
40.022513 116.317738 10907
40.022809 116.317596 10909
40.023118 116.317472 10911
40.023428 116.317348 10913
40.023734 116.317227 10915
40.024040 116.317102 10917
40.024345 116.316988 10919
40.024648 116.316884 10921
40.024959 116.316760 10923
40.025287 116.316641 10925
40.025622 116.316521 10927
40.025960 116.316387 10929
40.026289 116.316259 10931
40.026613 116.316140 10933
40.026925 116.316029 10935
40.027235 116.315913 10937
40.027541 116.315793 10939
40.027854 116.315681 10941
40.028149 116.315552 10943
40.028438 116.315432 10945
40.028710 116.315313 10947
40.028996 116.315208 10949
40.029289 116.315096 10951
40.029573 116.314978 10953
40.029866 116.314867 10955
40.030151 116.314753 10957
40.030414 116.314664 10959
40.030656 116.314568 10961
40.030861 116.314456 10963
40.031063 116.314378 10965
40.031252 116.314316 10967
40.031428 116.314255 10969
40.031588 116.314208 10971
40.031732 116.314166 10973
40.031862 116.314134 10975
40.031977 116.314107 10977
40.032067 116.314085 10979
40.032128 116.314067 10981
40.032157 116.314057 10983
40.032176 116.314050 10985
40.032174 116.314037 10987
40.032165 116.314040 10989
40.032169 116.314039 10991
40.032172 116.314037 10993
40.032177 116.314036 10995
40.032176 116.314036 10997
40.032180 116.314034 10999
40.032181 116.314033 11001
40.032182 116.314031 11003
40.032184 116.314029 11005
40.032186 116.314028 11007
40.032187 116.314028 11009
40.032185 116.314029 11011
40.032182 116.314030 11013
40.032176 116.314032 11015
40.032172 116.314034 11017
40.032168 116.314036 11019
40.032163 116.314037 11021
40.032155 116.314043 11023
40.032149 116.314046 11025
40.032145 116.314047 11027
40.032139 116.314049 11029
40.032130 116.314046 11031
40.032120 116.314043 11033
40.032112 116.314037 11035
40.032103 116.314030 11037
40.032095 116.314021 11039
40.032156 116.313298 11069
40.031888 116.314068 11071
40.031871 116.314068 11073
40.031866 116.314064 11075
40.031383 116.314135 11077
40.031282 116.314113 11079
40.031297 116.314108 11081
40.031414 116.314071 11083
40.031501 116.314025 11085
40.031530 116.313978 11087
40.031547 116.313949 11089
40.031556 116.313937 11091
40.031559 116.313935 11093
40.031592 116.313906 11095
40.031616 116.313891 11097
40.031594 116.313813 11099
40.031604 116.313777 11101
40.031611 116.313762 11103
40.031599 116.313747 11105
40.031592 116.313722 11107
40.031576 116.313718 11109
40.031565 116.313719 11111
40.031544 116.313731 11113
40.031497 116.313728 11115
40.031467 116.313728 11117
40.031446 116.313741 11119
40.031433 116.313751 11121
40.031414 116.313759 11123
40.031400 116.313769 11125
40.031392 116.313771 11127
40.031382 116.313777 11129
40.031369 116.313779 11131
40.031363 116.313778 11132
40.031356 116.313780 11134
40.031380 116.313773 11136
40.031394 116.313764 11138
40.031406 116.313750 11140
40.031420 116.313730 11142
40.031441 116.313708 11144
40.031473 116.313691 11146
40.031501 116.313674 11148
40.031512 116.313661 11150
40.031529 116.313646 11152
40.031542 116.313637 11154
40.031549 116.313608 11156
40.031583 116.313596 11158
40.031612 116.313577 11160
40.031646 116.313552 11162
40.031673 116.313523 11164
40.031677 116.313491 11166
40.031680 116.313458 11168
40.031692 116.313424 11170
40.031705 116.313396 11172
40.031710 116.313371 11174
40.031724 116.313354 11176
40.031739 116.313336 11178
40.031760 116.313316 11180
40.031779 116.313302 11182
40.031794 116.313285 11184
40.031814 116.313261 11186
40.031827 116.313238 11188
40.031831 116.313212 11190
40.031848 116.313199 11192
40.031866 116.313178 11194
40.031892 116.313158 11196
40.031909 116.313135 11198
40.031928 116.313115 11200
40.031962 116.313093 11202
40.031988 116.313070 11204
40.032015 116.313053 11206
40.032041 116.313039 11208
40.032063 116.313023 11210
40.032066 116.312991 11212
40.032091 116.312969 11214
40.032108 116.312969 11216
40.032128 116.312962 11218
40.032159 116.312960 11220
40.032182 116.312963 11222
40.032187 116.312969 11224
