39.932307 116.443660 48561
39.932308 116.443805 48563
39.932303 116.443950 48565
39.932305 116.444092 48567
39.932307 116.444213 48569
39.932302 116.444318 48571
39.932288 116.444445 48573
39.932278 116.444607 48575
39.932272 116.444793 48577
39.932273 116.445013 48579
39.932280 116.445253 48581
39.932290 116.445525 48583
39.932302 116.445998 48586
39.932313 116.446542 48589
39.932308 116.447085 48592
39.932307 116.447587 48595
39.932307 116.447987 48598
39.932307 116.448182 48600
39.932307 116.448342 48602
39.932343 116.448450 48604
39.932367 116.448532 48606
39.932382 116.448593 48608
39.932388 116.448643 48610
39.932378 116.448690 48612
39.932362 116.448715 48614
39.932362 116.448715 48615
39.932358 116.448712 48617
39.932348 116.448728 48619
39.932342 116.448783 48621
39.932322 116.448860 48623
39.932310 116.448942 48625
39.932298 116.449013 48627
39.932283 116.449102 48629
39.932270 116.449223 48631
39.932260 116.449367 48633
39.932255 116.449535 48635
39.932262 116.449737 48637
39.932267 116.449957 48639
39.932268 116.450202 48641
39.932275 116.450475 48643
39.932270 116.450935 48646
39.932278 116.451433 48649
39.932280 116.451888 48652
39.932278 116.452350 48655
39.932285 116.452863 48658
39.932277 116.453325 48661
39.932247 116.453618 48664
39.932232 116.453713 48666
39.932215 116.453768 48668
39.932190 116.453788 48670
39.932162 116.453817 48672
39.932155 116.453857 48674
39.932127 116.453863 48681
39.932122 116.453902 48683
39.932105 116.453970 48685
39.932112 116.454095 48687
39.932115 116.454280 48689
39.932117 116.454505 48691
39.932080 116.454722 48693
39.932067 116.454947 48695
39.932085 116.455237 48697
39.932070 116.455863 48701
39.932118 116.456303 48704
39.932127 116.456697 48707
39.932138 116.456870 48709
39.932150 116.457002 48711
39.932197 116.457168 48713
39.932247 116.457373 48715
39.932240 116.457600 48717
39.932235 116.457882 48719
39.932205 116.458360 48722
39.932195 116.458898 48725
39.932227 116.459518 48728
39.932295 116.460610 48733
39.932302 116.461027 48736
39.932297 116.461467 48739
39.932283 116.462007 48742
39.932267 116.462607 48745
39.932252 116.463568 48750
39.932232 116.464123 48753
39.932242 116.464632 48756
39.932253 116.465025 48759
39.932250 116.465218 48761
39.932238 116.465345 48763
39.932218 116.465410 48765
39.932202 116.465448 48767
39.932183 116.465455 48769
39.932177 116.465485 48771
39.932175 116.465585 48773
39.932183 116.465727 48775
39.932180 116.465915 48777
39.932190 116.466132 48779
39.932175 116.466383 48781
39.932117 116.466825 48784
39.932122 116.467292 48787
39.932115 116.467788 48790
39.932078 116.468267 48793
39.932120 116.468732 48796
39.932142 116.469227 48799
39.932130 116.469752 48802
39.932190 116.470248 48805
39.932212 116.470665 48808
39.932222 116.470903 48810
39.932233 116.471143 48812
39.932203 116.471357 48814
39.932173 116.471575 48816
39.932158 116.471798 48818
39.932128 116.471963 48820
39.932035 116.472055 48822
39.931905 116.472090 48824
39.931715 116.472100 48826
39.931447 116.472113 48828
39.931192 116.472128 48831
39.930888 116.472133 48834
39.930452 116.472143 48837
39.930008 116.472135 48840
39.929155 116.472107 48845
39.928502 116.472053 48850
39.928178 116.472120 48853
39.927867 116.472145 48856
39.927548 116.472177 48859
39.927383 116.472207 48861
39.927283 116.472193 48863
39.927275 116.472145 48865
39.927265 116.472162 48867
39.927257 116.472177 48870
39.927255 116.472180 48872
39.927255 116.472180 48934
39.927255 116.472183 48936
39.927245 116.472180 48938
39.927230 116.472178 48940
39.927208 116.472168 48942
39.927188 116.472147 48944
39.927160 116.472133 48946
39.927138 116.472107 48948
39.927112 116.472082 48950
39.927087 116.472055 48952
39.927063 116.472047 48954
39.927047 116.472035 48956
39.927028 116.472035 48958
39.927012 116.472033 48960
39.926995 116.472035 48962
39.926977 116.472035 48964
39.926955 116.472018 48966
39.926935 116.472005 48968
39.926915 116.471987 48970
39.926898 116.471987 48972
39.926880 116.471987 48974
39.926863 116.471985 48976
39.926848 116.471960 48978
39.926837 116.471930 48980
39.926832 116.471915 48982
39.926833 116.471897 48984
39.926855 116.471878 48986
39.926877 116.471858 48988
39.926910 116.471835 48990
39.926907 116.471840 48992
39.926902 116.471820 48994
39.926910 116.471792 48996
39.926902 116.471755 48998
39.926890 116.471728 49004
39.926890 116.471725 49034
39.926890 116.471727 49036
39.926890 116.471727 49083
39.926887 116.471727 49085
39.926887 116.471712 49087
39.926895 116.471688 49089
39.926898 116.471662 49091
39.926895 116.471610 49093
39.926902 116.471578 49095
39.926908 116.471550 49097
39.926917 116.471520 49099
39.926912 116.471463 49101
39.926917 116.471428 49103
39.926923 116.471395 49105
39.926918 116.471342 49107
39.926907 116.471283 49109
39.926917 116.471263 49111
39.926917 116.471238 49113
39.926922 116.471215 49115
39.926925 116.471193 49117
39.926925 116.471168 49119
39.926930 116.471158 49121
39.926923 116.471123 49123
39.926928 116.471100 49125
39.926918 116.471028 49127
39.926917 116.470985 49129
39.926930 116.470967 49131
39.926962 116.470943 49133
39.926965 116.470975 49135
39.926978 116.470970 49137
39.926997 116.471033 49139
39.927020 116.471060 49141
39.927053 116.471085 49143
39.927055 116.471118 49145
39.927065 116.471155 49147
39.927077 116.471203 49149
39.927113 116.471238 49151
39.927170 116.471155 49153
39.927230 116.471077 49155
39.927297 116.470973 49157
39.927320 116.470902 49159
39.927335 116.470860 49161
