39.948750 116.456875 22455
39.948707 116.456711 22457
39.948655 116.456606 22458
39.948654 116.456454 22460
39.948670 116.456309 22462
39.948766 116.456212 22464
39.948851 116.456117 22466
39.948963 116.456058 22468
39.949144 116.456056 22470
39.949323 116.456030 22472
39.949413 116.456022 22473
39.949517 116.456014 22474
39.949627 116.456005 22475
39.949737 116.456009 22476
39.949850 116.456016 22477
39.949970 116.456028 22478
39.950093 116.456040 22479
39.950213 116.456051 22480
39.950331 116.456059 22481
39.950445 116.456055 22482
39.950573 116.456035 22483
39.950705 116.456027 22484
39.950837 116.456022 22485
39.950973 116.456010 22486
39.951104 116.455994 22487
39.951227 116.455969 22488
39.951352 116.455922 22489
39.951476 116.455871 22490
39.951591 116.455813 22491
39.951711 116.455750 22492
39.951832 116.455683 22493
39.951949 116.455605 22494
39.952060 116.455494 22495
39.952137 116.455356 22496
39.952220 116.455230 22497
39.952311 116.455106 22498
39.952414 116.454998 22499
39.952516 116.454894 22500
39.952612 116.454785 22501
39.952705 116.454679 22502
39.952797 116.454574 22503
39.952873 116.454453 22504
39.952944 116.454327 22505
39.953008 116.454203 22506
39.953067 116.454080 22507
39.953124 116.453987 22508
39.953209 116.453856 22510
39.953280 116.453780 22512
39.953033 116.454281 22536
39.953131 116.454204 22538
39.953210 116.454079 22541
39.953270 116.453968 22543
39.953345 116.453833 22545
39.953426 116.453669 22547
39.953513 116.453486 22549
39.953582 116.453364 22550
39.953644 116.453250 22551
39.953710 116.453129 22552
39.953775 116.452998 22553
39.953847 116.452871 22554
39.953930 116.452754 22555
39.954000 116.452653 22556
39.954065 116.452534 22557
39.954178 116.452423 22559
39.954263 116.452294 22561
39.954342 116.452159 22563
39.954412 116.452026 22565
39.954451 116.451886 22567
39.954390 116.451713 22569
39.954382 116.451581 22571
39.954323 116.451453 22573
39.954249 116.451386 22575
39.954147 116.451303 22577
39.954218 116.451381 22580
39.954194 116.451429 22590
39.954035 116.451845 22594
39.954091 116.452019 22596
39.954219 116.451929 22598
39.954346 116.451841 22600
39.954493 116.451876 22602
39.954655 116.451950 22604
39.954790 116.451855 22606
39.954906 116.451714 22608
39.954976 116.451545 22610
39.955031 116.451396 22612
39.955080 116.451251 22614
39.955125 116.451111 22616
39.955165 116.451003 22618
39.955195 116.450842 22621
39.955237 116.450691 22623
39.955289 116.450567 22625
39.955362 116.450412 22627
39.955469 116.450235 22629
39.955576 116.450050 22631
39.955671 116.449847 22633
39.955795 116.449672 22635
39.955859 116.449564 22636
39.955964 116.449400 22638
39.956024 116.449289 22639
39.956081 116.449196 22640
39.956141 116.449101 22641
39.956202 116.449003 22642
39.956258 116.448908 22643
39.956369 116.448750 22645
39.956472 116.448605 22647
39.956572 116.448458 22649
39.956663 116.448319 22651
39.956749 116.448188 22653
39.956830 116.448063 22655
39.956898 116.447938 22657
39.956968 116.447814 22660
39.957039 116.447735 22664
39.957092 116.447704 22669
39.957189 116.447577 22673
39.957262 116.447476 22675
39.957328 116.447370 22677
39.957390 116.447271 22679
39.957479 116.447139 22682
39.957568 116.447001 22685
39.957638 116.446914 22687
39.957719 116.446803 22689
39.957827 116.446651 22691
39.957896 116.446567 22692
39.957974 116.446478 22693
39.958064 116.446381 22694
39.958148 116.446266 22695
39.958236 116.446139 22696
39.958324 116.446010 22697
39.958401 116.445878 22698
39.958481 116.445740 22699
39.958559 116.445608 22700
39.958643 116.445478 22701
39.958727 116.445347 22702
39.958806 116.445218 22703
39.958883 116.445093 22704
39.958963 116.444970 22705
39.959045 116.444850 22706
39.959129 116.444735 22707
39.959210 116.444613 22708
39.959292 116.444488 22709
39.959366 116.444374 22710
39.959436 116.444268 22711
39.959499 116.444175 22712
39.959564 116.444079 22713
39.959623 116.443989 22714
39.959683 116.443841 22715
39.959744 116.443709 22716
39.959815 116.443594 22717
39.959878 116.443449 22718
39.959934 116.443345 22719
39.959995 116.443232 22720
39.960060 116.443120 22721
39.960117 116.443020 22722
39.960180 116.442918 22723
39.960246 116.442817 22724
39.960315 116.442709 22725
39.960425 116.442529 22727
39.960482 116.442434 22728
39.960594 116.442268 22730
39.960679 116.442159 22732
39.960756 116.442045 22733
39.960830 116.441941 22734
39.960904 116.441839 22735
39.960975 116.441737 22736
39.961046 116.441645 22737
39.961116 116.441563 22738
39.961183 116.441484 22739
39.961303 116.441340 22741
39.961412 116.441199 22743
39.961499 116.441083 22745
39.961561 116.440992 22747
39.961578 116.440925 22752
39.961537 116.440953 22757
39.961483 116.440974 22762
39.961414 116.441020 22767
39.961315 116.440992 22771
39.961265 116.440989 22776
39.961284 116.440999 22781
39.961300 116.441026 22786
39.961300 116.441053 22791
39.961356 116.441116 22796
39.961407 116.441214 22801
39.961447 116.441289 22806
39.961485 116.441354 22811
39.961467 116.441353 22816
39.961371 116.441259 22821
39.961294 116.441167 22824
39.961213 116.441068 22827
39.961200 116.440929 22830
39.961170 116.440767 22834
39.961177 116.440681 22839
39.961254 116.440593 22841
39.961363 116.440464 22843
39.961445 116.440356 22845
39.961523 116.440273 22848
39.961600 116.440174 22851
39.961716 116.440277 22852
39.961821 116.440316 22854
39.961880 116.440217 22857
39.961954 116.440123 22859
39.962059 116.440001 22861
39.962187 116.439867 22863
39.962271 116.439758 22865
39.962340 116.439669 22867
39.962413 116.439547 22870
39.962492 116.439451 22872
39.962601 116.439311 22874
39.962673 116.439185 22876
39.962722 116.439086 22878
39.962774 116.438988 22881
39.962835 116.438897 22883
39.962900 116.438811 22885
39.962969 116.438706 22890
39.963065 116.438590 22895
39.963129 116.438485 22900
39.963205 116.438385 22905
39.963291 116.438287 22908
39.963354 116.438200 22910
39.963420 116.438105 22912
39.963487 116.438006 22914
39.963564 116.437916 22916
39.963652 116.437722 22917
39.963691 116.437613 22918
39.963774 116.437441 22920
39.963872 116.437282 22922
39.963945 116.437112 22924
39.964005 116.436939 22926
39.964080 116.436791 22928
39.964136 116.436683 22930
39.964194 116.436590 22932
39.964253 116.436495 22934
39.964350 116.436427 22936
39.964424 116.436337 22938
39.964511 116.436249 22940
39.964584 116.436149 22942
39.964651 116.436037 22944
39.964738 116.435946 22946
39.964841 116.435826 22948
39.964947 116.435680 22950
39.965064 116.435527 22952
39.965165 116.435340 22954
39.965232 116.435244 22955
39.965298 116.435143 22956
39.965364 116.435041 22957
39.965439 116.434942 22958
39.965516 116.434818 22959
39.965594 116.434691 22960
39.965664 116.434571 22961
39.965724 116.434465 22962
39.965790 116.434371 22963
39.965865 116.434265 22964
39.965939 116.434157 22965
39.966016 116.434048 22966
39.966083 116.433951 22967
39.966148 116.433846 22968
39.966225 116.433720 22969
39.966313 116.433558 22971
39.966372 116.433393 22973
39.966449 116.433253 22975
39.966505 116.433121 22978
39.966568 116.433028 22980
39.966644 116.432953 22984
39.966731 116.432837 22988
39.966809 116.432729 22992
39.966854 116.432599 22995
39.966928 116.432490 22998
39.966981 116.432393 23000
39.967044 116.432279 23002
39.967128 116.432125 23004
39.967152 116.431980 23005
39.967208 116.431888 23006
39.967263 116.431787 23007
39.967320 116.431670 23008
39.967377 116.431555 23009
39.967440 116.431414 23010
39.967498 116.431300 23011
39.967554 116.431188 23012
39.967611 116.431074 23013
39.967670 116.430962 23014
39.967721 116.430839 23015
39.967773 116.430686 23016
39.967827 116.430563 23017
39.967877 116.430435 23018
39.967929 116.430291 23019
39.968012 116.430162 23020
39.968076 116.430027 23021
39.968114 116.429869 23022
39.968158 116.429724 23023
39.968197 116.429577 23024
39.968229 116.429392 23025
39.968253 116.429227 23026
39.968285 116.429091 23027
39.968304 116.428940 23028
39.968374 116.428706 23029
39.968398 116.428635 23030
39.968440 116.428496 23031
39.968450 116.428369 23032
39.968456 116.428245 23033
39.968462 116.428120 23034
39.968461 116.427975 23035
39.968454 116.427756 23037
39.968435 116.427559 23039
39.968428 116.427338 23041
39.968421 116.427113 23043
39.968411 116.426903 23045
39.968414 116.426730 23047
39.968394 116.426547 23049
39.968376 116.426350 23051
39.968361 116.426164 23053
39.968362 116.425940 23055
