39.947077 116.333574 47854
39.946943 116.333819 47855
39.946826 116.333856 47856
39.946760 116.334152 47857
39.946775 116.334131 47858
39.946831 116.334372 47859
39.946721 116.334461 47860
39.946661 116.334485 47861
39.946561 116.334532 47862
39.946483 116.334708 47863
39.946356 116.334807 47864
39.946264 116.334875 47865
39.946302 116.335169 47866
39.946068 116.335133 47867
39.945992 116.335418 47868
39.945946 116.335513 47869
39.945773 116.335752 47870
39.945555 116.335852 47871
39.945500 116.335913 47872
39.945174 116.336116 47875
39.945011 116.336191 47877
39.944923 116.336103 47878
39.944718 116.336322 47879
39.943639 116.336556 47887
39.943587 116.336234 47888
39.943403 116.336427 47889
39.943180 116.336538 47890
39.935975 116.336739 47938
39.935681 116.336924 47940
39.935641 116.336970 47941
39.935493 116.337065 47942
39.935383 116.337153 47943
39.935256 116.337250 47944
39.935138 116.337340 47945
39.935005 116.337426 47946
39.934887 116.337489 47947
39.934770 116.337542 47948
39.934647 116.337591 47949
39.934520 116.337640 47950
39.934387 116.337682 47951
39.934253 116.337712 47952
39.934119 116.337724 47953
39.933983 116.337725 47954
39.933848 116.337714 47955
39.933714 116.337699 47956
39.933584 116.337697 47957
39.933461 116.337673 47958
39.933333 116.337669 47959
39.933212 116.337666 47960
39.933094 116.337656 47961
39.932978 116.337646 47962
39.932863 116.337645 47963
39.932757 116.337642 47964
39.932650 116.337638 47965
39.932538 116.337645 47966
39.932436 116.337642 47967
39.932323 116.337656 47968
39.932209 116.337677 47969
39.932096 116.337695 47970
39.931982 116.337708 47971
39.931871 116.337735 47972
39.931772 116.337755 47973
39.931610 116.337773 47975
39.931515 116.337791 47977
39.931474 116.337784 47982
39.931474 116.337784 47985
39.931469 116.337782 47987
39.931436 116.337780 47992
39.931447 116.337849 47997
39.931572 116.337873 48000
39.931711 116.337875 48002
39.931884 116.337872 48004
39.931977 116.337878 48005
39.932150 116.337874 48007
39.932320 116.337871 48009
39.932489 116.337865 48011
39.932581 116.337872 48012
39.932673 116.337874 48013
39.932768 116.337881 48014
39.932869 116.337888 48015
39.932969 116.337892 48016
39.933069 116.337900 48017
39.933167 116.337907 48018
39.933264 116.337914 48019
39.933357 116.337920 48020
39.933447 116.337924 48021
39.933618 116.337942 48023
39.933790 116.337967 48025
39.933880 116.337981 48026
39.934053 116.337985 48028
39.934221 116.337980 48030
39.934375 116.337976 48032
39.934524 116.337974 48034
39.934653 116.337978 48036
39.934746 116.337973 48038
39.934867 116.337968 48041
39.934966 116.337950 48044
39.935079 116.337960 48047
39.935192 116.337950 48050
39.935331 116.337973 48053
39.935462 116.337955 48056
39.935554 116.337941 48058
39.935679 116.337926 48061
39.935800 116.337930 48064
39.935898 116.337925 48067
39.935940 116.337916 48072
39.935940 116.337918 48077
39.935940 116.337915 48082
39.935940 116.337913 48087
39.935940 116.337913 48090
39.935936 116.337920 48092
39.935954 116.337893 48097
39.936022 116.337782 48100
39.936054 116.337648 48103
39.936072 116.337529 48105
39.936087 116.337374 48107
39.936104 116.337212 48109
39.936105 116.337066 48111
39.936102 116.336932 48113
39.936101 116.336814 48116
39.936104 116.336801 48121
39.936104 116.336801 48124
39.936104 116.336799 48126
39.936103 116.336790 48131
39.936103 116.336790 48134
39.936103 116.336786 48136
39.936103 116.336776 48141
39.936153 116.336656 48145
39.936247 116.336619 48148
39.936335 116.336582 48151
39.936433 116.336577 48153
39.936531 116.336566 48155
39.936652 116.336563 48157
39.936758 116.336571 48159
39.936880 116.336563 48162
39.936989 116.336555 48165
39.937105 116.336500 48168
39.937222 116.336512 48171
39.937325 116.336545 48173
39.937392 116.336627 48177
39.937387 116.336730 48181
39.937398 116.336847 48184
39.937414 116.336967 48186
39.937430 116.337114 48188
39.937438 116.337275 48190
39.937453 116.337440 48192
39.937465 116.337603 48194
39.937474 116.337753 48196
39.937476 116.337896 48198
39.937489 116.338062 48201
39.937497 116.338185 48203
39.937513 116.338324 48205
39.937529 116.338483 48207
39.937542 116.338644 48209
39.937562 116.338790 48211
39.937581 116.338927 48213
39.937586 116.339057 48215
39.937592 116.339160 48220
39.937539 116.339195 48225
39.937436 116.339239 48229
39.937335 116.339303 48232
39.937236 116.339409 48235
39.937195 116.339550 48238
39.937202 116.339699 48240
39.937247 116.339832 48242
39.937313 116.339974 48244
39.937377 116.340131 48246
39.937491 116.340265 48248
39.937610 116.340416 48250
39.937684 116.340613 48252
39.937753 116.340818 48254
39.937822 116.341004 48256
39.937884 116.341205 48258
39.937942 116.341401 48260
39.937993 116.341589 48262
39.938036 116.341785 48264
39.938074 116.341996 48266
39.938128 116.342176 48268
39.938182 116.342314 48270
39.938227 116.342452 48272
39.938242 116.342693 48274
39.938279 116.342877 48276
39.938329 116.343066 48278
39.938386 116.343268 48280
39.938447 116.343452 48282
39.938458 116.343572 48283
39.938462 116.343696 48284
39.938468 116.343826 48285
39.938518 116.344043 48287
39.938573 116.344274 48289
39.938589 116.344407 48290
39.938595 116.344567 48291
39.938609 116.344696 48292
39.938628 116.344833 48293
39.938640 116.344969 48294
39.938658 116.345102 48295
39.938676 116.345231 48296
39.938693 116.345354 48297
39.938712 116.345473 48298
39.938727 116.345592 48299
39.938751 116.345819 48301
39.938780 116.346039 48303
39.938814 116.346263 48305
39.938828 116.346381 48306
39.938842 116.346503 48307
39.938857 116.346629 48308
39.938871 116.346759 48309
39.938889 116.346885 48310
39.938906 116.347018 48311
39.938924 116.347150 48312
39.938939 116.347288 48313
39.938953 116.347425 48314
39.938967 116.347571 48315
39.938983 116.347716 48316
39.939000 116.347858 48317
39.939015 116.348004 48318
39.939026 116.348155 48319
39.939035 116.348308 48320
39.939043 116.348464 48321
39.939051 116.348624 48322
39.939054 116.348782 48323
39.939062 116.348949 48324
39.939072 116.349119 48325
39.939078 116.349286 48326
39.939085 116.349457 48327
39.939095 116.349624 48328
39.939101 116.349794 48329
39.939107 116.349969 48330
39.939118 116.350124 48331
39.939125 116.350282 48332
39.939126 116.350457 48333
39.939125 116.350630 48334
39.939128 116.350784 48335
39.939135 116.350926 48336
39.939134 116.351058 48337
39.939132 116.351178 48338
39.939133 116.351301 48340
39.939119 116.351445 48343
39.939102 116.351596 48346
39.939088 116.351715 48348
39.939079 116.351880 48350
39.939067 116.352003 48352
39.939060 116.352156 48355
39.939059 116.352314 48358
39.939030 116.352460 48363
39.938932 116.352475 48366
39.938822 116.352460 48369
39.938721 116.352469 48371
39.938610 116.352472 48373
39.938490 116.352477 48375
39.938351 116.352462 48377
39.938212 116.352460 48379
39.938058 116.352473 48381
39.937894 116.352476 48383
39.937725 116.352479 48385
39.937554 116.352488 48387
39.937390 116.352485 48389
39.937234 116.352481 48391
39.937093 116.352475 48393
39.936972 116.352460 48395
39.936839 116.352431 48398
39.936768 116.352450 48403
39.936723 116.352422 48408
39.936688 116.352406 48413
39.936592 116.352316 48418
39.936563 116.352171 48422
39.936578 116.352025 48425
39.936587 116.351889 48427
39.936587 116.351726 48429
39.936581 116.351555 48431
39.936579 116.351391 48433
39.936579 116.351242 48435
39.936576 116.351105 48437
39.936558 116.350957 48440
39.936544 116.350840 48442
39.936537 116.350686 48444
39.936538 116.350516 48446
39.936541 116.350335 48448
39.936535 116.350164 48450
39.936535 116.350033 48452
