39.977098 116.347913 25893
39.977197 116.347878 25894
39.977308 116.347880 25895
39.977424 116.347876 25896
39.977535 116.347868 25897
39.977648 116.347866 25898
39.977761 116.347860 25899
39.977871 116.347862 25900
39.977970 116.347860 25901
39.978076 116.347848 25902
39.978173 116.347852 25903
39.978269 116.347846 25904
39.978374 116.347851 25905
39.978475 116.347849 25906
39.978537 116.347778 25907
39.978648 116.347688 25908
39.978828 116.347705 25910
39.978953 116.347668 25911
39.979061 116.347645 25912
39.979163 116.347639 25913
39.979257 116.347632 25914
39.979354 116.347633 25915
39.979445 116.347640 25916
39.979536 116.347656 25917
39.979627 116.347669 25918
39.979718 116.347672 25919
39.979817 116.347700 25920
39.979912 116.347709 25921
39.980011 116.347720 25922
39.980189 116.347718 25924
39.980357 116.347707 25926
39.980510 116.347704 25928
39.980666 116.347691 25930
39.980832 116.347672 25932
39.981006 116.347656 25934
39.981098 116.347650 25935
39.981200 116.347672 25936
39.981370 116.347673 25938
39.981464 116.347669 25939
39.981556 116.347664 25940
39.981649 116.347658 25941
39.981749 116.347654 25942
39.981845 116.347634 25943
39.981943 116.347615 25944
39.982041 116.347600 25945
39.982142 116.347583 25946
39.982245 116.347575 25947
39.982350 116.347584 25948
39.982452 116.347582 25949
39.982549 116.347579 25950
39.982645 116.347573 25951
39.982738 116.347564 25952
39.982832 116.347563 25953
39.982923 116.347568 25954
39.983091 116.347555 25956
39.983261 116.347559 25958
39.983416 116.347572 25960
39.983565 116.347587 25962
39.983707 116.347585 25964
39.983849 116.347577 25966
39.983992 116.347562 25968
39.984118 116.347554 25970
39.984239 116.347555 25972
39.984357 116.347562 25974
39.984456 116.347556 25976
39.984570 116.347555 25979
39.984682 116.347555 25984
39.984785 116.347544 25987
39.984898 116.347523 25991
39.984986 116.347543 25996
39.985047 116.347599 26001
39.985129 116.347681 26006
39.985194 116.347775 26010
39.985210 116.347909 26014
39.985221 116.348090 26017
39.985232 116.348235 26019
39.985234 116.348389 26021
39.985239 116.348578 26023
39.985258 116.348791 26025
39.985266 116.349011 26027
39.985274 116.349129 26028
39.985293 116.349247 26029
39.985309 116.349369 26030
39.985320 116.349487 26031
39.985341 116.349713 26033
39.985338 116.349830 26034
39.985341 116.350059 26036
39.985348 116.350180 26037
39.985354 116.350298 26038
39.985364 116.350420 26039
39.985381 116.350620 26041
39.985391 116.350771 26043
39.985402 116.350922 26046
39.985419 116.351071 26049
39.985427 116.351211 26052
39.985445 116.351332 26055
39.985477 116.351440 26060
39.985469 116.351598 26064
39.985473 116.351748 26068
39.985467 116.351882 26071
39.985473 116.352019 26074
39.985475 116.352151 26077
39.985484 116.352299 26081
39.985494 116.352411 26086
39.985518 116.352528 26090
39.985540 116.352645 26092
39.985575 116.352784 26094
39.985605 116.352927 26096
39.985632 116.353085 26098
39.985669 116.353267 26100
39.985704 116.353454 26102
39.985725 116.353656 26104
39.985743 116.353853 26106
39.985764 116.354071 26108
39.985777 116.354189 26109
39.985790 116.354311 26110
39.985793 116.354434 26111
39.985783 116.354559 26112
39.985765 116.354685 26113
39.985751 116.354810 26114
39.985755 116.354933 26115
39.985764 116.355059 26116
39.985772 116.355184 26117
39.985769 116.355313 26118
39.985771 116.355431 26119
39.985786 116.355669 26121
39.985797 116.355798 26122
39.985815 116.355925 26123
39.985830 116.356050 26124
39.985841 116.356174 26125
39.985862 116.356293 26126
39.985884 116.356422 26127
39.985897 116.356546 26128
39.985900 116.356680 26129
39.985912 116.356810 26130
39.985934 116.356937 26131
39.985939 116.357062 26132
39.985953 116.357181 26133
39.985962 116.357409 26135
39.985978 116.357642 26137
39.985990 116.357762 26138
39.986004 116.357892 26139
39.986009 116.358023 26140
39.985986 116.358159 26141
39.985985 116.358306 26142
39.985990 116.358446 26143
39.985984 116.358615 26144
39.985975 116.358788 26145
39.985960 116.358960 26146
39.985960 116.359130 26147
39.985956 116.359293 26148
39.985966 116.359457 26149
39.985969 116.359616 26150
39.985963 116.359773 26151
39.985965 116.359930 26152
39.985958 116.360091 26153
39.985961 116.360253 26154
39.985960 116.360404 26155
39.985939 116.360564 26156
39.985927 116.360718 26157
39.985916 116.360871 26158
39.985920 116.361028 26159
39.985892 116.361188 26160
39.985862 116.361347 26161
39.985868 116.361504 26162
39.985869 116.361657 26163
39.985870 116.361809 26164
39.985871 116.361952 26165
39.985876 116.362104 26166
39.985895 116.362258 26167
39.985898 116.362405 26168
39.985901 116.362545 26169
39.985900 116.362702 26170
39.985905 116.362853 26171
39.985904 116.362998 26172
39.985908 116.363147 26173
39.985913 116.363287 26174
39.985914 116.363430 26175
39.985919 116.363575 26176
39.985920 116.363716 26177
39.985918 116.363855 26178
39.985919 116.363994 26179
39.985916 116.364145 26180
39.985923 116.364288 26181
39.985922 116.364429 26182
39.985930 116.364570 26183
39.985935 116.364710 26184
39.985944 116.364852 26185
39.985953 116.364996 26186
39.985982 116.365139 26187
39.985990 116.365296 26188
39.986005 116.365442 26189
39.986015 116.365598 26190
39.986023 116.365755 26191
39.986032 116.365915 26192
39.986041 116.366074 26193
39.986045 116.366239 26194
39.986053 116.366405 26195
39.986060 116.366571 26196
39.986062 116.366747 26197
39.986063 116.366920 26198
39.986054 116.367099 26199
39.986052 116.367278 26200
39.986049 116.367451 26201
39.986043 116.367625 26202
39.986044 116.367797 26203
39.986047 116.367967 26204
39.986039 116.368142 26205
39.986027 116.368317 26206
39.986031 116.368490 26207
39.986042 116.368665 26208
39.986049 116.368841 26209
39.986057 116.369013 26210
39.986068 116.369188 26211
39.986078 116.369361 26212
39.986087 116.369533 26213
39.986090 116.369706 26214
39.986094 116.369875 26215
39.986088 116.370054 26216
39.986082 116.370244 26217
39.986089 116.370416 26218
39.986093 116.370589 26219
39.986097 116.370763 26220
39.986099 116.370938 26221
39.986107 116.371104 26222
39.986113 116.371276 26223
39.986118 116.371441 26224
39.986127 116.371606 26225
39.986132 116.371773 26226
39.986138 116.371933 26227
39.986141 116.372094 26228
39.986144 116.372258 26229
39.986149 116.372420 26230
39.986160 116.372580 26231
39.986164 116.372743 26232
39.986167 116.372908 26233
39.986170 116.373072 26234
39.986173 116.373243 26235
39.986180 116.373410 26236
39.986185 116.373577 26237
39.986187 116.373749 26238
39.986187 116.373912 26239
39.986191 116.374083 26240
39.986196 116.374248 26241
39.986200 116.374418 26242
39.986206 116.374584 26243
39.986211 116.374751 26244
39.986216 116.374919 26245
39.986221 116.375085 26246
39.986223 116.375246 26247
39.986225 116.375405 26248
39.986229 116.375566 26249
39.986234 116.375725 26250
39.986231 116.375901 26251
39.986233 116.376059 26252
39.986233 116.376226 26253
39.986237 116.376381 26254
39.986242 116.376537 26255
39.986246 116.376695 26256
39.986251 116.376857 26257
39.986256 116.377019 26258
39.986250 116.377179 26259
39.986251 116.377337 26260
39.986258 116.377491 26261
39.986260 116.377642 26262
39.986267 116.377791 26263
39.986273 116.377933 26264
39.986274 116.378066 26265
39.986286 116.378190 26266
39.986292 116.378309 26267
39.986270 116.378440 26268
39.986265 116.378559 26269
39.986279 116.378786 26271
39.986286 116.378903 26272
39.986295 116.379028 26273
39.986303 116.379157 26274
39.986306 116.379300 26275
39.986311 116.379446 26276
39.986313 116.379589 26277
39.986322 116.379728 26278
39.986330 116.379862 26279
39.986337 116.379997 26280
39.986349 116.380132 26281
39.986357 116.380272 26282
39.986368 116.380410 26283
39.986376 116.380553 26284
39.986386 116.380699 26285
39.986391 116.380845 26286
39.986398 116.380997 26287
39.986407 116.381147 26288
39.986410 116.381297 26289
39.986418 116.381451 26290
39.986419 116.381608 26291
39.986424 116.381770 26292
39.986429 116.381925 26293
39.986435 116.382080 26294
39.986443 116.382229 26295
39.986445 116.382380 26296
39.986450 116.382536 26297
39.986456 116.382684 26298
39.986459 116.382829 26299
39.986464 116.382978 26300
39.986467 116.383126 26301
39.986465 116.383286 26302
39.986471 116.383430 26303
39.986477 116.383576 26304
39.986483 116.383720 26305
39.986490 116.383869 26306
39.986491 116.384021 26307
39.986496 116.384171 26308
39.986498 116.384330 26309
39.986504 116.384479 26310
39.986512 116.384631 26311
39.986514 116.384775 26312
39.986523 116.384927 26313
39.986532 116.385088 26314
39.986538 116.385245 26315
39.986548 116.385407 26316
39.986556 116.385566 26317
39.986566 116.385729 26318
39.986572 116.385894 26319
39.986576 116.386055 26320
39.986581 116.386222 26321
39.986586 116.386385 26322
39.986593 116.386556 26323
39.986601 116.386724 26324
39.986603 116.386895 26325
39.986609 116.387062 26326
39.986612 116.387233 26327
39.986617 116.387402 26328
39.986622 116.387572 26329
39.986629 116.387741 26330
39.986633 116.387908 26331
39.986638 116.388070 26332
39.986641 116.388219 26333
39.986641 116.388375 26334
39.986636 116.388538 26335
39.986637 116.388684 26336
39.986629 116.388846 26337
39.986637 116.389006 26338
39.986631 116.389171 26339
39.986633 116.389336 26340
39.986639 116.389501 26341
39.986644 116.389652 26342
39.986648 116.389818 26343
39.986659 116.389970 26344
39.986659 116.390116 26345
39.986666 116.390272 26346
39.986673 116.390424 26347
39.986676 116.390578 26348
39.986680 116.390724 26349
39.986681 116.390872 26350
39.986688 116.391011 26351
39.986691 116.391155 26352
39.986692 116.391295 26353
39.986694 116.391444 26354
39.986693 116.391598 26355
39.986694 116.391757 26356
39.986695 116.391918 26357
39.986698 116.392074 26358
39.986702 116.392226 26359
39.986705 116.392378 26360
39.986709 116.392524 26361
39.986714 116.392666 26362
39.986716 116.392817 26363
39.986722 116.392963 26364
39.986738 116.393105 26365
39.986751 116.393243 26366
39.986757 116.393383 26367
39.986764 116.393523 26368
39.986765 116.393659 26369
39.986776 116.393797 26370
39.986782 116.393931 26371
39.986788 116.394061 26372
39.986792 116.394188 26373
39.986797 116.394320 26374
39.986804 116.394459 26375
39.986812 116.394600 26376
39.986818 116.394740 26377
39.986818 116.394876 26378
39.986822 116.395013 26379
39.986827 116.395149 26380
39.986825 116.395291 26381
39.986829 116.395422 26382
39.986833 116.395558 26383
39.986834 116.395687 26384
39.986835 116.395814 26385
39.986839 116.395945 26386
39.986842 116.396069 26387
39.986846 116.396192 26388
39.986848 116.396416 26390
39.986836 116.396619 26392
39.986840 116.396838 26394
39.986847 116.396957 26395
39.986852 116.397076 26396
39.986858 116.397306 26398
39.986856 116.397535 26400
39.986848 116.397736 26402
39.986866 116.397865 26403
39.986886 116.398095 26405
39.986895 116.398280 26407
39.986904 116.398422 26409
39.986907 116.398571 26412
39.986909 116.398721 26416
39.986913 116.398863 26419
39.986917 116.399007 26422
39.986921 116.399159 26425
39.986923 116.399294 26427
39.986926 116.399448 26429
39.986931 116.399593 26431
39.986937 116.399742 26433
39.986941 116.399887 26435
39.986946 116.400053 26438
39.986954 116.400181 26441
39.986949 116.400319 26444
39.986958 116.400483 26447
39.986966 116.400622 26450
39.986972 116.400773 26454
39.986977 116.400917 26458
39.986979 116.401028 26463
39.986994 116.401144 26468
39.987009 116.401307 26472
39.987025 116.401484 26475
39.987023 116.401608 26477
39.987018 116.401780 26480
39.986993 116.401941 26483
39.987001 116.402062 26486
39.987007 116.402208 26489
39.987020 116.402360 26492
