39.986413 116.377166 4892
39.986410 116.376977 4893
39.986416 116.376768 4894
39.986423 116.376558 4895
39.986433 116.376340 4896
39.986437 116.376119 4897
39.986441 116.375896 4898
39.986446 116.375679 4899
39.986449 116.375466 4900
39.986450 116.375263 4901
39.986450 116.375071 4902
39.986446 116.374888 4903
39.986446 116.374713 4904
39.986446 116.374534 4905
39.986449 116.374348 4906
39.986453 116.374162 4907
39.986455 116.373976 4908
39.986459 116.373797 4909
39.986459 116.373621 4910
39.986456 116.373451 4911
39.986454 116.373289 4912
39.986451 116.373127 4913
39.986445 116.372982 4914
39.986443 116.372848 4915
39.986439 116.372718 4916
39.986434 116.372592 4917
39.986429 116.372461 4918
39.986426 116.372328 4919
39.986424 116.372194 4920
39.986419 116.372052 4921
39.986412 116.371905 4922
39.986405 116.371748 4923
39.986400 116.371601 4924
39.986398 116.371451 4925
39.986397 116.371306 4926
39.986404 116.371160 4927
39.986417 116.371022 4928
39.986438 116.370881 4929
39.986473 116.370745 4930
39.986524 116.370619 4931
39.986592 116.370519 4932
39.986674 116.370439 4933
39.986767 116.370384 4934
39.986869 116.370356 4935
39.986972 116.370356 4936
39.987073 116.370390 4937
39.987171 116.370451 4938
39.987256 116.370544 4939
39.987328 116.370652 4940
39.987379 116.370780 4941
39.987408 116.370925 4942
39.987406 116.371076 4943
39.987382 116.371228 4944
39.987329 116.371368 4945
39.987254 116.371491 4946
39.987162 116.371592 4947
39.987064 116.371681 4948
39.986966 116.371760 4949
39.986867 116.371824 4950
39.986757 116.371880 4951
39.986637 116.371932 4952
39.986515 116.371980 4953
39.986394 116.372023 4954
39.986278 116.372069 4955
39.986166 116.372117 4956
39.986053 116.372167 4957
39.985908 116.372220 4958
39.985723 116.372273 4959
39.985550 116.372321 4960
39.985374 116.372383 4961
39.985174 116.372406 4962
39.984991 116.372448 4963
39.984826 116.372489 4964
39.984663 116.372525 4965
39.984523 116.372582 4966
39.984369 116.372623 4967
39.984218 116.372661 4968
39.984079 116.372702 4969
39.983933 116.372756 4970
39.983796 116.372797 4971
39.983663 116.372838 4972
39.983538 116.372882 4973
39.983413 116.372933 4974
39.983278 116.372972 4975
39.983144 116.373012 4976
39.983004 116.373060 4977
39.982860 116.373121 4978
39.982707 116.373175 4979
39.982553 116.373226 4980
39.982393 116.373270 4981
39.982232 116.373314 4982
39.982067 116.373360 4983
39.981901 116.373412 4984
39.981736 116.373464 4985
39.981572 116.373510 4986
39.981409 116.373558 4987
39.981248 116.373604 4988
39.981086 116.373655 4989
39.980929 116.373699 4990
39.980772 116.373743 4991
39.980618 116.373789 4992
39.980469 116.373834 4993
39.980322 116.373879 4994
39.980177 116.373923 4995
39.980031 116.373968 4996
39.979883 116.374009 4997
39.979733 116.374052 4998
39.979581 116.374097 4999
39.979426 116.374140 5000
39.979274 116.374182 5001
39.979125 116.374223 5002
39.978978 116.374264 5003
39.978834 116.374306 5004
39.978696 116.374344 5005
39.978563 116.374380 5006
39.978432 116.374419 5007
39.978302 116.374458 5008
39.978169 116.374495 5009
39.978036 116.374536 5010
39.977902 116.374577 5011
39.977767 116.374617 5012
39.977636 116.374656 5013
39.977509 116.374695 5014
39.977404 116.374742 5015
39.977289 116.374758 5016
39.977191 116.374776 5017
39.977028 116.374817 5019
39.976870 116.374847 5021
39.976700 116.374884 5023
39.976606 116.374906 5024
39.976515 116.374926 5025
39.976422 116.374942 5026
39.976327 116.374960 5027
39.976227 116.374975 5028
39.976131 116.374988 5029
39.976038 116.375000 5030
39.975869 116.375018 5032
39.975740 116.375030 5034
39.975625 116.375039 5036
39.975527 116.375041 5038
39.975399 116.375036 5041
39.975288 116.375030 5044
39.975197 116.375041 5047
39.975086 116.375043 5051
39.974971 116.375049 5054
39.974850 116.375030 5057
39.974738 116.375013 5059
39.974618 116.374998 5061
39.974500 116.374990 5063
39.974389 116.374980 5065
39.974278 116.374965 5067
39.974168 116.374949 5069
39.974044 116.374938 5071
39.973932 116.374928 5073
39.973818 116.374916 5077
39.973695 116.374885 5080
39.973568 116.374856 5082
39.973439 116.374838 5084
39.973308 116.374818 5086
39.973177 116.374797 5088
39.973047 116.374781 5090
39.972927 116.374766 5092
39.972824 116.374750 5094
39.972728 116.374739 5096
39.972633 116.374731 5098
39.972503 116.374724 5101
39.972392 116.374725 5103
39.972256 116.374718 5105
39.972123 116.374706 5107
39.971994 116.374692 5109
39.971859 116.374680 5111
39.971717 116.374664 5113
39.971561 116.374642 5115
39.971380 116.374613 5117
39.971283 116.374594 5118
39.971188 116.374578 5119
39.971091 116.374566 5120
39.970997 116.374555 5121
39.970907 116.374546 5122
39.970816 116.374534 5123
39.970649 116.374511 5125
39.970500 116.374493 5127
39.970368 116.374477 5129
39.970255 116.374466 5131
39.970161 116.374453 5133
39.970034 116.374432 5136
39.969931 116.374413 5139
39.969837 116.374405 5143
39.969759 116.374386 5148
39.969689 116.374374 5153
39.969643 116.374360 5158
39.969565 116.374353 5163
39.969491 116.374354 5168
39.969451 116.374356 5173
39.969426 116.374355 5178
39.969378 116.374354 5183
39.969285 116.374343 5188
39.969177 116.374323 5191
39.969086 116.374305 5195
39.969001 116.374269 5199
39.968901 116.374238 5202
39.968813 116.374226 5207
39.968711 116.374213 5210
39.968595 116.374197 5213
39.968477 116.374182 5216
39.968355 116.374167 5219
39.968238 116.374158 5222
39.968147 116.374149 5224
39.968010 116.374129 5227
39.967904 116.374123 5229
39.967800 116.374114 5231
39.967696 116.374101 5233
39.967567 116.374076 5235
39.967443 116.374047 5237
39.967320 116.374016 5239
39.967213 116.373998 5241
39.967107 116.373983 5243
39.966993 116.373970 5245
39.966854 116.373958 5247
39.966703 116.373944 5249
39.966554 116.373925 5251
39.966409 116.373876 5253
39.966293 116.373783 5255
39.966243 116.373623 5257
39.966244 116.373408 5259
39.966247 116.373283 5260
39.966248 116.373159 5261
39.966248 116.373034 5262
39.966247 116.372915 5263
39.966256 116.372703 5265
39.966304 116.372549 5267
39.966427 116.372530 5270
39.966519 116.372654 5273
39.966554 116.372832 5275
39.966569 116.373068 5277
39.966576 116.373205 5278
39.966582 116.373349 5279
39.966583 116.373497 5280
39.966586 116.373648 5281
39.966588 116.373795 5282
39.966593 116.373935 5283
39.966597 116.374069 5284
39.966600 116.374199 5285
39.966612 116.374377 5286
39.966606 116.374554 5287
39.966620 116.374719 5288
39.966621 116.374876 5289
39.966633 116.375034 5290
39.966637 116.375178 5291
39.966642 116.375325 5292
39.966643 116.375462 5293
39.966642 116.375584 5294
39.966599 116.375774 5296
39.966500 116.375859 5298
39.966380 116.375831 5300
39.966308 116.375699 5302
39.966297 116.375498 5304
39.966298 116.375293 5306
39.966291 116.375102 5308
39.966281 116.374939 5310
39.966279 116.374803 5312
39.966282 116.374643 5315
39.966301 116.374523 5318
39.966381 116.374419 5321
39.966475 116.374379 5323
39.966599 116.374367 5325
39.966749 116.374383 5327
39.966911 116.374397 5329
39.967071 116.374417 5331
39.967250 116.374439 5333
39.967354 116.374456 5334
39.967455 116.374471 5335
39.967562 116.374492 5336
39.967671 116.374511 5337
39.967772 116.374531 5338
39.967867 116.374560 5339
39.968020 116.374640 5341
39.968160 116.374723 5343
39.968327 116.374746 5345
39.968505 116.374750 5347
39.968679 116.374766 5349
39.968840 116.374786 5351
39.969007 116.374807 5353
39.969184 116.374834 5355
39.969357 116.374858 5357
39.969525 116.374876 5359
39.969680 116.374894 5361
39.969833 116.374918 5363
39.969975 116.374934 5365
39.970129 116.374955 5367
39.970293 116.374975 5369
39.970454 116.374995 5371
39.970610 116.375011 5373
39.970760 116.375028 5375
39.970906 116.375048 5377
39.971040 116.375064 5379
39.971150 116.375105 5381
39.971219 116.375191 5383
39.971246 116.375313 5385
39.971246 116.375474 5387
39.971243 116.375605 5389
39.971253 116.375747 5392
39.971249 116.375919 5395
39.971266 116.376103 5398
39.971262 116.376256 5400
39.971239 116.376413 5402
39.971226 116.376570 5405
39.971290 116.376654 5409
39.971387 116.376676 5412
39.971508 116.376682 5415
39.971613 116.376683 5417
39.971743 116.376694 5419
39.971857 116.376706 5421
39.971954 116.376713 5423
39.972058 116.376721 5425
39.972152 116.376721 5427
39.972244 116.376718 5429
39.972338 116.376707 5431
39.972430 116.376649 5434
39.972433 116.376563 5439
39.972431 116.376594 5444
39.972432 116.376617 5449
39.972417 116.376633 5454
39.972404 116.376654 5459
39.972412 116.376680 5464
39.972417 116.376701 5469
39.972418 116.376713 5474
39.972409 116.376739 5479
39.972277 116.376931 5483
39.972367 116.376875 5487
39.972456 116.376913 5489
39.972561 116.376908 5491
