40.000985 116.327133 28278
40.001087 116.327196 28279
40.001190 116.327258 28280
40.001419 116.327398 28281
40.001518 116.327456 28282
40.001570 116.327484 28283
40.001626 116.327513 28284
40.001561 116.327466 28285
40.001723 116.327574 28286
40.001911 116.327698 28287
40.002007 116.327761 28288
40.002114 116.327830 28289
40.002325 116.327960 28290
40.002390 116.328002 28291
40.002305 116.327943 28293
40.002415 116.328017 28294
40.002376 116.327989 28295
40.002509 116.328073 28296
40.002734 116.328218 28297
40.002692 116.328186 28298
40.002637 116.328149 28300
40.002767 116.328232 28301
40.002933 116.328341 28302
40.003063 116.328426 28303
40.002943 116.328340 28304
40.003004 116.328381 28305
40.002908 116.328318 28306
40.002735 116.328209 28307
40.002570 116.328114 28308
40.002265 116.327926 28309
40.002083 116.327814 28310
40.002126 116.327846 28311
40.002180 116.327886 28312
40.002095 116.327839 28313
40.001827 116.327667 28314
40.001533 116.327478 28315
40.001778 116.327651 28316
39.997863 116.325245 28348
39.997918 116.325306 28350
39.997788 116.325256 28352
39.997913 116.325344 28353
39.998004 116.325409 28355
39.998112 116.325489 28356
39.998195 116.325554 28357
39.998253 116.325598 28358
39.998385 116.325692 28359
39.998317 116.325654 28360
39.998474 116.325761 28362
39.998378 116.325706 28363
39.998489 116.325787 28367
39.998702 116.325943 28370
39.998685 116.325954 28375
39.998685 116.325954 28378
39.998682 116.325962 28380
39.998735 116.326002 28382
39.998926 116.326119 28383
39.998988 116.326167 28384
39.998918 116.326125 28386
39.999025 116.326193 28387
39.998913 116.326123 28388
39.998742 116.326051 28392
39.998690 116.326051 28395
39.998756 116.326102 28397
39.998839 116.326159 28398
39.998927 116.326219 28399
39.998849 116.326171 28400
39.998572 116.325999 28402
39.998490 116.325950 28403
39.998542 116.325982 28404
39.998361 116.325870 28405
39.998275 116.325809 28406
39.998343 116.325847 28407
39.998402 116.325876 28409
39.998295 116.325805 28410
39.998337 116.325828 28411
39.998411 116.325865 28412
39.998246 116.325748 28414
39.998143 116.325684 28415
39.998237 116.325744 28417
39.998167 116.325702 28418
39.998235 116.325767 28421
39.998118 116.325703 28425
39.998024 116.325644 28426
39.997981 116.325616 28428
39.997871 116.325546 28429
39.997803 116.325520 28431
39.997710 116.325468 28432
39.997781 116.325523 28434
39.997880 116.325609 28438
39.998056 116.325726 28439
39.998108 116.325768 28440
39.998234 116.325856 28441
39.998368 116.325940 28442
39.998462 116.326000 28443
39.998614 116.326113 28445
39.998702 116.326170 28449
39.998837 116.326259 28450
39.998690 116.326177 28452
39.998817 116.326292 28455
40.000797 116.327369 28487
40.000626 116.327280 28488
40.000398 116.327162 28489
40.000208 116.327167 28490
40.000071 116.327079 28491
40.000026 116.327047 28492
40.000079 116.327072 28493
39.999940 116.326953 28494
39.999988 116.326934 28495
39.999870 116.326829 28496
39.999806 116.326779 28497
39.999600 116.326628 28498
39.999472 116.326552 28499
39.999314 116.326464 28500
39.999209 116.326410 28501
39.999143 116.326380 28502
39.999193 116.326451 28504
39.999068 116.326380 28505
39.998909 116.326292 28507
39.998781 116.326219 28508
39.998501 116.326035 28510
39.998384 116.325962 28512
39.998269 116.325889 28513
39.998147 116.325814 28514
39.998104 116.325790 28515
39.998168 116.325835 28517
39.998094 116.325809 28520
39.998046 116.325783 28522
39.997954 116.325756 28524
39.997945 116.325814 28528
39.998071 116.325937 28533
39.998119 116.325991 28535
39.998273 116.326090 28536
39.998329 116.326113 28538
39.998450 116.326187 28540
39.998507 116.326218 28541
39.998619 116.326285 28542
39.998814 116.326397 28543
39.998908 116.326441 28545
39.999083 116.326526 28547
39.998914 116.326411 28549
39.999008 116.326469 28550
39.999103 116.326514 28551
39.999171 116.326561 28554
39.999274 116.326639 28557
39.999217 116.326626 28560
39.999313 116.326681 28561
39.999361 116.326715 28562
39.999291 116.326672 28563
39.999379 116.326732 28564
39.999336 116.326716 28567
39.999519 116.326841 28568
39.999595 116.326898 28569
39.999662 116.326952 28570
39.999831 116.327064 28571
39.999728 116.327000 28572
39.999666 116.326956 28573
39.999598 116.326913 28578
39.999672 116.326966 28581
39.999782 116.327043 28582
39.999681 116.326982 28583
39.999631 116.326955 28584
39.999558 116.326910 28586
39.999445 116.326844 28588
39.999365 116.326811 28589
39.999278 116.326756 28590
39.999340 116.326770 28591
39.999248 116.326700 28593
39.999200 116.326636 28594
39.999139 116.326573 28595
39.999144 116.326486 28597
39.999056 116.326422 28598
39.998495 116.325679 28605
39.998589 116.325761 28606
39.998637 116.325813 28607
39.998727 116.325884 28608
39.998848 116.325970 28609
39.998918 116.326038 28611
39.998958 116.326073 28612
39.999031 116.326126 28613
39.999032 116.326186 28615
39.999121 116.326279 28617
39.999144 116.326333 28619
39.999069 116.326295 28621
39.999121 116.326322 28622
39.999211 116.326370 28623
39.999166 116.326343 28624
39.999221 116.326372 28625
39.999300 116.326416 28626
39.999426 116.326492 28627
39.999380 116.326459 28629
39.999154 116.326357 28638
39.999374 116.326436 28640
39.999227 116.326330 28641
39.999347 116.326423 28656
39.999405 116.326447 28658
39.999442 116.326470 28662
39.999387 116.326434 28663
39.999329 116.326398 28664
39.999404 116.326429 28667
39.999419 116.326424 28670
39.999524 116.326442 28672
39.999366 116.326295 28678
39.999442 116.326298 28680
39.999538 116.326341 28682
39.999438 116.326283 28683
39.999493 116.326306 28684
39.999447 116.326276 28685
39.999396 116.326242 28686
39.999530 116.326313 28687
39.999671 116.326380 28689
39.999780 116.326466 28694
39.999734 116.326448 28696
39.999662 116.326418 28698
39.999773 116.326477 28699
39.999358 116.326463 28702
39.999423 116.326488 28703
39.999348 116.326446 28704
39.999332 116.326441 28709
40.000357 116.327155 28743
40.000342 116.327042 28746
40.000452 116.327139 28749
40.000671 116.327221 28751
40.000879 116.327330 28752
40.000717 116.327257 28754
40.000841 116.327324 28755
40.000773 116.327284 28756
40.000727 116.327276 28758
40.000672 116.327247 28759
40.000634 116.327221 28760
40.000676 116.327253 28761
40.000857 116.327224 28762
40.000921 116.327199 28763
40.000910 116.327172 28766
40.001143 116.327049 28767
40.001088 116.327046 28768
40.000876 116.326939 28769
40.000815 116.326917 28770
40.000767 116.326895 28771
40.000702 116.326861 28772
40.000899 116.326998 28774
40.000818 116.326948 28775
40.000857 116.326987 28776
40.000776 116.326949 28781
40.000510 116.326794 28782
40.000565 116.326843 28783
40.000481 116.326801 28784
40.000388 116.326747 28785
40.000181 116.326619 28786
40.000273 116.326672 28787
40.000229 116.326637 28788
40.000185 116.326606 28789
40.000089 116.326545 28792
40.000032 116.326499 28794
39.999982 116.326465 28796
39.999935 116.326441 28797
39.999876 116.326419 28802
39.999928 116.326471 28804
39.999932 116.326483 28809
39.999894 116.326449 28813
39.999894 116.326449 28816
39.999887 116.326442 28818
39.999931 116.326470 28819
39.999978 116.326538 28823
40.000027 116.326591 28828
40.000157 116.326675 28830
40.000196 116.326690 28835
40.000279 116.326747 28836
40.000319 116.326748 28841
40.000372 116.326777 28842
40.000425 116.326803 28844
40.000486 116.326843 28845
40.000559 116.326872 28848
40.000642 116.326887 28852
40.000690 116.326910 28853
40.000801 116.326973 28854
40.000883 116.327003 28856
40.000953 116.327036 28857
40.001047 116.327088 28858
40.001159 116.327132 28869
40.001045 116.327061 28870
40.000987 116.327022 28872
40.000930 116.326980 28874
40.000888 116.326951 28875
40.000818 116.326911 28876
40.000768 116.326883 28877
40.000518 116.326752 28878
