39.978052 116.326850 44811
39.978108 116.326855 44813
39.978162 116.326853 44815
39.978220 116.326853 44817
39.978280 116.326845 44819
39.978343 116.326842 44821
39.978392 116.326846 44823
39.978446 116.326857 44825
39.978492 116.326870 44827
39.978537 116.326891 44829
39.978593 116.326928 44831
39.978652 116.326937 44833
39.978712 116.326957 44835
39.978780 116.326959 44837
39.978819 116.326946 44838
39.978886 116.326934 44840
39.978957 116.326912 44842
39.979015 116.326909 44844
39.979081 116.326883 44846
39.979143 116.326848 44848
39.979195 116.326832 44850
39.979252 116.326816 44852
39.979308 116.326797 44854
39.979363 116.326775 44856
39.979416 116.326756 44858
39.979466 116.326727 44860
39.979524 116.326714 44862
39.979580 116.326695 44864
39.979638 116.326685 44866
39.979690 116.326687 44868
39.979760 116.326695 44870
39.979813 116.326697 44872
39.979877 116.326697 44874
39.979936 116.326704 44876
39.979996 116.326714 44878
39.980060 116.326707 44880
39.980138 116.326690 44882
39.980188 116.326697 44883
39.980260 116.326702 44885
39.980328 116.326695 44887
39.980394 116.326712 44889
39.980462 116.326720 44891
39.980529 116.326714 44893
39.980596 116.326728 44895
39.980662 116.326732 44897
39.980728 116.326740 44899
39.980787 116.326760 44901
39.980849 116.326779 44903
39.980902 116.326792 44905
39.980945 116.326824 44907
39.981002 116.326824 44910
39.981069 116.326857 44912
39.981099 116.326909 44913
39.981121 116.326953 44914
39.981155 116.326990 44918
39.981164 116.327050 44922
39.981161 116.327139 44923
39.981259 116.327226 44924
39.981254 116.327276 44928
39.981274 116.327338 44930
39.981293 116.327423 44933
39.981308 116.327492 44935
39.981309 116.327550 44937
39.981295 116.327648 44939
39.981291 116.327733 44941
39.981290 116.327802 44943
39.981296 116.327880 44945
39.981333 116.327948 44947
39.981346 116.328023 44949
39.981367 116.328077 44951
39.981392 116.328154 44954
39.981404 116.328253 44957
39.981399 116.328295 44962
39.981409 116.328323 44964
39.981451 116.328387 44966
39.981511 116.328435 44968
39.981573 116.328455 44970
39.981626 116.328471 44972
39.981675 116.328499 44975
39.981757 116.328531 44977
39.981818 116.328560 44980
39.981868 116.328591 44983
39.981897 116.328648 44984
39.981928 116.328697 44988
39.981943 116.328748 44991
39.981955 116.328827 44993
39.981970 116.328887 44995
39.981982 116.328923 44999
39.981985 116.328924 45004
39.981988 116.328924 45009
39.981988 116.328924 45014
39.981988 116.328924 45017
39.981992 116.328925 45019
39.982010 116.328978 45022
39.982010 116.328978 45025
39.982011 116.328982 45027
39.982071 116.328986 45032
39.982153 116.329024 45034
39.982186 116.329028 45035
39.982242 116.329029 45037
39.982197 116.328977 45041
39.982163 116.328955 45046
39.982140 116.328957 45051
39.982088 116.328953 45055
39.982031 116.328908 45058
39.981977 116.328909 45060
39.981912 116.328880 45062
39.981888 116.328824 45063
39.981827 116.328715 45065
39.981769 116.328724 45069
39.981721 116.328726 45073
39.981680 116.328723 45078
39.981635 116.328721 45083
39.981598 116.328724 45088
39.981612 116.328724 45093
39.981608 116.328644 45098
39.981605 116.328584 45101
39.981588 116.328554 45106
39.981552 116.328500 45110
39.981515 116.328458 45115
39.981525 116.328401 45120
39.981542 116.328398 45125
39.981568 116.328381 45130
39.981582 116.328359 45135
39.981582 116.328359 45138
39.981589 116.328351 45140
39.981603 116.328349 45145
39.981603 116.328340 45155
39.981603 116.328340 45158
39.981611 116.328340 45160
39.981628 116.328331 45165
39.981658 116.328321 45170
39.981706 116.328333 45174
39.981759 116.328354 45177
39.981787 116.328293 45182
39.981724 116.328280 45185
39.981658 116.328333 45189
39.981607 116.328312 45191
39.981559 116.328254 45193
39.981526 116.328206 45194
39.981513 116.328267 45198
39.981499 116.328343 45202
39.981499 116.328404 45206
39.981483 116.328459 45211
39.981524 116.328488 45215
39.981548 116.328543 45219
39.981546 116.328605 45222
39.981570 116.328654 45227
39.981563 116.328699 45232
39.981575 116.328730 45237
39.981574 116.328759 45242
39.981570 116.328773 45247
39.981609 116.328768 45252
39.981661 116.328739 45257
39.981695 116.328738 45262
39.981693 116.328732 45267
39.981693 116.328732 45270
39.981701 116.328729 45272
39.981910 116.328767 45273
39.981983 116.328534 45274
39.981988 116.328341 45275
39.982055 116.328369 45277
39.982076 116.328317 45280
39.982101 116.328384 45284
39.982140 116.328426 45287
39.982171 116.328479 45289
39.982197 116.328536 45292
39.982241 116.328557 45297
39.982253 116.328581 45302
39.982287 116.328592 45307
39.982332 116.328609 45309
39.982408 116.328641 45312
39.982462 116.328657 45315
39.982501 116.328678 45320
39.982541 116.328698 45325
39.982592 116.328721 45328
39.982624 116.328725 45333
39.982659 116.328736 45338
39.982717 116.328713 45342
39.982764 116.328720 45344
39.982806 116.328674 45347
39.982852 116.328698 45349
39.982891 116.328732 45353
39.982911 116.328788 45358
39.982926 116.328853 45362
39.982942 116.328921 45367
39.982946 116.328995 45371
39.982946 116.329059 45374
39.982954 116.329126 45378
39.982980 116.329184 45382
39.983013 116.329237 45387
39.983039 116.329256 45392
39.983030 116.329291 45397
39.983030 116.329309 45402
39.983058 116.329309 45407
39.983080 116.329303 45412
