39.952937 116.317865 24619
39.952983 116.317857 24621
39.953032 116.317847 24623
39.953078 116.317832 24625
39.953128 116.317818 24627
39.953178 116.317800 24629
39.953230 116.317783 24631
39.953283 116.317785 24633
39.953337 116.317782 24635
39.953390 116.317785 24637
39.953442 116.317782 24639
39.953495 116.317778 24641
39.953550 116.317770 24643
39.953605 116.317757 24645
39.953660 116.317742 24647
39.953713 116.317732 24649
39.953767 116.317723 24651
39.953818 116.317713 24653
39.953872 116.317700 24655
39.953927 116.317692 24657
39.953978 116.317683 24659
39.954027 116.317672 24661
39.954075 116.317663 24663
39.954120 116.317652 24665
39.954167 116.317647 24667
39.954213 116.317637 24669
39.954260 116.317618 24671
39.954307 116.317598 24673
39.954355 116.317585 24675
39.954405 116.317583 24677
39.954455 116.317582 24679
39.954507 116.317577 24681
39.954553 116.317572 24683
39.954600 116.317565 24685
39.954648 116.317557 24687
39.954692 116.317548 24689
39.954732 116.317545 24691
39.954772 116.317547 24693
39.954813 116.317552 24695
39.954853 116.317552 24697
39.954895 116.317545 24699
39.954938 116.317543 24701
39.954980 116.317542 24703
39.955020 116.317540 24705
39.955060 116.317538 24707
39.955098 116.317532 24709
39.955132 116.317523 24711
39.955167 116.317515 24713
39.955200 116.317505 24715
39.955237 116.317498 24717
39.955268 116.317490 24719
39.955307 116.317488 24722
39.955317 116.317493 24734
39.955347 116.317490 24737
39.955388 116.317495 24740
39.955425 116.317497 24743
39.955455 116.317492 24746
39.955497 116.317487 24749
39.955533 116.317495 24751
39.955572 116.317507 24753
39.955620 116.317507 24755
39.955670 116.317498 24757
39.955718 116.317492 24759
39.955763 116.317480 24761
39.955803 116.317473 24763
39.955843 116.317470 24765
39.955882 116.317465 24767
39.955918 116.317463 24769
39.955955 116.317455 24771
39.955995 116.317438 24773
39.956037 116.317427 24775
39.956078 116.317410 24777
39.956120 116.317400 24779
39.956163 116.317403 24781
39.956207 116.317403 24783
39.956250 116.317405 24785
39.956297 116.317410 24787
39.956342 116.317398 24789
39.956385 116.317385 24791
39.956428 116.317377 24793
39.956473 116.317363 24795
39.956517 116.317357 24797
39.956557 116.317347 24799
39.956598 116.317343 24801
39.956643 116.317337 24803
39.956690 116.317330 24805
39.956738 116.317327 24807
39.956785 116.317325 24809
39.956832 116.317328 24811
39.956878 116.317327 24813
39.956923 116.317323 24815
39.956970 116.317320 24817
39.957018 116.317315 24819
39.957063 116.317305 24821
39.957107 116.317298 24823
39.957150 116.317295 24825
39.957195 116.317282 24827
39.957238 116.317267 24829
39.957283 116.317248 24831
39.957332 116.317232 24833
39.957378 116.317222 24835
39.957425 116.317210 24837
39.957472 116.317200 24839
39.957518 116.317192 24841
39.957567 116.317190 24843
39.957612 116.317182 24845
39.957657 116.317160 24847
39.957703 116.317158 24849
39.957750 116.317137 24851
39.957795 116.317120 24853
39.957845 116.317098 24855
39.957898 116.317100 24857
39.957952 116.317113 24859
39.958003 116.317102 24861
39.958057 116.317112 24863
39.958110 116.317112 24865
39.958160 116.317100 24867
39.958215 116.317092 24869
39.958270 116.317092 24871
39.958325 116.317088 24873
39.958382 116.317085 24875
39.958438 116.317080 24877
39.958497 116.317072 24879
39.958553 116.317068 24881
39.958610 116.317055 24883
39.958668 116.317048 24885
39.958727 116.317048 24887
39.958785 116.317047 24889
39.958842 116.317037 24891
39.958895 116.317032 24893
39.958948 116.317028 24895
39.958998 116.317027 24897
39.959047 116.317032 24899
39.959093 116.317035 24901
39.959138 116.317040 24903
39.959183 116.317043 24905
39.959228 116.317033 24907
39.959275 116.317037 24909
39.959323 116.317062 24911
39.959373 116.317110 24913
39.959423 116.317152 24915
39.959470 116.317165 24917
39.959517 116.317162 24919
39.959562 116.317113 24921
39.959603 116.317057 24923
39.959645 116.317007 24925
39.959690 116.316983 24927
39.959730 116.316942 24929
39.959775 116.316912 24931
39.959818 116.316865 24933
39.959872 116.316907 24935
39.959923 116.316930 24937
39.959972 116.316928 24939
39.960020 116.316928 24941
39.960067 116.316917 24943
39.960115 116.316905 24945
39.960165 116.316900 24947
39.960213 116.316892 24949
39.960262 116.316883 24951
39.960312 116.316877 24953
39.960365 116.316865 24955
39.960420 116.316865 24957
39.960477 116.316865 24959
39.960533 116.316858 24961
39.960588 116.316843 24963
39.960642 116.316835 24965
39.960695 116.316827 24967
39.960745 116.316817 24969
39.960795 116.316810 24971
39.960843 116.316802 24973
39.960890 116.316790 24975
39.960937 116.316780 24977
39.960983 116.316767 24979
39.961032 116.316757 24981
39.961080 116.316747 24983
39.961132 116.316740 24985
39.961182 116.316730 24987
39.961233 116.316725 24989
39.961285 116.316720 24991
39.961338 116.316717 24993
39.961390 116.316713 24995
39.961443 116.316697 24997
39.961498 116.316688 24999
39.961552 116.316683 25001
39.961607 116.316677 25003
39.961660 116.316667 25005
39.961712 116.316658 25007
39.961763 116.316653 25009
39.961815 116.316653 25011
39.961865 116.316642 25013
39.961912 116.316633 25015
39.961960 116.316627 25017
39.962007 116.316612 25019
39.962053 116.316597 25021
39.962102 116.316587 25023
39.962148 116.316583 25025
39.962195 116.316578 25027
39.962238 116.316568 25029
39.962285 116.316562 25031
39.962332 116.316553 25033
39.962378 116.316542 25035
39.962427 116.316528 25037
39.962475 116.316512 25039
39.962525 116.316502 25041
39.962575 116.316490 25043
39.962623 116.316478 25045
39.962670 116.316467 25047
39.962715 116.316463 25049
39.962762 116.316460 25051
39.962810 116.316450 25053
39.962860 116.316445 25055
39.962912 116.316427 25057
39.962960 116.316400 25059
39.963008 116.316378 25061
39.963057 116.316365 25063
39.963103 116.316355 25065
39.963148 116.316343 25067
39.963195 116.316332 25069
39.963242 116.316323 25071
39.963292 116.316318 25073
39.963338 116.316303 25075
39.963385 116.316287 25077
39.963433 116.316283 25079
39.963478 116.316268 25081
39.963520 116.316245 25083
39.963565 116.316220 25085
39.963610 116.316212 25087
39.963657 116.316203 25089
39.963702 116.316192 25091
39.963748 116.316178 25093
39.963793 116.316160 25095
39.963838 116.316135 25097
39.963883 116.316113 25099
39.963930 116.316097 25101
39.963977 116.316075 25103
39.964022 116.316058 25105
39.964067 116.316042 25107
39.964115 116.316037 25109
39.964165 116.316033 25111
39.964213 116.316027 25113
39.964260 116.316013 25115
39.964305 116.316000 25117
39.964350 116.315987 25119
39.964393 116.315967 25121
39.964437 116.315945 25123
39.964478 116.315928 25125
39.964522 116.315920 25127
39.964565 116.315912 25129
39.964607 116.315898 25131
39.964650 116.315888 25133
39.964693 116.315877 25135
39.964735 116.315853 25137
39.964775 116.315822 25139
39.964815 116.315803 25141
39.964857 116.315782 25143
39.964895 116.315770 25145
39.964932 116.315760 25147
39.964983 116.315748 25150
39.965032 116.315738 25153
39.965082 116.315727 25156
39.965117 116.315718 25158
39.965153 116.315702 25160
39.965190 116.315687 25162
39.965225 116.315678 25164
39.965270 116.315660 25167
39.965307 116.315647 25170
