39.984385 116.322612 36453
39.984395 116.322520 36454
39.984402 116.322427 36455
39.984410 116.322330 36456
39.984415 116.322232 36457
39.984422 116.322132 36458
39.984427 116.322033 36459
39.984432 116.321935 36460
39.984433 116.321837 36461
39.984438 116.321735 36462
39.984442 116.321632 36463
39.984442 116.321530 36464
39.984445 116.321437 36465
39.984453 116.321270 36467
39.984452 116.321133 36469
39.984457 116.320995 36471
39.984473 116.320862 36473
39.984518 116.320725 36475
39.984517 116.320573 36477
39.984495 116.320435 36479
39.984472 116.320327 36481
39.984487 116.320228 36485
39.984522 116.320130 36497
39.984512 116.320007 36500
39.984518 116.319882 36502
39.984508 116.319735 36504
39.984498 116.319580 36506
39.984478 116.319427 36508
39.984463 116.319283 36510
39.984455 116.319150 36512
39.984467 116.318997 36514
39.984455 116.318860 36516
39.984445 116.318723 36518
39.984430 116.318588 36520
39.984455 116.318412 36522
39.984460 116.318233 36524
39.984460 116.318138 36525
39.984460 116.318045 36526
39.984460 116.317953 36527
39.984455 116.317778 36529
39.984452 116.317610 36531
39.984447 116.317443 36533
39.984438 116.317267 36535
39.984435 116.317175 36536
39.984430 116.317000 36538
39.984423 116.316835 36540
39.984422 116.316680 36542
39.984420 116.316552 36544
39.984418 116.316433 36546
39.984417 116.316317 36548
39.984413 116.316202 36550
39.984410 116.316093 36552
39.984403 116.315985 36554
39.984400 116.315847 36556
39.984397 116.315705 36558
39.984393 116.315577 36560
39.984392 116.315468 36562
39.984387 116.315370 36564
39.984378 116.315258 36567
39.984345 116.315172 36584
39.984327 116.315062 36587
39.984332 116.314965 36589
39.984307 116.314848 36592
39.984300 116.314738 36594
39.984275 116.314632 36596
39.984272 116.314530 36598
39.984272 116.314430 36600
39.984273 116.314328 36602
39.984288 116.314202 36604
39.984295 116.314072 36606
39.984302 116.313935 36608
39.984297 116.313802 36610
39.984247 116.313695 36612
39.984158 116.313598 36614
39.984182 116.313425 36616
39.984222 116.313312 36617
39.984220 116.313153 36619
39.984223 116.313017 36621
39.984227 116.312890 36623
39.984210 116.312777 36625
39.984228 116.312638 36627
39.984247 116.312518 36629
39.984213 116.312395 36632
39.984200 116.312295 36634
39.984063 116.312180 36637
39.983973 116.312098 36639
39.984008 116.311993 36642
39.984005 116.311902 36644
39.984035 116.311765 36646
39.984078 116.311630 36648
39.984097 116.311508 36650
39.984097 116.311373 36652
39.984083 116.311245 36654
39.984072 116.311123 36656
39.984067 116.311030 36658
39.984062 116.310930 36660
39.984043 116.310828 36662
39.983953 116.310728 36665
39.983893 116.310623 36668
39.983835 116.310477 36671
39.983805 116.310238 36674
39.983745 116.310133 36675
39.983800 116.309927 36676
39.983860 116.309685 36677
39.983860 116.309528 36678
39.983877 116.309358 36679
39.983915 116.309187 36680
39.983947 116.309013 36681
39.983983 116.308830 36682
39.984013 116.308645 36683
39.984050 116.308452 36684
39.984072 116.308258 36685
39.984093 116.308060 36686
39.984125 116.307847 36687
39.984138 116.307643 36688
39.984130 116.307427 36689
39.984145 116.307215 36690
39.984160 116.306995 36691
39.984168 116.306770 36692
39.984172 116.306543 36693
39.984170 116.306323 36694
39.984175 116.306113 36695
39.984175 116.305910 36696
39.984167 116.305715 36697
39.984160 116.305525 36698
39.984153 116.305337 36699
39.984148 116.305147 36700
39.984147 116.304955 36701
39.984148 116.304758 36702
39.984152 116.304558 36703
39.984145 116.304365 36704
39.984145 116.304162 36705
39.984148 116.303952 36706
39.984150 116.303740 36707
39.984152 116.303523 36708
39.984153 116.303303 36709
39.984147 116.303080 36710
39.984148 116.302858 36711
39.984150 116.302637 36712
39.984152 116.302412 36713
39.984150 116.302190 36714
39.984148 116.301965 36715
39.984137 116.301737 36716
39.984132 116.301512 36717
39.984133 116.301287 36718
39.984130 116.301063 36719
39.984125 116.300840 36720
39.984120 116.300622 36721
39.984115 116.300408 36722
39.984108 116.300198 36723
39.984103 116.299990 36724
39.984097 116.299787 36725
39.984093 116.299583 36726
39.984088 116.299383 36727
39.984087 116.299188 36728
39.984083 116.298997 36729
39.984082 116.298808 36730
39.984078 116.298623 36731
39.984075 116.298440 36732
39.984072 116.298257 36733
39.984068 116.298068 36734
39.984063 116.297872 36735
39.984060 116.297667 36736
39.984057 116.297455 36737
39.984055 116.297237 36738
39.984052 116.297015 36739
39.984048 116.296790 36740
39.984043 116.296565 36741
39.984038 116.296338 36742
39.984033 116.296112 36743
39.984025 116.295887 36744
39.984018 116.295660 36745
39.984010 116.295430 36746
39.984003 116.295200 36747
39.984002 116.294968 36748
39.984002 116.294737 36749
39.983998 116.294510 36750
39.983993 116.294287 36751
39.983990 116.294065 36752
39.983987 116.293842 36753
39.983988 116.293625 36754
39.983990 116.293418 36755
39.983992 116.293210 36756
39.983995 116.293000 36757
39.983998 116.292793 36758
39.984003 116.292592 36759
39.984000 116.292400 36760
39.983995 116.292208 36761
39.983977 116.292023 36762
39.983913 116.291878 36763
39.983848 116.291732 36764
39.983788 116.291593 36765
39.983718 116.291480 36766
39.983590 116.291408 36767
39.983488 116.291400 36768
39.983380 116.291380 36769
39.983273 116.291403 36770
39.983170 116.291443 36771
39.983068 116.291497 36772
39.982975 116.291585 36773
39.982890 116.291695 36774
39.982805 116.291820 36775
39.982718 116.291957 36776
39.982637 116.292100 36777
39.982550 116.292250 36778
39.982462 116.292402 36779
39.982373 116.292560 36780
39.982283 116.292722 36781
39.982190 116.292887 36782
39.982097 116.293052 36783
39.982000 116.293218 36784
39.981897 116.293385 36785
39.981793 116.293543 36786
39.981677 116.293687 36787
39.981558 116.293815 36788
39.981430 116.293927 36789
39.981292 116.294025 36790
39.981148 116.294112 36791
39.980998 116.294182 36792
39.980860 116.294228 36793
39.980722 116.294255 36794
39.980585 116.294273 36795
39.980455 116.294288 36796
39.980325 116.294303 36797
39.980197 116.294320 36798
39.980068 116.294335 36799
39.979937 116.294353 36800
39.979808 116.294373 36801
39.979687 116.294393 36802
39.979578 116.294408 36803
39.979470 116.294418 36804
39.979370 116.294420 36805
39.979275 116.294413 36806
39.979183 116.294403 36807
39.979085 116.294400 36808
39.978983 116.294405 36809
39.978873 116.294412 36810
39.978758 116.294423 36811
39.978633 116.294435 36812
39.978503 116.294450 36813
39.978375 116.294463 36814
39.978250 116.294477 36815
39.978127 116.294493 36816
39.978007 116.294507 36817
39.977878 116.294523 36818
39.977750 116.294535 36819
39.977618 116.294543 36820
39.977480 116.294550 36821
39.977345 116.294558 36822
39.977205 116.294565 36823
39.977070 116.294573 36824
39.976937 116.294580 36825
39.976808 116.294588 36826
39.976682 116.294597 36827
39.976562 116.294603 36828
39.976442 116.294607 36829
39.976327 116.294610 36830
39.976212 116.294612 36831
39.976100 116.294615 36832
39.975992 116.294618 36833
39.975887 116.294623 36834
39.975780 116.294630 36835
39.975680 116.294638 36836
39.975583 116.294643 36837
39.975482 116.294650 36838
39.975383 116.294657 36839
39.975292 116.294663 36840
39.975202 116.294668 36841
39.975040 116.294683 36843
39.974913 116.294692 36845
39.974812 116.294695 36847
39.974718 116.294698 36850
39.974615 116.294700 36857
39.974522 116.294713 36860
39.974423 116.294715 36862
39.974328 116.294728 36864
39.974197 116.294750 36866
39.974062 116.294780 36868
39.973918 116.294807 36870
39.973773 116.294827 36872
39.973648 116.294847 36874
39.973538 116.294872 36876
39.973430 116.294882 36878
39.973332 116.294818 36880
39.973300 116.294723 36882
39.973287 116.294623 36884
39.973275 116.294462 36886
39.973263 116.294362 36887
39.973270 116.294262 36888
39.973273 116.294165 36889
39.973273 116.294003 36891
39.973275 116.293890 36893
39.973265 116.293793 36896
39.973243 116.293690 36900
39.973230 116.293568 36903
39.973225 116.293472 36905
39.973233 116.293370 36907
39.973213 116.293277 36909
39.973210 116.293178 36911
39.973205 116.293080 36913
39.973213 116.292953 36915
39.973205 116.292848 36917
39.973190 116.292728 36919
39.973188 116.292598 36921
39.973183 116.292477 36923
39.973167 116.292372 36925
39.973157 116.292258 36927
39.973145 116.292135 36929
39.973120 116.292040 36931
39.973092 116.291945 36933
39.973085 116.291838 36935
39.973080 116.291717 36937
39.973102 116.291578 36939
39.973107 116.291460 36941
39.973102 116.291358 36943
39.973088 116.291262 36945
39.973070 116.291158 36947
39.973057 116.291052 36950
39.973048 116.290940 36953
39.973082 116.290847 36955
39.973070 116.290732 36959
39.973032 116.290617 36962
39.973002 116.290518 36978
39.972980 116.290418 36987
39.972902 116.290335 36997
39.972803 116.290293 36999
39.972652 116.290285 37001
39.972463 116.290292 37003
39.972368 116.290315 37004
39.972245 116.290328 37005
39.972113 116.290345 37006
39.971997 116.290353 37007
39.971868 116.290365 37008
39.971732 116.290372 37009
39.971608 116.290372 37010
39.971480 116.290378 37011
39.971368 116.290372 37012
39.971263 116.290370 37013
39.971152 116.290370 37014
39.971045 116.290367 37015
39.970938 116.290367 37016
39.970837 116.290365 37017
39.970735 116.290367 37018
39.970633 116.290368 37019
39.970527 116.290370 37020
39.970408 116.290373 37021
39.970315 116.290388 37022
39.970188 116.290412 37023
39.970070 116.290423 37024
39.969943 116.290432 37025
39.969823 116.290437 37026
39.969705 116.290437 37027
39.969588 116.290433 37028
39.969458 116.290437 37029
39.969325 116.290440 37030
39.969198 116.290438 37031
39.969065 116.290438 37032
39.968940 116.290437 37033
39.968820 116.290437 37034
39.968707 116.290438 37035
39.968597 116.290445 37036
39.968488 116.290457 37037
39.968387 116.290475 37038
39.968290 116.290497 37039
39.968130 116.290538 37041
39.968020 116.290567 37043
39.967933 116.290592 37047
