39.974443 116.374570 85582
39.974430 116.374673 85586
39.974352 116.374720 85589
39.974215 116.374732 85592
39.974097 116.374740 85594
39.973985 116.374738 85596
39.973887 116.374727 85598
39.973810 116.374663 85600
39.973782 116.374550 85602
39.973777 116.374418 85604
39.973777 116.374260 85606
39.973777 116.374088 85608
39.973778 116.373928 85610
39.973777 116.373782 85612
39.973770 116.373637 85614
39.973762 116.373485 85616
39.973755 116.373335 85618
39.973758 116.373195 85620
39.973763 116.373088 85622
39.973758 116.372967 85625
39.973755 116.372858 85628
39.973722 116.372757 85631
39.973623 116.372717 85634
39.973505 116.372715 85636
39.973355 116.372722 85638
39.973202 116.372722 85640
39.973033 116.372722 85642
39.972862 116.372725 85644
39.972688 116.372732 85646
39.972522 116.372737 85648
39.972357 116.372743 85650
39.972193 116.372745 85652
39.972023 116.372745 85654
39.971843 116.372745 85656
39.971750 116.372745 85657
39.971653 116.372747 85658
39.971558 116.372747 85659
39.971463 116.372745 85660
39.971350 116.372752 85661
39.971247 116.372753 85662
39.971145 116.372753 85663
39.971045 116.372757 85664
39.970948 116.372767 85665
39.970853 116.372775 85666
39.970758 116.372782 85667
39.970667 116.372787 85668
39.970577 116.372792 85669
39.970402 116.372795 85671
39.970223 116.372795 85673
39.970130 116.372795 85674
39.970037 116.372795 85675
39.969943 116.372793 85676
39.969848 116.372790 85677
39.969755 116.372787 85678
39.969660 116.372787 85679
39.969570 116.372785 85680
39.969480 116.372792 85681
39.969298 116.372800 85683
39.969208 116.372805 85684
39.969118 116.372808 85685
39.968955 116.372820 85687
39.968797 116.372822 85689
39.968638 116.372832 85691
39.968468 116.372837 85693
39.968375 116.372838 85694
39.968280 116.372833 85695
39.968188 116.372827 85696
39.968097 116.372817 85697
39.967923 116.372792 85699
39.967765 116.372772 85701
39.967630 116.372762 85703
39.967513 116.372745 85705
39.967433 116.372670 85707
39.967392 116.372545 85709
39.967358 116.372403 85711
39.967323 116.372267 85713
39.967283 116.372132 85715
39.967228 116.371970 85717
39.967197 116.371880 85718
39.967162 116.371788 85719
39.967127 116.371700 85720
39.967068 116.371548 85722
39.967025 116.371443 85724
39.966978 116.371352 85727
39.966950 116.371243 85732
39.966945 116.371153 85735
39.966938 116.371060 85737
39.966932 116.370950 85739
39.966928 116.370827 85741
39.966928 116.370707 85743
39.966925 116.370582 85745
39.966922 116.370417 85747
39.966923 116.370320 85748
39.966922 116.370213 85749
39.966925 116.370107 85750
39.966920 116.369992 85751
39.966917 116.369875 85752
39.966912 116.369752 85753
39.966907 116.369625 85754
39.966900 116.369495 85755
39.966892 116.369362 85756
39.966883 116.369230 85757
39.966877 116.369098 85758
39.966872 116.368970 85759
39.966865 116.368840 85760
39.966860 116.368708 85761
39.966857 116.368568 85762
39.966855 116.368428 85763
39.966852 116.368282 85764
39.966850 116.368137 85765
39.966848 116.367997 85766
39.966845 116.367857 85767
39.966842 116.367720 85768
39.966838 116.367587 85769
39.966835 116.367452 85770
39.966833 116.367317 85771
39.966828 116.367180 85772
39.966825 116.367040 85773
39.966820 116.366898 85774
39.966815 116.366755 85775
39.966810 116.366613 85776
39.966805 116.366477 85777
39.966802 116.366342 85778
39.966798 116.366210 85779
39.966795 116.366083 85780
39.966792 116.365963 85781
39.966790 116.365857 85782
39.966787 116.365763 85783
39.966782 116.365613 85785
39.966780 116.365500 85787
39.966780 116.365393 85851
39.966777 116.365262 85854
39.966772 116.365148 85856
39.966768 116.365040 85858
39.966763 116.364923 85860
39.966758 116.364802 85862
39.966755 116.364710 85864
39.966750 116.364620 85867
39.966747 116.364520 85871
39.966745 116.364417 85906
39.966740 116.364278 85909
39.966733 116.364177 85911
39.966708 116.364080 85913
39.965813 116.363908 85936
39.965692 116.363913 85938
39.965567 116.363922 85940
39.965432 116.363932 85942
39.965280 116.363942 85944
39.965127 116.363952 85946
39.965010 116.363962 85948
39.964903 116.363950 85951
39.964802 116.363902 85954
39.964710 116.363900 85956
39.964600 116.363910 85958
39.964485 116.363922 85960
39.964373 116.363928 85962
39.964262 116.363937 85964
39.964162 116.363940 85966
39.964092 116.363877 85977
39.964070 116.363780 85980
39.964055 116.363645 85983
39.964038 116.363522 85985
39.964018 116.363390 85987
39.964007 116.363270 85989
39.964000 116.363155 85992
39.964000 116.363063 85994
39.964000 116.362928 85996
39.964008 116.362797 85998
39.964007 116.362682 86000
39.964000 116.362572 86002
39.963997 116.362453 86005
39.963987 116.362360 86011
39.963982 116.362260 86016
39.963972 116.362170 86032
39.963967 116.362067 86040
39.963962 116.361972 86043
39.963897 116.361902 86065
39.963802 116.361885 86078
39.963708 116.361912 86083
39.963663 116.361823 86092
39.963672 116.361713 86097
39.963657 116.361618 86101
39.963642 116.361497 86104
39.963645 116.361385 86106
39.963648 116.361273 86108
39.963650 116.361177 86111
39.963645 116.361067 86114
39.963647 116.360963 86116
39.963647 116.360872 86118
39.963638 116.360772 86120
39.963632 116.360655 86122
39.963627 116.360532 86124
39.963627 116.360435 86127
39.963627 116.360342 86131
39.963620 116.360248 86139
39.963623 116.360158 86142
39.963613 116.360038 86147
39.963563 116.359955 86150
39.963445 116.359932 86154
39.963325 116.359945 86157
39.963195 116.359967 86160
39.963065 116.359977 86163
39.962932 116.359993 86166
39.962840 116.360012 86168
39.962713 116.360013 86171
39.962608 116.360008 86174
39.962513 116.360015 86177
39.962408 116.360025 86180
