39.982658 116.376958 33173
39.982743 116.377033 33177
39.982795 116.377203 33181
39.982801 116.377272 33182
39.982807 116.377341 33183
39.982820 116.377478 33185
39.982862 116.377595 33188
39.982890 116.377673 33190
39.982940 116.377693 33192
39.982990 116.377713 33194
39.983168 116.377727 33198
39.983213 116.377730 33199
39.983254 116.377764 33200
39.983296 116.377799 33201
39.983379 116.377868 33203
39.983420 116.377902 33204
39.983454 116.377949 33205
39.983488 116.377996 33206
39.983523 116.378043 33207
39.983557 116.378090 33208
39.983637 116.378192 33211
39.983694 116.378235 33214
39.983713 116.378250 33215
39.983623 116.378248 33263
39.983572 116.378170 33267
39.983518 116.378088 33270
39.983455 116.377998 33273
39.983380 116.377900 33276
39.983302 116.377837 33279
39.983102 116.377800 33284
39.982985 116.377797 33287
39.982952 116.377799 33288
39.982887 116.377803 33290
39.982773 116.377753 33294
39.982778 116.377687 33295
39.982783 116.377622 33296
39.982788 116.377556 33297
39.982798 116.377425 33299
39.982792 116.377190 33304
39.982748 116.377107 33310
39.982691 116.377086 33313
39.982672 116.377079 33314
39.982653 116.377072 33315
39.982458 116.377047 33319
39.982345 116.377049 33321
39.982232 116.377052 33323
39.982027 116.377113 33328
39.981978 116.377114 33329
39.981881 116.377116 33331
39.981832 116.377117 33332
39.981637 116.377093 33336
39.981430 116.377128 33341
39.981302 116.377152 33344
39.981187 116.377157 33348
39.981141 116.377152 33350
39.981095 116.377147 33352
39.981003 116.377147 33358
39.980917 116.377268 33362
39.980906 116.377320 33363
39.980872 116.377475 33366
39.980925 116.377928 33371
39.980958 116.378460 33376
39.980974 116.378910 33380
39.980978 116.379022 33381
39.980992 116.379565 33386
39.981003 116.380053 33391
39.980998 116.380325 33395
39.980990 116.380435 33398
39.980947 116.380520 33401
39.980936 116.380589 33404
39.980932 116.380612 33405
39.980935 116.380662 33412
39.980937 116.380712 33419
39.980939 116.380726 33423
39.980951 116.380798 33444
39.980957 116.380833 33454
39.980980 116.381100 33458
39.980989 116.381178 33459
39.981018 116.381413 33462
39.981059 116.381464 33463
39.981101 116.381515 33464
39.981183 116.381617 33466
39.981246 116.381631 33467
39.981437 116.381675 33470
39.981912 116.381620 33475
39.982440 116.381578 33480
39.982788 116.381548 33483
39.983020 116.381528 33485
39.983575 116.381497 33490
39.983684 116.381494 33491
39.984009 116.381483 33494
39.984118 116.381480 33495
39.984596 116.381468 33499
39.984715 116.381465 33500
39.985345 116.381445 33505
39.986015 116.381422 33510
39.986725 116.381390 33515
39.986866 116.381387 33516
39.987430 116.381375 33520
39.988155 116.381373 33525
39.988947 116.381317 33530
39.989670 116.381288 33535
39.990230 116.381260 33539
39.990370 116.381253 33540
39.991038 116.381212 33545
39.991693 116.381167 33550
39.991798 116.381147 33551
39.992217 116.381068 33555
39.992318 116.381117 33558
39.992420 116.381097 33596
39.992525 116.381093 33601
39.992618 116.381087 33606
39.992708 116.381070 33612
39.992695 116.380953 33616
39.992460 116.380877 33621
39.991993 116.380772 33626
39.991667 116.380841 33629
39.991450 116.380887 33631
39.990728 116.380875 33636
39.989970 116.380893 33641
39.989809 116.380900 33642
39.989488 116.380915 33644
39.989167 116.380930 33646
39.988875 116.380879 33648
39.988584 116.380828 33650
39.988438 116.380802 33651
39.987733 116.380800 33656
39.987137 116.380815 33661
39.986750 116.380842 33665
39.986475 116.380492 33670
39.986468 116.380350 33671
39.986449 116.379924 33674
39.986442 116.379782 33675
39.986442 116.378952 33680
39.986435 116.378137 33685
39.986421 116.377541 33689
39.986417 116.377392 33690
39.986409 116.377085 33692
39.986398 116.376625 33695
39.986390 116.376290 33697
39.986378 116.375788 33700
39.986358 116.374935 33705
39.986342 116.374075 33710
39.986318 116.373223 33715
39.986295 116.372353 33720
39.986286 116.371991 33722
39.986281 116.371809 33723
39.986277 116.371628 33724
39.986272 116.371447 33725
39.986247 116.370430 33730
39.986220 116.369357 33735
39.986190 116.368300 33740
39.986162 116.367257 33745
39.986145 116.366649 33748
39.986133 116.366243 33750
39.986112 116.365318 33755
39.986090 116.364440 33760
39.986065 116.363528 33765
39.986037 116.362583 33770
