39.985093 116.332342 26921
39.985085 116.331985 26925
39.985068 116.331755 26929
39.985068 116.331325 26934
39.985061 116.331171 26936
39.985053 116.331017 26938
39.985038 116.330748 26942
39.985036 116.330710 26943
39.985035 116.330671 26944
39.985033 116.330633 26945
39.985027 116.330517 26968
39.985020 116.330393 26971
39.985015 116.330290 26974
39.985014 116.330278 26977
39.985008 116.330185 27001
39.985002 116.330065 27004
39.984993 116.329938 27007
39.984988 116.329827 27010
39.984987 116.329802 27011
39.984986 116.329752 27013
39.984985 116.329727 27014
39.984978 116.329610 27018
39.984973 116.329505 27021
39.984967 116.329403 27024
39.984965 116.329365 27025
39.984962 116.329288 27027
39.984947 116.329042 27032
39.984937 116.328815 27036
39.984925 116.328587 27040
39.984922 116.328536 27041
39.984919 116.328486 27042
39.984913 116.328385 27044
39.984907 116.328258 27047
39.984898 116.328040 27052
39.984894 116.327959 27054
39.984892 116.327918 27055
39.984887 116.327802 27058
39.984884 116.327721 27060
39.984882 116.327680 27061
39.984880 116.327638 27062
39.984873 116.327470 27066
39.984872 116.327252 27070
39.984870 116.327077 27074
39.984870 116.327033 27075
39.984898 116.327036 27078
39.984962 116.327042 27085
39.984968 116.327133 27092
39.984963 116.327212 27098
39.984962 116.327225 27099
39.984957 116.327123 27113
39.984955 116.327027 27119
39.984880 116.326573 27123
39.984847 116.326266 27126
39.984836 116.326164 27127
39.984825 116.326062 27128
39.984807 116.325565 27133
39.984798 116.325329 27136
39.984795 116.325250 27137
39.984790 116.325142 27139
39.984788 116.325020 27155
39.984780 116.324816 27158
39.984778 116.324748 27159
39.984775 116.324650 27160
39.984762 116.324260 27164
39.984745 116.323720 27169
39.984738 116.323505 27171
39.984734 116.323397 27172
39.984727 116.323182 27174
39.984722 116.323061 27175
39.984702 116.322577 27179
39.984695 116.322297 27183
39.984693 116.322227 27184
39.984693 116.322132 27196
39.984690 116.322042 27199
39.984689 116.322004 27200
39.984689 116.321965 27201
39.984687 116.321850 27204
39.984677 116.321575 27208
39.984665 116.321240 27213
39.984673 116.321157 27214
39.984689 116.320993 27216
39.984697 116.320910 27217
39.984645 116.320453 27222
39.984628 116.320212 27224
39.984619 116.320091 27225
39.984611 116.319971 27226
39.984602 116.319850 27227
39.984590 116.319488 27231
39.984587 116.319397 27232
39.984582 116.319283 27254
39.984575 116.319105 27257
39.984572 116.319045 27258
39.984557 116.318562 27263
39.984535 116.317898 27268
39.984512 116.317118 27273
39.984508 116.316972 27274
39.984503 116.316826 27275
39.984499 116.316680 27276
39.984494 116.316534 27277
39.984490 116.316388 27278
39.984483 116.315992 27283
39.984478 116.315760 27287
39.984476 116.315706 27288
39.984472 116.315543 27291
39.984462 116.315328 27295
39.984455 116.315077 27299
39.984445 116.314698 27303
39.984442 116.314603 27304
39.984430 116.314137 27309
39.984438 116.314032 27312
39.984418 116.313922 27318
39.984434 116.313854 27319
39.984466 116.313718 27321
39.984498 116.313582 27323
39.984460 116.313357 27326
39.984448 116.313282 27327
39.984428 116.312988 27331
39.984408 116.312580 27336
39.984453 116.312153 27341
39.984434 116.312013 27343
39.984405 116.311803 27346
39.984392 116.311736 27348
39.984385 116.311702 27349
39.984373 116.311593 27353
39.984370 116.311305 27357
39.984348 116.310957 27361
39.984336 116.310806 27363
39.984323 116.310655 27365
39.984320 116.310212 27370
39.984278 116.309750 27375
39.984276 116.309676 27376
39.984272 116.309529 27378
39.984270 116.309455 27379
39.984267 116.309331 27381
39.984263 116.309207 27383
39.984265 116.308978 27387
39.984257 116.308707 27391
39.984250 116.308492 27395
39.984248 116.308422 27396
39.984240 116.308212 27399
39.984232 116.307920 27403
39.984223 116.307642 27407
39.984217 116.307370 27411
39.984212 116.307150 27416
39.984207 116.306952 27421
39.984201 116.306800 27423
39.984195 116.306648 27425
39.984187 116.306398 27428
39.984185 116.306315 27429
39.984178 116.306033 27433
39.984172 116.305630 27438
39.984163 116.305348 27442
39.984157 116.305176 27446
39.984155 116.305133 27447
39.984150 116.305025 27450
39.984148 116.304900 27453
39.984143 116.304660 27458
39.984134 116.304550 27460
39.984125 116.304440 27462
39.984122 116.304200 27466
39.984125 116.304066 27468
39.984128 116.303932 27470
39.984117 116.303438 27475
39.984116 116.303305 27476
39.984110 116.302775 27480
39.984105 116.302611 27481
39.984092 116.302117 27484
39.984087 116.301953 27485
39.984053 116.301045 27490
39.984032 116.300150 27495
39.984027 116.299971 27496
39.984008 116.299253 27500
39.983999 116.299076 27501
39.983962 116.298368 27505
39.983915 116.297443 27510
39.983893 116.296450 27515
39.983873 116.295443 27520
39.983872 116.295230 27521
