39.896113 116.342948 23756
39.895768 116.342688 23759
39.895538 116.342515 23761
39.894832 116.342317 23766
39.894220 116.342322 23770
39.894067 116.342323 23771
39.893930 116.342325 23772
39.893655 116.342329 23774
39.893517 116.342331 23775
39.893380 116.342333 23776
39.893016 116.342340 23779
39.892894 116.342343 23780
39.892773 116.342345 23781
39.892292 116.342363 23785
39.892172 116.342367 23786
39.891597 116.342392 23791
39.891490 116.342395 23792
39.891383 116.342397 23793
39.891063 116.342405 23796
39.890493 116.342410 23801
39.889888 116.342413 23806
39.889245 116.342427 23811
39.888543 116.342433 23816
39.887830 116.342460 23821
39.887140 116.342473 23826
39.886771 116.342480 23829
39.886648 116.342483 23830
39.886525 116.342485 23831
39.886164 116.342487 23834
39.886043 116.342487 23835
39.885923 116.342488 23836
39.885287 116.342492 23841
39.884747 116.342497 23845
39.884612 116.342498 23846
39.883955 116.342500 23851
39.883320 116.342503 23856
39.883057 116.342506 23858
39.882663 116.342510 23861
39.882005 116.342512 23866
39.881878 116.342516 23867
39.881368 116.342532 23871
39.880989 116.342556 23874
39.880863 116.342564 23875
39.880737 116.342572 23876
39.880474 116.342587 23878
39.880080 116.342610 23881
39.879398 116.342638 23886
39.878984 116.342669 23889
39.878708 116.342690 23891
39.878430 116.342713 23893
39.878012 116.342748 23896
39.877305 116.342797 23901
39.876617 116.342858 23906
39.876061 116.342916 23910
39.875922 116.342930 23911
39.875190 116.343002 23916
39.874442 116.343032 23921
39.873678 116.342963 23926
39.872933 116.342853 23931
39.872112 116.342743 23936
39.871253 116.342633 23941
39.870523 116.342523 23945
39.870340 116.342495 23946
39.869422 116.342388 23951
39.869087 116.342366 23953
39.868585 116.342333 23956
39.867768 116.342267 23961
39.867053 116.342238 23966
39.866427 116.342183 23971
39.866142 116.342161 23974
39.865952 116.342147 23976
39.865493 116.342105 23981
39.865386 116.342093 23982
39.864958 116.342043 23986
39.864611 116.342005 23989
39.864380 116.341980 23991
39.864253 116.341966 23992
39.864127 116.341953 23993
39.863747 116.341912 23996
39.863055 116.341833 24001
39.862327 116.341750 24006
39.861622 116.341663 24011
39.860923 116.341585 24016
39.860451 116.341539 24020
39.860333 116.341527 24021
39.859969 116.341487 24024
39.859727 116.341460 24026
39.859167 116.341393 24031
39.858653 116.341333 24035
39.858525 116.341318 24036
39.857827 116.341240 24041
39.857137 116.341160 24046
39.857006 116.341143 24047
39.856875 116.341125 24048
39.856613 116.341090 24050
39.856482 116.341073 24051
39.855843 116.340987 24056
39.855464 116.340940 24059
39.855212 116.340908 24061
39.854673 116.340851 24065
39.854538 116.340837 24066
39.854394 116.340822 24067
39.853964 116.340775 24070
39.853820 116.340760 24071
39.853543 116.340727 24073
39.853128 116.340678 24076
39.852453 116.340622 24081
39.851817 116.340523 24086
39.851203 116.340442 24091
39.850633 116.340377 24096
39.850453 116.340357 24098
39.850272 116.340337 24100
39.849832 116.340283 24105
39.849620 116.340252 24107
39.849302 116.340205 24110
39.849052 116.340174 24112
39.848678 116.340127 24115
39.848022 116.340047 24120
39.847393 116.339967 24125
39.847139 116.339935 24127
39.846884 116.339904 24129
39.846757 116.339888 24130
39.846092 116.339812 24135
39.845463 116.339742 24140
39.844908 116.339693 24145
39.844347 116.339653 24150
39.844133 116.339641 24152
39.843813 116.339623 24155
39.843153 116.339592 24160
39.842337 116.339568 24165
39.841523 116.339575 24170
39.840762 116.339578 24175
39.840007 116.339582 24180
39.839235 116.339587 24185
39.838865 116.339589 24188
39.838618 116.339590 24190
39.838512 116.339590 24191
39.838088 116.339592 24195
39.837618 116.339590 24200
39.837513 116.339587 24201
39.837197 116.339580 24204
39.837092 116.339577 24205
39.836423 116.339542 24210
39.836268 116.339543 24211
39.835648 116.339547 24215
39.834747 116.339550 24220
39.833929 116.339538 24224
39.833725 116.339535 24225
39.832617 116.339520 24230
39.832154 116.339510 24232
39.831460 116.339495 24235
39.830282 116.339508 24240
39.829058 116.339537 24245
39.828820 116.339540 24246
39.828582 116.339542 24247
39.827868 116.339550 24250
39.826727 116.339543 24255
39.825652 116.339472 24260
39.824673 116.339370 24265
39.823931 116.339276 24269
39.823745 116.339253 24270
39.822878 116.339123 24275
39.822043 116.339000 24280
39.821212 116.338870 24285
39.820403 116.338760 24290
39.819612 116.338677 24295
39.818872 116.338620 24300
39.818095 116.338562 24305
39.817774 116.338568 24307
39.817292 116.338577 24310
39.816462 116.338620 24315
39.816295 116.338625 24316
39.815628 116.338645 24320
39.814700 116.338670 24325
39.813828 116.338708 24330
39.813015 116.338748 24335
39.812215 116.338792 24340
39.811739 116.338818 24343
39.811422 116.338835 24345
39.810677 116.338882 24350
39.810085 116.338918 24354
39.809937 116.338927 24355
39.809793 116.338935 24356
