39.966028 116.409838 5007
39.965977 116.409758 5114
39.965941 116.409714 5119
39.965934 116.409706 5120
39.965920 116.409688 5122
39.965871 116.409658 5130
39.965828 116.409632 5137
39.965764 116.409623 5138
39.965636 116.409606 5140
39.965572 116.409598 5141
39.965532 116.409622 5142
39.965452 116.409670 5144
39.965360 116.409696 5146
39.965223 116.409735 5149
39.965008 116.409745 5155
39.964805 116.409878 5160
39.964775 116.409915 5161
39.964715 116.409990 5163
39.964685 116.410028 5164
39.964487 116.410185 5168
39.964397 116.410266 5170
39.964307 116.410347 5172
39.964102 116.410530 5176
39.963947 116.410670 5179
39.963895 116.410717 5180
39.963722 116.410958 5184
39.963610 116.411173 5188
39.963497 116.411348 5193
39.963457 116.411430 5196
39.963497 116.411518 5214
39.963370 116.411693 5219
39.963277 116.411757 5221
39.963135 116.411752 5225
39.962882 116.411768 5229
39.962857 116.411771 5230
39.962832 116.411774 5231
39.962782 116.411780 5233
39.962663 116.411780 5266
39.962445 116.411769 5269
39.962372 116.411765 5270
39.961889 116.411779 5274
39.961768 116.411783 5275
39.961356 116.411802 5279
39.961253 116.411807 5280
39.960772 116.411842 5285
39.960302 116.411880 5290
39.959823 116.411907 5295
39.959225 116.411922 5300
39.959091 116.411933 5301
39.958555 116.411978 5305
39.957935 116.412023 5310
39.957392 116.412068 5315
39.956898 116.412103 5320
39.956744 116.412101 5322
39.956590 116.412098 5324
39.956293 116.412128 5328
39.956277 116.412130 5332
39.956259 116.412134 5338
39.956173 116.412153 5366
39.955930 116.412233 5370
39.955625 116.412275 5374
39.955373 116.412285 5377
39.955205 116.412292 5379
39.954700 116.412322 5384
39.954345 116.412342 5388
39.954007 116.412358 5392
39.953868 116.412366 5394
39.953728 116.412375 5396
39.953627 116.412382 5398
39.953525 116.412390 5403
39.953430 116.412395 5457
39.953396 116.412399 5458
39.953361 116.412404 5459
39.953327 116.412408 5460
39.953123 116.412427 5464
39.953072 116.412432 5465
39.952795 116.412468 5469
39.952355 116.412508 5474
39.951833 116.412545 5479
39.951243 116.412582 5484
39.950833 116.412584 5488
39.950730 116.412585 5489
39.950278 116.412333 5494
39.950227 116.412243 5495
39.950022 116.411882 5499
39.949925 116.411287 5504
39.949877 116.410713 5509
39.949843 116.410627 5510
39.949707 116.410285 5514
39.949508 116.410083 5517
39.949442 116.410015 5518
39.949289 116.409948 5520
39.949137 116.409880 5522
39.949074 116.409875 5523
39.948885 116.409862 5526
39.948851 116.409862 5527
39.948782 116.409862 5529
39.948750 116.409862 5530
39.948685 116.409862 5532
39.948600 116.409862 5537
39.948583 116.409862 5538
39.948483 116.409870 5543
39.948456 116.409873 5545
39.948390 116.409880 5550
39.948366 116.409880 5552
39.948307 116.409878 5557
39.948295 116.409878 5558
39.948263 116.409867 5560
39.948248 116.409862 5561
39.948200 116.409845 5564
39.948147 116.409607 5569
39.948135 116.409127 5574
39.948109 116.408565 5578
39.948103 116.408425 5579
39.948068 116.407507 5584
39.948093 116.406532 5589
39.948127 116.405723 5594
39.948093 116.405395 5597
39.948070 116.405177 5599
39.947995 116.404520 5604
