40.058127 116.403269 55193
40.058127 116.403250 55198
40.058139 116.403249 55203
40.058139 116.403241 55208
40.058117 116.403235 55213
40.058109 116.403229 55217
40.058107 116.403228 55218
40.058104 116.403231 55223
40.058105 116.403228 55227
40.058105 116.403227 55228
40.058104 116.403191 55233
40.058107 116.403170 55238
40.058120 116.403202 55243
40.058136 116.403213 55248
40.058153 116.403222 55253
40.058163 116.403204 55257
40.058165 116.403200 55258
40.058176 116.403267 55263
40.058195 116.403305 55268
40.058198 116.403315 55269
40.058200 116.403325 55270
40.058208 116.403355 55273
40.058210 116.403401 55275
40.058212 116.403470 55278
40.058187 116.403578 55283
40.058139 116.403695 55288
40.058111 116.403708 55293
40.058109 116.403704 55294
40.058100 116.403688 55298
40.058109 116.403686 55303
40.058110 116.403682 55306
40.058111 116.403680 55308
40.058157 116.403672 55313
40.058156 116.403686 55315
40.058155 116.403700 55317
40.058155 116.403707 55318
40.058142 116.403737 55323
40.058127 116.403718 55328
40.058118 116.403701 55333
40.058116 116.403708 55334
40.058109 116.403730 55337
40.058107 116.403737 55338
40.058112 116.403685 55343
40.058109 116.403603 55348
40.058103 116.403592 55349
40.058079 116.403550 55353
40.058043 116.403496 55358
40.058012 116.403441 55363
40.057987 116.403351 55368
40.057986 116.403344 55369
40.057985 116.403338 55370
40.057982 116.403318 55373
40.058041 116.403335 55378
40.058066 116.403352 55384
40.058082 116.403364 55388
40.058082 116.403362 55389
40.058081 116.403358 55391
40.058081 116.403356 55392
40.058081 116.403354 55393
40.058076 116.403337 55398
40.058077 116.403335 55399
40.058081 116.403327 55403
40.058094 116.403271 55408
40.058091 116.403283 55413
40.058099 116.403284 55418
40.058144 116.403265 55423
40.058220 116.403214 55428
40.058262 116.403219 55433
40.058284 116.403219 55438
40.058310 116.403222 55443
40.058309 116.403213 55447
40.058309 116.403211 55448
40.058331 116.403199 55453
40.058335 116.403197 55456
40.058336 116.403197 55457
40.058337 116.403196 55458
40.058345 116.403193 55461
40.058350 116.403191 55463
40.058370 116.403159 55468
40.058382 116.403156 55473
40.058384 116.403153 55476
40.058386 116.403151 55478
40.058390 116.403156 55483
40.058305 116.403490 55488
40.058224 116.403733 55493
40.058163 116.403889 55498
40.058137 116.403942 55501
40.058120 116.403978 55503
40.058088 116.404059 55508
40.058084 116.404098 55513
40.058072 116.404117 55518
40.058065 116.404117 55523
40.058066 116.404146 55528
40.058050 116.404190 55533
40.058046 116.404201 55534
40.058028 116.404245 55538
40.058023 116.404237 55541
40.058020 116.404231 55543
40.058016 116.404227 55548
40.058016 116.404223 55549
40.058014 116.404206 55553
40.058013 116.404195 55558
40.058012 116.404195 55559
40.058010 116.404195 55563
40.058011 116.404197 55568
40.058012 116.404241 55573
40.058011 116.404256 55574
40.058007 116.404315 55578
40.057992 116.404360 55583
40.057955 116.404378 55588
40.057947 116.404375 55589
40.057939 116.404373 55590
40.057922 116.404368 55592
40.057914 116.404365 55593
40.057920 116.404326 55598
40.057921 116.404326 55599
40.057924 116.404324 55603
40.057962 116.404305 55608
40.057984 116.404265 55613
40.057979 116.404249 55618
40.057985 116.404240 55621
40.057989 116.404234 55623
40.057989 116.404236 55624
40.057987 116.404243 55628
40.057991 116.404237 55633
40.057999 116.404234 55638
40.058009 116.404231 55643
40.058001 116.404248 55644
40.057985 116.404281 55646
40.057977 116.404297 55647
40.057969 116.404314 55648
40.057931 116.404379 55653
40.057924 116.404389 55654
40.057918 116.404399 55655
40.057898 116.404428 55658
40.057898 116.404447 55663
40.057906 116.404441 55667
40.057908 116.404439 55668
40.057914 116.404441 55673
40.057921 116.404445 55678
40.057919 116.404491 55683
40.057916 116.404487 55688
40.057916 116.404486 55689
40.057916 116.404486 55690
40.057916 116.404485 55691
40.057916 116.404484 55693
40.057916 116.404484 55695
40.057915 116.404485 55696
40.057915 116.404485 55698
40.057912 116.404508 55703
40.057924 116.404471 55708
40.057940 116.404417 55712
40.057944 116.404403 55713
40.057956 116.404359 55718
40.057945 116.404374 55723
40.057944 116.404388 55724
40.057942 116.404416 55726
40.057941 116.404430 55727
40.057940 116.404444 55728
40.057938 116.404446 55730
40.057936 116.404447 55732
40.057935 116.404448 55733
40.057935 116.404454 55738
40.057936 116.404453 55740
40.057937 116.404451 55743
40.057939 116.404436 55745
40.057942 116.404413 55748
40.057962 116.404382 55753
40.057964 116.404343 55757
40.057965 116.404333 55758
40.057967 116.404311 55763
40.057973 116.404289 55768
40.057966 116.404283 55773
40.057972 116.404274 55778
40.057972 116.404274 55779
40.057973 116.404273 55780
40.057974 116.404272 55782
40.057974 116.404272 55783
40.057964 116.404291 55788
40.057956 116.404301 55793
