40.039447 116.325391 4775
40.039445 116.325348 4780
40.039457 116.325347 4785
40.039477 116.325374 4788
40.039483 116.325383 4789
40.039490 116.325392 4790
40.039539 116.325400 4795
40.039566 116.325378 4800
40.039548 116.325396 4804
40.039544 116.325400 4805
40.039515 116.325405 4806
40.039399 116.325427 4810
40.039356 116.325446 4813
40.039341 116.325452 4814
40.039327 116.325458 4815
40.039327 116.325458 4817
40.039328 116.325459 4820
40.039328 116.325461 4821
40.039326 116.325467 4825
40.039345 116.325456 4830
40.039362 116.325440 4835
40.039333 116.325437 4840
40.039311 116.325401 4845
40.039278 116.325395 4850
40.039178 116.325433 4854
40.039153 116.325442 4855
40.038978 116.325490 4860
40.038901 116.325495 4864
40.038882 116.325496 4865
40.038854 116.325500 4869
40.038847 116.325501 4870
40.038806 116.325520 4875
40.038796 116.325522 4877
40.038780 116.325525 4880
40.038760 116.325538 4885
40.038751 116.325529 4890
40.038753 116.325529 4893
40.038755 116.325529 4895
40.038754 116.325530 4900
40.038764 116.325532 4905
40.038793 116.325536 4908
40.038812 116.325538 4910
40.038858 116.325533 4915
40.038933 116.325515 4920
40.038993 116.325486 4925
40.039039 116.325484 4930
40.039092 116.325468 4934
40.039105 116.325464 4935
40.039149 116.325469 4940
40.039164 116.325591 4945
40.039150 116.325768 4950
40.039139 116.325899 4953
40.039132 116.325986 4955
40.039129 116.326032 4956
40.039122 116.326170 4959
40.039119 116.326216 4960
40.039118 116.326351 4963
40.039117 116.326441 4965
40.039110 116.326711 4970
40.039120 116.326759 4971
40.039149 116.326904 4974
40.039159 116.326952 4975
40.039079 116.327157 4980
40.038965 116.327247 4983
40.038889 116.327307 4985
40.038621 116.327505 4990
40.038507 116.327591 4992
40.038392 116.327676 4994
40.038335 116.327719 4995
40.038060 116.327915 5000
40.038003 116.327957 5001
40.037774 116.328124 5005
40.037719 116.328162 5006
40.037497 116.328315 5010
40.037451 116.328354 5011
40.037269 116.328511 5015
40.037053 116.328681 5020
40.036819 116.328892 5025
40.036576 116.329092 5030
40.036523 116.329133 5031
40.036471 116.329175 5032
40.036418 116.329216 5033
40.036313 116.329299 5035
40.036138 116.329451 5039
40.036094 116.329489 5040
40.035956 116.329617 5045
40.035880 116.329682 5050
40.035879 116.329697 5055
40.035880 116.329696 5060
40.035880 116.329696 5065
40.035880 116.329696 5067
40.035881 116.329695 5070
40.035880 116.329696 5075
40.035864 116.329709 5076
40.035800 116.329761 5080
40.035688 116.329859 5085
40.035653 116.329876 5090
40.035650 116.329879 5095
40.035649 116.329880 5100
40.035649 116.329880 5102
40.035650 116.329879 5105
40.035650 116.329879 5107
40.035651 116.329879 5109
40.035651 116.329879 5110
40.035651 116.329879 5112
40.035651 116.329879 5115
40.035652 116.329879 5120
40.035652 116.329879 5121
40.035652 116.329879 5122
40.035652 116.329879 5123
40.035652 116.329879 5125
40.035651 116.329880 5130
40.035651 116.329881 5135
40.035651 116.329881 5140
40.035650 116.329882 5145
40.035650 116.329882 5150
40.035650 116.329883 5155
40.035650 116.329883 5158
40.035650 116.329883 5160
40.035650 116.329883 5165
40.035650 116.329884 5170
40.035594 116.329982 5175
40.035548 116.330247 5180
40.035633 116.330519 5184
40.035654 116.330587 5185
40.035825 116.330956 5190
40.035952 116.331284 5195
40.036056 116.331632 5200
40.036180 116.331961 5205
40.036333 116.332268 5210
40.036361 116.332336 5211
40.036471 116.332606 5215
40.036623 116.332979 5220
40.036777 116.333361 5225
40.036844 116.333566 5228
40.036888 116.333703 5230
40.036905 116.333757 5231
40.036971 116.333972 5235
40.037059 116.334205 5240
40.037106 116.334381 5244
40.037118 116.334425 5245
40.037112 116.334563 5249
40.037110 116.334598 5250
40.037068 116.334810 5255
40.037060 116.334855 5256
40.037052 116.334900 5257
40.037045 116.334946 5258
40.037029 116.335036 5260
40.037000 116.335163 5265
40.036984 116.335203 5270
40.036979 116.335220 5275
40.036971 116.335237 5280
40.036961 116.335251 5285
40.036950 116.335267 5290
40.036948 116.335270 5291
40.036940 116.335282 5295
40.036934 116.335297 5296
40.036909 116.335356 5300
40.036850 116.335433 5305
40.036822 116.335460 5307
40.036780 116.335500 5310
40.036683 116.335585 5315
40.036532 116.335714 5320
40.036490 116.335747 5321
40.036447 116.335779 5322
40.036320 116.335877 5325
40.036121 116.336035 5330
40.035950 116.336171 5335
40.035796 116.336281 5339
40.035757 116.336308 5340
40.035491 116.336515 5345
40.035203 116.336732 5350
40.035139 116.336779 5351
40.035012 116.336874 5353
40.034885 116.336969 5355
40.034820 116.337007 5356
40.034560 116.337158 5360
40.034218 116.337350 5365
40.033824 116.337583 5370
40.033505 116.337770 5374
40.033425 116.337817 5375
