39.947942 116.411611 42438
39.947920 116.410746 42443
39.947894 116.409903 42448
39.947872 116.409341 42451
39.947865 116.409154 42452
39.947858 116.408967 42453
39.947823 116.407968 42458
39.947792 116.406944 42463
39.947762 116.406123 42467
39.947754 116.405918 42468
39.947746 116.405718 42469
39.947714 116.404917 42473
39.947689 116.404301 42476
39.947681 116.404096 42477
39.947673 116.403891 42478
39.947668 116.403475 42480
39.947660 116.402852 42483
39.947656 116.402651 42484
39.947638 116.401845 42488
39.947612 116.400897 42493
39.947631 116.400047 42498
39.947657 116.399347 42503
39.947672 116.398618 42508
39.947671 116.397752 42513
39.947678 116.397028 42517
39.947680 116.396847 42518
39.947688 116.395943 42523
39.947677 116.395190 42527
39.947674 116.395002 42528
39.947660 116.394347 42532
39.947656 116.394183 42533
39.947650 116.393293 42538
39.947642 116.392898 42540
39.947630 116.392305 42543
39.947613 116.391285 42548
39.947599 116.390250 42553
39.947590 116.389568 42556
39.947584 116.389113 42558
39.947563 116.387865 42563
39.947546 116.386658 42568
39.947538 116.385955 42571
39.947532 116.385486 42573
39.947530 116.384406 42578
39.947533 116.383476 42583
39.947530 116.382546 42588
39.947523 116.381545 42593
39.947517 116.380699 42597
39.947516 116.380488 42598
39.947521 116.379405 42603
39.947513 116.378322 42608
39.947518 116.377250 42613
39.947511 116.376607 42616
39.947507 116.376179 42618
39.947504 116.375971 42619
39.947497 116.375349 42622
39.947494 116.375141 42623
39.947482 116.374545 42626
39.947474 116.374147 42628
39.947436 116.373108 42633
39.947433 116.372899 42634
39.947426 116.372271 42637
39.947423 116.372062 42638
39.947436 116.371109 42643
39.947438 116.370535 42646
39.947440 116.370153 42648
39.947430 116.369162 42653
39.947415 116.368773 42655
39.947400 116.368384 42657
39.947393 116.368190 42658
39.947337 116.367253 42663
39.947329 116.367061 42664
39.947296 116.366294 42668
39.947281 116.366103 42669
39.947220 116.365341 42673
39.947191 116.365162 42674
39.947076 116.364447 42678
39.946826 116.363563 42683
39.946506 116.362671 42688
39.946163 116.361847 42693
39.946093 116.361684 42694
39.946024 116.361521 42695
39.945954 116.361359 42696
39.945815 116.361033 42698
39.945532 116.360367 42702
39.945461 116.360200 42703
39.945127 116.359386 42708
39.944860 116.358617 42713
39.944615 116.357741 42718
39.944339 116.356751 42723
39.944064 116.355670 42728
39.943940 116.355203 42730
39.943755 116.354503 42733
39.943473 116.353441 42738
39.943430 116.353247 42739
39.943257 116.352473 42743
39.943011 116.351555 42748
39.942774 116.350720 42753
39.942538 116.349994 42758
39.942181 116.349479 42763
39.942011 116.349353 42765
39.941755 116.349164 42768
39.941611 116.349110 42770
39.941466 116.349056 42772
39.941394 116.349029 42773
39.941290 116.349005 42775
39.941134 116.348969 42778
39.940823 116.348944 42783
39.940754 116.348945 42784
39.940685 116.348946 42785
39.940617 116.348947 42786
39.940479 116.348949 42788
39.940163 116.348960 42793
39.939834 116.348958 42798
39.939501 116.348840 42803
39.939252 116.348499 42808
39.939120 116.347954 42813
39.939047 116.347241 42818
39.938983 116.346724 42821
39.938941 116.346380 42823
39.938838 116.345396 42828
39.938700 116.344381 42833
39.938544 116.343363 42838
39.938389 116.342434 42843
39.938206 116.341753 42847
39.938160 116.341583 42848
39.937850 116.340727 42853
39.937577 116.339899 42858
39.937370 116.339002 42863
39.937246 116.338023 42868
39.937155 116.337059 42873
39.937148 116.336846 42874
39.937122 116.335992 42878
39.937087 116.334922 42883
39.937006 116.333889 42888
39.936984 116.333295 42891
39.936969 116.332899 42893
39.936964 116.332698 42894
39.936943 116.331894 42898
39.936915 116.330957 42903
39.936897 116.330197 42907
39.936893 116.330007 42908
39.936911 116.329406 42912
39.936916 116.329256 42913
39.936965 116.328749 42918
39.936971 116.328629 42919
39.936977 116.328509 42920
39.936982 116.328388 42921
39.936994 116.328148 42923
39.937029 116.327444 42928
39.937075 116.326694 42933
39.937151 116.325954 42938
39.937198 116.325299 42943
39.937243 116.324702 42948
39.937314 116.324202 42953
39.937322 116.324116 42954
39.937354 116.323773 42958
39.937367 116.323672 42959
39.937418 116.323266 42963
39.937478 116.322612 42968
39.937498 116.322322 42970
39.937528 116.321886 42973
39.937573 116.321331 42978
39.937563 116.320860 42983
39.937561 116.320813 42984
39.937559 116.320767 42985
39.937554 116.320627 42988
39.937537 116.320450 42993
39.937523 116.320298 42998
39.937530 116.320165 43002
39.937532 116.320132 43003
39.937564 116.319971 43008
39.937579 116.319912 43013
39.937579 116.319915 43014
39.937580 116.319922 43016
39.937580 116.319928 43018
39.937580 116.319931 43019
39.937580 116.319943 43023
39.937580 116.319954 43028
39.937581 116.319950 43033
39.937581 116.319946 43037
39.937581 116.319945 43038
