39.926977 116.337778 1280
39.926696 116.337790 1285
39.926317 116.337811 1290
39.925833 116.337911 1295
39.925725 116.337922 1296
39.925295 116.337964 1300
39.925042 116.338019 1303
39.924873 116.338055 1305
39.924501 116.338086 1310
39.924373 116.338111 1315
39.924370 116.338127 1320
39.924387 116.338145 1325
39.924396 116.338153 1330
39.924384 116.338157 1335
39.924325 116.338118 1340
39.924245 116.338133 1342
39.924206 116.338141 1343
39.924166 116.338148 1344
39.924126 116.338156 1345
39.923968 116.338174 1350
39.923865 116.338155 1355
39.923777 116.338098 1360
39.923760 116.338102 1361
39.923725 116.338110 1363
39.923708 116.338114 1364
39.923691 116.338118 1365
39.923566 116.338144 1370
39.923454 116.338265 1375
39.923432 116.338306 1380
39.923437 116.338344 1385
39.923446 116.338352 1387
39.923450 116.338357 1388
39.923459 116.338365 1390
39.923470 116.338373 1392
39.923476 116.338378 1393
39.923487 116.338386 1395
39.923503 116.338383 1397
39.923526 116.338379 1400
39.923519 116.338372 1402
39.923509 116.338361 1405
39.923491 116.338353 1409
39.923487 116.338351 1410
39.923483 116.338347 1412
39.923476 116.338340 1415
39.923441 116.338353 1420
39.923433 116.338354 1421
39.923417 116.338356 1423
39.923401 116.338358 1425
39.923423 116.338314 1430
39.923450 116.338239 1435
39.923454 116.338242 1436
39.923458 116.338245 1437
39.923461 116.338247 1438
39.923469 116.338253 1440
39.923465 116.338258 1443
39.923463 116.338262 1445
39.923437 116.338260 1446
39.923334 116.338250 1450
39.923139 116.338236 1455
39.923007 116.338258 1457
39.922941 116.338268 1458
39.922875 116.338279 1459
39.922809 116.338290 1460
39.922731 116.338294 1462
39.922692 116.338295 1463
39.922653 116.338297 1464
39.922614 116.338299 1465
39.922609 116.338299 1466
39.922604 116.338299 1467
39.922595 116.338299 1469
39.922590 116.338299 1470
39.922573 116.338313 1475
39.922490 116.338311 1480
39.922485 116.338318 1483
39.922481 116.338322 1485
39.922475 116.338317 1490
39.922496 116.338290 1495
39.922492 116.338287 1500
39.922493 116.338344 1505
39.922479 116.338349 1510
39.922478 116.338350 1515
39.922477 116.338350 1520
39.922475 116.338347 1525
39.922477 116.338349 1530
39.922482 116.338347 1534
39.922483 116.338347 1535
39.922482 116.338337 1540
39.922473 116.338327 1545
39.922413 116.338364 1550
39.922196 116.338412 1555
39.922142 116.338460 1560
39.922145 116.338441 1565
39.922158 116.338420 1570
39.922158 116.338390 1575
39.922194 116.338375 1580
39.922233 116.338370 1585
39.922230 116.338369 1590
39.922097 116.338437 1595
39.922077 116.338582 1600
39.922061 116.338809 1605
39.922042 116.338977 1607
39.922032 116.339062 1608
39.922013 116.339230 1610
39.922025 116.339739 1615
39.922008 116.339928 1617
39.921982 116.340211 1620
39.921970 116.340297 1622
39.921953 116.340427 1625
39.921952 116.340466 1626
39.921946 116.340623 1630
39.921954 116.340969 1635
39.921930 116.341466 1640
39.921929 116.341579 1641
39.921928 116.341692 1642
39.921926 116.341918 1644
39.921925 116.342031 1645
39.921923 116.342536 1649
39.921923 116.342662 1650
39.921969 116.343302 1655
39.922037 116.343892 1660
39.922056 116.344477 1665
39.922106 116.344916 1670
39.922109 116.345308 1675
39.922132 116.345736 1680
39.922149 116.346224 1685
39.922127 116.346562 1690
39.922069 116.346706 1695
39.921939 116.346768 1699
39.921906 116.346783 1700
39.921693 116.346754 1705
39.921509 116.346680 1710
39.921316 116.346729 1715
39.921193 116.346782 1720
39.921145 116.346828 1725
39.921137 116.346824 1726
39.921128 116.346820 1727
39.921103 116.346809 1730
39.921107 116.346815 1735
39.921144 116.346898 1740
39.921171 116.346990 1745
39.921162 116.347017 1746
39.921124 116.347127 1750
39.921071 116.347268 1755
39.921096 116.347393 1760
39.921114 116.347399 1762
39.921141 116.347407 1765
39.921192 116.347421 1769
39.921205 116.347425 1770
39.921204 116.347424 1771
39.921203 116.347423 1772
39.921201 116.347421 1774
39.921200 116.347420 1775
39.921199 116.347415 1780
39.921195 116.347415 1785
39.921202 116.347417 1788
39.921204 116.347418 1789
39.921206 116.347419 1790
39.921206 116.347419 1795
39.921450 116.347358 1800
39.921593 116.347309 1805
39.921746 116.347429 1810
39.921785 116.347491 1811
39.921941 116.347739 1815
39.922062 116.347872 1818
39.922103 116.347917 1819
39.922143 116.347961 1820
39.922204 116.348039 1825
39.922270 116.348118 1829
39.922287 116.348138 1830
39.922349 116.348202 1835
39.922438 116.348371 1840
39.922418 116.348466 1845
39.922422 116.348534 1848
39.922424 116.348579 1850
39.922420 116.348611 1855
39.922361 116.348687 1860
39.922304 116.348754 1865
39.922307 116.348789 1870
39.922287 116.348861 1875
39.922283 116.348872 1876
39.922268 116.348918 1880
