39.901522 116.420108 36152
39.902712 116.419491 36155
39.903108 116.419285 36156
39.903717 116.419195 36160
39.903934 116.419171 36163
39.904007 116.419163 36164
39.904088 116.419120 36166
39.904213 116.419095 36170
39.904313 116.419143 36174
39.904347 116.419162 36178
39.904381 116.419175 36181
39.904392 116.419180 36182
39.904445 116.419220 36186
39.904492 116.419255 36190
39.904520 116.419205 36193
39.904526 116.419052 36202
39.904527 116.419035 36203
39.904547 116.419003 36207
39.904608 116.418903 36211
39.904648 116.418742 36215
39.904778 116.418418 36219
39.904797 116.418399 36220
39.904815 116.418380 36221
39.904938 116.418303 36226
39.904963 116.418288 36227
39.905095 116.418187 36231
39.905192 116.418223 36235
39.904673 116.417308 36247
39.904661 116.417403 36248
39.904625 116.417688 36251
39.904613 116.417783 36252
39.904609 116.417882 36254
39.904605 116.417982 36256
39.904667 116.418118 36260
39.904502 116.418558 36263
39.904447 116.418705 36264
39.904500 116.418803 36269
39.904377 116.418930 36271
39.904547 116.418770 36276
39.904569 116.418706 36277
39.904590 116.418643 36278
39.904655 116.418452 36281
39.904775 116.418212 36284
39.904598 116.418487 36289
39.904672 116.418360 36293
39.904650 116.418353 36295
39.904735 116.418210 36299
39.904777 116.418138 36301
39.904767 116.418148 36302
39.904756 116.418158 36303
39.904725 116.418188 36306
39.904692 116.418228 36310
39.904696 116.418233 36311
39.904707 116.418247 36314
39.904715 116.418335 36318
39.904719 116.418387 36320
39.904722 116.418440 36322
39.904687 116.418550 36325
39.904675 116.418587 36326
39.904638 116.418723 36331
39.904638 116.418727 36332
39.904637 116.418740 36335
39.904637 116.418735 36336
39.904638 116.418730 36337
39.904597 116.418687 36341
39.904642 116.418688 36345
39.904650 116.418703 36347
39.904646 116.418739 36349
39.904638 116.418810 36353
39.904644 116.418865 36354
39.904650 116.418921 36355
39.904662 116.419032 36357
39.904660 116.419323 36361
39.904662 116.419582 36366
39.904385 116.418805 36378
39.904325 116.418933 36382
39.904425 116.418747 36386
39.904513 116.418787 36390
39.904593 116.418628 36396
39.904633 116.418627 36400
39.904683 116.418633 36402
39.904755 116.418630 36406
39.904808 116.418618 36408
39.904860 116.418607 36410
39.904938 116.418610 36414
39.904990 116.418610 36417
39.905007 116.418610 36418
39.905034 116.418584 36420
39.905048 116.418571 36421
39.905062 116.418558 36422
39.905037 116.418402 36426
39.905026 116.418343 36427
39.904995 116.418165 36430
39.904962 116.418148 36431
39.904928 116.418131 36432
39.904862 116.418097 36434
39.904652 116.418340 36438
39.904493 116.418493 36442
39.904347 116.418655 36446
39.904287 116.418727 36448
39.904249 116.418784 36449
39.904135 116.418953 36452
39.904073 116.419070 36456
39.904013 116.419194 36458
39.903982 116.419255 36459
39.903952 116.419317 36460
39.903912 116.419420 36464
39.903863 116.419487 36468
39.903804 116.419555 36471
39.903785 116.419577 36472
39.903722 116.419623 36476
39.903698 116.419632 36480
39.903670 116.419650 36484
39.903648 116.419639 36487
39.903640 116.419635 36488
39.903632 116.419638 36489
39.903608 116.419648 36492
39.903593 116.419659 36495
39.903588 116.419663 36496
39.903561 116.419661 36499
39.903552 116.419660 36500
39.903550 116.419661 36501
39.903545 116.419664 36503
39.903543 116.419665 36504
39.903553 116.419652 36506
39.903563 116.419630 36517
39.903567 116.419622 36521
39.903558 116.419650 36525
39.903537 116.419705 36529
39.903518 116.419767 36531
39.906300 116.417822 36547
39.906260 116.417794 36556
39.906052 116.417648 36603
39.905412 116.418157 36606
39.905114 116.418377 36608
39.904965 116.418487 36609
39.904538 116.418768 36614
39.904449 116.418833 36615
39.904361 116.418897 36616
39.904272 116.418962 36617
39.904183 116.419027 36618
39.904122 116.419076 36619
39.903938 116.419223 36622
39.903899 116.419250 36623
39.903822 116.419303 36625
39.903783 116.419330 36626
39.903748 116.419369 36627
39.903713 116.419407 36628
39.903572 116.419570 36633
39.903538 116.419617 36635
39.903468 116.419702 36639
39.903465 116.419645 36643
39.903442 116.419633 36647
39.903443 116.419607 36651
39.903457 116.419575 36655
39.903465 116.419557 36659
39.903467 116.419555 36660
39.903469 116.419553 36661
39.903473 116.419548 36663
39.903485 116.419539 36664
39.903497 116.419530 36665
39.903633 116.419415 36673
39.903893 116.419136 36676
39.903980 116.419043 36677
39.904220 116.418797 36681
39.904368 116.418662 36684
39.904417 116.418617 36685
39.904412 116.418635 36687
39.904408 116.418653 36689
39.904345 116.418788 36693
39.904265 116.418913 36697
39.904241 116.418943 36698
39.904192 116.419004 36700
39.904167 116.419035 36701
39.904083 116.419135 36705
39.904035 116.419197 36709
39.903978 116.419280 36713
39.903962 116.419337 36717
39.903956 116.419361 36719
39.903950 116.419385 36721
39.903940 116.419402 36722
39.903921 116.419435 36724
39.903912 116.419452 36725
39.903892 116.419467 36729
39.903861 116.419517 36732
39.903850 116.419533 36733
39.903758 116.419613 36737
39.903737 116.419629 36738
39.903675 116.419677 36741
39.903653 116.419663 36745
39.903648 116.419667 36747
39.903643 116.419670 36749
39.903655 116.419633 36751
