39.870369 116.396546 3520
39.870368 116.396550 3521
39.870362 116.396564 3525
39.870362 116.396645 3530
39.870369 116.396951 3535
39.870375 116.397216 3540
39.870375 116.397372 3544
39.870388 116.397516 3548
39.870402 116.397759 3553
39.870405 116.397948 3557
39.870417 116.398125 3561
39.870416 116.398270 3564
39.870415 116.398318 3565
39.870487 116.398558 3570
39.870493 116.399041 3575
39.870501 116.399571 3580
39.870516 116.399996 3585
39.870523 116.400146 3587
39.870534 116.400370 3590
39.870531 116.400685 3595
39.870527 116.400760 3598
39.870537 116.400866 3602
39.870538 116.400918 3603
39.870541 116.401075 3606
39.870536 116.401233 3610
39.870536 116.401342 3613
39.870536 116.401379 3614
39.870563 116.401673 3619
39.870590 116.402086 3623
39.870597 116.402189 3624
39.870612 116.402585 3627
39.870622 116.402849 3629
39.870636 116.403223 3632
39.870640 116.403348 3633
39.870645 116.403473 3634
39.870650 116.403722 3636
39.870657 116.404095 3639
39.870667 116.404782 3644
39.870673 116.404929 3645
39.870690 116.405371 3648
39.870696 116.405518 3649
39.870716 116.406203 3654
39.870739 116.406845 3659
39.870748 116.407091 3661
39.870762 116.407461 3664
39.870776 116.408065 3669
39.870752 116.408443 3672
39.870736 116.408695 3674
39.870613 116.409275 3679
39.870412 116.409728 3684
39.870194 116.410153 3689
39.870092 116.410489 3693
39.870067 116.410573 3694
39.869810 116.411020 3699
39.869675 116.411477 3704
39.869606 116.412097 3709
39.869600 116.412603 3713
39.869599 116.412729 3714
39.869604 116.413361 3719
39.869618 116.413993 3724
39.869626 116.414252 3726
39.869638 116.414640 3729
39.869697 116.415257 3734
39.869743 116.415814 3739
39.869710 116.415864 3740
39.869580 116.416062 3744
39.869174 116.416048 3749
39.869107 116.416008 3750
39.868907 116.415889 3753
39.868882 116.415857 3754
39.868857 116.415825 3755
39.868859 116.415776 3759
39.868860 116.415764 3760
39.868866 116.415661 3764
39.868867 116.415635 3765
39.868891 116.415593 3766
39.868939 116.415508 3768
39.868963 116.415466 3769
39.868987 116.415424 3770
39.869025 116.415403 3771
39.869175 116.415321 3775
39.869376 116.415308 3778
39.869510 116.415300 3780
39.869876 116.415277 3785
39.870338 116.415259 3790
39.870527 116.415251 3792
39.870811 116.415238 3795
39.871331 116.415219 3800
39.871892 116.415185 3805
39.872240 116.415181 3808
39.872472 116.415179 3810
39.872955 116.415135 3815
39.873526 116.415109 3820
39.874097 116.415081 3825
39.874679 116.415034 3830
39.874800 116.415028 3831
39.875286 116.415005 3835
39.875647 116.414985 3838
39.875888 116.414972 3840
39.876377 116.414969 3844
39.876499 116.414968 3845
39.877115 116.414940 3850
39.877226 116.414936 3851
39.877669 116.414918 3855
39.878003 116.414866 3860
39.878185 116.414871 3864
39.878205 116.414867 3865
39.878244 116.414859 3867
39.878264 116.414855 3868
39.878300 116.414855 3869
39.878442 116.414853 3873
39.878677 116.414832 3878
39.878964 116.414809 3882
39.879036 116.414803 3883
39.879470 116.414808 3888
39.879882 116.414798 3893
39.880343 116.414771 3898
39.880749 116.414745 3902
39.880850 116.414739 3903
39.881030 116.414729 3905
39.881119 116.414725 3906
39.881299 116.414715 3908
39.881577 116.414698 3913
39.881739 116.414719 3917
39.881779 116.414724 3918
39.881821 116.414722 3919
39.881946 116.414714 3922
39.881968 116.414724 3923
39.881990 116.414733 3924
39.882056 116.414762 3927
39.882067 116.414758 3928
39.882078 116.414755 3929
39.882101 116.414747 3931
39.882295 116.414759 3936
39.882465 116.414903 3941
39.882479 116.414996 3942
39.882493 116.415089 3943
39.882506 116.415182 3944
39.882534 116.415368 3946
39.882519 116.415944 3951
39.882519 116.416059 3952
39.882518 116.416290 3954
39.882517 116.416521 3956
39.882516 116.416625 3957
39.882510 116.417043 3961
39.882537 116.417486 3966
39.882540 116.417531 3967
39.882554 116.417711 3971
39.882555 116.417784 3974
39.882559 116.417910 3979
39.882566 116.417954 3980
39.882594 116.418129 3984
39.882601 116.418265 3986
39.882611 116.418469 3989
39.882627 116.418914 3994
39.882620 116.419390 3999
39.882646 116.419876 4003
39.882653 116.419997 4004
39.882678 116.420279 4006
39.882715 116.420703 4009
39.882706 116.421450 4014
39.882710 116.421924 4017
39.882713 116.422240 4019
39.882706 116.422676 4022
39.882701 116.422967 4024
39.882675 116.423414 4029
39.882673 116.423626 4033
39.882664 116.423689 4036
39.882652 116.423755 4040
39.882655 116.423805 4041
39.882662 116.423956 4044
39.882684 116.424162 4048
39.882616 116.424313 4053
39.882603 116.424304 4058
39.882603 116.424297 4063
39.882619 116.424293 4068
39.882656 116.424260 4071
39.882656 116.424263 4076
39.882649 116.424260 4079
39.882644 116.424258 4081
39.882597 116.424242 4086
39.882552 116.424235 4088
39.882492 116.424195 4093
39.882461 116.424178 4096
39.882440 116.424166 4098
39.882433 116.424118 4103
39.882471 116.424130 4108
39.882464 116.424129 4113
39.882464 116.424128 4115
39.882465 116.424126 4118
