39.973550 116.333756 6294
39.973648 116.333746 6297
39.973631 116.333733 6302
39.973433 116.333708 6305
39.973367 116.333700 6306
39.973124 116.333682 6309
39.973091 116.333680 6310
39.973026 116.333675 6312
39.973702 116.333696 6319
39.974668 116.333726 6329
39.974128 116.333609 6334
39.974028 116.333587 6335
39.974033 116.333574 6336
39.974053 116.333524 6340
39.974035 116.333532 6341
39.974018 116.333541 6342
39.973983 116.333558 6344
39.973965 116.333566 6345
39.973871 116.333569 6347
39.973918 116.333580 6350
39.973949 116.333588 6352
39.973908 116.333593 6355
39.973880 116.333597 6357
39.973727 116.333618 6360
39.973650 116.333656 6365
39.973572 116.333675 6370
39.973565 116.333677 6371
39.973552 116.333681 6373
39.973539 116.333685 6375
39.973501 116.333682 6376
39.973424 116.333677 6378
39.973305 116.333647 6381
39.973215 116.333608 6384
39.973227 116.333559 6389
39.973244 116.333541 6391
39.973269 116.333513 6394
39.973268 116.333530 6399
39.973250 116.333532 6403
39.973245 116.333533 6404
39.973240 116.333541 6409
39.973338 116.333547 6412
39.973317 116.333562 6417
39.973330 116.333568 6418
39.973384 116.333594 6422
39.973453 116.333592 6427
39.973464 116.333584 6430
39.973471 116.333578 6432
39.973379 116.333567 6436
39.973217 116.333558 6440
39.973032 116.333535 6445
39.973075 116.333527 6450
39.973086 116.333530 6451
39.973107 116.333535 6453
39.973118 116.333538 6454
39.973129 116.333541 6455
39.973186 116.333543 6457
39.973243 116.333546 6459
39.973475 116.333599 6464
39.973571 116.333625 6467
39.973579 116.333632 6468
39.973610 116.333661 6472
39.973551 116.333684 6474
39.973521 116.333696 6475
39.973482 116.333692 6480
39.973508 116.333692 6481
39.973586 116.333691 6484
39.973601 116.333723 6489
39.973700 116.333764 6494
39.973804 116.333802 6497
39.973798 116.333843 6502
39.973792 116.333841 6503
39.973786 116.333840 6504
39.973780 116.333838 6505
39.973768 116.333835 6507
39.973808 116.333826 6510
39.973835 116.333820 6512
39.973860 116.333778 6517
39.973862 116.333755 6519
39.973863 116.333743 6520
39.973864 116.333732 6521
39.973865 116.333720 6522
39.973969 116.333631 6527
39.973704 116.333528 6532
39.973258 116.333443 6535
39.973044 116.333449 6538
39.972950 116.333507 6543
39.972963 116.333504 6545
39.972983 116.333499 6548
39.972914 116.333486 6553
39.972048 116.333808 6572
39.973192 116.333866 6577
39.973494 116.333897 6581
39.973888 116.333852 6584
39.974020 116.333837 6585
39.974151 116.333822 6586
39.974443 116.333809 6588
39.974589 116.333802 6589
39.974642 116.333799 6591
39.974695 116.333796 6593
39.974772 116.333813 6595
39.974810 116.333821 6596
39.974553 116.333805 6601
39.973227 116.333674 6606
39.972878 116.333652 6611
39.972773 116.333642 6614
39.972738 116.333637 6615
39.972702 116.333632 6616
39.972667 116.333627 6617
39.972568 116.333606 6620
39.972481 116.333594 6622
39.972351 116.333577 6625
39.972249 116.333554 6628
39.972249 116.333476 6633
39.972340 116.333431 6638
39.972381 116.333432 6639
39.972464 116.333435 6641
39.972699 116.333496 6644
39.972746 116.333494 6647
39.972777 116.333493 6649
39.973352 116.334064 6661
39.973620 116.333976 6663
39.973754 116.333933 6664
39.974022 116.333845 6666
39.974434 116.333764 6671
39.974437 116.333756 6675
39.974438 116.333754 6676
39.974334 116.333729 6678
39.974177 116.333692 6681
39.974186 116.333681 6682
39.974220 116.333639 6686
39.974351 116.333648 6690
39.974492 116.333634 6693
39.974602 116.333650 6696
39.974674 116.333651 6701
39.974606 116.333606 6706
39.974419 116.333488 6711
39.974379 116.333483 6716
39.974378 116.333484 6717
39.974376 116.333485 6718
39.974372 116.333489 6721
39.974378 116.333489 6723
39.974387 116.333490 6726
39.974391 116.333491 6727
39.974405 116.333497 6731
39.974442 116.333503 6736
39.974414 116.333497 6741
39.974314 116.333468 6744
39.974212 116.333438 6747
39.974145 116.333436 6752
39.974123 116.333444 6754
39.974091 116.333457 6757
39.974059 116.333451 6759
39.974042 116.333448 6760
39.974010 116.333442 6762
39.974007 116.333442 6766
39.974006 116.333442 6767
39.974088 116.333452 6772
39.974034 116.333509 6777
39.974005 116.333567 6782
39.974007 116.333565 6785
39.974008 116.333564 6787
39.974004 116.333585 6789
39.973997 116.333616 6792
39.973833 116.333614 6795
39.973778 116.333613 6796
39.973684 116.333606 6799
39.973657 116.333601 6804
39.973656 116.333609 6807
39.973655 116.333614 6809
39.973590 116.333625 6814
39.973501 116.333644 6819
39.973445 116.333641 6824
39.973383 116.333624 6829
39.973413 116.333625 6832
39.973433 116.333625 6834
39.973506 116.333650 6839
39.974748 116.333589 6870
39.974696 116.333592 6871
39.974541 116.333602 6874
39.974237 116.333623 6878
39.973900 116.333652 6883
39.973545 116.333674 6887
39.973463 116.333684 6888
39.973217 116.333713 6891
