40.028808 116.341662 6958
40.028712 116.341767 6989
40.028567 116.341953 6993
40.028400 116.342093 6998
40.028305 116.342167 7054
40.028267 116.342194 7055
40.028113 116.342302 7059
40.028031 116.342365 7061
40.027950 116.342427 7063
40.027597 116.342677 7068
40.027525 116.342726 7069
40.027235 116.342922 7073
40.026855 116.343213 7078
40.026693 116.343343 7080
40.026450 116.343538 7083
40.026073 116.343792 7088
40.025642 116.344110 7093
40.025462 116.344251 7095
40.025282 116.344392 7097
40.025192 116.344463 7098
40.024730 116.344825 7103
40.024636 116.344893 7104
40.024449 116.345028 7106
40.024262 116.345163 7108
40.023770 116.345337 7113
40.023657 116.345338 7114
40.023207 116.345340 7118
40.022918 116.345175 7122
40.022810 116.345099 7124
40.022702 116.345023 7126
40.022543 116.344893 7130
40.022486 116.344860 7131
40.022317 116.344763 7134
40.022250 116.344739 7135
40.022117 116.344691 7137
40.022050 116.344667 7138
40.021992 116.344652 7139
40.021935 116.344638 7140
40.020243 116.347237 7179
40.020190 116.347342 7180
40.019615 116.348580 7190
40.019458 116.348735 7192
40.019379 116.348812 7193
40.019222 116.348967 7195
40.018877 116.349318 7200
40.018553 116.349615 7205
40.018428 116.349704 7208
40.018345 116.349763 7210
40.018276 116.349809 7212
40.018242 116.349832 7213
40.018142 116.349895 7217
40.018057 116.349948 7221
40.018001 116.350003 7224
40.017983 116.350022 7225
40.017900 116.350087 7231
40.017862 116.350112 7233
40.017825 116.350137 7235
40.017774 116.350197 7238
40.017757 116.350217 7239
40.017736 116.350236 7240
40.017694 116.350273 7242
40.017673 116.350292 7243
40.017592 116.350353 7247
40.017520 116.350423 7251
40.017457 116.350492 7254
40.017386 116.350532 7257
40.017362 116.350545 7258
40.017337 116.350563 7259
40.017287 116.350598 7261
40.017203 116.350673 7265
40.017184 116.350690 7266
40.017125 116.350742 7269
40.017038 116.350793 7273
40.016955 116.350858 7277
40.016875 116.350886 7281
40.016855 116.350893 7282
40.016784 116.350959 7284
40.016678 116.351058 7287
40.016631 116.351105 7288
40.016490 116.351248 7291
40.016449 116.351287 7292
40.016368 116.351366 7294
40.016327 116.351405 7295
40.016294 116.351432 7296
40.016163 116.351540 7300
40.016088 116.351607 7303
40.016030 116.351680 7306
40.015928 116.351782 7309
40.015894 116.351816 7310
40.015860 116.351850 7311
40.015697 116.352007 7315
40.015487 116.352148 7319
40.015397 116.352188 7325
40.015308 116.352223 7330
40.015285 116.352236 7331
40.015261 116.352249 7332
40.015215 116.352275 7334
40.015123 116.352287 7359
40.015078 116.352356 7363
40.015055 116.352390 7365
40.014978 116.352465 7369
40.014953 116.352482 7370
40.014902 116.352515 7372
40.014884 116.352532 7373
40.014830 116.352585 7376
40.014750 116.352645 7380
40.014695 116.352694 7383
40.014677 116.352710 7384
40.014598 116.352773 7389
40.014510 116.352822 7400
40.014413 116.352872 7404
40.014327 116.352940 7407
40.014237 116.353012 7410
40.014142 116.353068 7414
40.014101 116.353124 7418
40.014080 116.353152 7420
40.014045 116.353229 7447
40.014040 116.353240 7451
40.013936 116.353303 7454
40.013867 116.353345 7456
40.013831 116.353372 7457
40.013794 116.353399 7458
40.013685 116.353480 7461
40.013515 116.353612 7465
40.013480 116.353635 7466
40.013444 116.353658 7467
40.013338 116.353728 7470
40.013253 116.353792 7474
40.013177 116.353843 7477
40.013075 116.353910 7480
40.012927 116.354022 7485
40.012743 116.354118 7490
40.012623 116.354133 7493
40.012525 116.354157 7496
40.012428 116.354187 7499
40.012307 116.354230 7502
40.012208 116.354273 7505
40.012113 116.354312 7509
40.012088 116.354324 7510
40.012015 116.354360 7513
40.011943 116.354418 7517
40.011860 116.354470 7520
40.011786 116.354506 7523
40.011762 116.354518 7524
40.011680 116.354565 7529
40.011585 116.354608 7537
40.011343 116.354727 7541
40.011113 116.354882 7545
40.010959 116.354993 7548
40.010907 116.355030 7549
40.010695 116.355200 7553
