39.981947 116.326309 22316
39.981947 116.326309 22317
39.981947 116.326309 22318
39.981946 116.326309 22321
39.981945 116.326309 22323
39.981943 116.326309 22326
39.981939 116.326308 22331
39.981916 116.326302 22336
39.981903 116.326328 22341
39.981900 116.326332 22346
39.981895 116.326337 22351
39.981893 116.326341 22356
39.981891 116.326343 22361
39.981889 116.326347 22365
39.981889 116.326348 22366
39.981887 116.326351 22371
39.981884 116.326355 22376
39.981880 116.326357 22379
39.981878 116.326359 22381
39.981872 116.326366 22386
39.981870 116.326373 22391
39.981870 116.326376 22396
39.981869 116.326378 22401
39.981869 116.326378 22402
39.981868 116.326379 22406
39.981868 116.326380 22411
39.981868 116.326380 22413
39.981868 116.326380 22415
39.981868 116.326380 22416
39.981868 116.326381 22421
39.981868 116.326381 22426
39.981868 116.326381 22427
39.981869 116.326382 22429
39.981869 116.326382 22431
39.981869 116.326382 22436
39.981869 116.326383 22441
39.981868 116.326383 22446
39.981868 116.326383 22447
39.981868 116.326383 22448
39.981868 116.326384 22449
39.981868 116.326384 22451
39.981868 116.326385 22456
39.981868 116.326385 22458
39.981867 116.326385 22461
39.981867 116.326385 22463
39.981867 116.326385 22465
39.981867 116.326385 22466
39.981866 116.326386 22471
39.981865 116.326387 22474
39.981864 116.326387 22475
39.981864 116.326387 22476
39.981864 116.326388 22481
39.981863 116.326388 22486
39.981863 116.326388 22491
39.981864 116.326389 22494
39.981864 116.326389 22496
39.981864 116.326389 22501
39.981864 116.326390 22506
39.981864 116.326390 22511
39.981864 116.326391 22516
39.981864 116.326391 22521
39.981864 116.326391 22526
39.981864 116.326392 22531
39.981864 116.326392 22532
39.981864 116.326392 22533
39.981864 116.326392 22534
39.981864 116.326392 22536
39.981864 116.326393 22541
39.981864 116.326393 22546
39.981864 116.326393 22547
39.981865 116.326393 22551
39.981865 116.326394 22556
39.981865 116.326394 22559
39.981865 116.326394 22561
39.981865 116.326394 22562
39.981866 116.326393 22564
39.981866 116.326393 22566
39.981866 116.326393 22571
39.981866 116.326393 22576
39.981867 116.326394 22581
39.981867 116.326394 22582
39.981867 116.326393 22584
39.981867 116.326393 22586
39.981867 116.326393 22591
39.981868 116.326393 22596
39.981868 116.326393 22601
39.981868 116.326393 22603
39.981868 116.326393 22606
39.981868 116.326393 22608
39.981869 116.326393 22611
39.981870 116.326392 22616
39.981871 116.326392 22621
39.981872 116.326391 22626
39.981873 116.326391 22631
39.981873 116.326391 22633
39.981873 116.326391 22634
39.981873 116.326391 22636
39.981872 116.326393 22641
39.981871 116.326393 22646
39.981871 116.326394 22651
39.981871 116.326395 22656
39.981870 116.326396 22661
39.981870 116.326396 22666
39.981870 116.326397 22671
39.981870 116.326398 22676
39.981870 116.326398 22681
39.981870 116.326398 22683
39.981870 116.326399 22686
39.981869 116.326400 22689
39.981869 116.326400 22691
39.981869 116.326401 22696
39.981868 116.326402 22701
39.981868 116.326402 22703
39.981868 116.326403 22706
39.981868 116.326404 22709
39.981868 116.326404 22710
39.981868 116.326404 22711
39.981867 116.326405 22715
39.981867 116.326405 22716
39.981867 116.326405 22721
39.981867 116.326406 22726
39.981866 116.326406 22731
39.981866 116.326406 22732
39.981866 116.326407 22736
39.981866 116.326407 22737
39.981866 116.326407 22738
39.981866 116.326407 22740
39.981866 116.326407 22741
39.981866 116.326408 22746
39.981866 116.326408 22749
39.981866 116.326408 22751
39.981866 116.326408 22756
39.981866 116.326408 22761
39.981866 116.326408 22765
39.981866 116.326408 22766
39.981867 116.326409 22771
39.981867 116.326409 22774
39.981867 116.326409 22776
39.981867 116.326409 22781
39.981867 116.326410 22784
39.981867 116.326410 22786
39.981867 116.326410 22791
39.981867 116.326411 22796
39.981867 116.326412 22800
39.981867 116.326412 22801
39.981867 116.326412 22803
39.981866 116.326413 22806
39.981865 116.326415 22810
39.981865 116.326415 22811
39.981865 116.326415 22814
39.981865 116.326415 22816
39.981864 116.326416 22821
39.981863 116.326418 22826
39.981863 116.326418 22831
39.981863 116.326419 22834
39.981863 116.326419 22836
39.981863 116.326419 22839
39.981863 116.326419 22841
39.981863 116.326419 22843
39.981863 116.326419 22846
39.981864 116.326418 22851
39.981863 116.326418 22856
39.981862 116.326419 22861
39.981861 116.326420 22866
39.981862 116.326419 22870
39.981862 116.326419 22871
39.981862 116.326420 22874
39.981862 116.326420 22876
39.981862 116.326420 22878
39.981861 116.326420 22881
39.981861 116.326420 22882
39.981861 116.326420 22885
39.981861 116.326420 22886
39.981861 116.326420 22887
39.981861 116.326420 22891
39.981861 116.326420 22895
39.981861 116.326420 22896
39.981861 116.326420 22901
39.981862 116.326419 22906
39.981862 116.326419 22911
39.981862 116.326419 22916
