39.977851 116.300543 20476
39.977851 116.300543 20477
39.977851 116.300543 20478
39.977851 116.300543 20481
39.977851 116.300543 20483
39.977852 116.300543 20486
39.977852 116.300543 20491
39.977852 116.300543 20496
39.977853 116.300543 20501
39.977852 116.300543 20506
39.977852 116.300543 20511
39.977853 116.300542 20516
39.977854 116.300542 20521
39.977853 116.300542 20525
39.977853 116.300542 20526
39.977853 116.300543 20531
39.977853 116.300543 20536
39.977853 116.300543 20539
39.977853 116.300543 20541
39.977853 116.300543 20546
39.977852 116.300543 20551
39.977852 116.300543 20556
39.977852 116.300543 20561
39.977852 116.300543 20562
39.977852 116.300543 20566
39.977851 116.300543 20571
39.977851 116.300543 20573
39.977851 116.300543 20575
39.977851 116.300543 20576
39.977851 116.300543 20581
39.977850 116.300543 20586
39.977850 116.300543 20587
39.977851 116.300542 20589
39.977851 116.300542 20591
39.977851 116.300542 20596
39.977851 116.300542 20601
39.977851 116.300542 20606
39.977851 116.300542 20607
39.977851 116.300542 20608
39.977852 116.300542 20609
39.977852 116.300542 20611
39.977853 116.300542 20616
39.977853 116.300547 20618
39.977852 116.300555 20621
39.977850 116.300559 20623
39.977847 116.300562 20625
39.977846 116.300564 20626
39.977838 116.300600 20631
39.977827 116.300785 20634
39.977824 116.300847 20635
39.977820 116.300909 20636
39.977816 116.301226 20641
39.977845 116.301573 20646
39.977873 116.301899 20651
39.977898 116.302039 20654
39.977915 116.302132 20656
39.978096 116.302244 20661
39.978341 116.302237 20666
39.978590 116.302223 20671
39.978828 116.302225 20676
39.978913 116.302442 20681
39.978913 116.302778 20686
39.978962 116.303110 20691
39.978955 116.303150 20692
39.978948 116.303190 20693
39.978942 116.303229 20694
39.978928 116.303309 20696
39.978889 116.303561 20701
39.978937 116.303954 20706
39.978944 116.304042 20707
39.978974 116.304393 20711
39.978974 116.304679 20716
39.978989 116.304848 20719
39.978999 116.304961 20721
39.979009 116.305036 20722
39.979028 116.305187 20724
39.979048 116.305337 20726
39.979097 116.305646 20731
39.979143 116.305856 20736
39.979278 116.306188 20741
39.979307 116.306255 20742
39.979366 116.306390 20744
39.979424 116.306524 20746
39.979624 116.306825 20751
39.979803 116.307094 20756
39.979703 116.307491 20761
39.979749 116.307583 20763
39.979819 116.307720 20766
39.979855 116.307820 20768
39.979909 116.307969 20771
39.979903 116.308197 20776
39.979823 116.308559 20781
39.979688 116.308944 20786
39.979581 116.309325 20791
39.979574 116.309499 20793
39.979570 116.309585 20794
39.979563 116.309759 20796
39.979551 116.310111 20801
39.979585 116.310337 20806
39.979628 116.310492 20811
39.979564 116.310671 20816
39.979558 116.310815 20821
39.979556 116.311078 20826
39.979606 116.311406 20831
39.979607 116.311712 20836
39.979598 116.311976 20841
39.979584 116.312092 20843
39.979562 116.312265 20846
39.979569 116.312494 20849
39.979573 116.312647 20851
39.979644 116.313049 20856
39.979668 116.313406 20861
39.979667 116.313530 20863
39.979666 116.313717 20866
39.979669 116.313944 20869
39.979670 116.314019 20870
39.979671 116.314095 20871
39.979673 116.314402 20875
39.979673 116.314479 20876
39.979686 116.314853 20881
39.979694 116.315301 20886
39.979724 116.315749 20891
39.979729 116.315833 20892
39.979750 116.316170 20896
39.979749 116.316252 20897
39.979748 116.316333 20898
39.979745 116.316496 20900
39.979744 116.316578 20901
39.979774 116.316990 20906
39.979773 116.317200 20909
39.979773 116.317340 20911
39.979776 116.317683 20916
39.979779 116.318020 20921
39.979789 116.318219 20925
39.979792 116.318269 20926
39.979789 116.318466 20931
39.979775 116.318545 20934
39.979766 116.318597 20936
39.979761 116.318633 20941
39.979754 116.318674 20944
39.979749 116.318702 20946
39.979756 116.319015 20951
39.979745 116.319339 20956
39.979726 116.319624 20960
39.979721 116.319695 20961
39.979730 116.319851 20963
39.979744 116.320085 20966
39.979752 116.320360 20970
39.979754 116.320429 20971
39.979743 116.320600 20974
39.979736 116.320714 20976
39.979734 116.321008 20981
39.979787 116.321256 20986
39.980073 116.321294 20991
39.980252 116.321299 20994
39.980371 116.321302 20996
39.980556 116.321291 20999
39.980680 116.321284 21001
39.980786 116.321267 21003
39.980944 116.321241 21006
39.981151 116.321260 21011
39.981257 116.321322 21016
39.981262 116.321402 21021
39.981210 116.321595 21026
39.981192 116.321788 21030
39.981188 116.321836 21031
39.981199 116.322017 21034
39.981207 116.322138 21036
39.981205 116.322265 21038
39.981202 116.322455 21041
39.981202 116.322519 21042
39.981201 116.322713 21045
39.981201 116.322777 21046
39.981204 116.322841 21047
39.981215 116.323098 21051
39.981222 116.323360 21055
39.981224 116.323426 21056
39.981223 116.323777 21061
39.981221 116.324158 21066
39.981244 116.324480 21071
39.981287 116.324763 21076
