39.981844 116.335775 16100
39.981826 116.335798 16105
39.981814 116.335821 16109
39.981811 116.335827 16110
39.981809 116.335832 16113
39.981807 116.335836 16115
39.981844 116.335772 16120
39.981861 116.335753 16121
39.981878 116.335734 16122
39.981921 116.335720 16127
39.981909 116.335781 16130
39.981949 116.335830 16135
39.981963 116.335856 16137
39.981976 116.335881 16139
39.982020 116.335891 16144
39.982072 116.335897 16149
39.982209 116.335883 16154
39.982326 116.335838 16158
39.982372 116.335815 16161
39.982418 116.335796 16164
39.982454 116.335761 16167
39.982455 116.335722 16172
39.982502 116.335734 16177
39.982504 116.335780 16180
39.982505 116.335796 16181
39.982482 116.335830 16184
39.982466 116.335852 16186
39.982463 116.335885 16191
39.982444 116.335886 16196
39.982448 116.335884 16197
39.982464 116.335875 16201
39.982507 116.335863 16205
39.982526 116.335802 16209
39.982564 116.335827 16214
39.982599 116.335874 16217
39.982635 116.335851 16222
39.982674 116.335847 16225
39.982687 116.335845 16226
39.982701 116.335844 16227
39.982743 116.335839 16230
39.982791 116.335805 16233
39.982795 116.335791 16234
39.982807 116.335747 16237
39.982924 116.335706 16241
39.982969 116.335699 16246
39.983021 116.335721 16250
39.983066 116.335761 16252
39.983112 116.335801 16254
39.983129 116.335840 16259
39.983180 116.335802 16263
39.983198 116.335782 16264
39.983216 116.335763 16265
39.983227 116.335762 16266
39.983239 116.335761 16267
39.983251 116.335761 16268
39.983262 116.335760 16269
39.983289 116.335797 16274
39.983293 116.335841 16277
39.983294 116.335856 16278
39.983270 116.335898 16281
39.983262 116.335912 16282
39.983262 116.335935 16284
39.983263 116.335958 16286
39.983263 116.335969 16287
39.983270 116.336030 16292
39.983254 116.336103 16297
39.983234 116.336166 16301
39.983190 116.336234 16305
39.983188 116.336278 16310
39.983193 116.336285 16311
39.983208 116.336307 16314
39.983213 116.336314 16315
39.983233 116.336378 16320
39.983253 116.336441 16324
39.983243 116.336496 16327
39.983240 116.336514 16328
39.983186 116.336561 16331
39.983162 116.336627 16335
39.983167 116.336651 16337
39.983170 116.336662 16338
39.983172 116.336674 16339
39.983175 116.336686 16340
39.983204 116.336700 16342
39.983219 116.336707 16343
39.983277 116.336740 16348
39.983320 116.336742 16353
39.983337 116.336722 16357
39.983341 116.336717 16358
39.983390 116.336698 16361
39.983452 116.336700 16366
39.983475 116.336698 16368
39.983510 116.336696 16371
39.983539 116.336689 16373
39.983553 116.336686 16374
39.983560 116.336714 16376
39.983567 116.336741 16378
39.983570 116.336755 16379
39.983544 116.336824 16383
39.983554 116.336886 16386
39.983568 116.336942 16390
39.983577 116.336992 16394
39.983579 116.337004 16395
39.983620 116.337039 16399
39.983603 116.337041 16402
39.983591 116.337043 16404
39.983593 116.337044 16405
39.983601 116.337046 16409
39.983601 116.337047 16410
39.983599 116.337049 16414
39.983628 116.337014 16419
39.983599 116.336972 16424
39.983653 116.336937 16429
39.983893 116.336899 16433
39.983925 116.336894 16437
39.983933 116.336893 16438
39.983963 116.336938 16442
39.984009 116.336934 16447
39.984056 116.336919 16452
39.984048 116.336840 16457
39.984058 116.336788 16460
39.984061 116.336771 16461
39.984083 116.336753 16462
39.984105 116.336735 16463
39.984112 116.336725 16464
39.984140 116.336686 16468
39.984250 116.336623 16472
39.984321 116.336575 16475
39.984359 116.336555 16477
39.984416 116.336524 16480
39.984522 116.336475 16484
39.984579 116.336466 16487
39.984618 116.336499 16491
39.984658 116.336495 16493
39.984678 116.336493 16494
39.984701 116.336502 16499
39.984711 116.336512 16504
39.984710 116.336508 16505
39.984705 116.336498 16508
39.984704 116.336494 16509
39.984695 116.336499 16514
39.984641 116.336529 16517
39.984633 116.336542 16522
39.984627 116.336540 16527
39.984612 116.336553 16532
39.984598 116.336559 16536
39.984595 116.336560 16537
39.984587 116.336554 16539
39.984575 116.336544 16542
39.984566 116.336551 16547
39.984566 116.336560 16552
39.984584 116.336552 16557
39.984592 116.336552 16558
39.984600 116.336552 16559
39.984608 116.336551 16560
39.984624 116.336551 16562
39.984668 116.336557 16567
39.984681 116.336577 16570
39.984689 116.336591 16572
39.984723 116.336650 16577
39.984754 116.336699 16581
39.984794 116.336730 16586
39.984801 116.336732 16587
39.984831 116.336739 16591
39.984930 116.336828 16596
39.984936 116.336888 16600
39.984917 116.336912 16603
39.984904 116.336928 16605
39.984874 116.336938 16609
39.984867 116.336941 16610
39.984853 116.336952 16615
39.984850 116.336965 16620
39.984850 116.336966 16621
39.984849 116.336968 16622
39.984848 116.336972 16625
39.984829 116.336982 16627
39.984820 116.336988 16628
39.984801 116.336998 16630
39.984783 116.337001 16632
39.984755 116.337006 16635
39.984749 116.337005 16636
39.984744 116.337004 16637
39.984738 116.337003 16638
39.984733 116.337002 16639
39.984727 116.337001 16640
39.984685 116.337024 16644
39.984661 116.337027 16645
39.984637 116.337030 16646
39.984589 116.337036 16648
39.984537 116.337052 16651
39.984584 116.337009 16656
39.984617 116.336992 16659
39.984628 116.336987 16660
39.984738 116.337031 16663
39.984761 116.337042 16667
39.984767 116.337045 16668
39.984778 116.337054 16673
39.984780 116.337055 16674
39.984782 116.337056 16675
39.984787 116.337059 16678
39.984841 116.337044 16681
39.984893 116.337045 16684
39.984943 116.337022 16689
39.984949 116.337010 16692
39.984953 116.337002 16694
39.984933 116.336989 16699
