39.981187 116.345887 21932
39.981170 116.345870 21935
39.981158 116.345858 21937
39.981138 116.345885 21942
39.981150 116.345919 21947
39.981172 116.345922 21949
39.981205 116.345926 21952
39.981240 116.345926 21957
39.981245 116.345932 21958
39.981266 116.345956 21962
39.981281 116.346004 21967
39.981278 116.346001 21968
39.981165 116.345869 22007
39.981065 116.345911 22010
39.980999 116.345939 22012
39.980933 116.345944 22017
39.980901 116.345902 22022
39.980879 116.345829 22026
39.980874 116.345811 22027
39.980808 116.345764 22032
39.980746 116.345766 22034
39.980683 116.345769 22036
39.980652 116.345770 22037
39.980534 116.345790 22042
39.980527 116.345775 22043
39.980504 116.345728 22046
39.980497 116.345713 22047
39.980475 116.345685 22050
39.980468 116.345676 22051
39.980461 116.345667 22052
39.980471 116.345588 22057
39.980492 116.345535 22062
39.980527 116.345608 22065
39.980550 116.345657 22067
39.980717 116.345914 22072
39.980837 116.345991 22077
39.980858 116.345993 22078
39.980879 116.345996 22079
39.980941 116.346003 22082
39.981057 116.345958 22087
39.981158 116.345893 22092
39.981198 116.345885 22094
39.981239 116.345877 22096
39.981259 116.345873 22097
39.981342 116.345843 22102
39.981358 116.345839 22103
39.981422 116.345822 22107
39.981444 116.345814 22112
39.981446 116.345824 22115
39.981447 116.345830 22117
39.981415 116.345907 22122
39.981363 116.345964 22127
39.981314 116.345977 22130
39.981281 116.345985 22132
39.981166 116.346065 22137
39.981012 116.346167 22141
39.980973 116.346192 22142
39.980924 116.346245 22147
39.980869 116.346298 22152
39.980848 116.346320 22154
39.980816 116.346353 22157
39.980836 116.346350 22162
39.980841 116.346361 22166
39.980842 116.346364 22167
39.980960 116.346284 22172
39.980962 116.346285 22173
39.980970 116.346288 22176
39.980972 116.346289 22177
39.981022 116.346262 22179
39.981098 116.346221 22182
39.981164 116.346191 22184
39.981263 116.346145 22187
39.981360 116.346079 22192
39.981406 116.346056 22195
39.981436 116.346041 22197
39.981471 116.346043 22202
39.981519 116.346004 22207
39.981575 116.345975 22212
39.981662 116.345915 22217
39.981717 116.345881 22222
39.981744 116.345844 22227
39.981768 116.345797 22232
39.981764 116.345797 22233
39.981760 116.345797 22234
39.981749 116.345798 22237
39.981720 116.345799 22240
39.981711 116.345800 22241
39.981701 116.345800 22242
39.981667 116.345872 22247
39.981600 116.345918 22252
39.981548 116.345935 22257
39.981437 116.345974 22262
39.981406 116.345978 22264
39.981359 116.345985 22267
39.981391 116.345963 22269
39.981438 116.345931 22272
39.981550 116.345878 22277
39.981645 116.345821 22282
39.981621 116.345830 22287
39.981615 116.345850 22292
39.981574 116.345880 22297
39.981557 116.345893 22302
39.981582 116.345890 22307
39.981581 116.345894 22308
39.981579 116.345898 22309
39.981575 116.345911 22312
39.981567 116.345912 22317
39.981516 116.345913 22322
39.981525 116.345903 22327
39.981458 116.345943 22332
39.981413 116.346006 22337
39.981421 116.346005 22342
39.981422 116.346004 22345
39.981422 116.346003 22346
39.981422 116.346003 22347
39.981434 116.345967 22352
39.981425 116.345967 22353
39.981387 116.345967 22357
39.981349 116.345986 22359
39.981311 116.346005 22361
39.981292 116.346014 22362
39.981155 116.346095 22367
39.981032 116.346156 22372
39.981029 116.346126 22377
39.981059 116.346100 22379
39.981103 116.346061 22382
39.981101 116.346063 22384
39.981098 116.346067 22387
39.981091 116.346069 22388
39.981063 116.346077 22392
39.981085 116.346054 22397
39.981102 116.346032 22402
39.981093 116.346040 22407
39.981089 116.346055 22409
39.981088 116.346062 22410
39.981084 116.346077 22412
39.981075 116.346079 22417
39.981101 116.346121 22422
39.981059 116.346127 22427
39.981096 116.346117 22430
39.981108 116.346114 22431
39.981120 116.346111 22432
39.981146 116.346085 22437
39.981156 116.346083 22440
39.981163 116.346081 22442
39.981239 116.346032 22447
39.981256 116.346021 22448
39.981326 116.345978 22452
39.981339 116.345971 22454
39.981358 116.345961 22457
39.981353 116.345945 22462
39.981341 116.345935 22467
39.981309 116.345932 22472
39.981278 116.345941 22477
39.981223 116.345951 22482
39.981160 116.345982 22487
39.981095 116.346030 22492
39.981059 116.346038 22497
39.981044 116.346016 22502
39.981067 116.345975 22507
39.981076 116.345960 22508
39.981112 116.345899 22512
39.981133 116.345883 22514
39.981143 116.345876 22515
39.981154 116.345868 22516
39.981164 116.345860 22517
39.981152 116.345862 22522
39.981151 116.345867 22523
39.981149 116.345885 22527
