39.974430 116.338027 42451
39.974362 116.338023 42456
39.974281 116.338022 42460
39.974261 116.338022 42461
39.974172 116.337967 42466
39.974115 116.337896 42471
39.974104 116.337906 42472
39.974060 116.337947 42476
39.974016 116.338003 42481
39.974020 116.338014 42486
39.974003 116.338029 42491
39.973933 116.338031 42496
39.973904 116.338034 42501
39.973890 116.338022 42506
39.973887 116.338023 42507
39.973875 116.338026 42511
39.973875 116.338050 42516
39.973888 116.338039 42518
39.973908 116.338023 42521
39.973862 116.338012 42524
39.973831 116.338004 42526
39.973645 116.337966 42531
39.973501 116.337849 42536
39.973440 116.337780 42541
39.973423 116.337771 42546
39.973321 116.337740 42551
39.973260 116.337680 42556
39.973249 116.337655 42561
39.973248 116.337588 42566
39.973218 116.337593 42571
39.973196 116.337601 42573
39.973162 116.337613 42576
39.973062 116.337718 42581
39.972954 116.337835 42586
39.972940 116.337858 42587
39.972912 116.337903 42589
39.972884 116.337948 42591
39.972881 116.338014 42596
39.972869 116.338146 42601
39.972838 116.338224 42606
39.972835 116.338233 42607
39.972811 116.338277 42612
39.972784 116.338329 42617
39.972738 116.338353 42622
39.972656 116.338362 42627
39.972607 116.338401 42630
39.972575 116.338427 42632
39.972482 116.338492 42637
39.972458 116.338498 42639
39.972447 116.338500 42640
39.972423 116.338506 42642
39.972350 116.338535 42647
39.972290 116.338554 42650
39.972250 116.338567 42652
39.972218 116.338589 42654
39.972187 116.338612 42656
39.972171 116.338623 42657
39.972134 116.338682 42662
39.972123 116.338697 42664
39.972107 116.338719 42667
39.972055 116.338742 42672
39.972049 116.338728 42677
39.972049 116.338728 42678
39.972049 116.338728 42679
39.972049 116.338728 42681
39.972049 116.338728 42682
39.972090 116.338671 42687
39.972066 116.338629 42691
39.972060 116.338619 42692
39.971980 116.338738 42697
39.972093 116.338744 42702
39.972142 116.338720 42707
39.972241 116.338645 42712
39.972329 116.338616 42717
39.972369 116.338584 42719
39.972389 116.338567 42720
39.972429 116.338535 42722
39.972472 116.338478 42727
39.972512 116.338464 42732
39.972603 116.338402 42737
39.972636 116.338422 42739
39.972686 116.338453 42742
39.972679 116.338494 42744
39.972669 116.338555 42747
39.972667 116.338650 42752
39.972617 116.338721 42756
39.972605 116.338739 42757
39.972584 116.338822 42762
39.972582 116.338850 42764
39.972579 116.338893 42767
39.972557 116.338961 42772
39.972571 116.339060 42777
39.972650 116.339187 42782
39.972733 116.339292 42786
39.972754 116.339318 42787
39.972780 116.339362 42789
39.972806 116.339406 42791
39.972819 116.339428 42792
39.972824 116.339447 42793
39.972842 116.339523 42797
39.972847 116.339561 42802
39.972849 116.339566 42803
39.972856 116.339587 42807
39.972924 116.339592 42812
39.972934 116.339593 42813
39.972943 116.339594 42814
39.972972 116.339597 42817
39.973050 116.339596 42822
39.973087 116.339581 42827
39.973190 116.339510 42832
39.973261 116.339475 42836
39.973279 116.339466 42837
39.973355 116.339492 42840
39.973381 116.339501 42841
39.973406 116.339510 42842
39.973448 116.339501 42847
39.973458 116.339500 42852
39.973463 116.339513 42856
39.973464 116.339516 42857
39.973493 116.339525 42862
39.973518 116.339525 42864
39.973556 116.339524 42867
39.973611 116.339524 42872
39.973619 116.339524 42873
39.973653 116.339523 42877
39.973695 116.339512 42880
39.973709 116.339509 42881
39.973723 116.339505 42882
39.973733 116.339507 42883
39.973743 116.339509 42884
39.973774 116.339516 42887
39.973817 116.339505 42891
39.973828 116.339502 42892
39.973857 116.339478 42894
39.973901 116.339443 42897
39.973971 116.339473 42901
39.973988 116.339480 42902
39.974001 116.339488 42903
39.974026 116.339505 42905
39.974051 116.339521 42907
39.974082 116.339524 42912
39.974115 116.339521 42914
39.974132 116.339520 42915
39.974165 116.339517 42917
39.974232 116.339504 42922
39.974273 116.339522 42927
39.974392 116.339450 42932
39.974409 116.339448 42933
39.974479 116.339441 42937
39.974512 116.339454 42942
39.974505 116.339459 42943
39.974475 116.339479 42947
39.974514 116.339503 42951
39.974524 116.339509 42952
39.974625 116.339466 42957
39.974639 116.339455 42958
39.974652 116.339444 42959
39.974666 116.339434 42960
39.974679 116.339423 42961
39.974693 116.339412 42962
39.974769 116.339412 42967
39.974780 116.339426 42968
39.974822 116.339483 42972
39.974816 116.339514 42977
39.974851 116.339523 42982
39.974985 116.339524 42987
39.975000 116.339546 42991
39.975004 116.339552 42992
39.975038 116.339581 42997
39.975092 116.339558 43001
39.975105 116.339552 43002
39.975218 116.339525 43007
39.975311 116.339507 43012
39.975339 116.339512 43017
39.975398 116.339501 43022
39.975403 116.339485 43027
39.975405 116.339481 43031
39.975405 116.339480 43032
39.975411 116.339475 43037
39.975457 116.339487 43042
39.975515 116.339516 43047
