39.829157 116.307683 7892
39.829168 116.309928 7902
39.829187 116.312100 7912
39.829197 116.314337 7922
39.829180 116.316517 7932
39.829177 116.318612 7942
39.829187 116.320773 7952
39.829205 116.323088 7962
39.829209 116.323550 7964
39.829223 116.325400 7972
39.829225 116.325857 7974
39.829233 116.327683 7982
39.829264 116.329254 7989
39.829277 116.329928 7992
39.829300 116.330377 7994
39.829335 116.331051 7997
39.829358 116.331500 7999
39.829392 116.332173 8002
39.829517 116.334568 8012
39.829633 116.336768 8022
39.829648 116.337384 8025
39.829682 116.338822 8032
39.829662 116.341042 8042
39.829670 116.343243 8052
39.829673 116.345408 8062
39.829653 116.347248 8072
39.829652 116.347432 8073
39.829650 116.347986 8076
39.829645 116.349093 8082
39.829647 116.350551 8090
39.829648 116.350915 8092
39.829623 116.352522 8102
39.829618 116.352892 8106
39.829613 116.353203 8110
39.829609 116.353275 8111
39.829602 116.353420 8113
39.829598 116.353493 8114
39.829573 116.353687 8118
39.829566 116.353727 8119
39.829543 116.353848 8122
39.829505 116.353977 8125
39.829492 116.354020 8126
39.829398 116.354143 8130
39.829320 116.354093 8132
39.829243 116.354042 8134
39.829175 116.353765 8138
39.829168 116.353453 8142
39.829172 116.353122 8146
39.829252 116.352873 8150
39.829435 116.352887 8154
39.829538 116.352899 8156
39.829590 116.352905 8157
39.830017 116.352888 8165
39.830212 116.352890 8169
39.830427 116.352892 8173
39.830490 116.352892 8174
39.830615 116.352892 8176
39.830678 116.352892 8177
39.830942 116.352898 8181
39.831025 116.352902 8182
39.831108 116.352905 8183
39.831273 116.352912 8185
39.831692 116.352928 8189
39.832175 116.352927 8193
39.832417 116.352915 8195
39.832658 116.352903 8197
39.832780 116.352903 8198
39.832903 116.352903 8199
39.833148 116.352903 8201
39.833598 116.352907 8205
39.833707 116.352908 8206
39.834035 116.352913 8209
39.834497 116.352928 8213
39.834963 116.352925 8217
39.835400 116.352928 8221
39.835501 116.352928 8222
39.835802 116.352928 8225
39.836183 116.352927 8229
39.836563 116.352923 8233
39.836973 116.352905 8237
39.837235 116.352897 8241
39.837533 116.352910 8245
39.837714 116.352916 8247
39.837805 116.352920 8248
39.837895 116.352923 8249
39.838240 116.352930 8253
39.838525 116.352932 8257
39.838692 116.352990 8261
39.838730 116.353183 8265
39.838743 116.353458 8269
39.838733 116.353558 8270
39.838713 116.353758 8272
39.838703 116.353858 8273
39.838663 116.354171 8276
39.838650 116.354275 8277
39.838595 116.354673 8281
39.838545 116.355042 8285
39.838518 116.355236 8287
39.838490 116.355430 8289
39.838469 116.355614 8291
39.838447 116.355797 8293
39.838445 116.355971 8295
39.838442 116.356145 8297
39.838463 116.356387 8301
39.838483 116.356565 8305
39.838493 116.356732 8308
39.838497 116.356788 8309
39.838498 116.357003 8313
39.838520 116.357228 8317
39.838524 116.357289 8318
39.838535 116.357473 8321
39.838572 116.357722 8325
39.838608 116.357993 8329
39.838620 116.358058 8330
39.838643 116.358188 8332
39.838655 116.358253 8333
39.838712 116.358482 8337
39.838747 116.358697 8341
39.838762 116.358825 8345
39.838780 116.358953 8349
39.838780 116.358988 8350
39.838778 116.359093 8353
39.838783 116.359205 8357
39.838787 116.359217 8383
39.838757 116.359377 8388
39.838753 116.359442 8389
39.838746 116.359572 8391
39.838742 116.359637 8392
39.838736 116.359805 8394
39.838733 116.359889 8395
39.838730 116.359973 8396
39.838741 116.360175 8398
39.838753 116.360378 8400
39.838765 116.360808 8404
39.838762 116.361202 8408
39.838767 116.361607 8412
39.838768 116.362017 8416
39.838766 116.362121 8417
39.838763 116.362225 8418
39.838758 116.362433 8420
39.838758 116.362546 8421
39.838758 116.362887 8424
39.838764 116.363105 8426
39.838770 116.363323 8428
39.838772 116.363428 8429
39.838780 116.363742 8432
39.838778 116.364123 8436
39.838775 116.364184 8437
39.838771 116.364306 8439
39.838768 116.364367 8440
39.838771 116.364431 8443
39.838772 116.364453 8444
39.838769 116.364469 8445
39.838765 116.364486 8446
39.838762 116.364502 8447
39.838760 116.364504 8449
39.838755 116.364513 8456
39.838752 116.364542 8459
39.838752 116.364567 8462
39.838768 116.364592 8465
39.838840 116.364547 8470
39.838860 116.364350 8474
39.838888 116.364005 8478
39.838908 116.363580 8482
39.838915 116.363128 8486
39.838923 116.362660 8490
39.838923 116.362454 8492
39.838923 116.362350 8493
39.838923 116.362247 8494
