39.957993 116.292463 43171
39.957897 116.291995 43175
39.957832 116.291403 43179
39.957740 116.290952 43183
39.957667 116.290653 43186
39.957643 116.290553 43187
39.957545 116.290185 43191
39.957428 116.289792 43195
39.957367 116.289420 43199
39.957293 116.289015 43203
39.957227 116.288598 43207
39.957191 116.288384 43209
39.957155 116.288170 43211
39.957040 116.287712 43215
39.957012 116.287602 43216
39.956984 116.287492 43217
39.956928 116.287273 43219
39.956832 116.286800 43223
39.956728 116.286322 43227
39.956623 116.285867 43231
39.956580 116.285450 43235
39.956525 116.284993 43239
39.956493 116.284555 43243
39.956452 116.284177 43247
39.956598 116.284186 43248
39.957035 116.284213 43251
39.957115 116.284028 43255
39.957072 116.283968 43256
39.956942 116.283787 43259
39.956837 116.283690 43263
39.956840 116.283659 43265
39.956841 116.283643 43266
39.956843 116.283627 43267
39.957002 116.283612 43271
39.957005 116.283602 43272
39.957008 116.283592 43273
39.957010 116.283582 43274
39.957013 116.283572 43275
39.956980 116.283538 43279
39.956917 116.283505 43283
39.956951 116.283506 43284
39.956985 116.283507 43285
39.957073 116.283428 43289
39.957069 116.283308 43292
39.957067 116.283268 43293
39.957057 116.283010 43297
39.956923 116.282747 43301
39.956879 116.282603 43303
39.956835 116.282460 43305
39.956782 116.282133 43309
39.956730 116.281882 43312
39.956713 116.281798 43313
39.956650 116.281400 43317
39.956615 116.281304 43318
39.956508 116.281017 43321
39.956363 116.280652 43325
39.956261 116.280442 43328
39.956227 116.280372 43329
39.956198 116.279998 43334
39.956258 116.279758 43338
39.956273 116.279713 43339
39.956317 116.279578 43342
39.956357 116.279502 43346
39.956362 116.279502 43347
39.956368 116.279502 43348
39.956800 116.279383 43354
39.956840 116.279365 43355
39.956960 116.279313 43358
39.956978 116.279340 43362
39.956925 116.279343 43364
39.956798 116.279292 43368
39.956713 116.279210 43372
39.956684 116.279053 43375
39.956675 116.279000 43376
39.956688 116.278769 43379
39.956693 116.278692 43380
39.956565 116.278305 43384
39.956508 116.278193 43385
39.956335 116.277855 43388
39.956223 116.277533 43392
39.956125 116.277262 43396
39.956075 116.277000 43400
39.956015 116.276839 43403
39.955995 116.276785 43404
39.955987 116.276735 43405
39.955978 116.276685 43406
39.956060 116.276627 43410
39.956203 116.276525 43417
39.956270 116.276432 43421
39.956249 116.276411 43422
39.956229 116.276389 43423
39.956188 116.276347 43425
39.956185 116.276342 43426
39.956183 116.276337 43427
39.956178 116.276327 43429
39.956185 116.276332 43431
39.956169 116.276344 43433
39.956153 116.276357 43435
39.956127 116.276360 43439
39.956127 116.276360 43443
39.956127 116.276360 43447
39.956127 116.276360 43448
39.956127 116.276360 43451
39.956125 116.276360 43455
39.956125 116.276360 43459
39.956125 116.276360 43463
39.956125 116.276360 43467
39.956125 116.276358 43471
39.956125 116.276355 43475
39.956125 116.276355 43479
39.956125 116.276355 43483
39.956125 116.276355 43484
39.956125 116.276355 43485
39.956125 116.276355 43486
39.956125 116.276355 43487
39.956125 116.276355 43491
39.956125 116.276355 43493
39.956125 116.276355 43494
39.956125 116.276355 43495
39.956125 116.276355 43499
39.956125 116.276355 43503
39.956125 116.276355 43505
39.956125 116.276355 43507
39.956125 116.276355 43510
39.956125 116.276355 43511
39.956123 116.276357 43515
39.956122 116.276357 43516
39.956122 116.276357 43517
39.956120 116.276357 43519
39.956120 116.276356 43520
39.956120 116.276356 43521
39.956120 116.276355 43522
39.956120 116.276355 43523
39.956120 116.276350 43524
39.956122 116.276337 43527
39.956120 116.276324 43528
39.956117 116.276298 43530
39.956115 116.276285 43531
39.956108 116.276225 43535
39.956098 116.276162 43539
39.956078 116.276102 43543
39.956043 116.276042 43547
39.956010 116.275998 43551
39.955963 116.275953 43555
39.955970 116.275880 43559
39.955984 116.275843 43561
39.955998 116.275805 43563
39.956001 116.275784 43564
39.956008 116.275720 43567
39.955987 116.275633 43571
39.955991 116.275618 43572
39.955996 116.275603 43573
39.956005 116.275573 43575
39.956002 116.275497 43579
39.955982 116.275412 43583
39.955967 116.275379 43585
39.955953 116.275345 43587
39.955947 116.275327 43588
39.955940 116.275309 43589
39.955928 116.275273 43591
39.955911 116.275235 43594
39.955905 116.275222 43595
39.955897 116.275193 43598
39.955895 116.275183 43599
39.955895 116.275166 43600
39.955895 116.275115 43603
39.955905 116.275030 43607
39.955927 116.274958 43611
39.955925 116.274948 43612
39.955920 116.274917 43615
39.955917 116.274904 43616
39.955915 116.274892 43617
39.955913 116.274879 43618
39.955910 116.274867 43619
39.955919 116.274845 43621
39.955928 116.274822 43623
39.955987 116.274812 43627
39.956115 116.274833 43631
39.956210 116.274860 43635
39.956270 116.274863 43639
39.956333 116.274853 43643
39.956349 116.274852 43644
39.956364 116.274850 43645
39.956395 116.274848 43647
39.956438 116.274812 43651
39.956477 116.274780 43655
39.956530 116.274740 43659
39.956577 116.274662 43663
39.956598 116.274670 43667
39.956610 116.274678 43668
39.956647 116.274703 43671
39.956677 116.274763 43675
39.956700 116.274863 43679
39.956708 116.274920 43683
39.956702 116.274923 43687
39.956485 116.275202 43760
39.956501 116.275186 43761
39.956547 116.275137 43764
39.956962 116.275105 43768
