39.980653 116.310311 5153
39.980624 116.310304 5154
39.980510 116.310274 5158
39.980313 116.310267 5163
39.980279 116.310265 5164
39.980245 116.310264 5165
39.980142 116.310259 5168
39.979897 116.310268 5173
39.979744 116.310311 5176
39.979693 116.310325 5177
39.979642 116.310339 5178
39.979411 116.310390 5183
39.979202 116.310423 5188
39.979044 116.310362 5193
39.978785 116.310450 5198
39.978565 116.310461 5203
39.978344 116.310473 5208
39.978156 116.310439 5213
39.977927 116.310445 5218
39.977739 116.310415 5223
39.977550 116.310416 5228
39.977357 116.310439 5233
39.977176 116.310507 5238
39.977026 116.310570 5242
39.976989 116.310586 5243
39.976812 116.310664 5248
39.976652 116.310772 5253
39.976446 116.310779 5258
39.976209 116.310796 5263
39.976175 116.310808 5264
39.976040 116.310858 5268
39.975876 116.310865 5273
39.975732 116.310915 5277
39.975696 116.310927 5278
39.975456 116.310917 5283
39.975232 116.311002 5288
39.975089 116.311020 5293
39.974871 116.311122 5298
39.974861 116.311129 5299
39.974852 116.311136 5300
39.974823 116.311158 5303
39.974822 116.311159 5304
39.974816 116.311162 5308
39.974814 116.311163 5313
39.974768 116.311189 5317
39.974757 116.311196 5318
39.974732 116.311208 5319
39.974632 116.311256 5323
39.974503 116.311288 5328
39.974449 116.311319 5330
39.974396 116.311350 5332
39.974369 116.311366 5333
39.974262 116.311396 5338
39.974128 116.311435 5343
39.974025 116.311442 5348
39.973941 116.311475 5351
39.973885 116.311497 5353
39.973779 116.311492 5358
39.973733 116.311522 5359
39.973594 116.311610 5362
39.973548 116.311640 5363
39.973502 116.311660 5364
39.973457 116.311681 5365
39.973366 116.311722 5367
39.973320 116.311742 5368
39.973278 116.311760 5369
39.973109 116.311831 5373
39.973060 116.311857 5374
39.972865 116.311960 5378
39.972658 116.312018 5383
39.972599 116.312054 5386
39.972559 116.312078 5388
39.972413 116.312088 5393
39.972258 116.312165 5396
39.972154 116.312216 5398
39.971960 116.312305 5403
39.971857 116.312359 5405
39.971754 116.312412 5407
39.971703 116.312439 5408
39.971476 116.312548 5413
39.971437 116.312563 5414
39.971397 116.312578 5415
39.971358 116.312592 5416
39.971279 116.312622 5418
39.971072 116.312756 5423
39.970898 116.312807 5427
39.970855 116.312820 5428
39.970634 116.312918 5433
39.970417 116.313019 5438
39.970261 116.313115 5443
39.970051 116.313179 5447
39.969999 116.313195 5448
39.969862 116.313218 5451
39.969770 116.313234 5453
39.969638 116.313260 5457
39.969605 116.313267 5458
39.969435 116.313305 5462
39.969392 116.313314 5463
39.969205 116.313386 5468
39.968982 116.313471 5473
39.968810 116.313569 5478
39.968617 116.313692 5483
39.968395 116.313818 5488
39.968195 116.313897 5493
39.968033 116.313955 5497
39.967992 116.313969 5498
39.967924 116.313995 5500
39.967822 116.314033 5503
39.967627 116.314070 5508
39.967526 116.314117 5511
39.967493 116.314133 5512
39.967459 116.314149 5513
39.967274 116.314212 5517
39.967228 116.314228 5518
39.967029 116.314302 5523
39.966944 116.314328 5525
39.966817 116.314366 5528
39.966602 116.314458 5533
39.966401 116.314534 5538
39.966196 116.314570 5543
39.966114 116.314598 5545
39.965992 116.314639 5548
39.965865 116.314641 5553
39.965739 116.314673 5558
39.965666 116.314770 5563
39.965514 116.314806 5568
39.965336 116.314866 5573
39.965159 116.314931 5578
39.964995 116.315034 5583
39.964751 116.315149 5588
39.964520 116.315262 5593
39.964421 116.315297 5595
39.964372 116.315315 5596
39.964273 116.315350 5598
39.964064 116.315418 5603
39.964022 116.315433 5604
39.963853 116.315495 5608
39.963650 116.315579 5613
39.963429 116.315654 5618
39.963307 116.315699 5621
39.963225 116.315729 5623
39.963028 116.315787 5628
39.962986 116.315798 5629
39.962944 116.315809 5630
39.962818 116.315842 5633
39.962711 116.315852 5636
39.962640 116.315859 5638
39.962513 116.315871 5642
39.962481 116.315874 5643
39.962334 116.315875 5648
39.962199 116.315883 5652
39.962165 116.315885 5653
39.961974 116.315911 5658
39.961715 116.315982 5663
39.961469 116.316029 5668
39.961271 116.316067 5672
39.961222 116.316076 5673
39.960976 116.316118 5678
39.960935 116.316124 5679
39.960769 116.316147 5683
39.960725 116.316159 5684
39.960549 116.316209 5688
39.960357 116.316199 5693
39.960198 116.316245 5697
39.960158 116.316256 5698
39.959897 116.316352 5703
39.959861 116.316358 5704
39.959790 116.316370 5706
39.959719 116.316382 5708
39.959543 116.316404 5711
39.959426 116.316419 5713
39.959145 116.316490 5718
39.958864 116.316531 5723
39.958740 116.316567 5726
39.958699 116.316579 5727
39.958658 116.316591 5728
39.958480 116.316610 5733
39.958266 116.316611 5738
39.958085 116.316562 5743
39.957868 116.316583 5748
39.957650 116.316593 5753
