39.897445 116.455102 16441
39.897443 116.455097 16443
39.897411 116.455107 16448
39.897330 116.455131 16451
39.897326 116.455110 16453
39.897324 116.455099 16454
39.897320 116.455078 16456
39.897326 116.455064 16457
39.897348 116.455009 16461
39.897362 116.454989 16463
39.897383 116.454959 16466
39.897387 116.454933 16468
39.897392 116.454895 16471
39.897404 116.454887 16473
39.897410 116.454884 16474
39.897422 116.454876 16476
39.897439 116.454841 16481
39.897468 116.454815 16486
39.897492 116.454751 16491
39.897546 116.454737 16494
39.897582 116.454728 16496
39.897609 116.454692 16501
39.897622 116.454685 16502
39.897674 116.454656 16506
39.897696 116.454646 16508
39.897707 116.454640 16509
39.897729 116.454630 16511
39.897770 116.454590 16516
39.897735 116.454564 16521
39.897768 116.454532 16526
39.897820 116.454450 16531
39.897818 116.454436 16532
39.897811 116.454380 16536
39.897817 116.454304 16541
39.897829 116.454202 16546
39.897845 116.454148 16551
39.897832 116.454073 16556
39.897782 116.454019 16561
39.897772 116.453989 16563
39.897756 116.453945 16566
39.897764 116.453845 16571
39.897757 116.453830 16572
39.897728 116.453769 16576
39.897712 116.453701 16581
39.897724 116.453640 16586
39.897743 116.453576 16591
39.897743 116.453501 16596
39.897764 116.453451 16601
39.897761 116.453398 16606
39.897780 116.453354 16611
39.897780 116.453342 16612
39.897781 116.453331 16613
39.897782 116.453308 16615
39.897782 116.453296 16616
39.897792 116.453265 16620
39.897794 116.453257 16621
39.897800 116.453172 16626
39.897812 116.453143 16628
39.897829 116.453099 16631
39.897833 116.453085 16632
39.897851 116.453029 16636
39.897849 116.453003 16638
39.897847 116.452989 16639
39.897845 116.452963 16641
39.897853 116.452880 16646
39.897840 116.452794 16651
39.897835 116.452766 16653
39.897830 116.452737 16655
39.897828 116.452723 16656
39.897746 116.452631 16661
39.897685 116.452610 16662
39.897506 116.452507 16667
39.897486 116.452499 16668
39.897445 116.452484 16670
39.897404 116.452469 16672
39.897331 116.452435 16677
39.897314 116.452423 16679
39.897289 116.452404 16682
39.897227 116.452356 16686
39.897212 116.452344 16687
39.897199 116.452335 16688
39.897162 116.452310 16691
39.897149 116.452301 16692
39.897115 116.452271 16696
39.897107 116.452263 16697
39.897085 116.452253 16702
39.897059 116.452258 16706
39.897053 116.452259 16707
39.897021 116.452250 16712
39.896950 116.452273 16717
39.896891 116.452263 16722
39.896824 116.452263 16727
39.896766 116.452260 16732
39.896718 116.452280 16734
39.896693 116.452290 16735
39.896645 116.452310 16737
39.896610 116.452290 16742
39.896578 116.452290 16747
39.896544 116.452294 16752
39.896488 116.452287 16757
39.896478 116.452291 16758
39.896438 116.452305 16762
39.896380 116.452324 16767
39.896367 116.452316 16769
39.896347 116.452303 16772
39.896329 116.452296 16774
39.896301 116.452285 16777
39.896282 116.452225 16782
39.896263 116.452223 16787
39.896264 116.452205 16788
39.896269 116.452151 16791
39.896270 116.452133 16792
39.896224 116.452056 16797
39.896211 116.452006 16800
39.896203 116.451972 16802
39.896192 116.451958 16805
39.896188 116.451953 16806
39.896184 116.451948 16807
39.896162 116.451983 16812
39.896194 116.452151 16817
39.896191 116.452165 16818
39.896188 116.452179 16819
39.896180 116.452220 16822
39.896169 116.452264 16827
39.896166 116.452325 16832
39.896120 116.452407 16835
39.896090 116.452461 16837
39.896063 116.452545 16842
39.896060 116.452628 16847
39.896040 116.452710 16852
39.896042 116.452793 16857
39.896052 116.452869 16862
39.896085 116.452960 16867
39.896122 116.453036 16872
39.896155 116.453114 16877
39.896189 116.453197 16882
39.896256 116.453343 16887
39.896275 116.453385 16892
39.896269 116.453485 16897
39.896251 116.453543 16901
39.896247 116.453557 16902
39.896235 116.453615 16907
39.896209 116.453669 16911
39.896203 116.453682 16912
39.896211 116.453731 16915
39.896214 116.453748 16916
39.896217 116.453764 16917
39.896224 116.453795 16922
39.896249 116.453813 16927
39.896308 116.453821 16932
39.896358 116.453827 16936
39.896370 116.453829 16937
39.896386 116.453867 16942
39.896411 116.453900 16947
39.896403 116.453906 16949
39.896395 116.453912 16951
39.896391 116.453915 16952
39.896366 116.453900 16957
39.896360 116.453874 16962
39.896358 116.453869 16963
39.896356 116.453864 16964
39.896349 116.453848 16967
39.896346 116.453753 16972
39.896355 116.453742 16973
39.896389 116.453697 16977
39.896384 116.453695 16978
39.896374 116.453692 16980
39.896364 116.453689 16982
39.896275 116.453700 16987
39.896266 116.453711 16988
39.896257 116.453721 16989
39.896231 116.453753 16992
39.896174 116.453756 16997
39.896124 116.453749 17002
39.896067 116.453714 17007
39.896019 116.453655 17012
39.895992 116.453576 17017
39.895965 116.453501 17022
39.895922 116.453492 17027
39.895896 116.453450 17032
39.895899 116.453442 17033
39.895906 116.453425 17035
39.895912 116.453409 17037
39.895944 116.453392 17042
