39.893654 116.453919 35119
39.893571 116.453960 35122
39.893515 116.453988 35124
39.893492 116.454074 35129
39.893485 116.454108 35134
39.893481 116.454095 35135
39.893464 116.454043 35139
39.893526 116.454017 35144
39.893557 116.454000 35148
39.893565 116.453996 35149
39.893566 116.453989 35152
39.893567 116.453984 35154
39.893565 116.453982 35159
39.893546 116.453972 35162
39.893533 116.453965 35164
39.893506 116.453962 35169
39.893484 116.453951 35173
39.893479 116.453948 35174
39.893473 116.453955 35178
39.893472 116.453957 35179
39.893473 116.453957 35180
39.893475 116.453959 35184
39.893467 116.453950 35189
39.893464 116.453941 35193
39.893463 116.453939 35194
39.893463 116.453932 35199
39.893458 116.453943 35202
39.893454 116.453950 35204
39.893455 116.453951 35205
39.893457 116.453956 35209
39.893459 116.453985 35213
39.893459 116.453992 35214
39.893463 116.453990 35215
39.893479 116.453983 35219
39.893476 116.453978 35224
39.893479 116.453977 35227
39.893478 116.453979 35228
39.893474 116.453985 35232
39.893450 116.454003 35234
39.893414 116.454029 35237
39.893330 116.454132 35239
39.893303 116.454193 35243
39.893296 116.454208 35244
39.893310 116.454221 35249
39.893359 116.454211 35254
39.893672 116.454174 35259
39.893675 116.454174 35261
39.893679 116.454173 35264
39.893665 116.454196 35269
39.893669 116.454199 35274
39.893668 116.454192 35279
39.893658 116.454181 35284
39.893542 116.454127 35289
39.893476 116.454095 35294
39.893452 116.454061 35299
39.893521 116.454023 35304
39.893539 116.454031 35306
39.893567 116.454043 35309
39.893569 116.454047 35311
39.893570 116.454048 35312
39.893572 116.454052 35314
39.893573 116.454055 35315
39.893576 116.454065 35319
39.893562 116.454137 35324
39.893532 116.454176 35329
39.893553 116.454219 35334
39.893604 116.454277 35339
39.894093 116.454640 35342
39.895009 116.452614 35346
39.894946 116.452554 35349
39.894921 116.452576 35350
39.894819 116.452662 35354
39.894810 116.452873 35359
39.894780 116.453014 35361
39.894765 116.453084 35362
39.894735 116.453225 35364
39.894692 116.453611 35369
39.894646 116.453678 35372
39.894617 116.453727 35373
39.894531 116.453873 35376
39.894510 116.453886 35378
39.894499 116.453892 35379
39.894474 116.453909 35384
39.894472 116.453912 35385
39.894470 116.453914 35386
39.894460 116.453936 35390
39.894453 116.453953 35393
39.893314 116.455109 35397
39.893321 116.455142 35400
39.893302 116.455121 35404
39.893302 116.455119 35407
39.893309 116.455112 35411
39.893316 116.455110 35416
39.893325 116.455095 35421
39.893391 116.455054 35425
39.893422 116.455015 35427
39.893438 116.454996 35428
39.893461 116.454919 35433
39.893454 116.454894 35434
39.893431 116.454818 35437
39.893424 116.454793 35438
39.893409 116.454762 35439
39.893369 116.454612 35444
39.893363 116.454604 35445
39.893346 116.454582 35448
39.893340 116.454574 35449
39.893341 116.454584 35454
39.893343 116.454584 35458
39.893343 116.454584 35459
39.893346 116.454581 35464
39.893358 116.454582 35469
39.893359 116.454582 35470
39.893361 116.454582 35471
39.893365 116.454582 35474
39.893362 116.454595 35479
39.893289 116.454617 35484
39.893289 116.454613 35485
39.893288 116.454610 35486
39.893287 116.454599 35489
39.893289 116.454604 35494
39.893289 116.454617 35499
39.893288 116.454633 35504
39.893299 116.454728 35509
39.893310 116.454808 35514
39.893314 116.454818 35516
39.893320 116.454833 35519
39.893323 116.454835 35521
39.893326 116.454838 35523
39.893327 116.454839 35524
39.893337 116.454837 35529
39.893345 116.454831 35531
39.893349 116.454829 35532
39.893353 116.454826 35533
39.893357 116.454823 35534
39.893408 116.454753 35537
39.893442 116.454707 35539
39.893489 116.454673 35541
39.893560 116.454621 35544
39.893733 116.454586 35549
39.893795 116.454669 35554
39.893787 116.454726 35559
39.893852 116.454658 35564
39.893851 116.454643 35565
39.893850 116.454614 35567
39.893850 116.454600 35568
39.893849 116.454585 35569
39.893845 116.454515 35572
39.893842 116.454469 35574
39.893829 116.454419 35579
39.893838 116.454416 35582
39.893844 116.454414 35584
39.893844 116.454416 35585
39.893846 116.454425 35589
39.893838 116.454424 35594
39.893829 116.454401 35599
39.893819 116.454405 35604
39.893805 116.454425 35609
39.893807 116.454431 35611
39.893810 116.454440 35614
39.893795 116.454451 35619
39.893787 116.454441 35624
39.893801 116.454389 35629
39.893804 116.454386 35630
39.893808 116.454383 35631
39.893818 116.454373 35634
39.893942 116.454277 35639
39.893933 116.454288 35644
39.893863 116.454457 35649
39.893846 116.454463 35650
39.893776 116.454489 35654
39.893787 116.454527 35659
39.893792 116.454514 35664
39.893789 116.454504 35669
39.893789 116.454502 35670
39.893788 116.454500 35671
39.893787 116.454493 35674
39.893787 116.454492 35675
39.893788 116.454491 35677
39.893789 116.454489 35679
39.893796 116.454516 35684
39.893782 116.454581 35687
39.893773 116.454625 35689
39.893636 116.454816 35694
39.893602 116.454875 35699
39.893570 116.454918 35702
39.893548 116.454946 35704
39.893512 116.455005 35706
39.893459 116.455093 35709
39.893440 116.455153 35714
39.893405 116.455191 35719
