40.072567 116.411934 40669
40.072564 116.412013 40674
40.072561 116.412022 40675
40.072554 116.412041 40677
40.072548 116.412060 40679
40.072555 116.412122 40684
40.072552 116.412159 40686
40.072548 116.412215 40689
40.072574 116.412316 40694
40.072551 116.412375 40699
40.072558 116.412439 40702
40.072562 116.412481 40704
40.072564 116.412533 40707
40.072565 116.412567 40709
40.072566 116.412645 40714
40.072558 116.412652 40716
40.072554 116.412656 40717
40.072546 116.412663 40719
40.072540 116.412712 40724
40.072535 116.412738 40726
40.072527 116.412777 40729
40.072526 116.412850 40733
40.072526 116.412868 40734
40.072517 116.412915 40739
40.072515 116.412942 40741
40.072513 116.412969 40743
40.072512 116.412983 40744
40.072511 116.413057 40749
40.072516 116.413077 40750
40.072535 116.413158 40754
40.072534 116.413174 40755
40.072531 116.413237 40759
40.072510 116.413253 40764
40.072491 116.413305 40769
40.072492 116.413359 40773
40.072492 116.413373 40774
40.072488 116.413436 40779
40.072496 116.413524 40784
40.072496 116.413627 40789
40.072487 116.413702 40794
40.072477 116.413776 40799
40.072466 116.413820 40804
40.072465 116.413872 40808
40.072465 116.413885 40809
40.072466 116.413895 40810
40.072469 116.413916 40812
40.072472 116.413936 40814
40.072496 116.414053 40819
40.072482 116.414095 40824
40.072481 116.414106 40825
40.072479 116.414148 40829
40.072486 116.414163 40834
40.072504 116.414178 40839
40.072495 116.414211 40844
40.072502 116.414267 40848
40.072504 116.414281 40849
40.072525 116.414402 40854
40.072531 116.414476 40859
40.072523 116.414524 40864
40.072531 116.414555 40865
40.072539 116.414585 40866
40.072547 116.414616 40867
40.072563 116.414677 40869
40.072571 116.414839 40874
40.072616 116.414922 40879
40.072610 116.414972 40883
40.072608 116.414984 40884
40.072534 116.415011 40889
40.072442 116.415034 40894
40.072416 116.415039 40896
40.072377 116.415046 40899
40.072368 116.415080 40904
40.072374 116.415092 40908
40.072376 116.415095 40909
40.072370 116.415116 40912
40.072366 116.415130 40914
40.072368 116.415183 40919
40.072366 116.415194 40920
40.072365 116.415206 40921
40.072363 116.415217 40922
40.072360 116.415240 40924
40.072365 116.415310 40928
40.072366 116.415327 40929
40.072457 116.415321 40934
40.072526 116.415342 40938
40.072543 116.415347 40939
40.072552 116.415363 40940
40.072586 116.415425 40944
40.072591 116.415488 40949
40.072595 116.415506 40950
40.072599 116.415524 40951
40.072607 116.415559 40953
40.072611 116.415577 40954
40.072638 116.415620 40959
40.072681 116.415702 40962
40.072710 116.415757 40964
40.072790 116.415869 40969
40.072783 116.415944 40974
40.072829 116.416069 40979
40.072875 116.416175 40984
40.072916 116.416302 40989
40.072925 116.416324 40990
40.072961 116.416412 40994
40.072957 116.416427 40995
40.072941 116.416488 40999
40.072898 116.416568 41004
40.072909 116.416646 41009
40.072915 116.416665 41013
40.072916 116.416670 41014
40.072866 116.416737 41019
40.072866 116.416746 41020
40.072867 116.416755 41021
40.072868 116.416783 41024
40.072910 116.416860 41029
40.072914 116.416928 41034
40.072885 116.416926 41039
40.072885 116.416927 41040
40.072885 116.416933 41044
40.072854 116.416972 41049
40.072845 116.416984 41050
40.072809 116.417030 41054
40.072451 116.417339 41059
40.072203 116.417577 41064
40.071988 116.417642 41069
40.071809 116.417681 41074
40.071754 116.417662 41079
40.071655 116.417589 41084
40.071619 116.417533 41089
40.071621 116.417525 41091
40.071621 116.417521 41092
40.071623 116.417513 41094
40.071648 116.417462 41099
40.071686 116.417367 41104
40.071706 116.417286 41106
40.071735 116.417164 41109
40.071732 116.417150 41110
40.071721 116.417107 41113
40.071718 116.417093 41114
40.071728 116.417025 41119
40.071751 116.416937 41124
40.071765 116.416903 41127
40.071775 116.416880 41129
40.071792 116.416814 41134
40.071794 116.416801 41138
40.071794 116.416798 41139
40.071800 116.416837 41144
40.071801 116.416748 41149
40.071811 116.416745 41154
40.071821 116.416705 41159
40.071821 116.416701 41164
40.071823 116.416701 41166
40.071826 116.416702 41169
40.071829 116.416707 41174
40.071830 116.416718 41179
40.071817 116.416728 41183
40.071814 116.416731 41184
40.071915 116.416451 41269
