40.051838 116.407069 1231
40.051726 116.406353 1234
40.051651 116.405876 1236
40.051654 116.405869 1237
40.051668 116.405842 1241
40.051703 116.405820 1246
40.051547 116.405746 1247
40.050922 116.405452 1251
40.050236 116.404895 1256
40.049839 116.404743 1261
40.049297 116.404717 1266
40.048614 116.404640 1271
40.048442 116.404648 1272
40.048270 116.404656 1273
40.047753 116.404680 1276
40.046854 116.404764 1281
40.046349 116.404890 1284
40.046013 116.404974 1286
40.045440 116.405221 1289
40.045249 116.405304 1290
40.045058 116.405386 1291
40.044202 116.405878 1296
40.043936 116.406073 1298
40.043537 116.406366 1301
40.042926 116.406795 1306
40.042359 116.407154 1311
40.041833 116.407389 1316
40.041735 116.407423 1317
40.041343 116.407560 1321
40.041086 116.407787 1326
40.040879 116.407920 1331
40.040752 116.408009 1336
40.040713 116.408015 1341
40.040719 116.408007 1346
40.040725 116.408019 1351
40.040714 116.408017 1356
40.040709 116.408013 1358
40.040707 116.408012 1359
40.040702 116.408008 1361
40.040703 116.408011 1366
40.040712 116.408017 1371
40.040699 116.408021 1376
40.040691 116.408051 1380
40.040689 116.408059 1381
40.040661 116.408082 1382
40.040550 116.408172 1386
40.040509 116.408211 1387
40.040345 116.408365 1391
40.039329 116.408611 1396
40.038393 116.408897 1401
40.037651 116.409118 1406
40.036834 116.409221 1411
40.036155 116.409541 1416
40.035685 116.409755 1419
40.035372 116.409898 1421
40.035114 116.410078 1423
40.034985 116.410168 1424
40.034727 116.410348 1426
40.034102 116.410780 1431
40.033466 116.411062 1436
40.033059 116.411159 1439
40.032924 116.411192 1440
40.032788 116.411224 1441
40.032355 116.411322 1444
40.032067 116.411388 1446
40.031809 116.411435 1448
40.031422 116.411505 1451
40.030647 116.411633 1456
40.030530 116.411624 1457
40.030064 116.411586 1461
40.029791 116.411608 1466
40.029653 116.411580 1470
40.029618 116.411573 1471
40.029589 116.411544 1476
40.029553 116.411563 1481
40.029512 116.411544 1485
40.029502 116.411539 1486
40.029489 116.411527 1491
40.029469 116.411524 1496
40.029442 116.411538 1501
40.029384 116.411572 1506
40.029302 116.411601 1511
40.029244 116.411681 1516
40.029162 116.411715 1521
40.029085 116.411683 1526
40.029052 116.411681 1531
40.029014 116.411692 1536
40.028981 116.411716 1541
40.028837 116.411565 1546
40.028689 116.411498 1550
40.028652 116.411481 1551
40.028590 116.411461 1552
40.028528 116.411441 1553
40.028467 116.411421 1554
40.028343 116.411381 1556
40.028238 116.411363 1557
40.027819 116.411290 1561
40.027641 116.411240 1562
40.026929 116.411039 1566
40.026731 116.410993 1567
40.026532 116.410947 1568
40.025937 116.410809 1571
40.025119 116.410750 1575
40.024915 116.410735 1576
40.023918 116.410731 1581
40.023667 116.410772 1582
40.022663 116.410934 1586
40.021845 116.411006 1588
40.021028 116.411077 1590
40.020619 116.411113 1591
40.019059 116.411141 1596
40.018210 116.411147 1600
40.017998 116.411149 1601
40.016969 116.411067 1606
40.016031 116.410924 1611
40.015087 116.410751 1616
40.014897 116.410717 1617
40.014325 116.410617 1620
40.014135 116.410583 1621
40.013169 116.410384 1625
40.012928 116.410334 1626
40.012142 116.410161 1630
40.011945 116.410118 1631
40.011567 116.410050 1633
40.011001 116.409948 1636
40.010078 116.409852 1641
40.009138 116.409848 1646
40.008951 116.409865 1647
40.008202 116.409933 1651
40.007654 116.410021 1654
40.007289 116.410079 1656
40.006375 116.410240 1661
40.005490 116.410330 1666
40.004926 116.410381 1670
40.004785 116.410394 1671
40.004544 116.410421 1673
40.004182 116.410461 1676
40.003677 116.410576 1681
40.003591 116.410589 1682
40.003506 116.410602 1683
40.003249 116.410640 1686
40.003042 116.410653 1691
40.002945 116.410641 1696
40.002888 116.410711 1701
40.002881 116.410737 1706
40.002880 116.410744 1707
40.002877 116.410759 1709
40.002874 116.410774 1711
40.002862 116.410797 1716
40.002861 116.410800 1717
40.002859 116.410807 1719
40.002857 116.410814 1721
40.002842 116.410831 1726
40.002839 116.410839 1731
40.002835 116.410843 1734
40.002833 116.410845 1736
40.002813 116.410853 1741
40.002814 116.410882 1746
40.002820 116.410906 1751
40.002824 116.410926 1756
40.002834 116.410954 1761
40.002826 116.410955 1766
40.002824 116.410957 1767
40.002818 116.410964 1771
40.002821 116.410966 1772
40.002829 116.410973 1775
40.002832 116.410975 1776
40.002504 116.410899 1781
40.001317 116.410943 1786
39.999837 116.411186 1791
39.998915 116.411215 1796
39.998038 116.411090 1801
39.997161 116.410939 1806
39.996130 116.410831 1811
39.995728 116.410807 1813
39.995125 116.410772 1816
39.994172 116.410781 1821
39.993394 116.410785 1825
39.993199 116.410786 1826
39.992808 116.410760 1828
39.992222 116.410722 1831
