40.073003 116.416173 45830
40.073007 116.416238 45835
40.072959 116.416352 45840
40.072943 116.416381 45842
40.072934 116.416396 45843
40.072918 116.416425 45845
40.072919 116.416474 45849
40.072919 116.416486 45850
40.072943 116.416591 45855
40.072941 116.416628 45858
40.072940 116.416652 45860
40.072932 116.416760 45865
40.072929 116.416814 45869
40.072928 116.416828 45870
40.072923 116.416843 45871
40.072918 116.416858 45872
40.072913 116.416872 45873
40.072903 116.416902 45875
40.072891 116.416994 45880
40.072886 116.417089 45885
40.072869 116.417190 45890
40.072862 116.417272 45895
40.072862 116.417302 45897
40.072862 116.417347 45900
40.072858 116.417423 45905
40.072851 116.417492 45909
40.072849 116.417509 45910
40.072856 116.417546 45913
40.072861 116.417570 45915
40.072890 116.417618 45920
40.072902 116.417695 45925
40.072905 116.417714 45927
40.072909 116.417742 45930
40.072874 116.417842 45935
40.072870 116.417859 45936
40.072861 116.417894 45938
40.072852 116.417929 45940
40.072851 116.417991 45945
40.072850 116.418004 45946
40.072850 116.418017 45947
40.072848 116.418056 45950
40.072848 116.418106 45955
40.072844 116.418124 45956
40.072839 116.418142 45957
40.072835 116.418161 45958
40.072826 116.418197 45960
40.072838 116.418251 45965
40.072831 116.418279 45967
40.072820 116.418322 45970
40.072817 116.418387 45975
40.072821 116.418544 45980
40.072805 116.418611 45985
40.072792 116.418669 45990
40.072781 116.418678 45993
40.072774 116.418684 45995
40.072760 116.418695 45996
40.072703 116.418740 46000
40.072645 116.418788 46004
40.072631 116.418800 46005
40.072601 116.418816 46009
40.072594 116.418820 46010
40.072583 116.418830 46012
40.072566 116.418845 46015
40.072553 116.418851 46016
40.072499 116.418874 46020
40.072434 116.418870 46025
40.072394 116.418861 46030
40.072347 116.418844 46035
40.072263 116.418869 46040
40.072186 116.418873 46045
40.072174 116.418876 46046
40.072161 116.418879 46047
40.072149 116.418881 46048
40.072124 116.418887 46050
40.072098 116.418891 46052
40.072059 116.418897 46055
40.072000 116.418913 46060
40.071951 116.418906 46065
40.071897 116.418884 46070
40.071877 116.418878 46074
40.071872 116.418877 46075
40.071829 116.418875 46080
40.071783 116.418861 46085
40.071733 116.418898 46088
40.071699 116.418923 46090
40.071658 116.418936 46093
40.071630 116.418944 46095
40.071536 116.419027 46100
40.071482 116.419024 46105
40.071441 116.419042 46110
40.071429 116.419040 46111
40.071418 116.419039 46112
40.071383 116.419034 46115
40.071375 116.419033 46116
40.071353 116.419028 46119
40.071345 116.419027 46120
40.071340 116.419024 46121
40.071320 116.419012 46125
40.071318 116.419014 46128
40.071316 116.419016 46130
40.071296 116.418985 46135
40.071278 116.418966 46138
40.071272 116.418960 46139
40.071266 116.418954 46140
40.071190 116.418993 46145
40.071048 116.419051 46149
40.071012 116.419065 46150
40.070951 116.419048 46155
40.070908 116.419043 46160
40.070848 116.419011 46165
40.070802 116.419024 46170
40.070762 116.419006 46175
40.070758 116.419010 46177
40.070751 116.419016 46180
40.070791 116.418977 46185
40.070809 116.418967 46190
40.070823 116.418936 46193
40.070832 116.418916 46195
40.070855 116.418881 46200
40.070878 116.418828 46205
40.070882 116.418780 46210
40.070847 116.418718 46215
40.070823 116.418654 46220
40.070800 116.418633 46222
40.070765 116.418602 46225
40.070736 116.418545 46230
40.070694 116.418477 46235
40.070651 116.418415 46240
40.070657 116.418403 46241
40.070674 116.418369 46244
40.070680 116.418357 46245
40.070644 116.418303 46250
40.070642 116.418296 46251
40.070640 116.418289 46252
40.070634 116.418267 46255
40.070675 116.418213 46260
40.070703 116.418191 46265
40.070700 116.418188 46269
40.070699 116.418187 46270
40.070721 116.418216 46275
40.070793 116.418209 46280
40.070806 116.418215 46281
40.070819 116.418220 46282
40.070858 116.418237 46285
40.070911 116.418160 46290
40.070985 116.418150 46293
40.071034 116.418144 46295
40.071085 116.418130 46300
40.071159 116.418111 46305
40.071207 116.418065 46309
40.071219 116.418053 46310
40.071285 116.418018 46315
40.071295 116.417984 46320
40.071305 116.417974 46324
40.071308 116.417972 46325
40.071339 116.417915 46330
40.071334 116.417936 46335
40.071345 116.417925 46336
40.071387 116.417880 46340
40.071477 116.417774 46345
40.071576 116.417707 46350
40.071596 116.417693 46351
40.071676 116.417638 46355
40.071757 116.417618 46360
40.071786 116.417631 46363
40.071806 116.417640 46365
40.071846 116.417614 46370
40.071853 116.417583 46373
40.071857 116.417562 46375
40.071861 116.417535 46378
40.071864 116.417517 46380
40.071863 116.417468 46385
40.071865 116.417423 46390
40.071865 116.417360 46395
40.071865 116.417280 46400
40.071876 116.417232 46405
40.071839 116.417231 46410
40.071820 116.417237 46415
40.071808 116.417211 46420
40.071797 116.417153 46424
40.071794 116.417138 46425
40.071790 116.417138 46430
40.071790 116.417138 46433
