40.073554 116.419026 42784
40.070491 116.418694 42829
40.070495 116.418683 42832
40.070497 116.418676 42834
40.071501 116.418904 42839
40.072107 116.418937 42844
40.072480 116.418982 42849
40.072671 116.419043 42854
40.072712 116.419048 42857
40.073427 116.419126 42909
40.073372 116.419044 42914
40.073376 116.419021 42915
40.073380 116.418998 42916
40.073389 116.418953 42918
40.073393 116.418930 42919
40.073390 116.418916 42921
40.073386 116.418895 42924
40.073347 116.418884 42929
40.073297 116.418879 42934
40.073251 116.418833 42939
40.073185 116.418814 42944
40.073176 116.418806 42945
40.073140 116.418774 42949
40.073090 116.418798 42954
40.073050 116.418842 42957
40.073036 116.418857 42958
40.073023 116.418872 42959
40.072982 116.418930 42962
40.072969 116.418949 42963
40.072955 116.418968 42964
40.072945 116.418983 42965
40.072906 116.419043 42969
40.072872 116.419033 42973
40.072864 116.419031 42974
40.072856 116.419008 42976
40.072848 116.418985 42978
40.072844 116.418974 42979
40.072843 116.418964 42980
40.072842 116.418953 42981
40.072839 116.418922 42984
40.072844 116.418925 42987
40.072848 116.418927 42989
40.072826 116.418941 42994
40.072821 116.418945 42999
40.072819 116.418914 43002
40.072818 116.418903 43003
40.072817 116.418893 43004
40.072768 116.418886 43009
40.072715 116.418879 43014
40.072691 116.418857 43019
40.072645 116.418880 43024
40.072598 116.418897 43029
40.072508 116.418930 43034
40.072462 116.418883 43039
40.072416 116.418858 43044
40.072375 116.418843 43049
40.072358 116.418836 43050
40.072307 116.418813 43053
40.072290 116.418806 43054
40.072184 116.418870 43059
40.072148 116.418895 43061
40.072094 116.418932 43064
40.072071 116.418944 43066
40.072036 116.418961 43069
40.071991 116.418960 43073
40.071980 116.418960 43074
40.071939 116.418938 43079
40.071930 116.418935 43080
40.071892 116.418925 43084
40.071882 116.418928 43085
40.071851 116.418936 43088
40.071841 116.418939 43089
40.071797 116.418938 43094
40.071760 116.418906 43098
40.071751 116.418898 43099
40.071705 116.418899 43101
40.071636 116.418900 43104
40.071540 116.418876 43109
40.071460 116.418871 43114
40.071388 116.418884 43119
40.071342 116.418897 43122
40.071311 116.418905 43124
40.071270 116.418926 43127
40.071256 116.418933 43128
40.071242 116.418940 43129
40.071172 116.418973 43134
40.071079 116.418995 43139
40.071055 116.419001 43141
40.071018 116.419011 43144
40.070961 116.419012 43149
40.070923 116.418939 43154
40.070856 116.418955 43159
40.070803 116.418978 43164
40.070751 116.418984 43169
40.070698 116.418994 43174
40.070693 116.418978 43179
40.070695 116.418974 43182
40.070695 116.418973 43183
40.070696 116.418972 43184
40.070716 116.418953 43189
40.070752 116.418897 43194
40.070778 116.418813 43198
40.070784 116.418792 43199
40.070868 116.418666 43204
40.070900 116.418588 43208
40.070908 116.418569 43209
40.070936 116.418538 43212
40.070954 116.418517 43214
40.071010 116.418470 43219
40.071053 116.418423 43222
40.071082 116.418392 43224
40.071120 116.418335 43229
40.071168 116.418227 43234
40.071173 116.418170 43239
40.071178 116.418121 43244
40.071193 116.418074 43249
40.071191 116.418022 43254
40.071158 116.417946 43259
40.071188 116.417882 43264
40.071282 116.417776 43269
40.071276 116.417754 43271
40.071267 116.417722 43274
40.071201 116.417744 43279
40.071211 116.417733 43281
40.071227 116.417717 43284
40.071266 116.417708 43289
40.071294 116.417693 43292
40.071312 116.417683 43294
40.071347 116.417673 43298
40.071356 116.417671 43299
40.071403 116.417647 43304
40.071431 116.417633 43309
40.071454 116.417582 43314
40.071476 116.417526 43319
40.071508 116.417479 43324
40.071551 116.417434 43329
40.071547 116.417458 43330
40.071532 116.417556 43334
40.071557 116.417533 43339
40.071583 116.417521 43340
40.071685 116.417475 43344
40.071717 116.417462 43346
40.071764 116.417443 43349
40.071768 116.417418 43354
40.071901 116.417386 43359
40.071927 116.417368 43362
40.071945 116.417356 43364
40.071962 116.417388 43369
40.071976 116.417357 43372
40.071980 116.417346 43373
40.071985 116.417336 43374
40.072005 116.417248 43379
40.072009 116.417227 43380
40.072023 116.417142 43384
40.072003 116.417113 43387
40.071989 116.417094 43389
40.071976 116.417056 43393
40.071973 116.417046 43394
40.071935 116.417004 43399
