39.933948 116.268772 17369
39.933977 116.268779 17370
39.934034 116.268793 17372
39.934063 116.268800 17373
39.934165 116.268790 17377
39.934257 116.268790 17381
39.934304 116.268799 17383
39.934352 116.268807 17385
39.934448 116.268788 17389
39.934588 116.268670 17393
39.934678 116.268658 17397
39.934793 116.268663 17402
39.934878 116.268700 17408
39.934901 116.268704 17409
39.934972 116.268718 17412
39.934935 116.268850 17416
39.935040 116.268863 17420
39.935082 116.268844 17421
39.935167 116.268807 17423
39.935270 116.268758 17426
39.935365 116.268698 17429
39.935458 116.268700 17442
39.935465 116.268700 17443
39.935550 116.268735 17448
39.935660 116.268742 17455
39.935733 116.268704 17457
39.935770 116.268685 17458
39.935860 116.268665 17462
39.935967 116.268655 17466
39.936065 116.268635 17470
39.936158 116.268618 17474
39.936185 116.268615 17475
39.936267 116.268607 17478
39.936348 116.268650 17484
39.936433 116.268720 17488
39.936473 116.268710 17489
39.936552 116.268690 17491
39.936668 116.268670 17494
39.936767 116.268652 17497
39.936839 116.268634 17499
39.936875 116.268625 17500
39.936993 116.268613 17503
39.937069 116.268598 17505
39.937107 116.268590 17506
39.937217 116.268557 17510
39.937297 116.268544 17513
39.937323 116.268540 17514
39.937351 116.268538 17515
39.937435 116.268532 17518
39.937527 116.268520 17521
39.937628 116.268542 17526
39.937743 116.268530 17530
39.937779 116.268524 17531
39.937852 116.268513 17533
39.937947 116.268507 17537
39.938065 116.268493 17541
39.938168 116.268497 17545
39.938267 116.268538 17548
39.938285 116.268534 17549
39.938358 116.268517 17553
39.938378 116.268515 17554
39.938419 116.268510 17556
39.938440 116.268507 17557
39.938460 116.268505 17558
39.938553 116.268527 17561
39.938668 116.268530 17564
39.938733 116.268531 17566
39.938765 116.268532 17567
39.938883 116.268537 17571
39.938985 116.268550 17575
39.939015 116.268552 17576
39.939045 116.268553 17577
39.939075 116.268555 17578
39.939175 116.268542 17581
39.939255 116.268527 17584
39.939282 116.268522 17585
39.939309 116.268520 17586
39.939390 116.268515 17589
39.939412 116.268522 17590
39.939478 116.268542 17593
39.939575 116.268537 17596
39.939678 116.268523 17600
39.939792 116.268523 17604
39.939905 116.268545 17608
39.940005 116.268575 17613
39.940083 116.268622 17619
39.940182 116.268612 17627
39.940280 116.268620 17629
39.940385 116.268595 17634
39.940428 116.268678 17641
39.940533 116.268670 17674
39.940615 116.268622 17687
39.940612 116.268583 17690
39.940611 116.268569 17691
39.940609 116.268543 17693
39.940608 116.268530 17694
39.940608 116.268427 17700
39.940605 116.268373 17704
39.940602 116.268332 17707
39.940568 116.268237 17714
39.940598 116.268142 17720
39.940599 116.268093 17723
39.940600 116.268045 17726
39.940598 116.267942 17736
39.940635 116.267842 17745
39.940639 116.267812 17749
39.940640 116.267805 17750
39.940647 116.267752 17757
39.940656 116.267749 17759
39.940718 116.267731 17772
39.940732 116.267726 17775
39.940737 116.267725 17776
39.940828 116.267730 17792
39.940893 116.267800 17798
39.940979 116.267820 17804
39.940993 116.267823 17805
39.941080 116.267799 17812
39.941105 116.267792 17814
39.941198 116.267755 17817
39.941237 116.267653 17822
39.941253 116.267590 17824
39.941260 116.267559 17825
39.941268 116.267528 17826
39.941285 116.267495 17827
39.941318 116.267430 17829
39.941227 116.267278 17833
39.941310 116.267220 17840
39.941339 116.267238 17841
39.941397 116.267275 17843
39.941427 116.267286 17844
39.941457 116.267296 17845
39.941487 116.267307 17846
39.941551 116.267308 17850
39.941583 116.267308 17852
39.941667 116.267268 17857
39.941770 116.267285 17861
39.941843 116.267210 17867
39.941865 116.267097 17871
39.941852 116.266983 17875
39.941844 116.266952 17876
39.941835 116.266921 17877
39.941827 116.266890 17878
39.941800 116.266819 17883
39.941795 116.266805 17884
39.941782 116.266705 17888
39.941775 116.266684 17889
39.941768 116.266662 17890
39.941747 116.266598 17893
39.941752 116.266508 17921
39.941756 116.266465 17924
39.941762 116.266408 17928
39.941802 116.266320 17934
39.941831 116.266243 17939
39.941837 116.266227 17940
39.941843 116.266205 17941
39.941848 116.266182 17942
39.941854 116.266160 17943
39.941860 116.266137 17944
39.941793 116.266072 17950
39.941748 116.265982 17955
39.941975 116.265825 17960
39.942019 116.265800 17962
39.942063 116.265775 17964
