39.859545 116.257573 85257
39.859581 116.257667 85272
39.859583 116.257673 85273
39.859557 116.257686 85278
39.859552 116.257689 85279
39.859526 116.257702 85284
39.859500 116.257715 85289
39.859410 116.257698 85298
39.859392 116.257788 85303
39.859394 116.257813 85304
39.859400 116.257887 85307
39.859460 116.258118 85312
39.859512 116.258337 85316
39.859537 116.258557 85321
39.859542 116.258594 85322
39.859547 116.258630 85323
39.859552 116.258667 85324
39.859558 116.258783 85327
39.859570 116.258903 85330
39.859588 116.259000 85333
39.859625 116.259097 85338
39.859738 116.259107 85342
39.859888 116.259083 85344
39.860038 116.259059 85346
39.860113 116.259047 85347
39.860402 116.259001 85350
39.860595 116.258970 85352
39.861082 116.258867 85357
39.861603 116.258770 85362
39.862072 116.258672 85367
39.862444 116.258588 85371
39.862537 116.258567 85372
39.862785 116.258536 85375
39.862867 116.258525 85376
39.863302 116.258543 85381
39.863531 116.258552 85384
39.863607 116.258555 85385
39.863683 116.258558 85386
39.863883 116.258562 85390
39.863985 116.258562 85393
39.864090 116.258570 85399
39.864205 116.258573 85403
39.864330 116.258573 85406
39.864432 116.258573 85408
39.864585 116.258572 85411
39.864750 116.258563 85414
39.864805 116.258560 85415
39.864936 116.258546 85417
39.865068 116.258533 85419
39.865277 116.258478 85423
39.865483 116.258473 85426
39.865552 116.258472 85427
39.865785 116.258475 85431
39.865905 116.258473 85434
39.866002 116.258485 85439
39.866108 116.258435 85445
39.866163 116.258291 85447
39.866218 116.258147 85449
39.866400 116.257707 85454
39.866439 116.257633 85455
39.866478 116.257559 85456
39.866557 116.257412 85458
39.866708 116.257200 85462
39.866742 116.257214 85463
39.866877 116.257272 85467
39.866939 116.257426 85469
39.867033 116.257657 85472
39.867139 116.257882 85474
39.867245 116.258107 85476
39.867298 116.258220 85477
39.867558 116.258833 85482
39.867875 116.259478 85487
39.868250 116.260145 85492
39.868602 116.260867 85497
39.868680 116.261016 85498
39.868993 116.261610 85502
39.869360 116.262405 85507
39.869738 116.263163 85512
39.869957 116.263586 85515
39.870030 116.263727 85516
39.870103 116.263868 85517
39.870475 116.264607 85522
39.870547 116.264758 85523
39.870618 116.264908 85524
39.870833 116.265360 85527
39.871183 116.266105 85532
39.871522 116.266797 85537
39.871730 116.267179 85540
39.871868 116.267433 85542
39.872152 116.268142 85547
39.872455 116.268848 85552
39.872827 116.269570 85557
39.872977 116.269848 85559
39.873202 116.270265 85562
39.873268 116.270417 85563
39.873532 116.271025 85567
39.873928 116.271613 85572
39.874412 116.271982 85577
39.874789 116.272011 85580
39.875040 116.272030 85582
39.875653 116.271813 85587
39.876238 116.271582 85592
39.876845 116.271338 85597
39.877465 116.271065 85602
39.878088 116.270783 85607
39.878619 116.270565 85611
39.878752 116.270510 85612
39.879447 116.270228 85617
39.880140 116.269965 85622
39.880847 116.269700 85627
39.881557 116.269435 85632
39.881851 116.269328 85634
39.882292 116.269167 85637
39.883037 116.268903 85642
39.883187 116.268855 85643
39.883637 116.268710 85646
39.883787 116.268662 85647
39.884575 116.268462 85652
39.885388 116.268307 85657
39.886163 116.268185 85662
39.886316 116.268169 85663
39.886930 116.268107 85667
39.887772 116.268090 85672
39.888580 116.268097 85677
39.888742 116.268098 85678
39.888904 116.268098 85679
39.889390 116.268100 85682
39.890207 116.268108 85687
39.890987 116.268118 85692
39.891140 116.268117 85693
39.891292 116.268117 85694
39.891750 116.268115 85697
39.892508 116.268128 85702
39.893273 116.268132 85707
39.894035 116.268140 85712
39.894166 116.268159 85713
39.894692 116.268237 85717
39.894801 116.268287 85718
39.895020 116.268387 85720
39.895238 116.268487 85722
39.895708 116.268653 85726
39.895825 116.268695 85727
39.895936 116.268727 85728
39.896380 116.268857 85732
39.896890 116.269013 85737
39.897040 116.269008 85739
39.897265 116.269000 85742
39.897490 116.268833 85746
39.897695 116.268620 85750
39.897928 116.268535 85754
39.897998 116.268528 85755
39.898277 116.268500 85759
39.898337 116.268487 85760
39.898397 116.268474 85761
39.898517 116.268448 85763
39.898625 116.268465 85853
39.898750 116.268465 85856
