39.904818 116.261070 76966
39.904753 116.260972 76971
39.904663 116.260928 76976
39.904574 116.260926 76979
39.904545 116.260925 76980
39.904447 116.260908 76984
39.904414 116.260899 76986
39.904333 116.260875 76991
39.904299 116.260881 76992
39.904266 116.260887 76993
39.904232 116.260893 76994
39.904173 116.260894 76996
39.904115 116.260895 76998
39.903993 116.260895 77002
39.903907 116.260905 77005
39.903878 116.260908 77006
39.903831 116.260911 77008
39.903785 116.260915 77010
39.903692 116.260897 77014
39.903600 116.260892 77018
39.903534 116.260888 77021
39.903490 116.260885 77023
39.903390 116.260875 77027
39.903306 116.260884 77030
39.903278 116.260887 77031
39.903168 116.260882 77035
39.903070 116.260877 77039
39.903047 116.260873 77040
39.903024 116.260868 77041
39.903001 116.260864 77042
39.902978 116.260860 77043
39.902940 116.260783 77046
39.902927 116.260757 77047
39.902892 116.260667 77050
39.902869 116.260607 77052
39.902857 116.260577 77053
39.902835 116.260480 77056
39.902823 116.260375 77059
39.902820 116.260265 77062
39.902812 116.260150 77065
39.902808 116.260032 77068
39.902783 116.259961 77070
39.902770 116.259925 77071
39.902742 116.259813 77074
39.902729 116.259736 77076
39.902723 116.259697 77077
39.902718 116.259657 77078
39.902708 116.259577 77080
39.902695 116.259458 77083
39.902683 116.259343 77086
39.902745 116.259115 77091
39.902739 116.259078 77092
39.902733 116.259042 77093
39.902727 116.259005 77094
39.902698 116.258905 77097
39.902679 116.258840 77099
39.902670 116.258808 77100
39.902638 116.258710 77103
39.902678 116.258507 77108
39.902667 116.258496 77109
39.902613 116.258443 77114
39.902565 116.258442 77116
39.902517 116.258440 77118
39.902402 116.258462 77121
39.902310 116.258460 77124
39.902249 116.258461 77126
39.902218 116.258462 77127
39.902110 116.258443 77131
39.902010 116.258443 77135
39.901887 116.258452 77139
39.901777 116.258437 77144
39.901685 116.258448 77147
39.901624 116.258468 77149
39.901593 116.258478 77150
39.901488 116.258500 77153
39.901393 116.258498 77156
39.901364 116.258492 77157
39.901277 116.258472 77160
39.901248 116.258473 77161
39.901218 116.258475 77162
39.901160 116.258477 77164
39.901070 116.258462 77168
39.900957 116.258455 77172
39.900847 116.258468 77175
39.900737 116.258478 77178
39.900662 116.258484 77180
39.900625 116.258487 77181
39.900585 116.258492 77182
39.900505 116.258502 77184
39.900413 116.258528 77187
39.900312 116.258535 77190
39.900289 116.258524 77191
39.900218 116.258493 77194
39.900133 116.258474 77197
39.900105 116.258468 77198
39.899858 116.258487 77203
39.899753 116.258478 77206
39.899682 116.258485 77208
39.899647 116.258488 77209
39.899555 116.258490 77212
39.899500 116.258471 77214
39.899445 116.258452 77216
39.899416 116.258445 77217
39.899328 116.258423 77220
39.899288 116.258428 77221
39.899248 116.258432 77222
39.899208 116.258437 77223
39.899080 116.258453 77226
39.898997 116.258466 77228
39.898955 116.258473 77229
39.898842 116.258478 77232
39.898805 116.258480 77233
39.898767 116.258481 77234
39.898730 116.258483 77235
39.898696 116.258490 77236
39.898627 116.258503 77238
39.898528 116.258512 77241
39.898498 116.258510 77242
39.898467 116.258509 77243
39.898437 116.258507 77244
39.898343 116.258503 77247
39.898250 116.258502 77250
39.898152 116.258503 77253
39.898084 116.258508 77255
39.898050 116.258510 77256
39.897950 116.258512 77259
39.897850 116.258513 77262
39.897785 116.258513 77264
39.897753 116.258513 77265
39.897650 116.258518 77268
39.897550 116.258520 77271
39.897460 116.258515 77274
39.897397 116.258516 77276
39.897365 116.258517 77277
39.897329 116.258514 77278
39.897257 116.258507 77280
39.897200 116.258497 77282
39.897171 116.258492 77283
39.897143 116.258487 77284
39.897096 116.258480 77285
39.897003 116.258467 77287
39.896908 116.258500 77290
39.896812 116.258510 77293
39.896715 116.258543 77297
39.896630 116.258543 77299
39.896588 116.258543 77300
39.896483 116.258537 77303
39.896367 116.258513 77307
39.896331 116.258510 77308
39.896258 116.258505 77310
39.896158 116.258522 77313
39.896088 116.258521 77315
39.896053 116.258520 77316
39.895948 116.258495 77319
39.895725 116.258532 77327
39.895705 116.258539 77328
39.895625 116.258568 77332
39.895518 116.258607 77337
39.895469 116.258605 77338
39.895275 116.258597 77342
39.895173 116.258610 77345
39.895068 116.258603 77348
39.894998 116.258639 77350
39.894963 116.258657 77351
39.894917 116.258660 77352
39.894825 116.258665 77354
39.894775 116.258663 77356
39.894725 116.258662 77358
39.894613 116.258648 77361
39.894515 116.258623 77364
39.894423 116.258617 77367
39.894305 116.258582 77371
39.894210 116.258540 77374
39.894150 116.258535 77376
39.894120 116.258532 77377
39.894092 116.258530 77378
39.894064 116.258529 77379
39.894035 116.258527 77380
39.894007 116.258525 77381
39.893918 116.258543 77384
39.893855 116.258546 77386
39.893823 116.258547 77387
39.893764 116.258557 77389
39.893705 116.258568 77391
39.893667 116.258573 77392
39.893513 116.258595 77396
39.893478 116.258597 77397
39.893442 116.258600 77398
39.893407 116.258602 77399
39.893388 116.258448 77403
39.893338 116.258532 77412
39.893255 116.258497 77416
39.893060 116.258567 77420
39.892938 116.258573 77423
39.892822 116.258628 77428
39.892595 116.258590 77432
39.892495 116.258617 77436
39.892348 116.258600 77439
39.892090 116.258577 77444
39.891833 116.258587 77449
39.891802 116.258675 77453
39.891702 116.258688 77458
39.891660 116.258677 77459
39.891493 116.258635 77463
39.891270 116.258592 77468
39.891216 116.258592 77471
39.891163 116.258593 77474
39.891063 116.258642 77477
39.891032 116.258645 77478
39.891001 116.258647 77479
39.890970 116.258650 77480
39.890875 116.258613 77483
39.890783 116.258595 77486
39.890692 116.258590 77489
39.890575 116.258582 77493
39.890545 116.258587 77494
39.890485 116.258598 77496
39.890447 116.258599 77497
39.890295 116.258603 77501
39.890254 116.258599 77502
39.890214 116.258596 77503
39.890173 116.258592 77504
39.890109 116.258604 77507
39.890088 116.258608 77508
39.890067 116.258612 77509
39.889857 116.258608 77514
39.889758 116.258607 77517
39.889724 116.258601 77518
39.889657 116.258590 77520
39.889606 116.258588 77522
39.889581 116.258586 77523
39.889555 116.258585 77524
39.889460 116.258590 77527
39.889347 116.258612 77531
39.889257 116.258627 77534
39.889187 116.258557 77537
39.889073 116.258568 77541
39.889017 116.258480 77546
39.888910 116.258457 77551
39.888870 116.258476 77552
39.888829 116.258495 77553
39.888708 116.258553 77556
39.888607 116.258533 77560
39.888517 116.258492 77564
