40.000262 116.379037 66799
40.000246 116.378996 66802
40.000235 116.378969 66804
40.000230 116.378935 66807
40.000226 116.378913 66809
40.000224 116.378964 66814
40.000204 116.379043 66819
40.000190 116.379087 66821
40.000184 116.379109 66822
40.000170 116.379153 66824
40.000171 116.379258 66829
40.000184 116.379282 66833
40.000187 116.379288 66834
40.000229 116.379276 66839
40.000235 116.379251 66841
40.000243 116.379214 66844
40.000273 116.379184 66848
40.000280 116.379177 66849
40.000295 116.379169 66850
40.000354 116.379138 66854
40.000396 116.379085 66859
40.000392 116.379024 66864
40.000386 116.378984 66868
40.000384 116.378974 66869
40.000388 116.378954 66873
40.000389 116.378949 66874
40.000394 116.378980 66878
40.000395 116.378988 66879
40.000396 116.379003 66880
40.000401 116.379047 66883
40.000402 116.379062 66884
40.000406 116.379130 66889
40.000403 116.379215 66894
40.000408 116.379262 66899
40.000414 116.379293 66902
40.000418 116.379313 66904
40.000425 116.379330 66909
40.000469 116.379363 66914
40.000529 116.379412 66919
40.000574 116.379441 66924
40.000574 116.379467 66929
40.000582 116.379475 66934
40.000589 116.379470 66935
40.000618 116.379449 66939
40.000646 116.379439 66941
40.000660 116.379434 66942
40.000688 116.379424 66944
40.000720 116.379425 66946
40.000769 116.379426 66949
40.000864 116.379439 66954
40.000937 116.379484 66959
40.000977 116.379482 66964
40.001007 116.379480 66969
40.001013 116.379454 66971
40.001015 116.379441 66972
40.001021 116.379415 66974
40.001044 116.379363 66979
40.001066 116.379304 66984
40.001073 116.379289 66989
40.001073 116.379280 66990
40.001072 116.379271 66991
40.001071 116.379245 66994
40.001078 116.379187 66998
40.001080 116.379173 66999
40.001132 116.379143 67014
40.001157 116.379130 67019
40.001143 116.379139 67024
40.001134 116.379127 67025
40.001115 116.379104 67027
40.001105 116.379093 67028
40.001096 116.379081 67029
40.001074 116.379044 67032
40.001060 116.379019 67034
40.001064 116.379009 67035
40.001081 116.378970 67039
40.001116 116.378922 67042
40.001128 116.378906 67043
40.001140 116.378890 67044
40.001180 116.378828 67049
40.001191 116.378817 67050
40.001234 116.378774 67054
40.001277 116.378730 67059
40.001266 116.378658 67064
40.001264 116.378698 67069
40.001275 116.378741 67074
40.001262 116.378799 67079
40.001240 116.378854 67083
40.001235 116.378868 67084
40.001140 116.378868 67089
40.001139 116.378866 67093
40.001139 116.378866 67094
40.001139 116.378861 67096
40.001140 116.378859 67097
40.001140 116.378854 67099
40.001140 116.378856 67100
40.001140 116.378859 67102
40.001140 116.378863 67104
40.001137 116.378855 67109
40.001139 116.378874 67112
40.001140 116.378886 67114
40.001135 116.378884 67119
40.001127 116.378880 67124
40.001128 116.378869 67129
40.001124 116.378856 67134
40.001113 116.378842 67139
40.001098 116.378855 67144
40.001102 116.378853 67149
40.001104 116.378844 67151
40.001108 116.378831 67154
40.001070 116.378772 67159
40.001022 116.378733 67164
40.000988 116.378710 67169
40.000960 116.378684 67174
40.000916 116.378601 67179
40.000891 116.378519 67184
40.000863 116.378461 67189
40.000859 116.378445 67191
40.000857 116.378436 67192
40.000853 116.378420 67194
40.000853 116.378414 67195
40.000853 116.378407 67196
40.000854 116.378401 67197
40.000854 116.378394 67198
40.000854 116.378388 67199
40.000845 116.378363 67203
40.000843 116.378357 67204
40.000845 116.378302 67209
40.000849 116.378316 67213
40.000850 116.378319 67214
40.000850 116.378320 67219
40.000839 116.378303 67224
40.000830 116.378288 67225
40.000792 116.378228 67229
40.000778 116.378229 67231
40.000758 116.378230 67234
40.000757 116.378242 67239
40.000761 116.378304 67244
40.000742 116.378345 67249
40.000745 116.378349 67254
40.000728 116.378362 67259
40.000723 116.378366 67264
40.000722 116.378368 67265
40.000719 116.378375 67268
40.000718 116.378377 67269
40.000698 116.378397 67309
40.000651 116.378382 67314
40.000592 116.378353 67319
40.000592 116.378354 67320
40.000592 116.378357 67324
40.000567 116.378335 67329
40.000566 116.378338 67330
40.000564 116.378344 67332
40.000562 116.378350 67334
40.000572 116.378398 67339
40.000592 116.378439 67344
40.000596 116.378452 67349
40.000601 116.378463 67354
40.000605 116.378484 67359
40.000603 116.378492 67360
40.000596 116.378524 67364
39.999578 116.378949 67369
39.999518 116.378985 67374
39.999525 116.378992 67377
39.999529 116.378996 67379
39.999548 116.379036 67384
39.999632 116.379092 67389
39.999667 116.379227 67394
39.999688 116.379311 67399
