39.880620 116.272283 23790
39.880559 116.272262 23800
39.880507 116.272242 23816
39.880513 116.272211 23833
39.880518 116.272185 23847
39.880558 116.272211 23920
39.880566 116.272216 23934
39.880568 116.272195 23945
39.880523 116.272201 23975
39.880531 116.272207 23986
39.880540 116.272213 23998
39.880562 116.272230 24029
39.880620 116.272268 24033
39.880633 116.272278 24034
39.880659 116.272297 24036
39.880676 116.272309 24037
39.880711 116.272332 24039
39.880750 116.272350 24043
39.880760 116.272354 24044
39.880791 116.272402 24051
39.880746 116.272389 24084
39.880737 116.272324 24099
39.880694 116.272307 24139
39.880659 116.272345 24180
39.880618 116.272370 24220
39.880570 116.272364 24260
39.880540 116.272351 24272
39.880523 116.272343 24279
39.880519 116.272331 24281
39.880504 116.272288 24288
39.880496 116.272246 24297
39.880495 116.272241 24298
39.880493 116.272232 24300
39.880538 116.272250 24321
39.880550 116.272252 24322
39.880599 116.272258 24326
39.880612 116.272268 24328
39.880639 116.272287 24332
39.880646 116.272287 24333
39.880686 116.272284 24339
39.880723 116.272315 24349
39.880694 116.272308 24355
39.880679 116.272305 24358
39.880634 116.272314 24363
39.880589 116.272344 24380
