39.980213 116.354228 29908
39.980168 116.354188 29911
39.980147 116.354105 29914
39.980179 116.354106 29916
39.980195 116.354107 29917
39.980213 116.354118 29921
39.980243 116.354122 29925
39.980007 116.354225 29930
39.979861 116.354256 29932
39.979715 116.354287 29934
39.979502 116.354368 29938
39.979372 116.354455 29943
39.979779 116.354491 29962
39.980250 116.354532 29984
39.980276 116.354462 29985
39.980327 116.354322 29987
39.980353 116.354252 29988
39.980336 116.354196 29990
39.980327 116.354168 29991
39.980301 116.354128 29993
39.980288 116.354108 29994
39.980173 116.354105 29997
39.980122 116.354082 30000
39.980069 116.354062 30002
39.980043 116.354052 30003
39.979966 116.354063 30006
39.979915 116.354070 30008
39.979832 116.354035 30013
39.979809 116.354036 30015
39.979797 116.354037 30016
39.979763 116.354057 30019
39.979744 116.354066 30021
39.979735 116.354070 30022
39.979707 116.354073 30025
39.979670 116.354083 30028
39.979659 116.354084 30030
39.979653 116.354085 30031
39.979628 116.354082 30034
39.979590 116.354095 30037
39.979568 116.354086 30039
39.979557 116.354082 30040
39.979512 116.354098 30043
39.979473 116.354130 30046
39.979427 116.354120 30049
39.979387 116.354075 30052
39.979345 116.354062 30055
39.979278 116.354015 30058
39.979265 116.354013 30059
39.979251 116.354012 30060
39.979238 116.354010 30061
39.979227 116.353995 30064
39.979238 116.353984 30065
39.979249 116.353974 30066
39.979260 116.353963 30067
39.979273 116.353910 30070
39.979318 116.353812 30073
39.979368 116.353730 30076
39.979378 116.353672 30079
39.979368 116.353628 30082
39.979356 116.353598 30084
39.979350 116.353583 30085
39.979343 116.353573 30086
39.979330 116.353553 30088
39.979325 116.353525 30091
39.979307 116.353490 30094
39.979305 116.353460 30097
39.979308 116.353454 30098
39.979315 116.353442 30100
39.979360 116.353393 30103
39.979360 116.353374 30104
39.979360 116.353356 30105
39.979360 116.353337 30106
39.979366 116.353318 30107
39.979378 116.353280 30109
39.979395 116.353257 30111
39.979403 116.353245 30112
39.979433 116.353275 30115
39.979445 116.353302 30116
39.979458 116.353330 30117
39.979470 116.353357 30118
39.979473 116.353377 30119
39.979475 116.353397 30120
39.979478 116.353417 30121
39.979485 116.353472 30131
39.979448 116.353395 30135
39.979432 116.353390 30138
39.979420 116.353432 30141
39.979405 116.353434 30142
39.979375 116.353437 30144
39.979360 116.353440 30146
39.979352 116.353442 30147
39.979407 116.353477 30150
39.979425 116.353528 30153
39.979478 116.353540 30156
39.979472 116.353603 30159
39.979418 116.353670 30162
39.979377 116.353682 30164
39.979357 116.353688 30165
39.979340 116.353693 30166
39.979307 116.353702 30168
39.979290 116.353706 30169
39.979257 116.353715 30171
39.979207 116.353697 30174
39.979140 116.353692 30177
39.979068 116.353672 30180
39.979046 116.353693 30181
39.979024 116.353714 30182
39.979002 116.353735 30183
39.979002 116.353767 30186
39.979013 116.353800 30189
39.979033 116.353807 30191
39.979043 116.353810 30192
39.979113 116.353810 30195
39.979170 116.353832 30198
39.979181 116.353851 30199
39.979203 116.353888 30201
39.979245 116.353927 30204
39.979273 116.353962 30207
39.979165 116.354030 30210
39.979162 116.354060 30213
39.979165 116.354069 30214
39.979172 116.354088 30216
39.979197 116.354107 30219
39.979203 116.354110 30220
39.979209 116.354114 30221
39.979215 116.354117 30222
39.979221 116.354119 30223
39.979233 116.354122 30225
39.979265 116.354125 30228
39.979278 116.354143 30230
39.979285 116.354152 30231
39.979233 116.354235 30234
39.979220 116.354256 30235
39.979195 116.354298 30237
39.979175 116.354317 30238
39.979135 116.354355 30240
39.979092 116.354367 30243
39.979060 116.354370 30246
39.979045 116.354375 30248
39.979038 116.354378 30249
39.978985 116.354430 30252
39.978953 116.354437 30255
39.978893 116.354440 30258
39.978845 116.354447 30261
39.978800 116.354440 30264
39.978750 116.354428 30267
39.978682 116.354437 30270
39.978677 116.354423 30273
39.978635 116.354410 30276
39.978592 116.354382 30279
39.978575 116.354369 30281
39.978567 116.354363 30282
39.978522 116.354350 30285
39.978498 116.354330 30288
39.978489 116.354332 30289
39.978481 116.354335 30290
39.978472 116.354337 30291
39.978459 116.354350 30293
39.978453 116.354357 30294
39.978444 116.354368 30295
39.978434 116.354379 30296
39.978425 116.354390 30297
39.978410 116.354403 30299
39.978402 116.354410 30300
39.978367 116.354423 30303
39.978343 116.354425 30307
39.978398 116.354423 30312
39.978437 116.354418 30315
39.978438 116.354425 30316
39.978439 116.354433 30317
39.978440 116.354440 30318
39.978440 116.354439 30319
39.978440 116.354437 30320
39.978440 116.354434 30322
39.978440 116.354431 30324
39.978440 116.354420 30332
39.978425 116.354412 30334
39.978418 116.354408 30335
39.978386 116.354413 30337
39.978370 116.354415 30338
39.978342 116.354424 30340
39.978328 116.354428 30341
39.978310 116.354430 30342
39.978291 116.354433 30343
39.978273 116.354435 30344
39.978213 116.354463 30347
39.978168 116.354495 30350
39.978157 116.354504 30351
39.978135 116.354522 30353
39.978110 116.354585 30356
39.978097 116.354607 30358
39.978090 116.354618 30359
39.978085 116.354635 30362
39.978082 116.354612 30371
39.978089 116.354615 30372
39.978103 116.354622 30374
39.978102 116.354648 30377
39.978096 116.354655 30378
39.978089 116.354661 30379
39.978083 116.354668 30380
39.978041 116.354677 30382
39.978020 116.354682 30383
39.977963 116.354692 30386
39.977912 116.354715 30389
39.977870 116.354737 30392
39.977857 116.354732 30393
39.977832 116.354723 30395
39.977820 116.354720 30396
39.977809 116.354718 30397
39.977797 116.354715 30398
39.977777 116.354717 30400
39.977767 116.354718 30401
39.977756 116.354721 30402
39.977733 116.354727 30404
39.977720 116.354720 30405
39.977693 116.354705 30407
39.977674 116.354707 30409
39.977665 116.354708 30410
39.977635 116.354720 30413
39.977598 116.354762 30416
39.977577 116.354780 30419
39.977562 116.354789 30421
39.977555 116.354793 30422
39.977549 116.354795 30423
39.977544 116.354798 30424
39.977538 116.354800 30425
39.977521 116.354795 30427
39.977512 116.354792 30428
39.977512 116.354792 30434
39.977499 116.354764 30437
39.977490 116.354745 30439
39.977483 116.354725 30442
39.977472 116.354763 30445
39.978197 116.354952 30479
39.977818 116.354943 30482
39.977615 116.354815 30487
39.977560 116.354748 30490
39.977482 116.354697 30493
39.977463 116.354827 30496
39.977442 116.354918 30499
39.977433 116.354968 30502
39.977418 116.354997 30506
39.977422 116.355000 30508
