39.986677 116.304087 45007
39.986707 116.304068 45008
39.986766 116.304029 45010
39.986795 116.304009 45011
39.986825 116.303990 45012
39.986862 116.303962 45016
39.986790 116.304075 45021
39.986727 116.304197 45025
39.986750 116.304195 45029
39.986750 116.304188 45030
39.986750 116.304180 45031
39.986778 116.304137 45046
39.986785 116.304125 45050
39.987518 116.303235 45077
39.987515 116.303223 45081
39.987515 116.303223 45135
39.987518 116.303233 45139
39.987523 116.303250 45143
39.987526 116.303249 45144
39.987528 116.303248 45145
39.987528 116.303248 45147
39.987529 116.303247 45158
39.987530 116.303246 45170
39.987530 116.303246 45172
39.987531 116.303246 45174
39.987532 116.303245 45190
39.987537 116.303250 45233
39.987536 116.303254 45234
39.987535 116.303258 45235
39.987537 116.303255 45261
39.987525 116.303260 45265
39.987520 116.303190 45270
39.987537 116.303123 45275
39.987717 116.303068 45283
39.987892 116.303083 45291
39.987958 116.303088 45294
39.988070 116.303072 45298
39.988143 116.303102 45303
39.988167 116.303170 45307
39.988125 116.303218 45311
39.988101 116.303232 45312
39.988076 116.303245 45313
39.988028 116.303272 45315
39.987303 116.303405 45382
39.987296 116.303406 45383
39.987290 116.303406 45384
39.987283 116.303407 45385
39.987277 116.303408 45386
39.987264 116.303405 45388
39.987252 116.303402 45390
39.987252 116.303390 45397
39.987237 116.303397 45401
39.987232 116.303393 45408
39.987227 116.303396 45409
39.987213 116.303405 45412
39.987222 116.303390 45425
39.987220 116.303393 45471
39.987220 116.303393 45483
39.987219 116.303395 45484
39.987218 116.303397 45485
39.987221 116.303404 45493
39.987221 116.303404 45494
39.987222 116.303407 45497
39.987222 116.303407 45525
39.987220 116.303413 45527
39.987222 116.303400 45531
39.987242 116.303358 45535
39.987278 116.303277 45539
39.987304 116.303214 45542
39.987313 116.303193 45543
39.987342 116.303143 45547
39.987388 116.303108 45551
39.987389 116.303104 45553
39.987390 116.303100 45555
39.987398 116.303080 45559
39.987395 116.303073 45607
