39.922498 116.349340 31200
39.922398 116.348840 31205
39.922380 116.348774 31206
39.922310 116.348508 31210
39.922322 116.348454 31215
39.922446 116.348425 31220
39.922489 116.348423 31222
39.922511 116.348422 31223
39.922554 116.348420 31225
39.922575 116.348417 31229
39.922580 116.348416 31230
39.922583 116.348416 31231
39.922594 116.348416 31234
39.922597 116.348416 31235
39.922650 116.348385 31238
39.922686 116.348365 31240
39.922785 116.348257 31244
39.922810 116.348230 31245
39.922949 116.348027 31250
39.922937 116.347969 31251
39.922889 116.347739 31255
39.922757 116.347476 31260
39.922670 116.347110 31265
39.922665 116.346681 31270
39.922657 116.346583 31271
39.922650 116.346486 31272
39.922627 116.346193 31275
39.922504 116.345428 31280
39.922440 116.344888 31285
39.922421 116.344478 31290
39.922393 116.344327 31292
39.922350 116.344101 31295
39.922386 116.343716 31300
39.922416 116.343326 31305
39.922426 116.342969 31310
39.922421 116.342672 31315
39.922438 116.342423 31320
39.922436 116.342370 31321
39.922429 116.342211 31324
39.922427 116.342158 31325
39.922407 116.341895 31330
39.922393 116.341764 31333
39.922388 116.341721 31334
39.922383 116.341677 31335
39.922333 116.341495 31340
39.922242 116.341278 31345
39.922244 116.341231 31349
39.922244 116.341219 31350
39.922269 116.341191 31355
39.922377 116.341168 31359
39.922404 116.341162 31360
39.922288 116.340826 31365
39.922293 116.340661 31368
39.922296 116.340551 31370
39.922267 116.340286 31375
39.922263 116.340236 31377
39.922256 116.340162 31380
39.922261 116.340124 31381
39.922282 116.339970 31385
39.922434 116.339769 31390
39.922434 116.339555 31395
39.922424 116.339359 31400
39.922425 116.339130 31404
39.922425 116.339073 31405
39.922480 116.338890 31410
39.922547 116.338714 31415
39.922572 116.338412 31420
39.922615 116.338269 31425
39.922776 116.338152 31430
39.922996 116.338091 31435
39.923334 116.338001 31440
39.923635 116.337914 31445
39.923908 116.337773 31450
39.924163 116.337647 31455
39.924411 116.337506 31460
39.924808 116.337499 31463
39.925072 116.337494 31465
39.922342 116.335502 31490
39.922122 116.335408 31491
39.921241 116.335032 31495
39.921051 116.334939 31500
39.922295 116.335639 31501
39.927269 116.338439 31505
39.927433 116.338382 31509
39.927474 116.338368 31510
39.927677 116.338368 31515
39.927656 116.338254 31520
39.927678 116.338239 31521
39.927722 116.338208 31523
39.927766 116.338178 31525
39.927683 116.338071 31530
39.927697 116.338063 31531
39.927753 116.338032 31535
39.927646 116.337912 31540
39.927394 116.337726 31545
39.927364 116.337597 31550
39.927739 116.337636 31555
39.927971 116.337571 31560
39.928178 116.337452 31565
39.928400 116.337486 31567
39.928733 116.337537 31570
39.929010 116.337519 31575
39.928986 116.337158 31582
39.928982 116.337107 31583
39.928923 116.336231 31600
39.932591 116.338736 31610
39.930310 116.337899 31620
39.930261 116.337859 31625
39.930276 116.337842 31630
39.930298 116.337845 31631
39.930385 116.337859 31635
39.930486 116.337872 31637
39.930638 116.337892 31640
39.930778 116.337937 31642
39.930988 116.338005 31645
39.931271 116.338019 31650
39.931459 116.338012 31655
39.931501 116.338021 31657
39.931563 116.338035 31660
39.931561 116.338051 31663
39.931560 116.338056 31664
39.931559 116.338061 31665
39.931560 116.338068 31666
39.931563 116.338083 31668
39.931565 116.338098 31670
39.931604 116.338173 31675
39.931680 116.338168 31680
39.931819 116.338110 31685
39.931950 116.338082 31690
39.932058 116.338060 31693
39.932094 116.338053 31694
39.932130 116.338046 31695
39.932416 116.337985 31700
39.932783 116.337939 31705
39.933239 116.337924 31710
39.933716 116.337979 31715
39.934078 116.338003 31719
39.934169 116.338009 31720
39.934558 116.338036 31725
39.934615 116.338044 31726
39.934844 116.338075 31730
39.934873 116.338076 31731
39.934902 116.338076 31732
39.934988 116.338078 31735
39.935044 116.338103 31740
39.935047 116.338102 31742
39.935050 116.338101 31744
39.935052 116.338100 31745
39.935131 116.338108 31750
39.935264 116.338129 31755
39.935310 116.338140 31757
39.935333 116.338145 31758
39.935379 116.338156 31760
39.935404 116.338181 31762
39.935442 116.338219 31765
39.935478 116.338216 31770
39.935499 116.338206 31772
39.935520 116.338196 31774
39.935530 116.338191 31775
39.935564 116.338155 31780
39.935572 116.338113 31785
39.935577 116.338111 31789
39.935578 116.338111 31790
39.935634 116.338102 31795
39.935644 116.338100 31796
39.935682 116.338090 31800
