39.886200 116.454880 16124
39.886092 116.454873 16125
39.885768 116.454851 16128
39.885352 116.454878 16132
39.884973 116.454865 16136
39.884752 116.454861 16139
39.884678 116.454860 16140
39.884417 116.454857 16144
39.884222 116.454855 16148
39.884017 116.454865 16152
39.883893 116.454864 16155
39.883851 116.454863 16156
39.883764 116.454862 16160
39.883734 116.454865 16164
39.883725 116.454875 16166
39.883721 116.454880 16167
39.883717 116.454885 16168
39.883705 116.454878 16169
39.883694 116.454871 16170
39.883671 116.454857 16172
39.883635 116.454853 16173
39.883526 116.454842 16176
39.883321 116.454853 16180
39.883205 116.454842 16184
39.883176 116.454856 16186
39.883162 116.454863 16187
39.883148 116.454870 16188
39.883120 116.454951 16192
39.883114 116.454948 16196
39.883122 116.454955 16200
39.883125 116.454934 16202
39.883126 116.454924 16203
39.883127 116.454913 16204
39.883146 116.454895 16208
39.883145 116.454895 16212
39.883129 116.454910 16216
39.883109 116.454923 16219
39.883102 116.454928 16220
39.883100 116.454919 16222
39.883097 116.454910 16224
39.883010 116.455377 16228
39.882943 116.456015 16232
39.882939 116.456477 16236
39.882947 116.456790 16240
39.882951 116.456958 16244
39.882956 116.457009 16248
39.882956 116.457022 16252
39.882975 116.457024 16255
39.882981 116.457024 16256
39.882996 116.457022 16258
39.883004 116.457022 16259
39.883011 116.457021 16260
39.883350 116.457208 16264
39.883462 116.457052 16267
39.883499 116.457000 16268
39.883520 116.457013 16269
39.883584 116.457054 16272
39.883557 116.457141 16273
39.883530 116.457228 16274
39.883504 116.457315 16275
39.883477 116.457402 16276
39.883406 116.457682 16280
39.883378 116.457988 16284
39.883360 116.458391 16288
39.883337 116.458471 16289
39.883290 116.458631 16291
39.883267 116.458711 16292
39.883259 116.458931 16296
39.883261 116.459000 16297
39.883265 116.459205 16300
39.883242 116.459609 16304
39.883188 116.460116 16308
39.883176 116.460619 16312
39.883184 116.460903 16316
39.883196 116.460989 16320
39.883196 116.460982 16324
39.883208 116.460993 16328
39.883204 116.460993 16331
39.883202 116.460993 16332
39.883173 116.460983 16336
39.883195 116.460984 16340
39.883193 116.461010 16344
39.883200 116.461166 16348
39.883309 116.461460 16352
39.883299 116.461650 16354
39.883290 116.461840 16356
39.883192 116.462352 16360
39.883162 116.462873 16364
39.883156 116.462986 16365
39.883139 116.463325 16368
39.883115 116.463614 16372
39.883107 116.463675 16374
39.883103 116.463705 16375
39.883099 116.463735 16376
39.883145 116.463733 16380
39.883172 116.463822 16384
39.883164 116.463883 16385
39.883139 116.464067 16388
39.883127 116.464266 16390
39.883120 116.464365 16391
39.883114 116.464464 16392
39.883070 116.464895 16396
39.883048 116.465320 16399
39.883041 116.465461 16400
39.883065 116.466114 16404
39.883054 116.466686 16408
39.883047 116.466821 16409
39.883026 116.467228 16412
39.883069 116.467799 16416
39.883084 116.468296 16420
39.883059 116.468602 16424
39.883059 116.468623 16426
39.883058 116.468644 16428
39.883036 116.468664 16431
39.883028 116.468671 16432
39.883002 116.468878 16436
39.882992 116.469224 16440
39.882995 116.469437 16442
39.882998 116.469650 16444
39.882984 116.470021 16448
39.883010 116.470222 16452
39.883011 116.470236 16453
39.883015 116.470277 16456
39.883014 116.470275 16457
39.883009 116.470269 16460
39.883031 116.470265 16464
39.883039 116.470262 16468
39.883049 116.470275 16471
39.883052 116.470279 16472
39.883068 116.470288 16476
39.883066 116.470292 16478
39.883064 116.470295 16480
39.883064 116.470292 16481
39.883063 116.470288 16482
39.883063 116.470281 16484
39.883065 116.470265 16488
39.883061 116.470294 16492
39.883043 116.470392 16496
39.883042 116.470457 16497
39.883038 116.470651 16500
39.883036 116.470708 16501
39.883029 116.470878 16504
39.882990 116.470968 16507
39.882977 116.470998 16508
39.882894 116.471072 16512
39.882711 116.471041 16516
39.882337 116.471054 16520
39.881982 116.471066 16524
39.881709 116.471074 16528
39.881648 116.471080 16529
39.881587 116.471085 16530
39.881465 116.471096 16532
39.881339 116.471097 16536
39.881298 116.471104 16538
39.881257 116.471111 16540
39.881227 116.471088 16544
39.881225 116.471085 16548
39.881223 116.471083 16552
39.881161 116.471090 16556
39.880980 116.471071 16560
39.880749 116.471095 16563
39.880672 116.471103 16564
39.880306 116.471115 16568
39.880117 116.471106 16570
39.879929 116.471097 16572
39.879670 116.471077 16576
39.879657 116.471067 16580
39.879657 116.471069 16581
39.879657 116.471073 16584
39.879621 116.471067 16588
39.879432 116.471096 16592
39.879274 116.471122 16594
39.879116 116.471147 16596
39.879019 116.471155 16597
39.878727 116.471178 16600
39.878458 116.471180 16604
39.878415 116.471176 16607
39.878401 116.471174 16608
39.878357 116.471171 16612
39.878211 116.471181 16616
39.878101 116.471322 16620
39.878087 116.471606 16624
39.878085 116.471859 16628
39.878106 116.471883 16632
39.878107 116.471893 16635
39.878107 116.471897 16636
39.878091 116.472094 16640
39.878101 116.472346 16643
39.878105 116.472430 16644
39.878076 116.472888 16648
39.878072 116.473015 16649
39.878060 116.473397 16652
39.878058 116.473534 16653
39.878057 116.473671 16654
39.878054 116.473945 16656
39.878059 116.474084 16657
39.878070 116.474361 16659
39.878076 116.474499 16660
39.878074 116.475008 16664
39.878080 116.475075 16665
39.878086 116.475142 16666
39.878092 116.475209 16667
39.878098 116.475276 16668
39.878118 116.475273 16672
39.878133 116.475253 16676
39.878133 116.475255 16677
39.878132 116.475260 16680
39.878135 116.475275 16681
39.878137 116.475290 16682
39.878142 116.475319 16684
39.878151 116.475368 16685
39.878170 116.475467 16687
39.878180 116.475516 16688
39.878188 116.475802 16691
39.878191 116.475897 16692
39.878212 116.476383 16696
39.878115 116.476836 16700
39.878107 116.477025 16704
39.878068 116.477136 16708
39.878033 116.477141 16709
39.877927 116.477155 16712
39.877673 116.477214 16716
39.877602 116.477245 16717
39.877461 116.477308 16719
39.877390 116.477339 16720
