39.996327 116.417137 21203
39.996214 116.417059 21207
39.996203 116.417044 21210
39.996199 116.417039 21211
39.996160 116.417019 21215
39.996148 116.417025 21216
39.996111 116.417045 21219
39.996075 116.417092 21223
39.996076 116.417098 21224
39.996078 116.417118 21227
39.996110 116.417152 21231
39.996122 116.417174 21233
39.996129 116.417185 21234
39.996135 116.417196 21235
39.996138 116.417203 21236
39.996141 116.417211 21237
39.996146 116.417226 21239
39.996148 116.417243 21243
39.996131 116.417278 21247
39.996126 116.417307 21251
39.996098 116.417294 21255
39.996114 116.417280 21259
39.996110 116.417276 21262
39.996109 116.417275 21263
39.996113 116.417270 21264
39.996124 116.417254 21267
39.996162 116.417225 21271
39.996135 116.417207 21275
39.996131 116.417200 21279
39.996042 116.417183 21283
39.996015 116.417143 21287
39.996004 116.417128 21288
39.995971 116.417084 21291
39.995957 116.417010 21295
39.995989 116.416920 21299
39.996043 116.416857 21303
39.996048 116.416823 21307
39.996054 116.416784 21311
39.996099 116.416741 21315
39.996166 116.416697 21319
39.996189 116.416700 21322
39.996196 116.416701 21323
39.996201 116.416735 21327
39.996208 116.416784 21331
39.996208 116.416791 21332
39.996207 116.416798 21333
39.996207 116.416805 21334
39.996207 116.416812 21335
39.996204 116.416821 21339
39.996214 116.416875 21343
39.996261 116.416930 21347
39.996312 116.416928 21351
39.996327 116.416936 21353
39.996342 116.416944 21355
39.996348 116.416956 21358
39.996350 116.416960 21359
39.996375 116.416934 21363
39.996381 116.416924 21364
39.996388 116.416914 21365
39.996394 116.416905 21366
39.996401 116.416895 21367
39.996429 116.416891 21371
39.996432 116.416903 21374
39.996433 116.416907 21375
39.996436 116.416908 21377
39.996439 116.416909 21379
39.996431 116.416922 21381
39.996424 116.416936 21383
39.996420 116.416950 21384
39.996409 116.416993 21387
39.996425 116.417047 21391
39.996424 116.417059 21392
39.996419 116.417095 21395
39.996417 116.417104 21399
39.996428 116.417118 21403
39.996435 116.417142 21407
39.996431 116.417142 21410
39.996430 116.417142 21411
39.996433 116.417141 21413
39.996436 116.417141 21415
39.996446 116.417141 21419
39.996388 116.417176 21423
39.996389 116.417178 21424
39.996391 116.417185 21427
39.996390 116.417189 21431
39.996389 116.417189 21432
39.996385 116.417189 21435
39.996380 116.417191 21439
39.996376 116.417194 21441
39.996373 116.417197 21443
39.996361 116.417200 21445
39.996339 116.417196 21449
39.996349 116.417182 21457
39.996365 116.417165 21459
39.996374 116.417157 21460
39.996382 116.417149 21461
39.996397 116.417128 21463
39.996333 116.417159 21493
39.996325 116.417163 21497
39.996147 116.417249 21581
39.996127 116.417254 21583
39.996106 116.417260 21585
39.996099 116.417264 21586
39.996078 116.417274 21589
39.996075 116.417279 21590
39.996065 116.417293 21593
39.996056 116.417299 21597
39.996050 116.417303 21598
39.996031 116.417315 21601
39.996013 116.417309 21605
39.995985 116.417292 21609
39.995970 116.417286 21612
39.995965 116.417284 21613
39.995946 116.417282 21617
39.995948 116.417272 21621
39.995950 116.417271 21622
39.995956 116.417270 21625
39.995951 116.417281 21629
39.995972 116.417287 21633
39.996000 116.417276 21637
39.996023 116.417263 21641
39.996037 116.417239 21645
39.996023 116.417232 21649
39.996031 116.417205 21653
39.996044 116.417179 21656
39.996048 116.417170 21657
39.996055 116.417167 21658
39.996069 116.417161 21660
39.996076 116.417158 21661
39.996088 116.417153 21665
39.996085 116.417148 21669
39.996088 116.417145 21672
39.996089 116.417144 21673
39.996170 116.417118 21677
39.996250 116.417097 21681
39.996295 116.417080 21685
39.996356 116.417055 21689
39.996377 116.417044 21691
39.996399 116.417032 21693
39.996416 116.417029 21696
39.996422 116.417028 21697
39.996419 116.417030 21698
39.996416 116.417032 21699
39.996410 116.417036 21701
39.996332 116.417057 21705
39.996325 116.417057 21706
39.996318 116.417056 21707
39.996310 116.417056 21708
39.996303 116.417055 21709
39.996261 116.417058 21713
39.996260 116.417059 21717
39.996250 116.417059 21721
39.996258 116.417067 21725
39.996261 116.417063 21726
39.996271 116.417050 21729
39.996276 116.417052 21733
39.996293 116.417076 21737
39.996295 116.417078 21741
39.996294 116.417083 21744
39.996293 116.417085 21745
39.996286 116.417100 21748
39.996284 116.417105 21749
39.996294 116.417118 21752
39.996297 116.417122 21753
39.996309 116.417133 21757
39.996312 116.417115 21761
39.996291 116.417128 21763
39.996269 116.417141 21765
39.996266 116.417148 21769
39.996260 116.417177 21773
39.996247 116.417193 21774
39.996234 116.417209 21775
39.996209 116.417240 21777
39.996202 116.417247 21778
39.996196 116.417253 21779
