39.966537 116.331677 37532
39.966520 116.331623 37536
39.966512 116.331572 37540
39.966517 116.331552 37544
39.966519 116.331565 37546
39.966520 116.331571 37547
39.966521 116.331578 37548
39.966515 116.331604 37552
39.966528 116.331534 37556
39.966532 116.331476 37558
39.966534 116.331447 37559
39.966536 116.331418 37560
39.966550 116.331364 37564
39.966546 116.331296 37568
39.966549 116.331218 37571
39.966550 116.331192 37572
39.966550 116.331162 37574
39.966550 116.331132 37576
39.966551 116.331127 37577
39.966556 116.331111 37580
39.966537 116.331084 37584
39.966533 116.331067 37588
39.966519 116.331049 37592
39.966522 116.331018 37596
39.966522 116.331003 37600
39.966515 116.330944 37604
39.966513 116.330917 37605
39.966511 116.330889 37606
39.966508 116.330835 37608
39.966532 116.330723 37612
39.966542 116.330604 37616
39.966541 116.330577 37617
39.966537 116.330495 37620
39.966510 116.330406 37624
39.966471 116.330335 37628
39.966435 116.330270 37632
39.966420 116.330128 37636
39.966408 116.330059 37638
39.966396 116.329989 37640
39.966419 116.329872 37643
39.966427 116.329833 37644
39.966440 116.329708 37648
39.966418 116.329627 37652
39.966382 116.329623 37656
39.966361 116.329611 37660
39.966350 116.329583 37664
39.966351 116.329581 37668
39.966350 116.329583 37671
39.966350 116.329584 37672
39.966328 116.329577 37675
39.966320 116.329575 37676
39.966279 116.329559 37680
39.966268 116.329556 37681
39.966248 116.329549 37683
39.966237 116.329546 37684
39.966233 116.329544 37685
39.966220 116.329539 37688
39.966258 116.329493 37692
39.966267 116.329465 37693
39.966276 116.329438 37694
39.966294 116.329383 37696
39.966344 116.329220 37699
39.966360 116.329166 37700
39.966390 116.328980 37703
39.966400 116.328918 37704
39.966404 116.328700 37707
39.966405 116.328628 37708
39.966417 116.328359 37712
39.966387 116.328167 37716
39.966335 116.327932 37720
39.966332 116.327731 37724
39.966330 116.327720 37725
39.966329 116.327708 37726
39.966325 116.327685 37728
39.966335 116.327572 37732
39.966350 116.327377 37736
39.966342 116.327262 37740
39.966365 116.327164 37744
39.966381 116.327106 37747
39.966386 116.327087 37748
39.966421 116.326993 37751
39.966433 116.326962 37752
39.966471 116.326751 37756
39.966473 116.326696 37757
39.966478 116.326585 37759
39.966480 116.326530 37760
39.966467 116.326493 37761
39.966429 116.326382 37764
39.966388 116.326310 37768
39.966402 116.326207 37772
39.966435 116.326062 37776
39.966434 116.326014 37777
39.966434 116.325967 37778
39.966433 116.325872 37780
39.966447 116.325703 37784
39.966462 116.325619 37788
39.966447 116.325523 37792
39.966427 116.325331 37796
39.966398 116.325050 37800
39.966308 116.324750 37803
39.966278 116.324650 37804
39.966227 116.324153 37808
39.966206 116.323573 37812
39.966197 116.323415 37813
39.966169 116.322942 37816
39.966173 116.322457 37819
39.966175 116.322296 37820
39.966220 116.321731 37824
39.966203 116.321261 37828
39.966170 116.320872 37832
39.966164 116.320704 37834
39.966162 116.320619 37835
39.966159 116.320535 37836
39.966175 116.320315 37839
39.966180 116.320242 37840
39.966166 116.320031 37843
39.966162 116.319961 37844
39.966151 116.319545 37848
39.966129 116.319131 37852
39.966139 116.318739 37856
39.966101 116.318425 37860
39.966067 116.318137 37864
39.966086 116.317837 37868
39.966138 116.317538 37872
39.966172 116.317415 37874
39.966207 116.317292 37876
39.966235 116.317219 37880
39.966224 116.317273 37884
39.966238 116.317326 37888
39.966225 116.317380 37892
39.966216 116.317413 37896
39.966209 116.317427 37898
39.966202 116.317440 37900
39.966214 116.317376 37903
39.966218 116.317355 37904
39.966228 116.317319 37906
39.966233 116.317302 37907
39.966238 116.317284 37908
39.966265 116.317175 37912
39.966254 116.317020 37916
39.966237 116.316784 37920
39.966231 116.316727 37921
39.966215 116.316557 37924
39.966189 116.316328 37928
39.966177 116.316277 37929
39.966141 116.316123 37932
39.966108 116.315956 37936
39.966109 116.315903 37938
39.966110 116.315851 37940
39.966106 116.315824 37941
39.966102 116.315797 37942
39.966097 116.315770 37943
39.966093 116.315743 37944
39.966083 116.315749 37945
39.966055 116.315766 37948
39.966008 116.315829 37952
39.966005 116.315854 37953
39.965995 116.315928 37956
39.966003 116.315995 37958
39.966012 116.316061 37960
39.966010 116.316157 37964
39.966017 116.316192 37966
39.966020 116.316209 37967
39.966024 116.316226 37968
39.966017 116.316259 37971
39.966015 116.316270 37972
39.966015 116.316296 37974
39.966016 116.316322 37976
39.966016 116.316332 37977
39.966017 116.316343 37978
39.966017 116.316364 37980
39.966017 116.316375 37981
39.966019 116.316399 37983
39.966019 116.316410 37984
39.966027 116.316424 37988
39.966046 116.316451 37992
39.966028 116.316478 37996
39.965982 116.316544 38000
39.965977 116.316564 38002
39.965972 116.316584 38004
39.965978 116.316589 38005
39.965996 116.316603 38008
39.966102 116.316556 38012
39.966193 116.316437 38016
39.966231 116.316183 38020
39.966165 116.315875 38024
39.966065 116.315561 38028
39.966040 116.315481 38029
39.965967 116.315241 38032
39.965865 116.314874 38036
39.965739 116.314479 38040
39.965619 116.314069 38044
39.965484 116.313699 38048
39.965387 116.313329 38052
39.965295 116.312879 38056
39.965266 116.312763 38057
39.965237 116.312647 38058
39.965208 116.312531 38059
39.965179 116.312415 38060
39.965113 116.312192 38062
39.965047 116.311969 38064
39.964906 116.311504 38068
39.964732 116.311178 38072
39.964617 116.310961 38075
39.964578 116.310888 38076
39.964464 116.310600 38080
39.964367 116.310316 38084
39.964322 116.310189 38086
39.964300 116.310125 38087
39.964277 116.310062 38088
39.964153 116.309864 38092
39.964057 116.309665 38096
39.964014 116.309552 38098
39.963992 116.309496 38099
39.963970 116.309440 38100
39.963850 116.309213 38104
39.963718 116.308994 38108
39.963588 116.308801 38112
39.963527 116.308728 38114
39.963466 116.308654 38116
39.963387 116.308526 38120
39.963277 116.308455 38124
39.963254 116.308435 38125
39.963230 116.308414 38126
39.963183 116.308374 38128
