39.957235 116.418935 10462
39.957578 116.418973 10466
39.957934 116.418931 10470
39.958116 116.418922 10474
39.958191 116.418956 10478
39.958303 116.418960 10482
39.958569 116.418963 10486
39.958852 116.418965 10490
39.959010 116.418954 10494
39.959032 116.418960 10495
39.959098 116.418977 10498
39.959095 116.418983 10502
39.959092 116.418983 10506
39.959092 116.418984 10510
39.959094 116.418985 10514
39.959090 116.418985 10517
39.959089 116.418985 10518
39.959141 116.418983 10522
39.959210 116.418989 10523
39.959348 116.419002 10525
39.959417 116.419008 10526
39.959687 116.418977 10530
39.959842 116.418970 10534
39.959872 116.418971 10536
39.959902 116.418973 10538
39.959898 116.418973 10542
39.959926 116.418974 10545
39.959935 116.418974 10546
39.959966 116.418972 10547
39.959998 116.418970 10548
39.960029 116.418967 10549
39.960060 116.418965 10550
39.960192 116.418976 10554
39.960317 116.418982 10558
39.960373 116.418971 10560
39.960428 116.418961 10562
39.960527 116.418934 10566
39.960679 116.418909 10570
39.960730 116.418902 10571
39.960883 116.418882 10574
39.960945 116.418887 10575
39.961069 116.418898 10577
39.961131 116.418903 10578
39.961303 116.418936 10580
39.961476 116.418969 10582
39.961836 116.418979 10586
39.962028 116.418940 10588
39.962124 116.418921 10589
39.962220 116.418902 10590
39.962562 116.418834 10594
39.962838 116.418797 10598
39.962992 116.418782 10602
39.963027 116.418770 10606
39.963051 116.418768 10610
39.963134 116.418759 10614
39.963189 116.418764 10618
39.963191 116.418798 10622
39.963192 116.418805 10626
39.963195 116.418806 10629
39.963196 116.418806 10630
39.963204 116.418804 10631
39.963220 116.418801 10633
39.963228 116.418799 10634
39.963330 116.418779 10638
39.963402 116.418773 10642
39.963425 116.418784 10644
39.963448 116.418794 10646
39.963466 116.418801 10649
39.963472 116.418803 10650
39.963477 116.418801 10654
39.963499 116.418821 10658
39.963525 116.418840 10662
39.963540 116.418841 10664
39.963556 116.418843 10666
39.963595 116.418851 10670
39.963713 116.418870 10674
39.963961 116.418909 10678
39.964273 116.418891 10682
39.964451 116.418898 10684
39.964629 116.418905 10686
39.965111 116.418888 10690
39.965364 116.418882 10692
39.965617 116.418877 10694
39.966102 116.418847 10698
39.966202 116.418834 10699
39.966502 116.418795 10702
39.966612 116.418784 10704
39.966722 116.418773 10706
39.966767 116.418760 10710
39.966770 116.418758 10714
39.966769 116.418757 10715
39.966767 116.418757 10716
39.966764 116.418756 10718
39.966760 116.418756 10722
39.966763 116.418756 10724
39.966766 116.418755 10726
39.966769 116.418751 10730
39.966788 116.418729 10731
39.966844 116.418662 10734
39.967138 116.418649 10738
39.967198 116.418716 10742
39.967186 116.418729 10746
39.967179 116.418729 10750
39.967174 116.418730 10753
39.967172 116.418730 10754
39.967170 116.418730 10756
39.967169 116.418731 10758
39.967169 116.418731 10759
39.967170 116.418733 10762
39.967168 116.418734 10763
39.967167 116.418734 10764
39.967164 116.418735 10766
39.967157 116.418737 10770
39.967151 116.418738 10774
39.967145 116.418738 10778
39.967147 116.418739 10782
39.967161 116.418740 10786
39.967243 116.418743 10790
39.967334 116.418732 10792
39.967424 116.418721 10794
39.967511 116.418714 10796
39.967555 116.418711 10797
39.967598 116.418707 10798
39.967781 116.418694 10802
39.967976 116.418681 10806
39.968265 116.418689 10810
39.968441 116.418711 10812
39.968618 116.418733 10814
39.968813 116.418723 10816
39.969008 116.418714 10818
39.969386 116.418683 10822
39.969731 116.418681 10826
39.969901 116.418518 10830
39.969909 116.418522 10831
39.969934 116.418534 10834
39.969935 116.418536 10835
39.969939 116.418541 10838
39.969936 116.418540 10842
39.969938 116.418540 10846
39.969950 116.418540 10850
39.970028 116.418519 10854
39.970183 116.418564 10858
39.970346 116.418530 10862
39.970584 116.418525 10866
39.970697 116.418489 10870
39.970698 116.418448 10873
39.970698 116.418435 10874
39.970698 116.418435 10875
39.970699 116.418434 10877
39.970699 116.418434 10878
39.970698 116.418434 10879
39.970697 116.418434 10881
39.970696 116.418434 10882
39.970691 116.418434 10886
39.970701 116.418438 10888
39.970707 116.418439 10889
39.970712 116.418441 10890
39.970807 116.418526 10894
39.970931 116.418587 10897
39.970972 116.418607 10898
39.971032 116.418610 10899
39.971151 116.418615 10901
39.971210 116.418617 10902
39.971396 116.418607 10906
39.971494 116.418577 10908
39.971543 116.418563 10909
39.971592 116.418548 10910
39.971698 116.418492 10914
39.971721 116.418487 10915
39.971788 116.418473 10918
39.971941 116.418493 11012
39.972208 116.418502 11015
39.972297 116.418505 11016
39.972791 116.418412 11020
39.972892 116.418424 11022
39.972943 116.418429 11023
39.972993 116.418435 11024
39.973004 116.418442 11026
39.973009 116.418445 11027
39.973014 116.418449 11028
39.973016 116.418450 11032
39.973018 116.418450 11036
39.973023 116.418448 11040
39.973024 116.418448 11041
39.973026 116.418447 11044
39.973025 116.418446 11045
39.973023 116.418444 11048
39.973028 116.418443 11052
39.973030 116.418442 11055
39.973031 116.418441 11056
39.973030 116.418440 11060
39.973031 116.418440 11061
39.973031 116.418440 11062
