39.975252 116.327783 7710
39.975239 116.327393 7712
39.975220 116.326808 7715
39.975184 116.326448 7719
39.975175 116.326358 7720
39.975061 116.326145 7724
39.975033 116.326092 7725
39.974925 116.326054 7729
39.974898 116.326045 7730
39.974835 116.325952 7735
39.974935 116.325852 7740
39.974968 116.325818 7745
39.974987 116.325584 7749
39.974992 116.325525 7750
39.974980 116.324942 7755
39.975090 116.324182 7760
39.975113 116.323472 7765
39.975123 116.322882 7769
39.975125 116.322735 7770
39.975065 116.322060 7775
39.975085 116.321517 7780
39.975079 116.321217 7783
39.975075 116.321017 7785
39.975065 116.320934 7786
39.975037 116.320685 7789
39.975027 116.320602 7790
39.975029 116.320542 7791
39.975038 116.320300 7795
39.975043 116.320256 7796
39.975063 116.320082 7800
39.975077 116.319975 7805
39.975072 116.319990 7810
39.975072 116.320017 7815
39.975063 116.320032 7820
39.975042 116.319972 7825
39.975042 116.319618 7830
39.975029 116.319341 7833
39.975024 116.319249 7834
39.975020 116.319157 7835
39.975007 116.318977 7837
39.974988 116.318707 7840
39.974986 116.318444 7843
39.974986 116.318356 7844
39.974985 116.318268 7845
39.974997 116.317928 7850
39.974989 116.317910 7851
39.974957 116.317837 7855
39.974947 116.317840 7860
39.974962 116.317855 7865
39.974980 116.317845 7870
39.974988 116.317825 7875
39.974997 116.317745 7880
39.974952 116.317395 7885
39.974885 116.316837 7890
39.974822 116.316145 7895
39.974795 116.315719 7898
39.974786 116.315577 7899
39.974777 116.315435 7900
39.974737 116.314785 7905
39.974712 116.314242 7910
39.974742 116.313780 7915
39.974782 116.313353 7920
39.974776 116.313290 7921
39.974753 116.313037 7925
39.974793 116.312848 7930
39.974792 116.312837 7931
39.974791 116.312827 7932
39.974790 116.312816 7933
39.974789 116.312806 7934
39.974788 116.312795 7935
39.974784 116.312795 7936
39.974776 116.312794 7938
39.974768 116.312793 7940
39.974748 116.312782 7945
39.974718 116.312768 7950
39.974712 116.312765 7951
39.974690 116.312753 7955
39.974732 116.312638 7960
39.974742 116.312519 7963
39.974748 116.312440 7965
39.974752 116.312379 7966
39.974761 116.312258 7968
39.974770 116.312137 7970
39.974773 116.312051 7972
39.974776 116.311966 7974
39.974778 116.311923 7975
39.974768 116.311775 7977
39.974758 116.311626 7979
39.974753 116.311552 7980
39.974693 116.310995 7985
39.974615 116.310405 7990
39.974570 116.309903 7995
39.974548 116.309518 8000
39.974542 116.309491 8001
39.974518 116.309385 8005
39.974508 116.309193 8010
39.974510 116.308970 8015
39.974507 116.308941 8016
39.974500 116.308883 8018
39.974527 116.308775 8032
39.974580 116.308567 8059
39.974565 116.308398 8062
39.974555 116.308285 8064
39.974487 116.307697 8069
39.974448 116.307199 8073
39.974438 116.307075 8074
39.974445 116.306488 8079
39.974444 116.306277 8081
39.974442 116.305960 8084
39.974448 116.305709 8086
39.974458 116.305333 8089
39.974448 116.304778 8094
39.974457 116.304678 8095
39.974492 116.304280 8099
39.974538 116.303893 8104
39.974555 116.303852 8105
39.974692 116.303555 8155
39.974713 116.303545 8160
39.974729 116.303545 8163
39.974735 116.303545 8164
39.974740 116.303545 8165
39.974788 116.303453 8170
39.974848 116.303410 8175
39.974877 116.303382 8180
39.975037 116.303395 8185
39.975040 116.303395 8186
39.975053 116.303397 8190
39.975040 116.303358 8193
39.975032 116.303332 8195
39.975088 116.303322 8200
39.975152 116.303340 8205
39.975183 116.303368 8210
39.975233 116.303378 8215
39.975267 116.303368 8220
39.975333 116.303378 8225
39.975388 116.303383 8230
39.975455 116.303378 8235
39.975496 116.303394 8238
39.975509 116.303400 8239
39.975523 116.303405 8240
39.975598 116.303428 8245
39.975655 116.303448 8250
39.975717 116.303438 8255
39.975743 116.303451 8257
39.975782 116.303470 8260
39.975791 116.303468 8261
39.975825 116.303458 8265
39.975852 116.303435 8270
39.975918 116.303477 8275
39.975995 116.303500 8280
39.976007 116.303495 8281
39.976053 116.303477 8285
39.976076 116.303473 8286
39.976170 116.303457 8290
39.976168 116.303412 8295
39.976222 116.303432 8300
39.976203 116.303468 8305
