39.974963 116.312545 3031
39.974965 116.312543 3036
39.974955 116.312468 3041
39.974930 116.312183 3046
39.974920 116.312059 3048
39.974915 116.311997 3049
39.974910 116.311935 3050
39.974905 116.311873 3051
39.974873 116.311512 3056
39.974869 116.311442 3057
39.974855 116.311160 3061
39.974842 116.311028 3066
39.974846 116.310904 3070
39.974847 116.310873 3071
39.974825 116.310722 3076
39.974793 116.310513 3081
39.974763 116.310170 3086
39.974732 116.309687 3091
39.974713 116.309150 3096
39.974700 116.308702 3101
39.974693 116.308593 3106
39.974691 116.308585 3109
39.974690 116.308580 3111
39.974687 116.308578 3116
39.974677 116.308577 3121
39.974677 116.308577 3122
39.974676 116.308577 3123
39.974676 116.308577 3124
39.974675 116.308577 3125
39.974675 116.308577 3126
39.974693 116.308557 3131
39.974700 116.308450 3136
39.974757 116.308235 3141
39.974732 116.307807 3146
39.974728 116.307699 3147
39.974724 116.307591 3148
39.974717 116.307376 3150
39.974713 116.307268 3151
39.974699 116.306925 3154
39.974690 116.306697 3156
39.974660 116.306150 3161
39.974676 116.305943 3164
39.974687 116.305805 3166
39.974689 116.305721 3169
39.974690 116.305693 3170
39.974682 116.305515 3200
39.974679 116.305433 3214
39.974677 116.305397 3220
39.974675 116.305118 3223
39.974673 116.304932 3225
39.974657 116.304375 3230
39.974650 116.303863 3235
39.974648 116.303573 3240
39.974650 116.303545 3245
39.974658 116.303533 3250
39.974658 116.303502 3255
39.974661 116.303496 3256
39.974672 116.303473 3260
39.974663 116.303383 3265
39.974605 116.303265 3270
39.974591 116.303179 3274
39.974588 116.303158 3275
39.974591 116.303147 3276
39.974602 116.303103 3280
39.974660 116.303099 3284
39.974675 116.303098 3285
39.974731 116.303056 3289
39.974745 116.303045 3290
39.974769 116.303046 3292
39.974805 116.303047 3295
39.974877 116.303068 3300
39.974962 116.303057 3305
39.975018 116.303038 3310
39.975033 116.303034 3311
39.975064 116.303025 3313
39.975080 116.303021 3314
39.975095 116.303017 3315
39.975167 116.303027 3320
39.975180 116.303025 3321
39.975230 116.303017 3325
39.975300 116.303013 3330
39.975354 116.303011 3334
39.975367 116.303010 3335
39.975423 116.303025 3340
39.975492 116.303030 3345
39.975553 116.303035 3350
39.975613 116.303025 3355
39.975687 116.303050 3360
39.975778 116.303017 3365
39.975792 116.303008 3366
39.975848 116.302972 3370
39.975910 116.302982 3375
39.975924 116.302982 3376
39.975939 116.302982 3377
39.975953 116.302983 3378
39.975982 116.302983 3380
39.976000 116.302983 3381
39.976052 116.302985 3384
39.976070 116.302985 3385
39.976136 116.302983 3389
39.976152 116.302983 3390
39.976167 116.302987 3391
39.976227 116.303002 3395
39.976273 116.302998 3399
39.976285 116.302997 3400
39.976358 116.302967 3405
39.976427 116.302945 3410
39.976473 116.302943 3414
39.976485 116.302943 3415
39.976527 116.302943 3420
39.976582 116.302913 3425
39.976658 116.302920 3430
39.976720 116.302973 3435
39.976915 116.303070 3440
39.976977 116.303072 3445
39.977003 116.303088 3450
39.977027 116.303107 3453
39.977043 116.303120 3455
39.977088 116.303143 3460
39.977170 116.303150 3465
39.977233 116.303112 3470
39.977247 116.303110 3471
39.977303 116.303100 3475
39.977377 116.303102 3480
39.977455 116.303115 3485
39.977512 116.303162 3490
39.977521 116.303231 3494
39.977523 116.303248 3495
39.977500 116.303333 3500
39.977508 116.303397 3505
39.977553 116.303462 3510
39.977561 116.303470 3511
39.977569 116.303478 3512
39.977593 116.303503 3515
39.977599 116.303515 3516
39.977605 116.303528 3517
39.977622 116.303565 3520
39.977650 116.303622 3525
39.977702 116.303657 3530
39.977800 116.303680 3535
39.977800 116.303708 3538
39.977800 116.303727 3540
39.977800 116.303750 3541
39.977802 116.303840 3545
39.977813 116.303922 3550
39.977815 116.303965 3552
39.977780 116.304273 3611
39.977728 116.304388 3616
39.977712 116.304412 3621
39.977615 116.304511 3623
39.977470 116.304660 3626
