39.973851 116.346736 41424
39.973481 116.346719 41428
39.973389 116.346715 41429
39.972981 116.346758 41434
39.972564 116.346785 41439
39.972074 116.346854 41444
39.971478 116.346884 41449
39.970833 116.346967 41454
39.970183 116.347021 41459
39.969502 116.347077 41464
39.968901 116.347121 41469
39.968466 116.347208 41473
39.968357 116.347230 41474
39.967723 116.347321 41479
39.967463 116.347327 41481
39.967203 116.347332 41483
39.967073 116.347335 41484
39.966433 116.347345 41489
39.965815 116.347351 41494
39.965272 116.347393 41499
39.965176 116.347382 41500
39.965079 116.347371 41501
39.964983 116.347359 41502
39.964790 116.347337 41504
39.964537 116.347261 41507
39.964369 116.347210 41509
39.963829 116.347099 41514
39.963443 116.347106 41517
39.963314 116.347109 41518
39.963185 116.347111 41519
39.962911 116.347130 41521
39.962773 116.347140 41522
39.962636 116.347149 41523
39.962499 116.347159 41524
39.961823 116.347224 41529
39.961552 116.347236 41531
39.961417 116.347242 41532
39.961146 116.347254 41534
39.960488 116.347309 41539
39.960076 116.347328 41542
39.959802 116.347341 41544
39.959169 116.347413 41549
39.958501 116.347616 41554
39.957870 116.347964 41559
39.957301 116.348286 41564
39.956684 116.348622 41569
39.956284 116.348755 41572
39.956018 116.348843 41574
39.955329 116.348884 41579
39.954607 116.348935 41584
39.953886 116.348981 41589
39.953744 116.348983 41590
39.953177 116.348993 41594
39.953026 116.348989 41595
39.952876 116.348986 41596
39.952424 116.348975 41599
39.951641 116.349028 41604
39.951495 116.349056 41605
39.951204 116.349111 41607
39.950912 116.349167 41609
39.950779 116.349206 41610
39.950247 116.349361 41614
39.949819 116.349513 41617
39.949534 116.349614 41619
39.948737 116.349880 41624
39.947956 116.350045 41629
39.947265 116.350100 41634
39.946983 116.350095 41636
39.946841 116.350093 41637
39.946559 116.350088 41639
39.946121 116.350066 41642
39.945829 116.350051 41644
39.945171 116.350012 41649
39.944592 116.350011 41654
39.944493 116.350003 41655
39.944095 116.349969 41659
39.943729 116.349902 41664
39.943575 116.349863 41666
39.943345 116.349804 41669
39.942930 116.349762 41674
39.942573 116.349548 41679
39.942332 116.349314 41683
39.942272 116.349256 41684
39.941956 116.349028 41689
39.941570 116.348911 41694
39.941497 116.348905 41695
39.941424 116.348899 41696
39.941204 116.348882 41699
39.941028 116.348896 41702
39.940970 116.348900 41703
39.940911 116.348905 41704
39.940644 116.348915 41709
39.940562 116.348918 41714
39.940555 116.348915 41717
39.940551 116.348913 41719
39.940547 116.348913 41721
39.940541 116.348913 41724
39.940544 116.348914 41729
39.940552 116.348918 41734
39.940566 116.348923 41739
39.940571 116.348925 41741
39.940573 116.348926 41742
39.940578 116.348928 41744
39.940591 116.348933 41749
39.940605 116.348938 41754
39.940613 116.348941 41759
39.940584 116.348943 41763
39.940577 116.348943 41764
39.940457 116.348941 41769
39.940295 116.348943 41774
39.940092 116.349019 41779
39.939991 116.349038 41781
39.939840 116.349066 41784
39.939681 116.349087 41786
39.939443 116.349118 41789
39.938971 116.349080 41794
39.938528 116.349049 41799
39.938484 116.348751 41804
39.938693 116.348412 41809
39.938930 116.348248 41814
39.939060 116.348601 41819
39.939045 116.349045 41824
39.939041 116.349423 41829
39.939048 116.349913 41834
39.939063 116.350274 41838
39.939067 116.350364 41839
39.938973 116.350563 41844
39.938837 116.350409 41847
39.938747 116.350306 41849
39.938472 116.350007 41854
39.938390 116.349854 41859
39.938436 116.349769 41862
39.938466 116.349712 41864
39.938700 116.349630 41868
39.938758 116.349609 41869
39.939249 116.349595 41874
39.939761 116.349694 41879
39.939945 116.349698 41881
39.940222 116.349704 41884
39.940513 116.349702 41887
39.940707 116.349701 41889
39.940893 116.349753 41891
39.941173 116.349831 41894
39.941606 116.350086 41899
39.941694 116.350164 41900
39.941869 116.350321 41902
39.942045 116.350478 41904
39.942478 116.351095 41909
39.942795 116.351780 41914
39.942995 116.352475 41919
39.943190 116.353141 41924
39.943376 116.353758 41929
39.943548 116.354338 41934
39.943588 116.354455 41935
39.943629 116.354572 41936
39.943750 116.354923 41939
39.943968 116.355661 41944
39.944223 116.356483 41949
39.944481 116.357349 41954
39.944785 116.358275 41959
39.944903 116.358647 41961
39.945080 116.359204 41964
39.945152 116.359389 41965
39.945224 116.359575 41966
39.945441 116.360131 41969
39.945826 116.361036 41974
39.946218 116.361979 41979
39.946298 116.362177 41980
39.946378 116.362376 41981
39.946537 116.362773 41983
39.946617 116.362971 41984
39.946940 116.364016 41989
39.947189 116.365041 41994
39.947278 116.365882 41998
39.947300 116.366092 41999
39.947335 116.366747 42002
39.947358 116.367183 42004
39.947401 116.368324 42009
39.947428 116.369487 42014
39.947440 116.370637 42019
39.947442 116.371769 42024
