40.000004 116.327193 34620
39.999845 116.327194 34625
39.999840 116.327215 34629
39.999839 116.327220 34630
39.999851 116.327262 34635
39.999863 116.327266 34637
39.999868 116.327267 34638
39.999874 116.327269 34639
39.999880 116.327271 34640
39.999874 116.327278 34645
39.999850 116.327259 34650
39.999845 116.327258 34655
39.999850 116.327260 34660
39.999838 116.327247 34665
39.999840 116.327193 34669
39.999841 116.327180 34670
39.999827 116.327163 34671
39.999813 116.327146 34672
39.999798 116.327128 34673
39.999770 116.327094 34675
39.999824 116.327045 34680
39.999844 116.326952 34685
39.999873 116.326882 34690
39.999884 116.326827 34693
39.999887 116.326809 34694
39.999891 116.326791 34695
39.999904 116.326687 34700
39.999900 116.326663 34701
39.999883 116.326569 34705
39.999843 116.326456 34710
39.999852 116.326437 34711
39.999862 116.326418 34712
39.999890 116.326362 34715
39.999899 116.326281 34720
39.999891 116.326267 34724
39.999889 116.326264 34725
39.999980 116.326260 34727
40.000025 116.326258 34728
40.000071 116.326256 34729
40.000116 116.326254 34730
39.999933 116.326244 34735
39.999914 116.326243 34736
39.999839 116.326237 34740
39.999808 116.326304 34745
39.999864 116.326404 34748
39.999902 116.326470 34750
39.999999 116.326629 34755
40.000088 116.326742 34757
40.000222 116.326912 34760
40.000306 116.326894 34765
40.000407 116.326924 34770
40.000469 116.326872 34775
40.000595 116.326800 34779
40.000626 116.326782 34780
40.000826 116.326809 34785
40.000980 116.326885 34790
40.001196 116.326859 34795
40.001186 116.326617 34800
40.001254 116.326482 34805
40.001370 116.326504 34810
40.001504 116.326538 34814
40.001538 116.326547 34815
40.001621 116.326559 34818
40.001648 116.326563 34819
40.001676 116.326567 34820
40.001812 116.326596 34825
40.001905 116.326600 34828
40.001967 116.326603 34830
40.002084 116.326532 34835
40.002114 116.326536 34837
40.002159 116.326542 34840
40.002265 116.326551 34845
40.002301 116.326571 34847
40.002354 116.326602 34850
40.002373 116.326611 34851
40.002450 116.326647 34855
40.002474 116.326649 34856
40.002572 116.326658 34860
40.002707 116.326710 34865
40.003016 116.326586 34870
40.002915 116.326494 34871
40.002814 116.326402 34872
40.002511 116.326127 34875
40.002349 116.325886 34879
40.002309 116.325826 34880
40.002265 116.325611 34885
40.002250 116.325427 34890
40.002197 116.325221 34895
40.002276 116.325070 34900
40.002360 116.325044 34905
40.002485 116.325104 34910
40.002504 116.325112 34911
40.002541 116.325129 34913
40.002559 116.325137 34914
40.002578 116.325145 34915
40.002662 116.325172 34920
40.002812 116.325221 34925
40.002842 116.325217 34930
40.003004 116.325186 34935
40.003554 116.324898 34940
40.003517 116.324847 34941
40.003368 116.324644 34945
40.003360 116.324481 34950
40.003378 116.324304 34955
40.003412 116.324285 34958
40.003434 116.324272 34960
40.003523 116.324311 34965
40.003775 116.324350 34970
40.003920 116.324380 34974
40.003956 116.324387 34975
40.004146 116.324477 34980
40.004307 116.324510 34985
40.004437 116.324501 34990
40.004476 116.324474 34991
40.004515 116.324446 34992
40.004633 116.324364 34995
40.004813 116.324354 35000
40.004891 116.324349 35004
40.004910 116.324348 35005
40.005063 116.324370 35010
40.005138 116.324360 35013
40.005188 116.324353 35015
40.005424 116.324299 35020
40.005517 116.324312 35023
40.005548 116.324317 35024
40.005579 116.324321 35025
40.005637 116.324324 35027
40.005725 116.324329 35030
40.005814 116.324311 35033
40.005874 116.324299 35035
40.005951 116.324265 35038
40.006003 116.324243 35040
40.006152 116.324366 35045
40.006339 116.324410 35050
40.006508 116.324465 35055
40.006679 116.324543 35060
40.006705 116.324546 35061
40.006810 116.324559 35065
40.006993 116.324554 35070
40.007008 116.324547 35074
40.007012 116.324545 35075
40.007099 116.324552 35080
40.007304 116.324571 35085
40.007301 116.324557 35090
40.007318 116.324551 35095
40.007603 116.324511 35100
40.007626 116.324498 35103
40.007642 116.324490 35105
40.007777 116.324463 35110
40.008117 116.324446 35115
40.008244 116.324442 35117
40.008435 116.324435 35120
40.008797 116.324458 35125
40.009031 116.324476 35129
40.009089 116.324480 35130
40.009119 116.324473 35131
40.009180 116.324460 35133
40.009241 116.324446 35135
40.009430 116.324464 35139
40.009477 116.324468 35140
40.009730 116.324504 35145
40.009949 116.324480 35150
40.010015 116.324469 35152
40.010047 116.324464 35153
40.010113 116.324453 35155
40.010615 116.324342 35160
40.010518 116.324076 35165
40.010504 116.323872 35170
40.010087 116.323441 35175
40.010181 116.323385 35179
40.010204 116.323371 35180
40.010261 116.323180 35185
40.010274 116.323155 35186
40.010328 116.323055 35190
40.010434 116.322986 35195
40.010506 116.323019 35200
40.010603 116.323082 35205
40.010865 116.322866 35210
40.010993 116.322832 35215
40.011061 116.322834 35218
40.011107 116.322836 35220
