40.087152 116.305951 39480
40.087146 116.305964 39481
40.087128 116.306003 39484
40.087128 116.306021 39485
40.087126 116.306073 39488
40.087118 116.306116 39492
40.087107 116.306097 39494
40.087096 116.306079 39496
40.087088 116.306066 39499
40.087085 116.306062 39500
40.087084 116.306060 39504
40.087083 116.306055 39508
40.087082 116.306051 39512
40.087080 116.306043 39516
40.087089 116.305973 39520
40.087102 116.305944 39521
40.087142 116.305858 39524
40.087165 116.305830 39528
40.087157 116.305795 39532
40.087152 116.305784 39536
40.087146 116.305766 39540
40.087151 116.305764 39541
40.087162 116.305760 39543
40.087167 116.305758 39544
40.087169 116.305760 39548
40.087167 116.305752 39552
40.087165 116.305747 39555
40.087165 116.305745 39556
40.087165 116.305744 39557
40.087165 116.305743 39558
40.087164 116.305741 39560
40.087165 116.305742 39564
40.087166 116.305744 39565
40.087169 116.305750 39568
40.087171 116.305756 39570
40.087173 116.305761 39572
40.087174 116.305764 39576
40.087175 116.305767 39580
40.087175 116.305767 39584
40.087176 116.305768 39585
40.087177 116.305773 39588
40.087177 116.305773 39589
40.087176 116.305771 39592
40.087173 116.305766 39596
40.087169 116.305758 39599
40.087168 116.305756 39600
40.087169 116.305754 39601
40.087170 116.305752 39602
40.087173 116.305748 39604
40.087174 116.305738 39608
40.087169 116.305731 39612
40.087169 116.305730 39613
40.087167 116.305727 39616
40.087165 116.305723 39618
40.087163 116.305719 39620
40.087132 116.305723 39623
40.087122 116.305724 39624
40.087113 116.305725 39625
40.087104 116.305726 39626
40.087095 116.305727 39627
40.087086 116.305728 39628
40.087087 116.305738 39630
40.087087 116.305743 39631
40.087088 116.305748 39632
40.087070 116.305775 39636
40.087050 116.305768 39638
40.087041 116.305765 39639
40.087031 116.305761 39640
40.086944 116.305733 39644
40.086926 116.305813 39648
40.086921 116.305817 39649
40.086907 116.305828 39652
40.086912 116.305885 39653
40.086927 116.306057 39656
40.086935 116.306106 39660
40.086936 116.306109 39661
40.086937 116.306112 39662
40.086938 116.306114 39663
40.086939 116.306117 39664
40.086909 116.306097 39667
40.086899 116.306091 39668
40.086893 116.306094 39672
40.086908 116.306114 39676
40.086914 116.306123 39678
40.086920 116.306133 39680
40.086920 116.306163 39684
40.086948 116.306181 39688
40.086966 116.306197 39692
40.087001 116.306209 39696
40.087034 116.306205 39700
40.087060 116.306175 39704
40.087082 116.306150 39708
40.087103 116.306133 39712
40.087130 116.306116 39716
40.087136 116.306111 39717
40.087143 116.306105 39718
40.087156 116.306094 39720
40.087189 116.306082 39724
40.087200 116.306080 39725
40.087212 116.306077 39726
40.087234 116.306072 39728
40.087266 116.306051 39732
40.087287 116.306035 39736
40.087304 116.306029 39738
40.087320 116.306023 39740
40.087349 116.306004 39744
40.087375 116.305975 39748
40.087401 116.305960 39752
40.087417 116.305942 39756
40.087450 116.305928 39760
40.087461 116.305922 39761
40.087495 116.305906 39764
40.087524 116.305888 39768
40.087538 116.305874 39772
40.087550 116.305868 39774
40.087561 116.305861 39776
40.087589 116.305836 39780
40.087612 116.305816 39784
40.087624 116.305800 39787
40.087628 116.305795 39788
40.087653 116.305765 39792
40.087667 116.305749 39794
40.087673 116.305741 39795
40.087680 116.305733 39796
40.087705 116.305713 39800
40.087734 116.305694 39804
40.087745 116.305687 39806
40.087756 116.305680 39808
40.087779 116.305660 39812
40.087785 116.305657 39813
40.087803 116.305649 39816
40.087848 116.305653 39820
40.087874 116.305661 39824
40.087892 116.305656 39828
40.087910 116.305618 39832
40.087916 116.305602 39836
40.087916 116.305598 39840
40.087938 116.305596 39844
40.087945 116.305562 39847
40.087948 116.305551 39848
40.087979 116.305501 39852
40.087981 116.305487 39853
40.087987 116.305447 39856
40.087994 116.305429 39858
40.087997 116.305420 39859
40.088000 116.305411 39860
40.088003 116.305408 39861
40.088005 116.305406 39862
40.088010 116.305400 39864
40.088015 116.305403 39868
40.088018 116.305396 39872
40.088022 116.305390 39874
40.088027 116.305383 39876
40.088042 116.305333 39880
40.088043 116.305331 39881
40.088048 116.305325 39884
40.088043 116.305318 39888
40.088040 116.305317 39892
40.088039 116.305317 39893
40.088037 116.305315 39896
40.088036 116.305314 39898
40.088035 116.305314 39900
40.088034 116.305315 39902
40.088034 116.305316 39904
40.088034 116.305315 39908
40.088035 116.305315 39912
40.088035 116.305315 39916
40.088035 116.305314 39920
40.088036 116.305314 39922
40.088036 116.305314 39924
40.088036 116.305313 39928
40.088036 116.305313 39930
40.088036 116.305313 39931
40.088036 116.305313 39932
40.088036 116.305313 39933
40.088036 116.305313 39936
40.088037 116.305313 39940
40.088036 116.305312 39944
40.088037 116.305312 39945
40.088037 116.305312 39946
40.088038 116.305313 39948
40.088039 116.305313 39951
40.088039 116.305313 39952
40.088039 116.305313 39953
40.088040 116.305313 39954
40.088040 116.305313 39956
40.088041 116.305311 39960
40.088042 116.305312 39964
40.088042 116.305311 39968
40.088045 116.305312 39972
40.088054 116.305310 39976
40.088062 116.305309 39980
40.088069 116.305310 39983
40.088071 116.305310 39984
40.088081 116.305311 39988
40.088089 116.305314 39989
40.088106 116.305319 39991
40.088114 116.305321 39992
40.088121 116.305326 39993
40.088128 116.305331 39994
40.088142 116.305340 39996
40.088142 116.305326 40000
40.088178 116.305335 40004
40.088232 116.305343 40008
40.088295 116.305330 40012
40.088350 116.305325 40016
40.088408 116.305330 40020
40.088464 116.305325 40024
40.088514 116.305320 40028
40.088563 116.305306 40032
40.088572 116.305294 40036
40.088583 116.305287 40038
40.088594 116.305281 40040
40.088593 116.305287 40043
40.088593 116.305289 40044
40.088602 116.305288 40048
40.088651 116.305290 40052
40.088661 116.305282 40053
40.088692 116.305259 40056
40.088731 116.305257 40060
40.088752 116.305249 40064
40.088766 116.305245 40067
40.088771 116.305244 40068
40.088818 116.305245 40072
40.088870 116.305241 40076
