40.078240 116.304899 27386
40.078553 116.304610 27391
40.078679 116.304489 27395
40.078684 116.304474 27397
40.078689 116.304458 27399
40.078667 116.304436 27403
40.078621 116.304440 27407
40.078619 116.304435 27409
40.078617 116.304430 27411
40.078588 116.304425 27414
40.078578 116.304424 27415
40.078582 116.304414 27418
40.078583 116.304411 27419
40.078627 116.304373 27423
40.078670 116.304337 27427
40.078684 116.304328 27428
40.078724 116.304303 27431
40.078790 116.304248 27435
40.078858 116.304181 27439
40.078973 116.304083 27443
40.079124 116.303940 27445
40.079275 116.303797 27447
40.079639 116.303479 27451
40.080035 116.303164 27455
40.080380 116.302952 27459
40.080717 116.302724 27463
40.081055 116.302440 27467
40.081224 116.302266 27469
40.081308 116.302178 27470
40.081392 116.302091 27471
40.081691 116.301804 27475
40.081775 116.301725 27476
40.082026 116.301489 27479
40.082104 116.301429 27480
40.082181 116.301368 27481
40.082336 116.301248 27483
40.082638 116.301027 27487
40.082819 116.300877 27489
40.082909 116.300801 27490
40.083000 116.300726 27491
40.083092 116.300646 27492
40.083369 116.300405 27495
40.083667 116.300162 27499
40.083976 116.299889 27503
40.084358 116.299592 27507
40.084745 116.299281 27511
40.085098 116.298970 27515
40.085418 116.298658 27519
40.085490 116.298595 27520
40.085707 116.298404 27523
40.085965 116.298173 27527
40.086255 116.297929 27531
40.086547 116.297663 27535
40.086627 116.297598 27536
40.086867 116.297405 27539
40.087105 116.297180 27543
40.087331 116.297011 27547
40.087457 116.296912 27551
40.087748 116.296854 27555
40.088002 116.296734 27559
40.088243 116.296724 27563
40.088336 116.296777 27567
40.088361 116.296767 27568
40.088438 116.296736 27571
40.088353 116.296787 27575
40.088336 116.296809 27579
40.088346 116.296776 27583
40.088314 116.296816 27587
40.088331 116.296946 27591
40.088397 116.297075 27595
40.088424 116.297115 27596
40.088505 116.297235 27599
40.088628 116.297472 27603
40.088656 116.297550 27604
40.088684 116.297628 27605
40.088711 116.297706 27606
40.088739 116.297784 27607
40.088766 116.297855 27608
40.088793 116.297925 27609
40.088847 116.298067 27611
40.088932 116.298281 27614
40.088961 116.298352 27615
40.089029 116.298565 27619
40.089027 116.298603 27620
40.089021 116.298716 27623
40.089013 116.298732 27624
40.088996 116.298765 27626
40.088988 116.298781 27627
40.088978 116.298830 27631
40.088975 116.298843 27634
40.088974 116.298847 27635
40.088975 116.298857 27638
40.088975 116.298860 27639
40.088987 116.298848 27643
40.089023 116.298811 27647
40.089015 116.298799 27649
40.089007 116.298786 27651
40.089008 116.298771 27655
40.089009 116.298776 27659
40.088946 116.298835 27663
40.088940 116.298887 27667
40.088941 116.298897 27671
40.088925 116.298926 27675
40.088927 116.298922 27679
40.088945 116.298931 27683
40.088985 116.298955 27687
40.088997 116.298970 27689
40.089003 116.298977 27690
40.089009 116.298984 27691
40.089030 116.299009 27695
40.089057 116.299027 27699
40.089062 116.299050 27700
40.089073 116.299098 27702
40.089079 116.299121 27703
40.089092 116.299205 27707
40.089089 116.299271 27711
40.089090 116.299285 27713
40.089090 116.299299 27715
40.089087 116.299323 27717
40.089086 116.299335 27718
40.089085 116.299347 27719
40.089090 116.299379 27722
40.089092 116.299390 27723
40.089104 116.299429 27727
40.089131 116.299449 27731
40.089138 116.299484 27735
40.089146 116.299498 27737
40.089155 116.299511 27739
40.089185 116.299553 27743
40.089191 116.299559 27744
40.089210 116.299576 27747
40.089234 116.299585 27751
40.089243 116.299589 27752
40.089272 116.299602 27755
40.089280 116.299615 27756
40.089296 116.299640 27758
40.089304 116.299653 27759
40.089328 116.299701 27763
40.089377 116.299746 27767
40.089422 116.299796 27771
40.089455 116.299875 27775
40.089506 116.299923 27779
40.089509 116.299935 27780
40.089512 116.299946 27781
40.089514 116.299958 27782
40.089517 116.299969 27783
40.089526 116.299993 27785
40.089530 116.300004 27786
40.089534 116.300016 27787
40.089554 116.300075 27791
40.089560 116.300095 27792
40.089565 116.300116 27793
40.089577 116.300156 27795
40.089593 116.300172 27797
40.089610 116.300188 27799
40.089624 116.300193 27801
40.089631 116.300196 27802
40.089638 116.300198 27803
40.089662 116.300212 27806
40.089670 116.300217 27807
40.089706 116.300257 27811
40.089724 116.300330 27815
40.089726 116.300349 27816
40.089729 116.300368 27817
40.089734 116.300406 27819
40.089751 116.300465 27823
40.089767 116.300490 27826
40.089772 116.300499 27827
40.089792 116.300552 27831
40.089816 116.300612 27835
40.089826 116.300624 27836
40.089857 116.300660 27839
40.089894 116.300702 27843
40.089901 116.300711 27844
40.089922 116.300737 27847
40.089935 116.300760 27849
40.089942 116.300771 27850
40.089948 116.300783 27851
40.090004 116.300827 27855
40.090043 116.300879 27859
40.090042 116.300934 27863
40.090042 116.300952 27865
40.090042 116.300971 27867
40.090057 116.300998 27869
40.090071 116.301026 27871
40.090079 116.301075 27874
40.090082 116.301091 27875
40.090099 116.301145 27879
40.090101 116.301236 27883
40.090139 116.301293 27887
40.090147 116.301347 27891
40.090146 116.301365 27892
40.090142 116.301418 27895
40.090132 116.301468 27899
40.090141 116.301487 27903
40.090153 116.301464 27904
40.090187 116.301397 27907
40.090183 116.301368 27910
40.090182 116.301359 27911
40.090160 116.301433 27915
40.090155 116.301444 27917
40.090150 116.301454 27919
40.090152 116.301467 27920
40.090158 116.301505 27923
40.090158 116.301515 27924
40.090156 116.301544 27927
40.090129 116.301609 27931
40.090078 116.301709 27935
40.090065 116.301732 27936
40.090026 116.301802 27939
40.089975 116.301905 27943
40.089968 116.301916 27944
40.089946 116.301947 27947
40.089935 116.301962 27951
40.089873 116.302136 27955
40.089748 116.302278 27958
40.089707 116.302325 27959
40.089666 116.302413 27963
40.089645 116.302469 27967
40.089629 116.302526 27971
40.089630 116.302580 27975
40.089626 116.302617 27978
40.089625 116.302629 27979
40.089651 116.302691 27983
40.089640 116.302715 27984
40.089629 116.302738 27985
