39.930938 116.314195 24824
39.930918 116.314590 24828
39.930930 116.315008 24832
39.930939 116.315102 24833
39.930965 116.315383 24836
39.930953 116.315595 24840
39.930895 116.315595 24844
39.930880 116.315580 24848
39.930887 116.315537 24852
39.930877 116.315528 24856
39.930877 116.315528 24860
39.930877 116.315528 24864
39.930835 116.315585 24869
39.930813 116.315662 24873
39.930807 116.315730 24875
39.930938 116.315952 24879
39.930958 116.316114 24881
39.930978 116.316275 24883
39.931023 116.316673 24887
39.931108 116.317087 24891
39.931128 116.317443 24895
39.931230 116.317645 24899
39.931338 116.317862 24903
39.931359 116.317930 24904
39.931422 116.318135 24907
39.931407 116.318247 24909
39.931392 116.318360 24911
39.931347 116.318517 24915
39.931322 116.318641 24918
39.931313 116.318682 24919
39.931315 116.318735 24921
39.931317 116.318788 24923
39.931340 116.318850 24927
39.931370 116.318933 24931
39.931371 116.318948 24932
39.931373 116.318993 24935
39.931288 116.319028 24937
39.931245 116.319046 24938
39.931203 116.319063 24939
39.931104 116.319051 24940
39.930807 116.319013 24943
39.930407 116.319040 24947
39.929950 116.319108 24951
39.929854 116.319115 24952
39.929567 116.319135 24955
39.929352 116.319161 24958
39.929280 116.319170 24959
39.929158 116.319252 24963
39.929062 116.319347 24967
39.929050 116.319347 24968
39.929039 116.319347 24969
39.929015 116.319347 24971
39.928985 116.319328 24975
39.928883 116.319313 24979
39.928667 116.319283 24983
39.928430 116.319248 24987
39.928213 116.319225 24990
39.928140 116.319217 24991
39.927892 116.319213 24995
39.927400 116.319238 24999
39.927168 116.319243 25004
39.927028 116.319267 25008
39.926888 116.319328 25018
39.926932 116.319287 25019
39.926976 116.319245 25020
39.927065 116.319162 25022
39.927082 116.319150 25024
39.927100 116.319137 25026
39.927092 116.319133 25028
39.926958 116.318970 25037
39.927047 116.318751 25042
39.927135 116.318533 25047
39.926090 116.318668 25053
39.925593 116.318787 25057
39.925202 116.319032 25061
39.925090 116.319108 25065
39.925093 116.319088 25069
39.925033 116.319087 25073
39.924905 116.319087 25076
39.924862 116.319087 25077
39.924495 116.319112 25081
39.924068 116.319173 25085
39.923573 116.319250 25089
39.923325 116.319274 25091
39.923077 116.319298 25093
39.922688 116.319315 25097
39.922618 116.319335 25098
39.922408 116.319397 25101
39.922235 116.319495 25105
39.922163 116.319540 25109
39.922147 116.319554 25111
39.922138 116.319560 25112
39.922130 116.319567 25113
39.922140 116.319549 25116
39.922143 116.319543 25117
39.922156 116.319531 25119
39.922163 116.319526 25120
39.922170 116.319520 25121
39.922203 116.319507 25125
39.922237 116.319488 25128
39.922248 116.319482 25129
39.922248 116.319482 25130
39.922248 116.319482 25133
39.922248 116.319482 25137
39.922248 116.319482 25141
39.922248 116.319482 25143
39.922248 116.319482 25145
39.922248 116.319482 25149
39.922248 116.319482 25153
39.922248 116.319482 25155
39.922248 116.319482 25157
39.922248 116.319482 25161
39.922248 116.319482 25165
39.922248 116.319482 25169
39.922248 116.319482 25170
39.922248 116.319482 25173
39.922248 116.319482 25175
39.922248 116.319482 25176
39.922248 116.319482 25177
39.922248 116.319482 25179
39.922248 116.319482 25181
39.922248 116.319482 25182
39.922248 116.319482 25185
39.922220 116.319490 25189
39.922078 116.319498 25193
39.922011 116.319527 25195
39.921945 116.319557 25197
39.921939 116.319628 25198
39.921920 116.319840 25201
39.921890 116.320240 25205
39.921858 116.320498 25207
39.921825 116.320757 25209
39.921797 116.321150 25213
39.921794 116.321204 25214
39.921792 116.321259 25215
39.921790 116.321314 25216
39.921787 116.321368 25217
39.921791 116.321386 25218
39.921798 116.321421 25220
39.921802 116.321438 25221
39.921828 116.321470 25225
39.921848 116.321575 25228
39.921855 116.321610 25229
39.921861 116.321698 25231
39.921864 116.321743 25232
39.921867 116.321787 25233
39.921866 116.321886 25235
39.921865 116.321985 25237
39.921863 116.322116 25240
39.921862 116.322160 25241
39.921877 116.322298 25245
39.921880 116.322550 25249
39.921893 116.322875 25253
39.921920 116.323192 25257
39.921895 116.323481 25260
39.921887 116.323578 25261
39.921846 116.323938 25264
39.921832 116.324058 25265
39.921823 116.324172 25266
39.921797 116.324515 25269
39.921786 116.324630 25270
39.921752 116.324973 25273
39.921744 116.325072 25274
39.921728 116.325271 25276
39.921720 116.325370 25277
39.921714 116.325423 25278
39.921695 116.325582 25281
39.921675 116.325723 25285
39.921655 116.325960 25289
39.921652 116.326037 25290
39.921642 116.326267 25293
39.921634 116.326365 25294
39.921612 116.326660 25297
39.921601 116.326889 25299
39.921590 116.327118 25301
39.921575 116.327588 25305
39.921560 116.328117 25309
39.921513 116.328603 25313
39.921468 116.329075 25317
39.921466 116.329179 25318
39.921462 116.329492 25321
39.921455 116.329940 25325
39.921461 116.330042 25326
39.921472 116.330245 25328
39.921477 116.330347 25329
39.921482 116.330603 25333
39.921518 116.330863 25337
39.921537 116.330958 25341
39.921522 116.331007 25345
39.921517 116.331016 25347
39.921515 116.331020 25348
39.921512 116.331025 25349
39.921523 116.331070 25353
39.921528 116.331077 25354
39.921533 116.331084 25355
39.921538 116.331090 25356
39.921543 116.331097 25357
39.921575 116.331150 25361
39.921618 116.331348 25365
39.921595 116.331698 25369
39.921582 116.332095 25373
39.921567 116.332476 25376
39.921562 116.332603 25377
39.921576 116.332838 25379
39.921590 116.333072 25381
39.921596 116.333188 25382
39.921603 116.333304 25383
39.921615 116.333537 25385
39.921647 116.333967 25389
39.921607 116.334373 25393
39.921640 116.334582 25397
39.921595 116.334592 25401
39.921593 116.334584 25403
39.921590 116.334575 25405
39.921560 116.334574 25408
39.921550 116.334573 25409
39.921508 116.334590 25413
39.921495 116.334687 25417
39.921557 116.334973 25421
39.921553 116.335123 25423
