39.996538 116.274593 10274
39.996544 116.274589 10275
39.996562 116.274579 10278
39.996568 116.274575 10279
39.996565 116.274572 10283
39.996550 116.274577 10291
39.996557 116.274565 10295
39.996552 116.274528 10299
39.996598 116.274545 10301
39.996621 116.274524 10313
39.996625 116.274520 10315
39.996629 116.274519 10316
39.996643 116.274517 10320
39.996638 116.274482 10324
39.996615 116.274467 10328
39.996610 116.274460 10329
39.996605 116.274453 10330
39.996597 116.274428 10338
39.996601 116.274425 10339
39.996605 116.274423 10340
39.996613 116.274417 10342
39.996600 116.274398 10346
39.996580 116.274385 10350
39.996586 116.274376 10352
39.996592 116.274367 10354
39.996592 116.274330 10358
39.996605 116.274290 10362
39.996607 116.274266 10366
39.996607 116.274260 10367
39.996610 116.274263 10371
39.996600 116.274247 10375
39.996618 116.274233 10379
39.996648 116.274233 10382
39.996658 116.274233 10383
39.996671 116.274222 10390
39.996673 116.274220 10391
39.996680 116.274227 10392
39.996703 116.274247 10395
39.996691 116.274242 10397
39.996686 116.274240 10398
39.996680 116.274238 10399
39.996663 116.274234 10400
39.996613 116.274223 10403
39.996620 116.274208 10406
39.996622 116.274203 10407
39.996623 116.274160 10411
39.996685 116.274105 10415
39.996696 116.274111 10416
39.996717 116.274121 10418
39.996728 116.274127 10419
39.996748 116.274143 10423
39.996756 116.274149 10443
39.996757 116.274150 10444
39.996760 116.274152 10452
39.996768 116.274158 10453
39.996792 116.274175 10456
39.996793 116.274175 10458
39.996797 116.274187 10462
39.996807 116.274222 10466
39.996800 116.274283 10470
39.996773 116.274290 10475
39.996740 116.274322 10479
39.996738 116.274318 10480
39.996735 116.274313 10481
39.996730 116.274305 10483
39.996730 116.274303 10495
39.996723 116.274304 10497
39.996715 116.274305 10499
39.996642 116.274257 10503
39.996598 116.274215 10505
39.996553 116.274173 10507
39.996388 116.274073 10511
39.996252 116.273990 10515
39.996235 116.273970 10517
39.996275 116.274011 10526
39.996319 116.274057 10536
39.996323 116.274062 10537
39.996325 116.274058 10539
39.996327 116.274055 10541
39.996328 116.274065 10545
39.996328 116.274067 10546
39.996305 116.274010 10550
39.996452 116.273998 10554
39.996755 116.274053 10558
39.996974 116.274101 10561
39.997047 116.274117 10562
39.997328 116.274152 10566
39.997512 116.274157 10570
39.997693 116.274173 10574
39.997748 116.274171 10576
39.997802 116.274170 10578
39.997878 116.274183 10582
39.997908 116.274175 10585
39.997918 116.274173 10586
39.997948 116.274152 10590
39.997955 116.274145 10591
39.997975 116.274123 10594
39.997978 116.274125 10596
39.997979 116.274127 10598
39.997979 116.274128 10600
39.997982 116.274138 10612
39.997975 116.274146 10614
39.997968 116.274153 10616
39.997960 116.274183 10620
39.997970 116.274211 10624
39.997972 116.274218 10625
39.997993 116.274267 10629
39.998008 116.274298 10633
39.998024 116.274327 10636
39.998030 116.274337 10637
39.998043 116.274365 10641
39.998058 116.274374 10642
39.998103 116.274400 10645
39.998142 116.274415 10649
39.998182 116.274423 10653
39.998210 116.274470 10658
39.998260 116.274477 10662
39.998273 116.274477 10671
39.998303 116.274430 10675
39.998337 116.274390 10679
39.998368 116.274383 10683
39.998415 116.274387 10687
39.998439 116.274394 10689
39.998462 116.274402 10691
39.998469 116.274401 10692
39.998477 116.274399 10693
39.998492 116.274397 10695
39.998535 116.274382 10699
39.998560 116.274320 10703
39.998583 116.274252 10707
39.998593 116.274207 10711
39.998589 116.274171 10713
39.998587 116.274153 10714
39.998585 116.274135 10715
39.998597 116.274087 10719
39.998617 116.274062 10724
39.998640 116.274050 10728
39.998660 116.274073 10732
39.998655 116.274018 10736
39.998662 116.274006 10737
39.998682 116.273970 10740
39.998677 116.273942 10744
39.998677 116.273930 10745
39.998677 116.273918 10746
39.998685 116.273914 10748
39.998697 116.273908 10751
39.998703 116.273893 10753
39.998708 116.273878 10755
39.998704 116.273865 10757
39.998700 116.273852 10759
39.998710 116.273822 10763
39.998715 116.273795 10767
39.998720 116.273772 10771
39.998720 116.273755 10773
39.998721 116.273753 10774
39.998723 116.273748 10777
39.998725 116.273742 10780
39.998728 116.273747 10785
39.998725 116.273768 10789
39.998726 116.273766 10790
39.998729 116.273755 10796
39.998731 116.273747 10800
39.998732 116.273745 10801
39.998670 116.273712 10805
39.998622 116.273655 10809
39.998603 116.273598 10813
39.998605 116.273502 10817
39.998606 116.273476 10818
39.998606 116.273450 10819
39.998608 116.273398 10821
39.998623 116.273347 10825
39.998638 116.273317 10829
39.998646 116.273308 10830
39.998655 116.273300 10831
39.998663 116.273291 10832
39.998672 116.273282 10833
39.998697 116.273292 10837
39.998688 116.273248 10841
39.998697 116.273246 10842
39.998722 116.273242 10845
39.998731 116.273234 10846
39.998749 116.273218 10848
39.998758 116.273210 10849
39.998778 116.273153 10853
39.998773 116.273128 10855
39.998767 116.273103 10857
39.998762 116.273037 10861
39.998742 116.272988 10865
39.998737 116.272988 10869
