39.996762 116.401728 4943
39.996762 116.401705 4947
39.996778 116.401658 4951
39.996833 116.401693 4955
39.996898 116.401733 4959
39.996970 116.401757 4963
39.997023 116.401732 4967
39.997065 116.401773 4971
39.997030 116.401883 4975
39.997070 116.401913 4979
39.997107 116.401905 4981
39.997143 116.401897 4983
39.997195 116.401875 4987
39.997197 116.401869 4989
39.997198 116.401863 4991
39.997243 116.401863 4995
39.997250 116.401923 4999
39.997240 116.401933 5002
39.997237 116.401937 5003
39.997222 116.401992 5007
39.997235 116.402095 5011
39.997230 116.402185 5015
39.997228 116.402205 5016
39.997223 116.402265 5019
39.997242 116.402330 5023
39.997240 116.402375 5027
39.997258 116.402442 5031
39.997280 116.402480 5035
39.997330 116.402502 5038
39.997347 116.402510 5039
39.997352 116.402530 5041
39.997357 116.402550 5043
39.997337 116.402593 5047
39.997383 116.402637 5051
39.997385 116.402658 5052
39.997387 116.402680 5053
39.997390 116.402722 5055
39.997399 116.402807 5058
39.997402 116.402835 5059
39.997433 116.402888 5063
39.997433 116.402918 5067
39.997438 116.402965 5071
39.997408 116.403028 5075
39.997365 116.403042 5077
39.997322 116.403057 5079
39.997327 116.403085 5083
39.997323 116.403133 5087
39.997290 116.403258 5091
39.997282 116.403338 5095
39.997284 116.403349 5096
39.997286 116.403361 5097
39.997288 116.403372 5098
39.997290 116.403383 5099
39.997293 116.403396 5100
39.997300 116.403435 5103
39.997281 116.403454 5105
39.997263 116.403473 5107
39.997250 116.403528 5111
39.997284 116.403573 5114
39.997295 116.403588 5115
39.997287 116.403622 5119
39.997265 116.403643 5123
39.997212 116.403658 5127
39.997190 116.403635 5131
39.997142 116.403657 5135
39.997155 116.403705 5139
39.997162 116.403711 5140
39.997169 116.403716 5141
39.997183 116.403727 5143
39.997260 116.403804 5145
39.997298 116.403842 5146
39.997337 116.403880 5147
39.997442 116.403977 5151
39.997500 116.404010 5153
39.997529 116.404026 5154
39.997558 116.404042 5155
39.997552 116.404103 5159
39.997518 116.404182 5163
39.997488 116.404188 5167
39.997447 116.404267 5171
39.997440 116.404287 5172
39.997420 116.404345 5175
39.997398 116.404443 5179
39.997394 116.404491 5182
39.997393 116.404507 5183
39.997427 116.404587 5187
39.997485 116.404648 5191
39.997485 116.404669 5192
39.997485 116.404733 5195
39.997530 116.404740 5199
39.997538 116.404787 5203
39.997518 116.404835 5207
39.997503 116.404895 5210
39.997498 116.404915 5211
39.997527 116.404951 5214
39.997537 116.404963 5215
39.997548 116.405055 5219
39.997562 116.405095 5223
39.997592 116.405122 5227
39.997660 116.405180 5231
39.997660 116.405197 5232
39.997660 116.405248 5235
39.997638 116.405273 5237
39.997615 116.405298 5239
39.997606 116.405301 5240
39.997578 116.405310 5243
39.997560 116.405318 5244
39.997526 116.405334 5246
39.997508 116.405342 5247
39.997455 116.405405 5251
39.997470 116.405493 5255
39.997570 116.405547 5258
39.997603 116.405565 5259
39.997608 116.405561 5260
39.997612 116.405557 5261
39.997615 116.405558 5262
39.997617 116.405560 5263
39.997630 116.405567 5268
39.997643 116.405585 5270
39.997650 116.405594 5271
39.997657 116.405603 5272
39.997665 116.405619 5273
39.997673 116.405636 5274
39.997690 116.405668 5276
39.997703 116.405702 5280
39.997635 116.405890 5284
39.997607 116.406072 5288
39.997543 116.406170 5292
39.997485 116.406193 5296
39.997527 116.406199 5298
39.997548 116.406201 5299
39.997590 116.406207 5301
39.997675 116.406273 5305
39.997710 116.406247 5308
39.997722 116.406238 5309
39.997818 116.406228 5312
39.997850 116.406225 5313
39.997843 116.406218 5317
39.997843 116.406210 5321
39.997843 116.406208 5322
39.997835 116.406200 5323
39.997812 116.406175 5326
39.997791 116.406170 5327
39.997769 116.406164 5328
39.997727 116.406153 5330
39.997682 116.406125 5334
39.997662 116.406129 5336
39.997642 116.406133 5338
39.997608 116.406187 5342
39.997600 116.406200 5343
39.997617 116.406292 5347
39.997627 116.406297 5348
39.997657 116.406313 5351
39.997660 116.406322 5352
39.997663 116.406330 5353
39.997667 116.406339 5354
39.997670 116.406348 5355
39.997670 116.406348 5359
39.997670 116.406348 5366
39.997690 116.406358 5370
39.997778 116.406313 5374
39.997893 116.406250 5378
39.998002 116.406270 5382
39.998066 116.406305 5385
39.998108 116.406328 5387
39.998171 116.406386 5390
39.998192 116.406405 5391
39.998226 116.406461 5393
39.998278 116.406545 5396
39.998268 116.406602 5401
39.998268 116.406602 5405
39.998277 116.406595 5407
39.998285 116.406588 5409
39.998382 116.406550 5413
39.998470 116.406502 5417
39.998540 116.406462 5421
39.998623 116.406437 5425
39.998655 116.406441 5427
39.998687 116.406445 5429
39.998758 116.406478 5433
39.998773 116.406482 5434
39.998803 116.406489 5436
39.998818 116.406493 5437
39.998830 116.406483 5438
39.998855 116.406463 5440
39.998868 116.406453 5441
39.998877 116.406448 5442
39.998902 116.406432 5445
39.998962 116.406447 5449
39.998995 116.406422 5453
39.999021 116.406402 5456
39.999030 116.406395 5457
39.999035 116.406382 5458
39.999039 116.406368 5459
39.999048 116.406342 5461
39.999046 116.406327 5463
39.999043 116.406312 5465
39.999060 116.406225 5469
39.999088 116.406303 5473
39.999099 116.406314 5474
39.999132 116.406348 5477
39.999183 116.406325 5481
39.999250 116.406345 5485
39.999297 116.406325 5489
39.999344 116.406323 5492
39.999360 116.406323 5493
39.999384 116.406328 5495
39.999396 116.406330 5496
39.999408 116.406332 5497
39.999433 116.406335 5501
39.999475 116.406348 5505
39.999510 116.406350 5509
39.999558 116.406392 5513
39.999607 116.406500 5517
39.999652 116.406575 5521
39.999713 116.406630 5525
39.999788 116.406667 5529
39.999875 116.406727 5533
39.999942 116.406737 5537
39.999975 116.406825 5541
39.999989 116.406840 5542
40.000003 116.406855 5543
