39.968158 116.399466 81474
39.968109 116.399484 81478
39.968101 116.399489 81479
39.968093 116.399494 81480
39.968069 116.399510 81483
39.968051 116.399549 81488
39.968047 116.399552 81493
39.968046 116.399552 81494
39.968040 116.399554 81498
39.968038 116.399554 81500
39.968038 116.399555 81501
39.968037 116.399555 81502
39.968036 116.399555 81503
39.968048 116.399553 81508
39.968079 116.399567 81513
39.968101 116.399603 81518
39.968106 116.399630 81523
39.968105 116.399633 81527
39.968105 116.399634 81528
39.968102 116.399670 81530
39.968101 116.399687 81531
39.968099 116.399705 81532
39.968085 116.399766 81535
39.968110 116.399774 81538
39.968118 116.399777 81539
39.968126 116.399780 81540
39.968139 116.399774 81543
39.968144 116.399772 81544
39.968148 116.399770 81545
39.968140 116.399771 81546
39.968123 116.399774 81548
39.968106 116.399777 81550
39.968065 116.399745 81554
39.968063 116.399710 81556
39.968061 116.399692 81557
39.968060 116.399674 81558
39.968065 116.399660 81559
39.968070 116.399647 81560
39.968074 116.399633 81561
39.968079 116.399619 81562
39.968107 116.399623 81567
39.968149 116.399602 81570
39.968200 116.399564 81574
39.968222 116.399554 81579
39.968228 116.399591 81584
39.968209 116.399597 81588
39.968204 116.399598 81589
39.968170 116.399607 81594
39.968172 116.399608 81599
39.968168 116.399609 81604
39.968159 116.399611 81609
39.968157 116.399613 81613
39.968156 116.399613 81614
39.968157 116.399613 81616
39.968158 116.399614 81617
39.968158 116.399614 81618
39.968159 116.399614 81619
39.968153 116.399616 81624
39.968151 116.399616 81625
39.968144 116.399617 81629
39.968149 116.399620 81634
39.968155 116.399627 81635
39.968174 116.399650 81638
39.968180 116.399657 81639
39.968189 116.399700 81641
39.968193 116.399721 81642
39.968237 116.399754 81645
39.968234 116.399807 81650
39.968193 116.399804 81655
39.968182 116.399804 81656
39.968137 116.399802 81660
39.968094 116.399777 81663
39.968079 116.399769 81664
39.968073 116.399757 81665
39.968049 116.399711 81669
39.968039 116.399686 81671
39.968024 116.399649 81674
39.968018 116.399611 81679
39.968010 116.399622 81684
39.968044 116.399608 81689
39.968091 116.399598 81694
39.968137 116.399596 81699
39.968170 116.399647 81704
39.968173 116.399656 81705
39.968183 116.399693 81709
39.968177 116.399695 81714
39.968128 116.399707 81718
39.968126 116.399717 81719
39.968124 116.399727 81720
39.968118 116.399756 81723
39.968120 116.399771 81724
39.968128 116.399815 81727
39.968153 116.399841 81729
39.968166 116.399854 81730
39.968182 116.399825 81735
39.968154 116.399785 81740
39.968177 116.399770 81744
39.968183 116.399766 81745
39.968177 116.399827 81750
39.968174 116.399868 81755
39.968182 116.399863 81760
39.968182 116.399863 81768
39.968182 116.399863 81772
39.968182 116.399863 81773
39.968190 116.399864 81775
39.968199 116.399859 81778
39.968202 116.399857 81779
39.968205 116.399855 81780
39.968209 116.399842 81781
39.968219 116.399805 81784
39.968223 116.399792 81785
39.968253 116.399788 81790
39.968278 116.399798 81795
39.968295 116.399827 81800
39.968278 116.399867 81805
39.968218 116.399856 81808
39.968187 116.399823 81813
39.968154 116.399818 81815
39.968138 116.399815 81816
39.968095 116.399761 81819
39.968037 116.399638 81824
39.967971 116.399582 81826
39.967905 116.399526 81828
39.967843 116.399393 81833
39.967809 116.399374 81838
39.967850 116.399426 81843
39.967840 116.399463 81848
39.967845 116.399465 81853
39.967958 116.399544 81857
39.968127 116.399619 81862
39.968334 116.399596 81867
39.968356 116.399628 81872
39.968327 116.399627 81873
39.968210 116.399621 81877
39.968189 116.399624 81882
39.968190 116.399624 81883
39.968195 116.399623 81887
39.968224 116.399613 81890
39.968243 116.399607 81892
39.968286 116.399604 81897
39.968333 116.399590 81901
39.968350 116.399594 81906
39.968342 116.399596 81911
39.968235 116.399653 81916
39.968233 116.399654 81919
39.968232 116.399655 81920
39.968231 116.399655 81921
39.968225 116.399655 81926
39.968220 116.399654 81931
39.968221 116.399653 81932
39.968224 116.399651 81936
39.968223 116.399648 81941
39.968222 116.399646 81944
39.968221 116.399646 81945
39.968221 116.399645 81946
39.968182 116.399635 81951
39.968067 116.399619 81956
39.968020 116.399601 81959
39.968018 116.399566 81964
39.968018 116.399562 81969
39.968019 116.399562 81970
39.968023 116.399562 81973
39.968024 116.399562 81974
39.968055 116.399584 81976
39.968070 116.399595 81977
39.968118 116.399609 81980
39.968154 116.399622 81985
39.968180 116.399569 81988
39.968251 116.399438 81993
39.968305 116.399339 81997
39.968338 116.399300 82000
39.968378 116.399318 82005
39.968430 116.399338 82009
39.968481 116.399355 82013
39.968531 116.399333 82017
39.968561 116.399340 82020
39.968581 116.399345 82022
39.968575 116.399353 82023
39.968552 116.399385 82027
39.968526 116.399424 82032
39.968500 116.399480 82035
39.968491 116.399499 82036
39.968423 116.399618 82040
39.968401 116.399648 82045
39.968406 116.399647 82050
39.968299 116.399606 82053
39.968285 116.399589 82058
39.968226 116.399560 82061
39.968206 116.399551 82062
39.968186 116.399541 82063
39.968182 116.399527 82068
39.968184 116.399526 82071
39.968186 116.399526 82073
