39.996335 116.334631 63733
39.996330 116.334631 63735
39.996322 116.334632 63738
39.996307 116.334620 63743
39.996309 116.334608 63745
39.996311 116.334589 63748
39.996314 116.334584 63749
39.996325 116.334566 63753
39.996340 116.334506 63758
39.996335 116.334507 63763
39.996326 116.334508 63768
39.996318 116.334493 63773
39.996329 116.334476 63777
39.996332 116.334472 63778
39.996367 116.334434 63783
39.996374 116.334429 63784
39.996403 116.334411 63788
39.996420 116.334414 63790
39.996429 116.334416 63791
39.996437 116.334417 63792
39.996446 116.334419 63793
39.996464 116.334427 63797
39.996468 116.334429 63798
39.996464 116.334438 63803
39.996464 116.334438 63805
39.996464 116.334438 63806
39.996464 116.334438 63808
39.996464 116.334438 63809
39.996465 116.334437 63813
39.996472 116.334417 63818
39.996471 116.334407 63819
39.996469 116.334369 63823
39.996473 116.334339 63827
39.996474 116.334331 63828
39.996478 116.334314 63833
39.996489 116.334296 63836
39.996496 116.334284 63838
39.996488 116.334284 63841
39.996486 116.334284 63842
39.996483 116.334284 63843
39.996492 116.334283 63848
39.996500 116.334281 63853
39.996513 116.334286 63858
39.996500 116.334299 63863
39.996512 116.334294 63868
39.996502 116.334314 63873
39.996505 116.334314 63875
39.996508 116.334313 63877
39.996510 116.334313 63878
39.996511 116.334313 63879
39.996514 116.334313 63883
39.996519 116.334312 63888
39.996520 116.334312 63889
39.996523 116.334310 63893
39.996529 116.334304 63898
39.996537 116.334295 63903
39.996545 116.334268 63907
39.996545 116.334265 63908
39.996545 116.334255 63912
39.996540 116.334245 63916
39.996539 116.334242 63917
39.996540 116.334242 63922
39.996534 116.334242 63927
39.996529 116.334242 63932
39.996527 116.334243 63937
39.996528 116.334243 63938
39.996532 116.334242 63942
39.996529 116.334242 63947
39.996521 116.334243 63952
39.996518 116.334242 63957
39.996512 116.334242 63962
39.996510 116.334242 63963
39.996503 116.334244 63967
39.996497 116.334245 63972
39.996496 116.334245 63977
39.996495 116.334245 63978
39.996495 116.334245 63979
39.996494 116.334246 63981
39.996493 116.334246 63982
39.996502 116.334246 63987
39.996499 116.334248 63992
39.996497 116.334249 63997
39.996503 116.334249 64002
39.996506 116.334250 64007
39.996515 116.334271 64012
39.996519 116.334285 64017
39.996520 116.334302 64022
39.996506 116.334309 64026
39.996503 116.334311 64027
39.996513 116.334325 64032
39.996511 116.334384 64036
39.996502 116.334441 64039
39.996504 116.334456 64040
39.996509 116.334487 64042
39.996529 116.334529 64046
39.996550 116.334571 64051
39.996573 116.334555 64056
39.996580 116.334545 64061
39.996624 116.334495 64065
39.996639 116.334477 64066
39.996669 116.334442 64068
39.996693 116.334407 64070
39.996705 116.334389 64071
39.996702 116.334325 64076
39.996671 116.334312 64080
39.996663 116.334309 64081
39.996652 116.334310 64084
39.996645 116.334311 64086
39.996586 116.334317 64090
39.996535 116.334332 64094
39.996502 116.334348 64099
39.996484 116.334359 64104
39.996468 116.334368 64106
39.996459 116.334373 64107
39.996443 116.334382 64109
39.996429 116.334392 64114
39.996430 116.334393 64119
39.996424 116.334395 64124
39.996422 116.334395 64129
39.996422 116.334395 64133
39.996422 116.334395 64134
39.996429 116.334387 64135
39.996435 116.334379 64136
39.996455 116.334354 64139
39.996447 116.334313 64144
39.996453 116.334304 64149
39.996468 116.334278 64154
39.996478 116.334269 64157
39.996481 116.334266 64158
39.996484 116.334263 64159
39.996486 116.334263 64161
39.996488 116.334262 64162
39.996490 116.334262 64164
39.996492 116.334260 64169
39.996498 116.334257 64174
39.996522 116.334257 64179
39.996525 116.334254 64181
39.996530 116.334249 64184
39.996531 116.334239 64189
39.996531 116.334249 64193
39.996531 116.334252 64194
39.996532 116.334282 64197
39.996532 116.334292 64198
39.996532 116.334302 64199
39.996533 116.334335 64201
39.996534 116.334368 64203
39.996533 116.334376 64204
39.996527 116.334408 64208
39.996540 116.334409 64213
39.996536 116.334409 64218
39.996547 116.334406 64223
39.996560 116.334421 64233
39.996560 116.334421 64235
39.996561 116.334422 64236
39.996561 116.334422 64238
39.996494 116.334420 64242
39.996435 116.334435 64244
39.996376 116.334450 64246
39.996350 116.334468 64247
39.996273 116.334522 64250
39.996176 116.334621 64254
39.996163 116.334639 64255
39.996126 116.334694 64258
39.996113 116.334712 64259
39.996118 116.334784 64263
39.996138 116.334838 64268
39.996133 116.334896 64271
39.996147 116.334937 64276
39.996223 116.334855 64281
39.996264 116.334793 64284
39.996292 116.334752 64286
39.996296 116.334751 64291
39.996305 116.334736 64292
39.996314 116.334722 64293
39.996333 116.334693 64295
39.996387 116.334589 64300
39.996413 116.334536 64304
39.996415 116.334533 64305
39.996419 116.334526 64307
39.996421 116.334523 64308
39.996423 116.334520 64309
39.996421 116.334517 64314
39.996610 116.334507 64319
39.996649 116.334509 64324
39.996668 116.334494 64328
39.996673 116.334490 64329
