40.023380 116.348448 49951
40.023442 116.348263 49957
40.023492 116.348117 49963
40.023543 116.347974 49968
40.023553 116.347945 49969
40.023648 116.347680 49975
40.023659 116.347649 49976
40.023715 116.347493 49981
40.023742 116.347403 49986
40.023748 116.347385 49987
40.023812 116.347182 49993
40.023878 116.346983 49999
40.023957 116.346758 50004
40.023973 116.346713 50005
40.024042 116.346515 50011
40.024075 116.346413 50015
40.024092 116.346362 50017
40.024110 116.346313 50024
40.024133 116.346257 50027
40.024250 116.346040 50033
40.024324 116.345940 50036
40.024397 116.345840 50039
40.024537 116.345675 50045
40.024642 116.345592 50051
40.024828 116.345453 50057
40.025013 116.345323 50063
40.025035 116.345307 50066
40.025090 116.345262 50069
40.025308 116.345073 50075
40.025715 116.344753 50081
40.026390 116.344267 50091
40.026442 116.344212 50094
40.026493 116.344158 50097
40.026523 116.344133 50103
40.026523 116.344133 50106
40.026523 116.344133 50107
40.026523 116.344133 50113
40.026523 116.344133 50116
40.026593 116.344065 50121
40.026653 116.344013 50123
40.026772 116.343908 50127
40.026942 116.343785 50133
40.027243 116.343568 50139
40.027560 116.343333 50145
40.027927 116.343075 50151
40.028715 116.342438 50161
40.029722 116.341670 50171
40.029802 116.341604 50172
40.029963 116.341473 50174
40.030043 116.341407 50175
40.030284 116.341210 50178
40.030445 116.341079 50180
40.030525 116.341013 50181
40.031440 116.340303 50191
40.032116 116.339991 50199
40.032285 116.339913 50201
40.032414 116.339819 50203
40.032799 116.339537 50209
40.032928 116.339443 50211
40.033280 116.339170 50217
40.033426 116.339055 50219
40.034008 116.338597 50227
40.034578 116.337983 50237
40.035247 116.337293 50247
40.035945 116.336770 50257
40.036244 116.336578 50263
40.036443 116.336450 50267
40.036585 116.336353 50270
40.036727 116.336255 50273
40.036898 116.336143 50279
40.036930 116.336117 50285
40.036930 116.336117 50338
40.036930 116.336117 50360
40.036966 116.336087 50363
40.036990 116.336067 50365
40.037155 116.335942 50371
40.037367 116.335782 50375
40.037473 116.335702 50377
40.038180 116.335107 50387
40.038268 116.335039 50388
40.038709 116.334701 50393
40.039062 116.334430 50397
40.039317 116.334233 50400
40.039402 116.334167 50401
40.039913 116.333773 50407
40.040435 116.333384 50414
40.040509 116.333329 50415
40.040658 116.333218 50417
40.041612 116.332525 50427
40.042568 116.331803 50437
40.043488 116.331288 50447
40.044410 116.330708 50457
40.044897 116.330352 50462
40.045383 116.329995 50467
40.046047 116.329508 50477
40.046481 116.329184 50483
40.046698 116.329022 50486
40.046770 116.328968 50487
40.047775 116.328212 50497
40.049110 116.327157 50507
40.050552 116.325995 50517
40.051370 116.325028 50527
40.052508 116.324192 50537
40.053383 116.323575 50547
40.053400 116.323562 50549
40.053408 116.323555 50550
