40.018882 116.350007 51152
40.020098 116.349815 51162
40.021090 116.350350 51172
40.022113 116.350503 51182
40.022646 116.349975 51188
40.022735 116.349887 51189
40.023002 116.349623 51192
40.023181 116.349160 51195
40.023597 116.348080 51202
40.024203 116.346352 51212
40.024279 116.346256 51213
40.024508 116.345968 51216
40.024965 116.345393 51222
40.025870 116.344632 51232
40.026768 116.343852 51242
40.027738 116.343133 51252
40.027918 116.343073 51262
40.027918 116.343073 51266
40.027923 116.343020 51271
40.027921 116.343004 51274
40.027918 116.342978 51279
40.027936 116.342977 51281
40.027945 116.342977 51282
40.027968 116.343002 51288
40.028027 116.342963 51298
40.028022 116.342975 51307
40.028069 116.342950 51309
40.028092 116.342938 51310
40.028185 116.342901 51312
40.028370 116.342828 51316
40.028553 116.342711 51318
40.029285 116.342245 51326
40.030262 116.341367 51336
40.030807 116.340863 51346
40.030952 116.340740 51348
40.031097 116.340618 51350
40.031532 116.340250 51356
40.032540 116.339842 51366
40.033458 116.339028 51376
40.033659 116.338846 51378
40.034465 116.338118 51386
40.035363 116.337212 51396
40.035879 116.336827 51402
40.036223 116.336570 51406
40.036912 116.336078 51416
40.036981 116.336027 51418
40.037051 116.335976 51420
40.037120 116.335925 51422
40.037138 116.335887 51458
40.037142 116.335877 51465
40.037155 116.335861 51469
40.037158 116.335857 51470
40.037167 116.335848 51496
40.037173 116.335857 51501
40.037173 116.335857 51509
40.037185 116.335848 51514
40.037230 116.335827 51517
40.037477 116.335642 51523
40.037942 116.335231 51530
40.038142 116.335055 51533
40.039027 116.334398 51543
40.039750 116.333911 51549
40.040232 116.333587 51553
40.041568 116.332593 51563
40.042925 116.331577 51573
40.044212 116.330933 51583
40.045518 116.329908 51593
40.046612 116.329037 51603
40.048090 116.327953 51613
40.048915 116.327309 51618
40.049080 116.327180 51619
40.049740 116.326665 51623
40.049846 116.326563 51624
40.050163 116.326257 51627
40.050797 116.325645 51633
40.051106 116.325366 51636
40.051827 116.324715 51643
40.052988 116.323833 51653
40.053653 116.323380 51663
40.053660 116.323375 51668
40.053661 116.323374 51669
40.053663 116.323374 51670
40.053687 116.323357 51688
40.053687 116.323357 51689
40.053688 116.323355 51722
