40.063400 116.293408 51643
40.070850 116.302037 51712
40.070720 116.302525 51715
40.070590 116.303013 51718
40.070122 116.304135 51724
40.069808 116.305118 51729
40.069745 116.305315 51730
40.069627 116.306735 51737
40.069610 116.306938 51738
40.069586 116.307630 51742
40.069397 116.312993 51773
40.069613 116.313180 51779
40.069703 116.313292 51783
40.069731 116.313400 51789
40.069735 116.313418 51790
40.069740 116.313437 51791
40.069763 116.313527 51796
40.069772 116.313563 51798
40.069782 116.313883 51834
40.069512 116.329335 51925
40.069347 116.329982 51936
40.069339 116.330091 51946
40.069337 116.330113 51948
40.069313 116.330163 51952
40.069310 116.330178 51953
40.069297 116.330240 51957
40.069402 116.330303 51964
40.069405 116.330306 51965
40.069413 116.330315 51968
40.069415 116.330315 51969
40.069417 116.330315 51970
40.069438 116.330313 52003
40.069448 116.330280 52006
40.069527 116.330025 52029
40.069575 116.329969 52031
40.069599 116.329941 52032
40.069623 116.329913 52033
40.069649 116.329897 52034
40.069727 116.329848 52037
40.069623 116.329782 52041
40.069622 116.329702 52045
40.069638 116.329628 52049
40.069649 116.329568 52052
40.069653 116.329548 52053
40.069662 116.329465 52057
40.069680 116.329388 52061
40.069688 116.329337 52065
40.069685 116.329299 52067
40.069684 116.329281 52068
40.069683 116.329262 52069
40.069703 116.329205 52073
40.069727 116.329178 52077
40.069722 116.329147 52081
40.069720 116.329102 52085
40.069737 116.329065 52089
40.069750 116.329030 52093
40.069750 116.329042 52097
40.069782 116.329025 52101
40.069796 116.329023 52102
40.069810 116.329020 52103
40.069844 116.329008 52104
40.069945 116.328972 52107
40.070050 116.328950 52111
40.070094 116.328934 52112
40.070227 116.328885 52115
40.070080 116.328893 52119
40.070147 116.328888 52123
40.070163 116.328888 52124
40.070197 116.328888 52126
40.070213 116.328888 52127
40.070263 116.328884 52130
40.070280 116.328883 52131
40.070345 116.328877 52135
40.070360 116.328875 52136
40.070390 116.328870 52138
40.070405 116.328868 52139
40.070462 116.328855 52143
40.070517 116.328853 52147
40.070548 116.328850 52149
40.070578 116.328848 52151
40.070635 116.328850 52155
40.070660 116.328848 52157
40.070691 116.328843 52159
40.070722 116.328838 52161
40.070783 116.328837 52165
40.070838 116.328832 52169
40.070845 116.328831 52170
40.070865 116.328827 52173
40.070918 116.328817 52177
40.070934 116.328815 52178
40.070950 116.328813 52179
40.071012 116.328805 52183
40.071027 116.328804 52184
40.071072 116.328802 52187
40.071115 116.328795 52190
40.071130 116.328792 52191
40.071187 116.328787 52195
40.071215 116.328783 52197
40.071229 116.328780 52198
40.071243 116.328778 52199
40.071285 116.328770 52203
40.071345 116.328765 52207
40.071400 116.328755 52211
40.071452 116.328748 52215
40.071507 116.328740 52219
40.071548 116.328736 52222
40.071562 116.328735 52223
40.071613 116.328732 52227
40.071633 116.328725 52229
40.071650 116.328720 52230
40.071703 116.328703 52233
40.071725 116.328678 52237
40.071739 116.328671 52238
40.071753 116.328663 52239
40.071800 116.328642 52243
