39.984728 116.328018 44615
39.984847 116.334803 44648
39.985163 116.338693 44673
39.985235 116.339477 44679
39.985318 116.340463 44685
39.985398 116.341702 44691
39.985473 116.343128 44697
39.985483 116.344775 44703
39.985473 116.346413 44709
39.985478 116.347780 44714
39.985480 116.348327 44716
39.985482 116.348874 44718
39.985483 116.349148 44719
39.985573 116.351697 44729
39.985612 116.353190 44735
39.985615 116.353443 44736
39.985617 116.353696 44737
39.985620 116.353949 44738
39.985623 116.354201 44739
39.985628 116.354707 44741
39.985630 116.356235 44747
39.985649 116.357431 44752
39.985653 116.357670 44753
39.985793 116.359112 44759
39.985898 116.360525 44765
39.985940 116.361857 44771
39.985952 116.363218 44777
39.985985 116.364625 44783
39.985972 116.365855 44789
39.985965 116.366184 44791
39.985952 116.366842 44795
39.985938 116.367708 44801
39.985968 116.368013 44803
39.985998 116.368317 44805
39.986028 116.368622 44807
39.986098 116.369360 44813
39.986090 116.370068 44819
39.985902 116.370730 44825
39.985648 116.371370 44831
39.985518 116.371935 44837
39.985618 116.372427 44843
39.985654 116.372506 44844
39.985835 116.372900 44849
39.986143 116.373255 44855
39.986678 116.373242 44861
39.986757 116.373168 44862
39.987153 116.372797 44867
39.987842 116.372180 44873
39.988618 116.371822 44879
39.989305 116.371572 44885
39.989973 116.371327 44891
39.990588 116.371038 44897
39.990918 116.370866 44900
39.991137 116.370752 44902
39.991247 116.370695 44903
39.991625 116.370435 44906
39.992003 116.370175 44909
39.992647 116.369682 44915
39.992871 116.369500 44917
39.993320 116.369137 44921
39.994177 116.368507 44927
39.994625 116.368158 44930
39.994774 116.368042 44931
39.994924 116.367926 44932
39.995073 116.367810 44933
39.995967 116.367100 44939
39.996767 116.366460 44945
39.997650 116.365777 44951
39.997817 116.365652 44952
39.998655 116.365027 44957
40.000408 116.363703 44967
40.001195 116.363080 44973
40.002050 116.362460 44979
40.002322 116.362263 44981
40.002457 116.362164 44982
40.002865 116.361868 44985
40.003692 116.361270 44991
40.004622 116.360653 44997
40.005725 116.359850 45003
40.005900 116.359718 45004
40.007300 116.358659 45012
40.007475 116.358527 45013
40.007644 116.358401 45014
40.008490 116.357772 45019
40.009487 116.357047 45025
40.010370 116.356483 45031
40.010609 116.356355 45033
40.011088 116.356098 45037
40.011438 116.355875 45043
40.011527 116.355807 45047
40.011567 116.355770 45051
40.011587 116.355743 45055
40.011608 116.355738 45057
40.011663 116.355675 45059
40.011718 116.355612 45061
40.011775 116.355547 45062
40.011832 116.355482 45063
40.011947 116.355352 45065
40.012194 116.355073 45068
40.012277 116.354979 45069
40.012442 116.354793 45071
40.012552 116.354698 45072
40.012993 116.354318 45076
40.013103 116.354223 45077
40.013206 116.354146 45078
40.013720 116.353758 45083
40.014402 116.353248 45089
40.015285 116.352597 45095
40.015601 116.352355 45097
40.016232 116.351870 45101
40.017178 116.351147 45107
40.018242 116.350338 45113
40.020033 116.348963 45123
40.022017 116.347423 45133
40.023469 116.346287 45141
40.023832 116.346003 45143
40.024717 116.345295 45149
40.024819 116.345215 45150
40.024921 116.345136 45151
40.025328 116.344817 45155
40.025968 116.344322 45161
40.026088 116.344231 45162
40.026687 116.343773 45167
40.027428 116.343208 45173
40.027871 116.342879 45178
40.027960 116.342813 45179
40.028528 116.342388 45185
40.028981 116.342046 45189
40.029208 116.341875 45191
40.029735 116.341444 45195
40.029998 116.341228 45197
40.030537 116.340795 45201
40.030807 116.340578 45203
40.031768 116.339808 45209
40.032401 116.339307 45213
40.032718 116.339057 45215
