40.000629 116.327162 83080
40.000627 116.327171 83081
40.000620 116.327209 83085
40.000599 116.327219 83090
40.000532 116.327230 83095
40.000530 116.327269 83099
40.000529 116.327279 83100
40.000528 116.327357 83105
40.000571 116.327443 83110
40.000561 116.327501 83114
40.000558 116.327515 83115
40.000569 116.327625 83120
40.000574 116.327645 83121
40.000594 116.327726 83125
40.000565 116.327511 83130
40.000526 116.327543 83134
40.000516 116.327551 83135
40.000478 116.327526 83140
40.000493 116.327510 83143
40.000498 116.327504 83144
40.000503 116.327499 83145
40.000467 116.327499 83150
40.000467 116.327494 83152
40.000466 116.327487 83155
40.000469 116.327484 83156
40.000476 116.327476 83159
40.000479 116.327473 83160
40.000485 116.327470 83164
40.000486 116.327469 83165
40.000483 116.327475 83170
40.000481 116.327480 83175
40.000482 116.327479 83176
40.000485 116.327477 83179
40.000486 116.327476 83180
40.000501 116.327477 83185
40.000509 116.327472 83190
40.000495 116.327435 83195
40.000488 116.327439 83198
40.000483 116.327441 83200
40.000450 116.327456 83205
40.000435 116.327463 83210
40.000433 116.327465 83214
40.000433 116.327465 83215
40.000424 116.327458 83220
40.000466 116.327467 83225
40.000527 116.327449 83230
40.000602 116.327450 83235
40.000623 116.327450 83240
40.000628 116.327444 83244
40.000629 116.327443 83245
40.000593 116.327313 83250
40.000551 116.327199 83255
40.000518 116.327106 83260
40.000502 116.327069 83264
40.000498 116.327060 83265
40.000480 116.327050 83270
40.000456 116.327040 83273
40.000440 116.327033 83275
40.000450 116.327003 83280
40.000449 116.327000 83285
40.000448 116.326983 83290
40.000524 116.326952 83295
40.000535 116.326935 83300
40.000536 116.326929 83305
40.000494 116.326920 83310
40.000484 116.326912 83315
40.000482 116.326908 83320
40.000478 116.326926 83325
40.000475 116.326927 83326
40.000468 116.326929 83328
40.000462 116.326931 83330
40.000442 116.326927 83333
40.000435 116.326926 83334
40.000428 116.326925 83335
40.000427 116.326910 83338
40.000426 116.326900 83340
40.000425 116.326900 83342
40.000424 116.326901 83345
40.000415 116.326842 83350
40.000415 116.326843 83351
40.000414 116.326845 83355
40.000415 116.326844 83358
40.000416 116.326843 83359
40.000416 116.326843 83360
40.000465 116.326864 83365
40.000536 116.326852 83370
40.000587 116.326839 83375
40.000628 116.326799 83380
40.000624 116.326765 83382
40.000623 116.326749 83383
40.000621 116.326732 83384
40.000619 116.326715 83385
40.000549 116.326672 83390
40.000535 116.326665 83391
40.000521 116.326658 83392
40.000480 116.326638 83395
40.000456 116.326624 83400
40.000449 116.326641 83403
40.000445 116.326652 83405
40.000427 116.326661 83410
40.000423 116.326679 83412
40.000417 116.326705 83415
40.000449 116.326733 83418
40.000460 116.326743 83419
40.000471 116.326752 83420
40.000527 116.326818 83425
40.000557 116.326850 83430
40.000558 116.326851 83435
40.000517 116.326879 83440
40.000513 116.326910 83442
40.000506 116.326956 83445
40.000495 116.326970 83447
40.000478 116.326992 83450
40.000409 116.327012 83455
40.000405 116.327067 83460
40.000369 116.327100 83465
40.000287 116.327077 83470
39.999985 116.326937 83490
40.000152 116.327071 83492
40.000235 116.327137 83493
40.000402 116.327271 83495
40.000378 116.327269 83498
40.000362 116.327268 83500
40.000296 116.327184 83505
40.000274 116.327197 83510
40.000276 116.327228 83514
40.000277 116.327236 83515
40.000311 116.327270 83519
40.000319 116.327279 83520
40.000317 116.327284 83521
40.000310 116.327302 83525
40.000199 116.327239 83530
40.000234 116.327211 83535
40.000286 116.327208 83540
40.000282 116.327190 83545
40.000281 116.327186 83550
40.000282 116.327182 83553
40.000282 116.327181 83554
40.000282 116.327180 83555
40.000277 116.327174 83556
40.000263 116.327158 83559
40.000258 116.327152 83560
40.000218 116.327147 83565
40.000222 116.327139 83569
40.000223 116.327137 83570
40.000226 116.327132 83575
40.000239 116.327126 83580
40.000237 116.327138 83583
40.000236 116.327146 83585
40.000229 116.327140 83590
40.000198 116.327174 83595
40.000180 116.327202 83597
40.000154 116.327245 83600
40.000119 116.327271 83605
40.000109 116.327281 83610
40.000108 116.327284 83611
40.000106 116.327298 83615
40.000104 116.327315 83616
40.000102 116.327333 83617
40.000099 116.327368 83619
40.000097 116.327385 83620
40.000098 116.327393 83621
40.000102 116.327426 83625
40.000076 116.327305 83630
40.000019 116.327310 83635
40.000013 116.327252 83640
40.000018 116.327243 83641
40.000039 116.327207 83645
40.000069 116.327168 83650
40.000046 116.327123 83655
40.000043 116.327127 83660
40.000036 116.327135 83665
40.000027 116.327135 83666
40.000018 116.327135 83667
39.999992 116.327134 83670
39.999895 116.327244 83675
39.999894 116.327553 83680
