39.979210 116.327528 45824
39.979290 116.327525 45825
39.979537 116.327528 45831
39.979545 116.327532 45833
39.979545 116.327532 45850
39.979550 116.327537 45852
39.979720 116.327520 45856
39.980058 116.327510 45860
39.980792 116.327485 45866
39.981097 116.327468 45868
39.981403 116.327450 45870
39.981708 116.327433 45872
39.982640 116.327433 45878
39.982847 116.327407 45881
39.983053 116.327382 45884
39.983106 116.327372 45885
39.983265 116.327342 45888
39.983512 116.327248 45892
39.983875 116.327425 45898
39.984060 116.327417 45902
39.984123 116.327403 45904
39.984155 116.327395 45905
39.984187 116.327388 45906
39.984257 116.327392 45910
39.984304 116.327400 45913
39.984320 116.327403 45914
39.984352 116.327408 45916
39.984413 116.327490 45920
39.984439 116.327753 45923
39.984447 116.327840 45924
39.984507 116.328443 45930
39.984536 116.328753 45933
39.984565 116.329063 45936
39.984569 116.329748 45941
39.984570 116.329885 45942
39.984618 116.331033 45948
39.984695 116.332352 45954
39.984782 116.333693 45960
39.984797 116.334418 45963
39.984807 116.334901 45965
39.984812 116.335142 45966
39.984873 116.336627 45972
39.984904 116.337205 45975
39.984925 116.337590 45977
39.984935 116.337783 45978
39.985015 116.338264 45982
39.985055 116.338505 45984
39.985098 116.338952 45988
39.985120 116.339175 45990
39.985126 116.339355 45991
39.985145 116.339895 45994
39.985151 116.340075 45995
39.985157 116.340255 45996
39.985170 116.340711 45998
39.985197 116.341623 46002
39.985255 116.343097 46008
39.985292 116.344690 46014
39.985352 116.346585 46021
39.985377 116.347397 46024
39.985472 116.350383 46034
39.985495 116.350927 46036
39.985585 116.353103 46044
39.985668 116.355955 46054
39.985713 116.357388 46060
39.985745 116.358530 46066
39.985750 116.358707 46067
39.985775 116.359592 46072
39.985787 116.360695 46078
39.985807 116.361735 46084
39.985828 116.362718 46090
39.985877 116.363780 46096
39.985907 116.364605 46102
39.985909 116.364730 46103
39.985913 116.364981 46105
39.985916 116.365107 46106
39.985918 116.365233 46107
39.985920 116.365358 46108
39.985937 116.366137 46114
39.985918 116.366940 46120
39.985883 116.367652 46126
39.985883 116.368242 46132
39.985886 116.368718 46137
39.985887 116.368813 46138
39.985894 116.369213 46142
39.985898 116.369413 46144
39.985893 116.369998 46150
39.985860 116.370181 46152
39.985793 116.370548 46156
39.985637 116.371133 46162
39.985558 116.371837 46168
39.985601 116.372192 46171
39.985643 116.372547 46174
39.985905 116.373073 46180
39.986393 116.373290 46186
39.986566 116.373193 46188
39.986739 116.373095 46190
39.986825 116.373047 46191
39.986912 116.372998 46192
39.987402 116.372382 46198
39.987771 116.372156 46202
39.987955 116.372043 46204
39.988508 116.371832 46210
39.988953 116.371682 46216
39.989660 116.371437 46222
39.990552 116.371052 46228
39.991063 116.370784 46233
39.991165 116.370730 46234
39.991690 116.370400 46240
39.991803 116.370317 46241
39.992370 116.369902 46246
39.993178 116.369265 46252
39.993883 116.368710 46258
39.993990 116.368632 46259
39.994523 116.368243 46264
39.995025 116.367853 46270
39.995587 116.367413 46276
39.996158 116.366970 46282
39.996663 116.366572 46288
39.996890 116.366395 46291
39.996966 116.366335 46292
39.997117 116.366217 46294
39.997205 116.366140 46295
39.997382 116.365984 46297
39.997647 116.365752 46300
39.998300 116.365238 46306
39.998587 116.365022 46309
39.998778 116.364877 46311
39.998873 116.364805 46312
39.999263 116.364513 46318
39.999425 116.364390 46322
39.999479 116.364348 46324
39.999532 116.364305 46326
39.999737 116.364173 46330
40.000142 116.363865 46336
40.000433 116.363625 46342
40.000607 116.363503 46346
40.000656 116.363467 46347
40.000803 116.363358 46350
40.000996 116.363219 46353
40.001060 116.363173 46354
40.001121 116.363128 46355
40.001425 116.362903 46360
40.001713 116.362688 46366
40.001918 116.362538 46370
40.001964 116.362504 46371
40.002103 116.362403 46374
40.002285 116.362265 46378
40.002532 116.362082 46382
40.002942 116.361800 46388
40.003408 116.361430 46394
40.004077 116.360938 46400
40.004758 116.360508 46406
40.005166 116.360237 46409
40.005573 116.359967 46412
40.005738 116.359845 46413
40.005904 116.359723 46414
40.006069 116.359601 46415
40.006565 116.359235 46418
40.007637 116.358418 46424
