39.985862 116.357430 36417
39.985882 116.358228 36423
39.985897 116.358845 36427
39.985901 116.358999 36428
39.985905 116.359153 36429
39.985932 116.360163 36435
39.985960 116.361142 36441
39.985987 116.361957 36447
39.986006 116.362530 36451
39.986015 116.362817 36453
39.986010 116.363945 36459
39.986035 116.365008 36465
39.986038 116.365155 36466
39.986055 116.365892 36471
39.986082 116.366850 36477
39.986104 116.367683 36482
39.986108 116.367850 36483
39.986112 116.369138 36489
39.986147 116.370658 36495
39.986159 116.371205 36497
39.986182 116.372300 36501
39.986265 116.375377 36511
39.986394 116.377550 36520
39.986408 116.377792 36521
39.986466 116.378692 36526
39.986478 116.378872 36527
39.986482 116.379355 36530
39.986487 116.379838 36533
39.986498 116.380323 36536
39.986510 116.380808 36539
39.986510 116.381760 36545
39.986495 116.382597 36551
39.986525 116.383348 36557
39.986553 116.384110 36563
39.986564 116.384484 36566
39.986575 116.384858 36569
39.986593 116.385812 36575
39.986618 116.386813 36581
39.986623 116.387888 36588
39.986636 116.388577 36592
39.986643 116.388922 36594
39.986651 116.389085 36595
39.986690 116.389900 36600
39.986710 116.390565 36604
39.986715 116.390732 36605
39.986720 116.390898 36606
39.986734 116.391861 36611
39.986737 116.392053 36612
39.986778 116.393382 36618
39.986847 116.394672 36624
39.986898 116.395783 36630
39.986906 116.395983 36631
39.986945 116.396982 36636
39.986987 116.398265 36642
39.987005 116.398710 36644
39.987022 116.399155 36646
39.987040 116.399600 36648
39.987080 116.401045 36654
39.987120 116.402213 36659
39.987128 116.402447 36660
39.987146 116.403099 36663
39.987153 116.403317 36664
39.987165 116.403752 36666
39.987217 116.405082 36672
39.987255 116.406202 36678
39.987278 116.407200 36684
39.987305 116.408083 36690
39.987330 116.408668 36695
39.987335 116.408785 36696
39.987353 116.409475 36701
39.987357 116.409613 36702
39.987361 116.409763 36703
39.987380 116.410512 36708
39.987369 116.411020 36711
39.987358 116.411527 36714
39.987383 116.412488 36720
39.987389 116.412974 36724
39.987392 116.413217 36726
39.987405 116.414175 36732
39.987396 116.414547 36734
39.987378 116.415292 36738
39.987420 116.416373 36744
39.987444 116.416736 36747
39.987468 116.417100 36750
39.987467 116.417577 36756
39.987460 116.417727 36760
39.987468 116.417907 36764
39.987473 116.418205 36768
39.987488 116.418562 36772
39.987513 116.419007 36778
39.987530 116.419285 36782
39.987538 116.419443 36784
39.987541 116.419521 36785
39.987545 116.419600 36786
39.987558 116.420105 36792
39.987560 116.420148 36793
39.987561 116.420190 36794
39.987563 116.420232 36795
39.987565 116.420275 36796
39.987572 116.420418 36800
39.987573 116.420470 36801
39.987576 116.420575 36803
39.987578 116.420627 36804
39.987580 116.420687 36805
39.987587 116.420867 36808
39.987595 116.421082 36812
39.987602 116.421158 36816
39.987613 116.421285 36820
39.987614 116.421382 36822
39.987615 116.421480 36824
39.987621 116.421665 36827
39.987623 116.421727 36828
39.987623 116.422047 36832
39.987652 116.422630 36838
39.987656 116.422846 36840
39.987663 116.423278 36844
39.987673 116.423782 36849
39.987675 116.423883 36850
39.987692 116.424375 36856
39.987673 116.424652 36860
39.987670 116.424703 36861
39.987667 116.424755 36862
39.987663 116.424807 36863
39.987660 116.424858 36864
39.987670 116.425022 36868
39.987670 116.425198 36872
39.987671 116.425237 36873
39.987673 116.425355 36876
39.987680 116.425484 36879
39.987683 116.425527 36880
39.987693 116.425713 36884
39.987695 116.425795 36887
39.987695 116.425823 36888
39.987690 116.426023 36892
39.987690 116.426092 36893
39.987692 116.426300 36896
39.987697 116.426517 36900
39.987703 116.426812 36904
39.987683 116.427130 36908
39.987727 116.427947 36914
39.987730 116.428665 36920
39.987728 116.428743 36924
39.987735 116.428792 36926
39.987737 116.428852 36927
39.987741 116.428973 36929
39.987743 116.429033 36930
39.987742 116.429343 36934
39.987735 116.429458 36938
39.987725 116.429472 36941
39.987721 116.429477 36942
39.987718 116.429482 36943
39.987713 116.429555 36947
39.987708 116.429618 36949
39.987703 116.429680 36951
39.987697 116.429802 36955
39.987690 116.429940 36959
39.987682 116.430112 36963
39.987679 116.430188 36965
39.987675 116.430265 36967
39.987667 116.430403 36971
39.987648 116.430623 36975
39.987628 116.430903 36979
39.987590 116.431197 36983
39.987578 116.431280 36984
39.987543 116.431528 36987
39.987435 116.431986 36992
39.987413 116.432078 36993
39.987248 116.432600 36999
39.987077 116.433000 37005
39.987005 116.433150 37009
39.986983 116.433196 37010
39.986915 116.433333 37013
39.986898 116.433367 37014
39.986848 116.433468 37017
