39.979755 116.472948 30868
39.979337 116.472483 30874
39.979050 116.472168 30880
39.979030 116.472137 30884
39.979027 116.472153 30889
39.979033 116.472162 30892
39.979020 116.472153 30911
39.978973 116.472115 30913
39.978798 116.471922 30917
39.978573 116.471687 30921
39.978122 116.471208 30927
39.977773 116.470799 30931
39.977598 116.470595 30933
39.977002 116.469865 30939
39.976313 116.469142 30945
39.975612 116.468372 30951
39.974875 116.467560 30957
39.974347 116.467003 30962
39.974242 116.466892 30963
39.974151 116.466779 30964
39.974061 116.466666 30965
39.973698 116.466213 30969
39.973087 116.465482 30975
39.972478 116.464612 30981
39.972259 116.464012 30984
39.972040 116.463412 30987
39.971930 116.462027 30993
39.972150 116.460643 30999
39.972678 116.459475 31005
39.973202 116.458615 31011
39.973257 116.458537 31012
39.973422 116.458302 31015
39.973477 116.458223 31016
39.973532 116.458145 31017
39.973645 116.457978 31020
39.973683 116.457922 31021
39.973810 116.457720 31025
39.973957 116.457500 31029
39.974022 116.457408 31031
39.974087 116.457317 31033
39.974177 116.457265 31035
39.974268 116.457212 31037
39.974305 116.457230 31038
39.974453 116.457303 31042
39.974490 116.457267 31046
39.974433 116.456968 31050
39.974440 116.456875 31052
39.974477 116.456738 31056
39.974494 116.456681 31058
39.974502 116.456652 31059
39.974510 116.456623 31060
39.974537 116.456567 31064
39.974560 116.456518 31068
39.974572 116.456490 31072
39.974598 116.456442 31076
39.974638 116.456368 31080
39.974702 116.456238 31084
39.974762 116.456152 31088
39.974772 116.456138 31089
39.974802 116.456097 31092
39.974881 116.455963 31095
39.974907 116.455918 31096
39.975325 116.455278 31102
39.975840 116.454468 31108
39.976268 116.453780 31113
39.976353 116.453643 31114
39.976912 116.452768 31120
39.977498 116.451927 31126
39.977836 116.451445 31129
39.978175 116.450962 31132
39.978875 116.449900 31138
39.979623 116.448683 31144
39.980262 116.447670 31149
39.980390 116.447467 31150
39.981650 116.445600 31160
39.981752 116.445441 31161
39.981956 116.445123 31163
39.982160 116.444806 31165
39.982262 116.444647 31166
39.982649 116.444037 31170
39.982746 116.443884 31171
39.982843 116.443732 31172
39.982930 116.443599 31173
39.983103 116.443334 31175
39.983363 116.442935 31178
39.983673 116.442464 31182
39.983828 116.442228 31184
39.984297 116.441362 31190
39.984743 116.440322 31196
39.985128 116.439367 31202
39.985276 116.438982 31204
39.985572 116.438213 31208
39.986055 116.436970 31214
39.986573 116.435773 31220
39.986734 116.435354 31222
39.987057 116.434515 31226
39.987121 116.434321 31227
39.987379 116.433547 31231
39.987443 116.433353 31232
39.987535 116.432961 31234
39.987718 116.432178 31238
39.987828 116.431495 31244
39.987895 116.431078 31250
39.987912 116.430834 31253
39.987917 116.430753 31254
39.987945 116.430277 31260
39.987958 116.429802 31265
39.987960 116.429707 31266
39.987940 116.429473 31270
39.987925 116.429182 31274
39.987907 116.428568 31280
39.987893 116.427823 31286
39.987874 116.427249 31290
39.987870 116.427106 31291
39.987865 116.426962 31292
39.987838 116.426067 31298
39.987772 116.425062 31304
39.987748 116.423783 31310
39.987741 116.423568 31311
39.987734 116.423354 31312
39.987707 116.422495 31316
39.987672 116.421197 31322
39.987655 116.420563 31325
39.987638 116.419928 31328
39.987625 116.419453 31330
39.987605 116.418740 31333
39.987598 116.418503 31334
39.987570 116.417022 31340
39.987547 116.416154 31344
39.987535 116.415720 31346
39.987525 116.415332 31348
39.987520 116.415138 31349
39.987515 116.414945 31350
39.987510 116.414751 31351
39.987505 116.414557 31352
39.987478 116.413710 31358
39.987437 116.412953 31364
39.987427 116.412231 31368
39.987422 116.411870 31370
39.987373 116.410913 31375
39.987363 116.410722 31376
39.987342 116.409925 31382
39.987333 116.409749 31383
39.987294 116.409043 31387
39.987285 116.408867 31388
39.987252 116.407695 31394
39.987232 116.406658 31400
39.987242 116.405442 31406
39.987190 116.404135 31412
39.987160 116.403003 31418
39.987132 116.401678 31424
39.987070 116.400337 31430
39.987030 116.399023 31436
39.987025 116.398393 31439
39.987020 116.397763 31442
39.987014 116.397545 31443
39.986983 116.396457 31448
39.986952 116.394863 31454
39.986889 116.392737 31462
39.986873 116.392205 31464
