40.050830 116.300772 5268
40.050830 116.300772 5294
40.050828 116.300780 5298
40.050798 116.300822 5300
40.050667 116.300958 5304
40.050375 116.301093 5308
40.049817 116.301282 5312
40.048785 116.301880 5318
40.047812 116.302522 5324
40.046907 116.303198 5330
40.046050 116.303843 5336
40.045230 116.304490 5342
40.044440 116.305133 5348
40.043880 116.305566 5352
40.043740 116.305675 5353
40.043600 116.305783 5354
40.042803 116.306415 5360
40.042664 116.306501 5361
40.041967 116.306933 5366
40.041125 116.307408 5372
40.040300 116.307865 5378
40.039480 116.308400 5384
40.039218 116.308654 5386
40.038824 116.309036 5389
40.038693 116.309163 5390
40.037955 116.310052 5396
40.037253 116.310910 5402
40.036581 116.311524 5407
40.036447 116.311647 5408
40.036154 116.311872 5410
40.036007 116.311984 5411
40.035567 116.312322 5414
40.034693 116.312900 5420
40.033962 116.313288 5426
40.033533 116.313487 5430
40.033318 116.313587 5432
40.032803 116.313795 5438
40.032422 116.313918 5444
40.032273 116.313968 5448
40.032187 116.313992 5452
40.032182 116.313997 5453
40.032167 116.314010 5456
40.032183 116.314023 5460
40.032197 116.314032 5464
40.032217 116.314027 5505
40.032202 116.314036 5506
40.032187 116.314045 5507
40.032050 116.314078 5511
40.031984 116.314096 5512
40.031917 116.314114 5513
40.031785 116.314150 5515
40.031443 116.314250 5519
40.030828 116.314469 5523
40.030520 116.314578 5525
40.029528 116.314928 5531
40.029363 116.314982 5532
40.028540 116.315250 5537
40.028178 116.315396 5539
40.027997 116.315469 5540
40.027455 116.315688 5543
40.026447 116.316085 5549
40.025448 116.316525 5555
40.025283 116.316596 5556
40.024952 116.316738 5558
40.024457 116.316950 5561
40.023962 116.317149 5564
40.023467 116.317348 5567
40.022495 116.317728 5573
40.021866 116.317993 5577
40.021709 116.318059 5578
40.021552 116.318125 5579
40.021399 116.318189 5580
40.020786 116.318447 5584
40.020633 116.318512 5585
40.019728 116.318882 5591
40.018805 116.319253 5597
40.017888 116.319733 5603
40.017449 116.320059 5606
40.017010 116.320385 5609
40.016220 116.321203 5615
40.015485 116.322067 5621
40.014727 116.322932 5627
40.013967 116.323782 5633
40.013717 116.324063 5635
40.013592 116.324203 5636
40.013467 116.324344 5637
40.013342 116.324484 5638
40.013217 116.324625 5639
40.012482 116.325453 5645
40.011765 116.326253 5651
40.011052 116.327052 5657
40.010591 116.327571 5661
40.010475 116.327700 5662
40.010360 116.327830 5663
40.009682 116.328600 5669
40.009298 116.329014 5672
40.008913 116.329428 5675
40.008775 116.329549 5676
40.008636 116.329671 5677
40.008083 116.330157 5681
40.007790 116.330344 5683
40.007498 116.330531 5685
40.007205 116.330718 5687
40.006268 116.331065 5693
40.005300 116.331252 5699
40.004325 116.331303 5705
40.003397 116.331328 5711
40.002591 116.331355 5716
40.002430 116.331360 5717
40.001473 116.331407 5723
40.000505 116.331458 5729
39.999552 116.331513 5735
39.998628 116.331520 5741
39.998008 116.331538 5745
39.997698 116.331547 5747
39.996768 116.331588 5753
39.995787 116.331627 5759
39.995626 116.331633 5760
39.994822 116.331665 5765
39.993973 116.331703 5771
39.993273 116.331712 5777
39.992762 116.331732 5783
39.992633 116.331732 5785
39.992504 116.331732 5787
39.992375 116.331732 5789
39.992254 116.331713 5792
39.992213 116.331707 5793
39.992123 116.331675 5797
39.992120 116.331674 5798
39.992113 116.331670 5801
39.992097 116.331675 5805
39.992095 116.331693 5807
39.992103 116.331712 5851
39.992073 116.331703 5853
39.992029 116.331706 5854
39.991941 116.331713 5856
39.991897 116.331717 5857
39.991766 116.331724 5858
39.991635 116.331731 5859
39.991373 116.331745 5861
39.990213 116.331698 5867
