40.076340 116.321747 24063
40.076290 116.321600 24064
40.075992 116.320720 24070
40.075738 116.319912 24076
40.075738 116.319582 24082
40.075645 116.319270 24086
40.075513 116.318783 24092
40.075496 116.318729 24093
40.075445 116.318568 24096
40.075382 116.318380 24100
40.075363 116.318302 24102
40.075345 116.318223 24104
40.075326 116.318161 24105
40.075308 116.318098 24106
40.075270 116.317973 24108
40.075227 116.317817 24112
40.075195 116.317775 24116
40.075185 116.317740 24120
40.075200 116.317737 24163
40.075150 116.317608 24167
40.075052 116.317375 24171
40.074827 116.316660 24177
40.074618 116.315752 24183
40.074569 116.315581 24184
40.074325 116.314727 24189
40.074083 116.313885 24195
40.073887 116.313238 24201
40.073683 116.312525 24207
40.073445 116.311893 24213
40.073240 116.311343 24219
40.073212 116.311248 24220
40.073184 116.311153 24221
40.073072 116.310772 24225
40.072883 116.310152 24231
40.072756 116.309709 24235
40.072692 116.309488 24237
40.072660 116.309378 24238
40.072500 116.308830 24243
40.072302 116.308158 24249
40.072252 116.307560 24255
40.072308 116.307501 24256
40.072587 116.307207 24261
40.072864 116.306998 24265
40.073003 116.306893 24267
40.073465 116.306538 24273
40.073987 116.306175 24279
40.074042 116.306213 24280
40.074097 116.306251 24281
40.074318 116.306402 24285
40.074307 116.306625 24289
40.074102 116.306855 24293
40.073532 116.307337 24299
40.072855 116.307867 24305
40.072122 116.308392 24311
40.071373 116.308943 24317
40.071055 116.309156 24320
40.070737 116.309368 24323
40.070217 116.309571 24327
40.069957 116.309672 24329
40.069328 116.310082 24335
40.068893 116.310548 24341
40.068665 116.310918 24347
40.068642 116.310948 24348
40.068619 116.310977 24349
40.068573 116.311037 24351
40.068417 116.311222 24354
40.068365 116.311283 24355
40.067792 116.311850 24361
40.067013 116.312492 24367
40.066607 116.312837 24370
40.066200 116.313182 24373
40.065457 116.313795 24378
40.065308 116.313918 24379
40.064357 116.314623 24385
40.063557 116.315225 24391
40.062778 116.315822 24397
40.061958 116.316450 24403
40.061120 116.317075 24409
40.060971 116.317186 24410
40.060823 116.317297 24411
40.060674 116.317408 24412
40.060377 116.317629 24414
40.060228 116.317740 24415
40.059734 116.318118 24418
40.059405 116.318371 24420
40.059240 116.318497 24421
40.057503 116.319842 24431
40.056443 116.320660 24437
40.054743 116.321978 24447
40.054589 116.322097 24448
40.053818 116.322693 24453
40.052837 116.323448 24459
40.052495 116.323713 24461
40.051812 116.324243 24465
40.051317 116.324625 24468
40.050988 116.324880 24470
40.050823 116.325008 24471
40.049933 116.325698 24477
40.049186 116.326244 24482
40.049037 116.326353 24483
40.047990 116.327155 24489
40.045937 116.328768 24499
40.044027 116.330262 24509
40.042313 116.331538 24519
40.042009 116.331771 24521
40.041402 116.332237 24525
40.040470 116.332935 24531
40.040295 116.333070 24532
40.039423 116.333745 24537
40.038187 116.334709 24544
40.038011 116.334847 24545
40.037658 116.335122 24547
40.036570 116.335930 24553
40.035845 116.336468 24557
40.034878 116.337203 24562
40.033910 116.337938 24567
40.032190 116.339275 24577
40.031956 116.339457 24580
40.031879 116.339518 24581
40.031723 116.339640 24583
40.031380 116.339958 24589
40.030883 116.340370 24595
40.030507 116.340628 24601
40.030287 116.340803 24605
40.029940 116.341072 24611
40.029752 116.341215 24615
40.029681 116.341272 24617
40.029646 116.341300 24618
40.029610 116.341328 24619
40.029552 116.341373 24621
40.029495 116.341418 24623
40.029342 116.341542 24627
40.029241 116.341624 24629
40.029140 116.341707 24631
40.029094 116.341742 24632
40.028958 116.341848 24635
40.028733 116.342015 24639
40.028676 116.342062 24640
40.028618 116.342108 24641
40.028388 116.342295 24645
40.028137 116.342487 24649
40.028075 116.342535 24650
40.028012 116.342583 24651
40.027570 116.342893 24657
40.027157 116.343205 24663
