39.922300 116.427750 31390
39.922299 116.427749 31391
39.922167 116.427683 31488
39.922044 116.427752 31515
39.922017 116.427767 31521
39.921800 116.427800 31543
39.921622 116.427800 31561
39.921493 116.427800 31574
39.921483 116.427800 31575
39.921167 116.427850 31603
39.921104 116.427875 31609
39.921063 116.427892 31613
39.921000 116.427917 31619
39.920617 116.427983 31654
39.920417 116.428000 31672
39.920217 116.428050 31708
39.920033 116.428067 31740
39.919817 116.428076 31763
39.919667 116.428083 31779
39.919637 116.428086 31783
39.919500 116.428100 31801
39.919367 116.428100 31820
39.919100 116.428117 31848
39.918550 116.428150 31912
39.918383 116.428150 31946
