39.991868 116.330400 50260
39.991960 116.330352 50265
39.991971 116.330333 50268
39.991978 116.330320 50270
39.991943 116.330320 50275
39.991915 116.330265 50280
39.991896 116.330266 50282
39.991868 116.330267 50285
39.991862 116.330258 50287
39.991852 116.330245 50290
39.991841 116.330247 50294
39.991838 116.330247 50295
39.991858 116.330247 50300
39.991854 116.330255 50303
39.991852 116.330260 50305
39.991838 116.330298 50310
39.991848 116.330318 50315
39.991847 116.330348 50320
39.991858 116.330375 50325
39.991875 116.330410 50330
39.991895 116.330442 50335
39.991913 116.330553 50340
39.991920 116.330582 50345
39.991907 116.330598 50347
39.991887 116.330623 50350
39.991890 116.330622 50351
39.991892 116.330621 50352
39.991900 116.330617 50355
39.991893 116.330622 50360
39.991892 116.330626 50361
39.991892 116.330630 50362
39.991890 116.330642 50365
39.991887 116.330637 50370
39.991882 116.330647 50375
39.991865 116.330662 50380
39.991844 116.330686 50382
39.991833 116.330699 50383
39.991812 116.330723 50385
39.991804 116.330741 50387
39.991792 116.330768 50390
39.991772 116.330790 50395
39.991765 116.330796 50396
39.991757 116.330802 50397
39.991735 116.330820 50400
39.991729 116.330823 50401
39.991722 116.330825 50402
39.991716 116.330828 50403
39.991703 116.330833 50405
39.991672 116.330828 50410
39.991645 116.330840 50413
39.991627 116.330848 50415
39.991623 116.330859 50416
39.991605 116.330903 50420
39.991605 116.330962 50425
39.991601 116.330972 50426
39.991597 116.330981 50427
39.991593 116.330991 50428
39.991589 116.331000 50429
39.991585 116.331010 50430
39.991587 116.331072 50435
39.991577 116.331107 50440
39.991571 116.331121 50441
39.991545 116.331177 50445
39.991493 116.331322 50450
39.991502 116.331353 50455
39.991478 116.331380 50460
39.991414 116.331422 50464
39.991398 116.331432 50465
39.991392 116.331432 50466
39.991386 116.331432 50467
39.991380 116.331432 50468
39.991368 116.331432 50470
39.991368 116.331448 50475
39.991377 116.331480 50480
39.991422 116.331460 50485
39.991450 116.331446 50489
39.991457 116.331442 50490
39.991490 116.331409 50491
39.991623 116.331275 50495
39.991680 116.331263 50496
39.991907 116.331213 50500
39.991988 116.331342 50505
39.991996 116.331347 50508
39.992002 116.331350 50510
39.992027 116.331475 50515
39.992090 116.331552 50520
39.992125 116.331540 50525
39.992092 116.331472 50530
39.992053 116.331388 50535
39.991990 116.331302 50540
39.991983 116.331287 50545
39.991987 116.331292 50550
39.991978 116.331297 50555
39.991972 116.331298 50559
39.991970 116.331298 50560
39.991950 116.331301 50564
39.991945 116.331302 50565
39.991928 116.331310 50570
39.991925 116.331317 50572
39.991920 116.331327 50575
39.991927 116.331355 50580
39.991928 116.331372 50585
39.991923 116.331385 50590
39.991917 116.331397 50595
39.991542 116.331443 50600
39.991528 116.331485 50605
39.991528 116.331485 50610
39.991528 116.331478 50615
39.991527 116.331480 50619
39.991527 116.331480 50620
39.991527 116.331480 50621
39.991525 116.331482 50625
39.991525 116.331482 50626
39.991525 116.331482 50630
39.991522 116.331478 50635
39.991512 116.331482 50640
39.991503 116.331485 50645
39.991502 116.331485 50646
39.991501 116.331485 50647
39.991497 116.331485 50650
39.991492 116.331490 50655
39.991488 116.331492 50657
39.991485 116.331494 50659
39.991483 116.331495 50660
39.991477 116.331500 50665
39.991473 116.331503 50670
39.991470 116.331508 50675
39.991469 116.331510 50677
39.991468 116.331512 50680
39.991460 116.331510 50685
39.991245 116.331525 50803
39.990835 116.331717 50808
