39.966616 116.347265 27784
39.966614 116.347181 27785
39.966611 116.347096 27786
39.966609 116.347012 27787
39.966604 116.346843 27789
39.966607 116.346582 27794
39.966717 116.346465 27799
39.967002 116.346551 27804
39.967276 116.346701 27809
39.967387 116.346972 27814
39.967335 116.347093 27817
39.967301 116.347174 27819
39.967157 116.347204 27821
39.967085 116.347218 27822
39.966941 116.347248 27824
39.966315 116.347298 27829
39.965525 116.347318 27834
39.964800 116.347286 27839
39.964042 116.347082 27844
39.963591 116.347066 27847
39.963290 116.347055 27849
39.962466 116.347108 27854
39.962133 116.347134 27856
39.961800 116.347159 27858
39.961633 116.347172 27859
39.960839 116.347222 27864
39.960245 116.347264 27868
39.960097 116.347274 27869
39.959580 116.347307 27873
39.959451 116.347315 27874
39.958792 116.347403 27879
39.958678 116.347458 27880
39.958449 116.347569 27882
39.958220 116.347679 27884
39.957643 116.348011 27889
39.957523 116.348078 27890
39.957041 116.348347 27894
39.956676 116.348531 27897
39.956433 116.348654 27899
39.955731 116.348786 27904
39.954931 116.348838 27909
39.954760 116.348841 27910
39.954075 116.348853 27914
39.953897 116.348857 27915
39.953185 116.348874 27919
39.952820 116.348889 27921
39.952272 116.348911 27924
39.951387 116.348997 27929
39.950518 116.349194 27934
39.949810 116.349431 27938
39.949633 116.349490 27939
39.948760 116.349775 27944
39.947990 116.349941 27949
39.947460 116.349967 27953
39.947327 116.349974 27954
39.946694 116.350002 27959
39.946135 116.350011 27963
39.945995 116.350013 27964
39.945874 116.350016 27965
39.945388 116.350026 27969
39.945001 116.350031 27974
39.944969 116.350032 27975
39.944843 116.350038 27979
39.944747 116.350043 27984
39.944739 116.350044 27985
39.944715 116.350047 27988
39.944707 116.350048 27989
39.944672 116.350054 27992
39.944648 116.350058 27994
39.944471 116.350054 27998
39.944427 116.350053 27999
39.944193 116.350060 28004
39.944092 116.350047 28007
39.944059 116.350042 28008
39.944025 116.350038 28009
39.944008 116.350021 28014
39.943952 116.350018 28019
39.943890 116.350038 28024
39.943889 116.350040 28027
39.943889 116.350041 28029
39.943872 116.350045 28034
39.943765 116.350031 28039
39.943662 116.350010 28044
39.943553 116.350003 28046
39.943389 116.349993 28049
39.943064 116.349954 28054
39.942732 116.349941 28059
39.942658 116.349937 28061
39.942547 116.349930 28064
39.942518 116.349926 28065
39.942401 116.349908 28069
39.942279 116.349822 28074
39.942186 116.349779 28079
39.942128 116.349769 28083
39.942113 116.349766 28084
39.942112 116.349765 28085
39.942110 116.349762 28089
39.942108 116.349761 28094
39.942034 116.349715 28097
39.942010 116.349700 28098
39.941985 116.349685 28099
39.941769 116.349547 28104
39.941495 116.349369 28109
39.941349 116.349308 28112
39.941252 116.349267 28114
39.941213 116.349258 28115
39.941057 116.349221 28119
39.940960 116.349209 28122
39.940895 116.349201 28124
39.940606 116.349199 28129
39.940285 116.349205 28134
39.940116 116.349215 28137
39.940003 116.349221 28139
39.939765 116.349225 28144
39.939707 116.349228 28149
39.939495 116.349219 28154
39.939345 116.349213 28159
39.939299 116.349207 28164
39.939294 116.349206 28165
39.939276 116.349202 28169
39.939271 116.349201 28174
39.939262 116.349188 28179
39.939149 116.349217 28184
39.939027 116.349258 28189
39.938922 116.349149 28194
39.938709 116.348964 28199
39.938706 116.348960 28200
39.938692 116.348946 28204
39.938678 116.348992 28205
39.938651 116.349083 28207
39.938638 116.349128 28208
39.938624 116.349174 28209
39.938544 116.349194 28213
39.938524 116.349199 28214
39.938486 116.349213 28219
39.938434 116.349226 28224
39.938425 116.349227 28226
39.938412 116.349229 28229
39.938397 116.349229 28230
39.938335 116.349231 28234
39.938299 116.349230 28235
39.938228 116.349229 28237
39.938156 116.349228 28239
39.938064 116.349232 28241
39.938017 116.349235 28242
39.937925 116.349239 28244
39.937643 116.349253 28249
39.937462 116.349260 28254
39.937286 116.349273 28259
39.936976 116.349268 28264
39.936685 116.349269 28269
39.936382 116.349240 28274
39.936165 116.349233 28279
39.935853 116.349237 28284
39.935628 116.349231 28289
39.935558 116.349233 28293
39.935541 116.349234 28294
39.935399 116.349236 28299
39.935102 116.349263 28304
39.934734 116.349235 28309
39.934460 116.349209 28314
39.934240 116.349236 28319
39.934186 116.349240 28320
39.934022 116.349253 28323
39.933968 116.349257 28324
39.933887 116.349263 28325
39.933726 116.349274 28327
39.933564 116.349285 28329
39.933460 116.349291 28330
39.933044 116.349313 28334
39.932453 116.349426 28339
39.932031 116.349430 28344
39.931698 116.349446 28349
39.931649 116.349444 28350
39.931454 116.349437 28354
39.931340 116.349451 28359
39.931345 116.349457 28364
39.931347 116.349457 28369
39.931350 116.349457 28374
39.931352 116.349457 28379
39.931355 116.349457 28384
