39.985052 116.338625 78816
39.985057 116.338732 78817
39.985062 116.338839 78818
39.985068 116.338946 78819
39.985078 116.339160 78821
39.985078 116.339510 78826
39.985083 116.339521 78831
39.985079 116.339559 78836
39.985062 116.339810 78841
39.985115 116.340190 78846
39.985135 116.340484 78849
39.985148 116.340680 78851
39.985144 116.340890 78853
39.985143 116.340994 78854
39.985139 116.341204 78856
39.985126 116.341798 78861
39.985126 116.342430 78866
39.985162 116.343017 78871
39.985174 116.343530 78876
39.985166 116.343693 78879
39.985161 116.343802 78881
39.985161 116.343804 78886
39.985149 116.343856 78888
39.985136 116.343908 78890
39.985130 116.343934 78891
39.985137 116.344200 78896
39.985143 116.344459 78900
39.985144 116.344524 78901
39.985175 116.344834 78905
39.985183 116.344912 78906
39.985243 116.345391 78911
39.985243 116.345486 78912
39.985242 116.345676 78914
39.985241 116.345866 78916
39.985283 116.346315 78921
39.985284 116.346394 78922
39.985287 116.346708 78926
39.985288 116.346850 78929
39.985289 116.346944 78931
39.985255 116.346959 78936
39.985254 116.346958 78941
39.985254 116.346958 78942
39.985255 116.346959 78946
39.985255 116.346960 78947
39.985256 116.346963 78951
39.985256 116.346963 78953
39.985256 116.346962 78956
39.985255 116.346967 78961
39.985255 116.346968 78966
39.985255 116.346962 78970
39.985255 116.346960 78971
39.985255 116.346958 78976
39.985256 116.346949 78981
39.985256 116.346945 78985
39.985256 116.346944 78986
39.985256 116.346937 78991
39.985255 116.346937 78995
39.985255 116.346937 78996
39.985255 116.346938 78997
39.985254 116.346944 79001
39.985254 116.346948 79006
39.985254 116.346948 79007
39.985255 116.346949 79011
39.985255 116.346956 79016
39.985255 116.346956 79017
39.985256 116.346955 79020
39.985256 116.346955 79021
39.985258 116.347030 79024
39.985260 116.347080 79026
39.985262 116.347311 79030
39.985262 116.347369 79031
39.985294 116.347723 79036
39.985290 116.347991 79039
39.985289 116.348080 79040
39.985288 116.348169 79041
39.985357 116.348713 79046
39.985391 116.349404 79051
39.985397 116.350068 79056
39.985405 116.350369 79059
39.985410 116.350569 79061
39.985390 116.350815 79066
39.985390 116.350835 79071
39.985372 116.350797 79076
39.985359 116.350751 79078
39.985339 116.350682 79081
39.985303 116.350657 79086
39.985275 116.350628 79091
39.985272 116.350609 79093
39.985268 116.350581 79096
39.985264 116.350553 79097
39.985247 116.350443 79101
39.985284 116.350322 79106
39.985298 116.350216 79111
39.985316 116.350146 79115
39.985321 116.350129 79116
39.985319 116.350113 79117
39.985311 116.350048 79121
39.985330 116.349949 79126
39.985334 116.349896 79129
39.985335 116.349879 79130
39.985336 116.349861 79131
39.985311 116.349793 79136
39.985299 116.349665 79141
39.985294 116.349597 79144
39.985290 116.349551 79146
39.985294 116.349531 79147
39.985311 116.349451 79151
39.985313 116.349389 79154
39.985315 116.349348 79156
39.985322 116.349241 79161
39.985328 116.349162 79166
39.985329 116.349109 79169
39.985329 116.349074 79171
39.985335 116.348960 79176
39.985326 116.348874 79181
39.985315 116.348819 79186
39.985329 116.348695 79191
39.985311 116.348602 79196
39.985309 116.348584 79197
39.985300 116.348514 79201
39.985297 116.348429 79206
39.985306 116.348339 79211
39.985308 116.348225 79216
39.985299 116.348138 79221
39.985302 116.348036 79226
39.985307 116.347976 79231
39.985306 116.347974 79232
39.985302 116.347967 79236
39.985303 116.347963 79237
39.985305 116.347956 79239
39.985306 116.347952 79240
39.985307 116.347948 79241
39.985313 116.347955 79245
39.985315 116.347957 79246
39.985327 116.347971 79251
39.985312 116.347976 79256
39.985307 116.347966 79258
39.985300 116.347951 79261
39.985307 116.347936 79262
39.985337 116.347874 79266
39.985353 116.347863 79267
39.985384 116.347842 79269
39.985416 116.347821 79271
39.985434 116.347823 79273
39.985444 116.347825 79274
39.985462 116.347827 79276
39.985563 116.347753 79281
39.985828 116.348038 79286
39.985871 116.348034 79291
39.985881 116.348012 79296
39.985925 116.347939 79301
39.985947 116.347995 79306
39.985964 116.348038 79311
39.985949 116.348115 79316
39.985909 116.348181 79321
39.985898 116.348279 79325
39.985895 116.348303 79326
39.985882 116.348384 79331
39.985875 116.348474 79336
39.985884 116.348583 79341
39.985879 116.348682 79346
39.985869 116.348755 79351
39.985869 116.348772 79352
39.985867 116.348821 79355
39.985867 116.348838 79356
39.985873 116.348853 79357
39.985885 116.348884 79359
39.985897 116.348915 79361
39.985899 116.348932 79362
39.985905 116.349002 79366
39.985926 116.349077 79371
39.985942 116.349203 79376
39.985971 116.349265 79381
39.985971 116.349280 79382
39.985969 116.349342 79386
39.985963 116.349406 79391
39.985956 116.349458 79396
39.985998 116.349464 79401
39.986002 116.349606 79406
39.985994 116.349695 79411
39.985979 116.349814 79416
