39.913973 116.471789 49676
39.913975 116.471788 49677
39.913985 116.471785 49681
39.913983 116.471787 49683
39.913982 116.471789 49685
39.913981 116.471790 49686
39.913985 116.471775 49691
39.914001 116.471755 49696
39.914023 116.471739 49701
39.914039 116.471726 49706
39.914039 116.471726 49709
39.914039 116.471726 49711
39.914027 116.471726 49716
39.914009 116.471719 49720
39.914004 116.471717 49721
39.914003 116.471714 49726
39.914002 116.471721 49731
39.913993 116.471730 49736
39.913982 116.471745 49740
39.913979 116.471749 49741
39.913963 116.471767 49746
39.913948 116.471773 49751
39.914015 116.471862 49755
39.914091 116.471906 49758
39.914117 116.471921 49759
39.914167 116.471958 49761
39.914217 116.471995 49763
39.914325 116.472017 49766
39.914456 116.472020 49769
39.914553 116.471976 49772
39.914742 116.471906 49777
39.914977 116.471885 49781
39.915191 116.471848 49785
39.915413 116.471797 49789
39.915493 116.471812 49790
39.915732 116.471855 49793
39.915982 116.471845 49797
39.916215 116.471942 49800
39.916293 116.471974 49801
39.916612 116.472094 49805
39.916695 116.472082 49807
39.916713 116.472054 49809
39.916741 116.472013 49812
39.916742 116.472012 49813
39.916748 116.472006 49817
39.916750 116.472005 49822
39.916760 116.472007 49827
39.916776 116.472008 49828
39.916792 116.472009 49829
39.916809 116.472011 49830
39.916841 116.472013 49832
39.916894 116.472031 49834
39.916947 116.472050 49836
39.917019 116.472016 49839
39.917043 116.472005 49840
39.917104 116.471956 49845
39.917126 116.471945 49847
39.917160 116.471928 49850
39.917243 116.471901 49855
39.917336 116.471875 49858
39.917479 116.471881 49861
39.917575 116.471885 49863
39.917720 116.471934 49865
39.917864 116.471982 49867
39.918271 116.472053 49872
39.918474 116.472054 49875
39.918610 116.472055 49877
39.918822 116.472040 49881
39.918916 116.472053 49883
39.918964 116.472060 49884
39.919011 116.472066 49885
39.919142 116.472080 49888
39.919198 116.472050 49890
39.919226 116.472035 49891
39.919292 116.472007 49893
39.919325 116.471993 49894
39.919438 116.472013 49897
39.919525 116.471987 49900
39.919535 116.471982 49901
39.919575 116.471964 49905
39.919574 116.471966 49910
39.919569 116.471960 49911
39.919550 116.471936 49915
39.919553 116.471901 49920
39.919574 116.471896 49921
39.919615 116.471887 49923
39.919656 116.471878 49925
39.919663 116.471871 49927
39.919673 116.471861 49930
39.919750 116.471863 49935
39.919875 116.471866 49939
39.920319 116.472091 49943
39.920430 116.472147 49944
39.920541 116.472160 49945
39.920651 116.472174 49946
39.920762 116.472187 49947
39.920805 116.472160 49949
39.920826 116.472147 49950
39.920871 116.472156 49953
39.920901 116.472162 49955
39.920900 116.472136 49960
39.920902 116.472117 49965
39.920933 116.472115 49966
39.920995 116.472112 49968
39.920998 116.472124 49973
39.921000 116.472121 49978
39.921010 116.472116 49983
39.920946 116.472116 49988
39.920952 116.472114 49990
39.920960 116.472111 49993
39.921087 116.472115 49998
39.921296 116.472129 50002
39.921508 116.472140 50006
39.921630 116.472147 50008
39.921752 116.472154 50010
39.921800 116.472159 50011
39.921945 116.472172 50014
39.922226 116.472152 50018
39.922496 116.472084 50022
39.922571 116.472091 50023
39.922645 116.472098 50024
39.922794 116.472113 50026
39.922871 116.472113 50027
39.923104 116.472115 50030
39.923361 116.472111 50033
39.923533 116.472109 50035
39.923717 116.472135 50037
39.923901 116.472160 50039
39.923989 116.472170 50040
39.924252 116.472198 50043
39.924586 116.472201 50047
39.924668 116.472187 50048
39.924749 116.472173 50049
39.924831 116.472160 50050
39.924913 116.472146 50051
39.925203 116.472114 50055
39.925478 116.472072 50059
39.925760 116.472037 50063
39.926051 116.471997 50067
39.926467 116.472009 50072
39.926646 116.471915 50076
39.926815 116.472149 50081
39.926846 116.472413 50086
39.926877 116.472488 50087
39.927003 116.472788 50091
39.927035 116.472936 50093
39.927051 116.473009 50094
39.927067 116.473083 50095
39.927094 116.473219 50098
39.927128 116.473306 50103
39.927133 116.473288 50108
39.927131 116.473282 50109
39.927122 116.473257 50113
39.927138 116.473210 50118
39.927165 116.473154 50123
39.927195 116.473093 50128
39.927203 116.473036 50131
39.927206 116.473017 50132
39.927209 116.472998 50133
39.927205 116.472966 50134
39.927198 116.472904 50136
39.927194 116.472872 50137
39.927209 116.472821 50142
39.927216 116.472792 50143
39.927237 116.472707 50146
39.927249 116.472689 50150
39.927252 116.472684 50151
39.927231 116.472579 50156
39.927168 116.472458 50160
39.927115 116.472417 50162
39.927089 116.472396 50163
39.927020 116.472310 50168
39.926967 116.472298 50173
39.926879 116.472261 50177
39.926850 116.472219 50181
39.926843 116.472209 50182
39.926850 116.472169 50187
39.926852 116.472164 50189
39.926856 116.472157 50192
39.926871 116.472112 50197
39.926894 116.471993 50201
39.926908 116.471876 50204
39.926877 116.471786 50209
39.926877 116.471708 50214
39.926917 116.471639 50219
39.926970 116.471542 50222
39.926994 116.471479 50223
39.927017 116.471416 50224
39.927041 116.471353 50225
39.927063 116.471277 50230
39.927076 116.471217 50235
39.927041 116.471201 50240
39.927041 116.471199 50241
39.927042 116.471194 50243
39.927042 116.471190 50245
39.927059 116.471185 50247
39.927084 116.471177 50250
39.927122 116.471202 50255
39.927113 116.471091 50260
39.927076 116.470976 50264
39.927302 116.470899 50268
39.927308 116.470862 50273
39.927308 116.470862 50274
39.927308 116.470862 50275
39.927308 116.470862 50276
