39.888262 116.455367 43291
39.888344 116.455374 43292
39.888591 116.455395 43295
39.889016 116.455282 43300
39.889488 116.455297 43305
39.889809 116.455344 43307
39.889970 116.455367 43308
39.890291 116.455414 43310
39.890430 116.455419 43311
39.890849 116.455432 43314
39.890988 116.455437 43315
39.891426 116.455438 43319
39.891536 116.455438 43320
39.891781 116.455417 43322
39.891903 116.455407 43323
39.892026 116.455396 43324
39.892148 116.455386 43325
39.892569 116.455384 43329
39.892674 116.455383 43330
39.892790 116.455384 43331
39.893253 116.455387 43335
39.893819 116.455448 43340
39.894331 116.455408 43345
39.894406 116.455409 43346
39.894706 116.455415 43350
39.894832 116.455419 43352
39.894895 116.455421 43353
39.894958 116.455423 43354
39.895193 116.455427 43358
39.895455 116.455353 43362
39.895657 116.455388 43366
39.895697 116.455412 43368
39.895737 116.455436 43370
39.896027 116.455467 43375
39.896100 116.455455 43376
39.896172 116.455444 43377
39.896390 116.455409 43380
39.896511 116.455322 43382
39.896632 116.455236 43384
39.896879 116.455218 43388
39.897044 116.455256 43391
39.897099 116.455268 43392
39.897158 116.455257 43393
39.897217 116.455246 43394
39.897336 116.455259 43398
39.897359 116.455264 43399
39.897381 116.455269 43400
39.897426 116.455279 43402
39.897527 116.455311 43405
39.897563 116.455317 43406
39.897599 116.455323 43407
39.897635 116.455329 43408
39.897760 116.455315 43411
39.897980 116.455327 43416
39.898104 116.455346 43419
39.898304 116.455413 43424
39.898499 116.455444 43428
39.898574 116.455483 43429
39.898874 116.455639 43433
39.899120 116.455746 43436
39.899284 116.455817 43438
39.899404 116.455815 43440
39.899523 116.455812 43442
39.899652 116.455773 43444
39.899781 116.455735 43446
39.900126 116.455610 43450
39.900384 116.455588 43454
39.900498 116.455649 43456
39.900613 116.455711 43458
39.900862 116.455743 43462
39.901143 116.455694 43466
39.901425 116.455706 43470
39.901488 116.455722 43471
39.901612 116.455754 43473
39.901675 116.455770 43474
39.901752 116.455785 43475
39.902060 116.455845 43479
39.902338 116.455858 43483
39.902676 116.455860 43487
39.902825 116.455850 43489
39.902899 116.455845 43490
39.902973 116.455840 43491
39.903256 116.455822 43495
39.903459 116.455828 43500
39.903530 116.455866 43505
39.903553 116.455871 43506
39.903620 116.455886 43509
39.903565 116.455994 43512
39.903672 116.456069 43515
39.903763 116.456127 43518
39.903817 116.456169 43523
39.903822 116.456179 43528
39.903832 116.456180 43530
39.903846 116.456182 43533
39.903878 116.456182 43535
39.903895 116.456182 43536
39.903911 116.456182 43537
39.903927 116.456182 43538
39.903998 116.456173 43540
39.904033 116.456169 43541
39.904138 116.456155 43545
39.904159 116.456191 43550
39.904231 116.456203 43555
39.904321 116.456256 43560
39.904351 116.456254 43563
39.904361 116.456254 43564
39.904371 116.456253 43565
39.904379 116.456241 43570
39.904374 116.456230 43575
39.904363 116.456090 43579
39.904378 116.456049 43584
39.904415 116.456077 43585
39.904451 116.456105 43586
39.904488 116.456133 43587
39.904624 116.456156 43590
39.904801 116.456228 43595
39.904904 116.456295 43599
39.904966 116.456252 43600
39.905152 116.456123 43603
39.905380 116.456076 43607
39.905791 116.456086 43612
39.906198 116.456338 43616
39.906418 116.456372 43620
39.906517 116.456389 43624
39.906661 116.456584 43628
39.906749 116.456869 43632
39.906745 116.456957 43633
39.906742 116.457045 43634
39.906734 116.457220 43636
39.906717 116.457546 43640
39.906724 116.457846 43644
39.906735 116.457950 43646
39.906740 116.458002 43647
39.906714 116.458038 43652
39.906717 116.458048 43653
39.906724 116.458078 43656
39.906727 116.458088 43657
39.906775 116.458206 43662
39.906721 116.458268 43666
39.906707 116.458283 43667
39.906672 116.458319 43668
39.906636 116.458355 43669
39.906665 116.458481 43674
39.906517 116.458670 43678
39.906646 116.459096 43683
39.906841 116.459583 43688
39.906895 116.459949 43692
39.906908 116.460041 43693
39.906904 116.460234 43695
39.906901 116.460427 43697
39.906850 116.460773 43701
39.906858 116.461151 43705
39.906900 116.461608 43709
39.906972 116.462208 43714
39.907049 116.462856 43719
39.907090 116.463219 43722
39.907104 116.463340 43723
39.907116 116.463785 43727
39.907146 116.464196 43731
39.907175 116.464335 43734
39.907194 116.464428 43736
39.907231 116.464439 43741
39.907229 116.464432 43746
39.907221 116.464436 43747
39.907204 116.464443 43749
39.907196 116.464447 43750
39.907188 116.464451 43751
39.907164 116.464491 43752
39.907117 116.464572 43754
39.907079 116.464895 43759
39.907065 116.465214 43763
39.907045 116.465626 43767
39.907036 116.466031 43771
39.906947 116.466550 43776
39.907058 116.467029 43781
39.906544 116.467437 43785
39.906643 116.467858 43789
39.906641 116.468074 43791
39.906638 116.468289 43793
39.906644 116.468373 43794
39.906660 116.468623 43797
39.906674 116.468701 43798
39.906701 116.468858 43800
39.906715 116.468937 43801
39.906742 116.469210 43804
39.906751 116.469301 43805
39.906721 116.469743 43809
39.906713 116.469853 43810
39.906693 116.470164 43814
39.906611 116.470421 43818
39.906632 116.470553 43820
39.906653 116.470685 43822
39.906694 116.470807 43826
39.906713 116.470916 43831
39.906696 116.470986 43835
39.906719 116.471044 43840
39.906711 116.471167 43844
39.906696 116.471265 43847
39.906691 116.471297 43848
39.906700 116.471432 43853
39.906762 116.471521 43856
39.906879 116.471607 43860
39.907037 116.471706 43863
39.907140 116.471705 43866
39.907171 116.471707 43867
39.907264 116.471713 43870
39.907517 116.471672 43874
39.907872 116.471622 43878
39.907961 116.471610 43879
39.908139 116.471689 43883
39.908163 116.471689 43884
39.908212 116.471690 43886
39.908307 116.471677 43890
