39.909922 116.472485 44201
39.911980 116.471295 44249
39.912400 116.471447 44252
39.912426 116.471459 44255
39.912426 116.471563 44260
39.912454 116.471613 44265
39.912492 116.471648 44270
39.912545 116.471655 44275
39.912598 116.471646 44280
39.912632 116.471641 44285
39.912667 116.471654 44290
39.912687 116.471652 44292
39.912697 116.471651 44293
39.912717 116.471649 44295
39.912747 116.471640 44299
39.912755 116.471638 44300
39.912814 116.471633 44305
39.912820 116.471635 44309
39.912822 116.471635 44310
39.912845 116.471645 44313
39.912860 116.471651 44315
39.912883 116.471648 44320
39.912965 116.471605 44325
39.912988 116.471613 44328
39.913004 116.471618 44330
39.913042 116.471605 44335
39.913045 116.471610 44336
39.913052 116.471621 44338
39.913059 116.471631 44340
39.913085 116.471636 44345
39.913150 116.471629 44349
39.913166 116.471627 44350
39.913187 116.471629 44352
39.913208 116.471630 44354
39.913218 116.471631 44355
39.913227 116.471635 44357
39.913232 116.471637 44358
39.913241 116.471641 44360
39.913241 116.471640 44361
39.913241 116.471636 44365
39.913243 116.471633 44370
39.913243 116.471631 44372
39.913244 116.471629 44375
39.913246 116.471634 44380
39.913248 116.471636 44381
39.913251 116.471638 44382
39.913258 116.471645 44385
39.913317 116.471659 44389
39.913332 116.471663 44390
39.913416 116.471703 44395
39.913515 116.471710 44400
39.913599 116.471696 44405
39.913637 116.471692 44410
39.913651 116.471696 44412
39.913673 116.471702 44415
39.913717 116.471713 44420
39.913763 116.471711 44425
39.913813 116.471704 44430
39.913863 116.471701 44435
39.913900 116.471686 44439
39.913909 116.471682 44440
39.913945 116.471680 44445
39.913979 116.471682 44450
39.914008 116.471710 44455
39.914126 116.471640 44459
39.914124 116.471658 44464
39.914122 116.471668 44466
39.914120 116.471683 44469
39.914120 116.471681 44474
39.914120 116.471681 44476
39.914120 116.471681 44477
39.914120 116.471681 44479
39.914118 116.471676 44484
39.914124 116.471674 44488
39.914126 116.471673 44489
39.914168 116.471667 44494
39.914218 116.471668 44499
39.914224 116.471670 44500
39.914249 116.471678 44504
39.914288 116.471685 44509
39.914314 116.471687 44512
39.914322 116.471688 44513
39.914331 116.471689 44514
39.914381 116.471674 44519
39.914424 116.471681 44524
39.914464 116.471681 44529
39.914474 116.471681 44530
39.914484 116.471681 44531
39.914515 116.471682 44534
39.914552 116.471698 44539
39.914600 116.471696 44544
39.914634 116.471697 44549
39.914675 116.471718 44554
39.914684 116.471745 44559
39.914689 116.471784 44564
39.914663 116.471810 44569
39.914698 116.471799 44570
39.914804 116.471764 44573
39.914944 116.471712 44576
39.915005 116.471696 44581
39.915006 116.471697 44586
39.915011 116.471697 44587
39.915022 116.471697 44589
39.915032 116.471697 44591
39.915103 116.471711 44596
39.915151 116.471663 44601
39.915212 116.471642 44606
39.915248 116.471653 44611
39.915281 116.471667 44616
39.915323 116.471677 44620
39.915333 116.471679 44621
39.915371 116.471680 44625
39.915381 116.471680 44626
39.915475 116.471680 44630
39.915564 116.471694 44635
39.915616 116.471663 44640
39.915620 116.471668 44643
39.915623 116.471672 44645
39.915669 116.471682 44650
39.915720 116.471669 44655
39.915728 116.471678 44660
39.915778 116.471685 44665
39.915806 116.471674 44670
39.915851 116.471663 44674
39.915862 116.471660 44675
39.915886 116.471661 44677
39.915899 116.471661 44678
39.915923 116.471662 44680
39.915949 116.471661 44683
39.915958 116.471661 44684
39.915967 116.471661 44685
39.916038 116.471657 44690
39.916071 116.471669 44695
39.916064 116.471653 44700
39.916069 116.471651 44705
39.916076 116.471671 44710
39.916076 116.471671 44711
39.916077 116.471670 44713
39.916077 116.471670 44715
39.916077 116.471669 44716
39.916078 116.471668 44718
39.916079 116.471666 44720
39.916081 116.471666 44725
39.916085 116.471668 44730
39.916085 116.471668 44731
39.916085 116.471670 44735
39.916085 116.471670 44738
39.916085 116.471670 44740
39.916085 116.471670 44745
39.916085 116.471671 44750
39.916085 116.471671 44755
39.916085 116.471671 44756
39.916085 116.471670 44758
39.916085 116.471670 44760
39.916084 116.471670 44764
39.916084 116.471670 44765
39.916084 116.471670 44767
39.916084 116.471671 44770
39.916088 116.471674 44771
39.916103 116.471688 44775
39.916104 116.471685 44780
39.916104 116.471684 44781
39.916104 116.471682 44782
39.916104 116.471681 44783
39.916104 116.471679 44784
39.916104 116.471678 44785
39.916104 116.471674 44789
39.916104 116.471673 44790
39.916103 116.471671 44795
39.916101 116.471674 44798
39.916100 116.471676 44800
