39.988309 116.446269 85474
39.988206 116.446072 85475
39.988242 116.446019 85480
39.988225 116.446170 85483
39.988262 116.446252 85485
39.988280 116.446293 85486
39.988297 116.446314 85487
39.988363 116.446397 85491
39.988430 116.446559 85496
39.988474 116.446448 85500
39.988331 116.447139 85502
39.988187 116.447831 85504
39.988213 116.447865 85508
39.988219 116.447873 85509
39.988236 116.447881 85514
39.988235 116.447880 85515
39.988233 116.447875 85519
39.988258 116.447870 85523
39.988264 116.447869 85524
39.988320 116.447858 85529
39.988376 116.447852 85533
39.988390 116.447851 85534
39.988424 116.447845 85539
39.988504 116.447844 85544
39.988567 116.447872 85549
39.988623 116.447847 85554
39.988675 116.447824 85559
39.988724 116.447833 85564
39.988788 116.447809 85569
39.988859 116.447743 85574
39.988921 116.447706 85578
39.988936 116.447697 85579
39.988985 116.447658 85584
39.989028 116.447638 85588
39.989039 116.447633 85589
39.989058 116.447633 85590
39.989134 116.447633 85594
39.989198 116.447631 85599
39.989244 116.447611 85604
39.989304 116.447608 85609
39.989370 116.447577 85614
39.989390 116.447569 85616
39.989421 116.447558 85619
39.989465 116.447544 85622
39.989495 116.447534 85624
39.989574 116.447497 85629
39.989643 116.447493 85634
39.989669 116.447487 85637
39.989687 116.447483 85639
39.989727 116.447475 85644
39.989764 116.447472 85647
39.989789 116.447470 85649
39.989848 116.447466 85654
39.989861 116.447462 85655
39.989874 116.447458 85656
39.989901 116.447450 85658
39.989914 116.447446 85659
39.990001 116.447433 85664
39.990079 116.447413 85669
39.990140 116.447399 85674
39.990179 116.447398 85679
39.990191 116.447397 85680
39.990203 116.447396 85681
39.990216 116.447396 85682
39.990240 116.447394 85684
39.990254 116.447393 85685
39.990311 116.447391 85689
39.990355 116.447369 85694
39.990422 116.447349 85699
39.990486 116.447326 85704
39.990509 116.447312 85707
39.990525 116.447302 85709
39.990565 116.447288 85712
39.990592 116.447279 85714
39.990655 116.447275 85719
39.990681 116.447279 85721
39.990721 116.447285 85724
39.990736 116.447282 85725
39.990766 116.447277 85727
39.990796 116.447271 85729
39.990803 116.447269 85730
39.990816 116.447264 85732
39.990822 116.447262 85733
39.990829 116.447260 85734
39.990869 116.447254 85739
39.990930 116.447227 85744
39.991013 116.447209 85749
39.991076 116.447195 85754
39.991091 116.447196 85755
39.991107 116.447197 85756
39.991153 116.447199 85759
39.991210 116.447181 85763
39.991224 116.447177 85764
39.991277 116.447145 85769
39.991289 116.447142 85770
39.991324 116.447135 85773
39.991336 116.447132 85774
39.991387 116.447133 85779
39.991397 116.447132 85780
39.991417 116.447131 85782
39.991437 116.447129 85784
39.991491 116.447088 85789
39.991534 116.447069 85794
39.991567 116.447058 85799
39.991627 116.447072 85804
39.991639 116.447095 85807
39.991643 116.447103 85808
39.991647 116.447111 85809
39.991641 116.447119 85811
39.991631 116.447130 85814
39.991633 116.447131 85819
39.991775 116.447096 85823
39.991878 116.447050 85825
39.991980 116.447013 85830
39.991996 116.447004 85831
39.992012 116.446996 85832
39.992027 116.446987 85833
39.992059 116.446970 85835
39.992135 116.446952 85840
39.992149 116.446952 85841
39.992178 116.446951 85843
39.992206 116.446950 85845
39.992269 116.446941 85850
39.992319 116.446933 85855
39.992373 116.446875 85860
39.992395 116.446865 85865
39.992431 116.446826 85870
39.992464 116.446807 85875
39.992482 116.446810 85880
39.992516 116.446837 85885
39.992524 116.446860 85890
39.992524 116.446880 85892
39.992525 116.446911 85895
39.992525 116.446844 85899
39.992525 116.446827 85900
39.992509 116.446674 85902
39.992496 116.446644 85907
39.992572 116.446506 85911
39.992597 116.446478 85912
39.992648 116.446423 85914
39.992681 116.446377 85916
39.992713 116.446332 85918
39.992782 116.446224 85922
39.992809 116.446186 85924
39.992850 116.446130 85927
39.992935 116.446130 85932
39.992939 116.446053 85937
39.992940 116.445987 85942
39.992939 116.445906 85947
39.992929 116.445839 85952
39.992930 116.445822 85953
39.992932 116.445805 85954
39.992935 116.445772 85956
39.992936 116.445755 85957
39.992942 116.445661 85962
39.992961 116.445678 85966
39.992966 116.445682 85967
39.992953 116.445612 85972
39.992916 116.445616 85977
39.992907 116.445610 85978
39.992879 116.445591 85981
39.992870 116.445585 85982
39.992855 116.445538 85986
39.992851 116.445526 85987
39.992830 116.445471 85991
39.992825 116.445457 85992
39.992832 116.445346 85997
39.992851 116.445230 86001
39.992862 116.445192 86003
39.992879 116.445135 86006
39.992914 116.445048 86011
39.992922 116.444926 86016
39.992928 116.444815 86020
39.992931 116.444769 86025
39.992928 116.444753 86027
39.992923 116.444728 86030
39.992919 116.444677 86035
39.992890 116.444604 86040
39.992874 116.444511 86045
39.992871 116.444492 86046
39.992857 116.444418 86050
39.992849 116.444379 86053
39.992843 116.444353 86055
39.992832 116.444283 86060
39.992823 116.444210 86065
39.992820 116.444178 86067
39.992816 116.444130 86070
