39.933108 116.466580 33428
39.933298 116.466534 33433
39.933309 116.466527 33434
39.933340 116.466507 33437
39.933351 116.466500 33438
39.933383 116.466505 33441
39.933404 116.466509 33443
39.933655 116.466589 33448
39.933871 116.466795 33452
39.934106 116.467039 33456
39.934168 116.467102 33457
39.934353 116.467290 33460
39.934483 116.467422 33462
39.934549 116.467488 33463
39.934614 116.467554 33464
39.934808 116.467743 33468
39.934887 116.467821 33471
39.934905 116.467847 33472
39.934959 116.467923 33475
39.934973 116.467930 33476
39.935027 116.467960 33480
39.935098 116.467983 33485
39.935226 116.468022 33490
39.935344 116.468071 33494
39.935411 116.468218 33498
39.935487 116.468346 33501
39.935590 116.468443 33504
39.935751 116.468561 33508
39.935791 116.468591 33509
39.936034 116.468615 33513
39.936135 116.468622 33515
39.936143 116.468622 33516
39.936176 116.468622 33520
39.936200 116.468633 33525
39.936209 116.468648 33530
39.936236 116.468646 33534
39.936243 116.468645 33535
39.936344 116.468612 33539
39.936421 116.468610 33542
39.936447 116.468609 33543
39.936521 116.468594 33548
39.936552 116.468598 33549
39.936613 116.468606 33551
39.936719 116.468620 33554
39.936897 116.468594 33558
39.936941 116.468587 33559
39.937242 116.468616 33564
39.937482 116.468622 33568
39.937734 116.468602 33572
39.938008 116.468592 33576
39.938272 116.468564 33580
39.938573 116.468533 33584
39.938879 116.468534 33588
39.939122 116.468534 33592
39.939331 116.468521 33596
39.939562 116.468501 33600
39.939830 116.468493 33604
39.939905 116.468488 33605
39.940056 116.468479 33607
39.940131 116.468474 33608
39.940436 116.468458 33612
39.940765 116.468423 33616
39.941069 116.468413 33620
39.941339 116.468384 33624
39.941632 116.468378 33628
39.941933 116.468367 33632
39.942213 116.468342 33636
39.942428 116.468319 33641
39.942482 116.468294 33646
39.942509 116.468281 33647
39.942590 116.468241 33650
39.942797 116.468177 33654
39.942979 116.468170 33656
39.943070 116.468166 33657
39.943252 116.468159 33659
39.943454 116.468142 33662
39.943522 116.468137 33663
39.943589 116.468131 33664
39.943625 116.468130 33665
39.943697 116.468128 33667
39.943747 116.468140 33672
39.943751 116.468140 33675
39.943754 116.468140 33677
39.943778 116.468135 33682
39.943778 116.468135 33683
39.943777 116.468135 33685
39.943777 116.468135 33686
39.943777 116.468135 33687
39.943778 116.468135 33688
39.943779 116.468135 33690
39.943781 116.468135 33692
39.943784 116.468135 33697
39.943783 116.468135 33698
39.943782 116.468135 33699
39.943780 116.468134 33702
39.943774 116.468131 33707
39.943873 116.468093 33712
39.944096 116.468100 33717
39.944148 116.468083 33718
39.944199 116.468065 33719
39.944303 116.468031 33721
39.944406 116.467998 33724
39.944469 116.467957 33729
39.944481 116.467947 33733
39.944484 116.467945 33734
39.944509 116.467939 33739
39.944582 116.467938 33742
39.944607 116.467938 33743
39.944703 116.467924 33746
39.944806 116.467918 33749
39.945051 116.467870 33754
39.945183 116.467818 33756
39.945316 116.467766 33758
39.945549 116.467702 33762
39.945687 116.467648 33764
39.945826 116.467594 33766
39.945994 116.467504 33771
39.946019 116.467498 33772
39.946044 116.467493 33773
39.946095 116.467481 33775
39.946165 116.467448 33779
39.946183 116.467440 33780
39.946223 116.467432 33783
39.946250 116.467426 33785
39.946282 116.467430 33790
39.946296 116.467428 33795
39.946298 116.467428 33800
39.946298 116.467428 33805
39.946294 116.467429 33807
39.946293 116.467429 33808
39.946291 116.467430 33809
39.946289 116.467430 33810
39.946276 116.467432 33815
39.946264 116.467435 33820
39.946250 116.467439 33825
39.946247 116.467440 33828
39.946246 116.467440 33829
39.946245 116.467440 33830
39.946255 116.467439 33834
39.946257 116.467439 33835
39.946265 116.467438 33838
39.946267 116.467437 33839
39.946270 116.467437 33840
39.946275 116.467437 33845
39.946276 116.467437 33847
39.946276 116.467436 33848
39.946277 116.467436 33850
39.946275 116.467436 33854
39.946274 116.467436 33855
39.946267 116.467434 33860
39.946257 116.467432 33864
39.946255 116.467432 33865
39.946248 116.467432 33870
39.946240 116.467432 33872
39.946235 116.467432 33873
39.946227 116.467432 33875
39.946220 116.467433 33878
39.946216 116.467433 33880
39.946217 116.467432 33885
39.946233 116.467430 33890
39.946245 116.467427 33895
39.946268 116.467424 33900
39.946371 116.467439 33905
39.946388 116.467439 33906
39.946404 116.467439 33907
39.946421 116.467438 33908
39.946454 116.467438 33910
39.946480 116.467429 33914
39.946486 116.467427 33915
39.946511 116.467413 33919
39.946517 116.467410 33920
39.946534 116.467412 33925
39.946543 116.467410 33930
39.946542 116.467410 33935
39.946626 116.467326 33940
39.946819 116.467220 33944
39.947040 116.467084 33948
39.947129 116.467032 33950
39.947223 116.466955 33954
39.947306 116.466891 33959
39.947318 116.466859 33964
39.947335 116.466842 33969
39.947353 116.466836 33970
39.947388 116.466823 33972
39.947423 116.466811 33974
39.947480 116.466764 33979
39.947478 116.466762 33980
39.947477 116.466759 33981
39.947474 116.466754 33983
39.947472 116.466752 33984
39.947470 116.466752 33987
39.947468 116.466752 33989
39.947474 116.466752 33994
39.947476 116.466752 33996
39.947479 116.466751 33999
39.947482 116.466750 34004
39.947490 116.466741 34009
39.947533 116.466701 34014
39.947590 116.466666 34019
39.947660 116.466621 34024
39.947717 116.466568 34029
