39.984769 116.329356 53128
39.984638 116.329780 53133
39.984675 116.329892 53136
39.984677 116.329910 53138
39.984679 116.329920 53139
39.984681 116.329938 53141
39.984673 116.329952 53143
39.984666 116.329967 53145
39.984681 116.330078 53150
39.984691 116.330124 53153
39.984698 116.330155 53155
39.984702 116.330243 53160
39.984705 116.330309 53164
39.984706 116.330326 53165
39.984708 116.330341 53166
39.984709 116.330356 53167
39.984711 116.330372 53168
39.984714 116.330402 53170
39.984710 116.330489 53175
39.984711 116.330563 53180
39.984722 116.330565 53185
39.984725 116.330663 53190
39.984727 116.330695 53192
39.984731 116.330744 53195
39.984693 116.330738 53197
39.984701 116.330796 53201
39.984703 116.330810 53202
39.984698 116.330843 53205
39.984695 116.330865 53207
39.984696 116.330931 53212
39.984705 116.331187 53217
39.984716 116.331323 53219
39.984728 116.331459 53221
39.984750 116.331832 53225
39.984757 116.331952 53226
39.984772 116.332191 53228
39.984786 116.332430 53230
39.984825 116.333139 53235
39.984825 116.333302 53236
39.984826 116.333464 53237
39.984827 116.333952 53240
39.984878 116.334735 53245
39.984881 116.334892 53246
39.984884 116.335049 53247
39.984886 116.335207 53248
39.984892 116.335521 53250
39.984920 116.336305 53255
39.984928 116.336595 53257
39.984940 116.337030 53260
39.984955 116.337540 53264
39.985022 116.337967 53268
39.985100 116.338528 53273
39.985161 116.339168 53278
39.985187 116.339635 53281
39.985205 116.339946 53283
39.985215 116.340132 53284
39.985254 116.340878 53288
39.985287 116.341727 53292
39.985295 116.341939 53293
39.985321 116.342913 53297
39.985328 116.343157 53298
39.985341 116.343649 53300
39.985361 116.344388 53303
39.985369 116.344618 53304
39.985400 116.345538 53308
39.985435 116.346694 53313
39.985473 116.347881 53318
39.985502 116.349131 53323
39.985547 116.350480 53328
39.985586 116.351890 53333
39.985598 116.352148 53334
39.985611 116.352407 53335
39.985623 116.352665 53336
39.985648 116.353182 53338
39.985666 116.353678 53340
39.985694 116.354421 53343
39.985701 116.355703 53348
39.985743 116.357028 53353
39.985777 116.358442 53358
39.985818 116.359622 53362
39.985828 116.359917 53363
39.985860 116.361232 53368
39.985890 116.362359 53373
39.985909 116.362943 53376
39.985921 116.363332 53378
39.985936 116.363918 53381
39.985946 116.364308 53383
39.986003 116.365464 53388
39.986045 116.366775 53393
39.986079 116.368113 53398
39.986085 116.368355 53399
39.986091 116.368596 53400
39.986110 116.369321 53403
39.986117 116.369550 53404
39.986138 116.370239 53407
39.986145 116.370468 53408
39.986153 116.370695 53409
39.986183 116.371603 53413
39.986200 116.372272 53416
39.986211 116.372718 53418
39.986226 116.373751 53423
39.986231 116.374387 53426
39.986233 116.374599 53427
39.986235 116.374811 53428
39.986264 116.375938 53433
39.986290 116.376820 53437
39.986296 116.377040 53438
39.986328 116.378124 53443
39.986370 116.379065 53448
39.986395 116.379744 53453
39.986409 116.380433 53458
39.986425 116.381143 53463
39.986438 116.381449 53465
39.986458 116.381907 53468
39.986480 116.382720 53473
39.986500 116.383489 53478
39.986514 116.383997 53481
39.986523 116.384336 53483
39.986548 116.385281 53488
39.986577 116.386228 53493
39.986603 116.387306 53498
39.986648 116.388442 53503
39.986690 116.389461 53508
39.986692 116.389845 53510
39.986695 116.390422 53513
39.986698 116.391453 53518
39.986716 116.392566 53523
39.986750 116.393768 53528
39.986758 116.394020 53529
39.986784 116.394775 53532
39.986792 116.395027 53533
39.986820 116.396193 53538
39.986825 116.396391 53539
39.986830 116.396589 53540
39.986846 116.397184 53543
39.986883 116.398095 53548
39.986912 116.399079 53553
39.986940 116.399927 53557
39.986947 116.400139 53558
39.986978 116.401245 53563
39.987011 116.402358 53568
39.987018 116.402559 53569
39.987026 116.402760 53570
39.987048 116.403363 53573
39.987074 116.404293 53578
39.987096 116.404742 53581
39.987111 116.405041 53583
39.987140 116.405936 53588
39.987176 116.407023 53593
39.987199 116.408016 53597
39.987205 116.408264 53598
39.987241 116.409439 53603
39.987269 116.410523 53608
39.987285 116.411385 53612
39.987289 116.411601 53613
39.987327 116.412615 53618
39.987346 116.413538 53623
39.987347 116.413705 53624
39.987353 116.414373 53628
39.987368 116.415209 53633
39.987382 116.416074 53638
39.987390 116.416266 53639
39.987422 116.417034 53643
39.987443 116.418099 53648
39.987456 116.418719 53651
39.987465 116.419133 53653
39.987502 116.420118 53658
39.987517 116.420726 53661
39.987527 116.421132 53663
39.987545 116.421741 53666
39.987557 116.422147 53668
39.987584 116.423107 53673
39.987577 116.423942 53678
39.987604 116.424733 53683
39.987617 116.425567 53688
39.987643 116.426391 53693
39.987677 116.427259 53698
39.987686 116.428205 53703
39.987705 116.429045 53708
39.987683 116.429667 53712
39.987677 116.429822 53713
39.987607 116.430530 53718
39.987552 116.431215 53723
