39.971626 116.441958 37064
39.971540 116.442005 37068
39.971502 116.442033 37073
39.971414 116.442080 37077
39.971386 116.442119 37082
39.971335 116.442152 37087
39.971309 116.442206 37092
39.971382 116.442195 37097
39.971395 116.442218 37102
39.971395 116.442233 37107
39.977627 116.440493 37185
39.974788 116.442804 37191
39.974611 116.442942 37192
39.973903 116.443492 37196
39.973883 116.443531 37197
39.973822 116.443648 37200
39.973806 116.443650 37201
39.973757 116.443657 37204
39.973720 116.443724 37209
39.973777 116.443675 37214
39.973773 116.443677 37215
39.973758 116.443685 37219
39.973739 116.443694 37220
39.973720 116.443703 37221
39.973681 116.443721 37223
39.973673 116.443736 37225
39.973661 116.443758 37228
39.973687 116.443751 37233
39.973711 116.443724 37238
39.973703 116.443727 37239
39.973678 116.443735 37242
39.973670 116.443738 37243
39.973690 116.443719 37248
39.973714 116.443721 37253
39.973738 116.443702 37257
39.973744 116.443697 37258
39.973848 116.443634 37263
39.973953 116.443671 37267
39.974145 116.443864 37272
39.974283 116.444039 37275
39.974329 116.444097 37276
39.974542 116.444369 37280
39.974915 116.444689 37285
39.975355 116.444979 37290
39.975437 116.445046 37291
39.975519 116.445113 37292
39.975764 116.445315 37295
39.976053 116.445681 37300
39.976273 116.445874 37304
39.976322 116.446004 37307
39.976391 116.446105 37310
39.976536 116.446311 37315
39.976724 116.446499 37319
39.976956 116.446696 37323
39.977123 116.446833 37327
39.977267 116.446968 37331
39.977318 116.447035 37334
39.977335 116.447058 37335
39.977316 116.447059 37340
39.977321 116.447050 37345
39.977316 116.447046 37348
39.977313 116.447043 37350
39.977284 116.447029 37355
39.977281 116.447030 37359
39.977280 116.447030 37360
39.977293 116.447064 37365
39.977316 116.447093 37366
39.977339 116.447122 37367
39.977363 116.447151 37368
39.977386 116.447180 37369
39.977436 116.447223 37370
39.977537 116.447309 37372
39.977587 116.447352 37373
39.977840 116.447519 37377
39.977964 116.447585 37379
39.978087 116.447651 37381
39.978135 116.447687 37382
39.978280 116.447794 37385
39.978342 116.447853 37387
39.978373 116.447883 37388
39.978449 116.447952 37392
39.978456 116.447952 37397
39.978456 116.447953 37402
39.978456 116.447953 37407
39.978458 116.447955 37410
39.978459 116.447956 37412
39.978457 116.447954 37417
39.978457 116.447954 37419
39.978456 116.447953 37422
39.978456 116.447953 37423
39.978457 116.447953 37427
39.978467 116.447947 37432
39.978468 116.447948 37437
39.978468 116.447948 37438
39.978470 116.447947 37442
39.978468 116.447946 37445
39.978467 116.447945 37446
39.978466 116.447945 37447
39.978466 116.447945 37448
39.978467 116.447945 37450
39.978467 116.447945 37452
39.978467 116.447946 37457
39.978471 116.447950 37462
39.978466 116.447949 37467
39.978462 116.447956 37470
39.978460 116.447958 37471
39.978459 116.447960 37472
39.978459 116.447961 37477
39.978458 116.447959 37482
39.978456 116.447957 37487
39.978456 116.447957 37488
39.978455 116.447956 37489
39.978455 116.447956 37490
39.978454 116.447955 37492
39.978455 116.447955 37493
39.978457 116.447955 37497
39.978463 116.447959 37502
39.978463 116.447958 37507
39.978463 116.447958 37508
39.978462 116.447958 37509
39.978461 116.447957 37512
39.978461 116.447956 37517
39.978460 116.447955 37521
39.978460 116.447955 37522
39.978461 116.447955 37527
39.978463 116.447955 37531
39.978463 116.447955 37532
39.978466 116.447956 37537
39.978475 116.447970 37542
39.978552 116.448099 37546
39.978641 116.448191 37548
39.978730 116.448282 37550
39.978957 116.448510 37554
39.979148 116.448695 37558
39.979196 116.448735 37559
39.979338 116.448855 37562
39.979553 116.449071 37566
39.979906 116.449288 37571
39.980248 116.449476 37576
39.980561 116.449657 37580
39.980948 116.449960 37585
39.981023 116.450020 37586
39.981099 116.450079 37587
39.981325 116.450258 37590
39.981359 116.450304 37591
39.981393 116.450351 37592
39.981462 116.450443 37594
39.981649 116.450549 37598
39.981828 116.450642 37602
39.982047 116.450729 37606
39.982305 116.450853 37610
39.982642 116.450959 37614
39.982726 116.450986 37615
39.983234 116.450996 37620
39.983426 116.450984 37622
39.983522 116.450978 37623
39.983714 116.450966 37625
39.983780 116.450949 37626
39.984044 116.450880 37630
39.984131 116.450802 37633
39.984211 116.450878 37638
39.984222 116.450893 37640
39.984238 116.450915 37643
39.984244 116.450919 37646
39.984248 116.450921 37648
39.984288 116.450952 37649
39.984367 116.451015 37651
39.984406 116.451046 37652
39.984492 116.451081 37654
39.984513 116.451081 37655
39.984574 116.451079 37658
39.984613 116.451073 37663
