39.930468 116.466613 31866
39.930533 116.466602 31870
39.930602 116.466567 31874
39.930613 116.466562 31875
39.930625 116.466558 31876
39.930647 116.466549 31878
39.930685 116.466552 31881
39.930698 116.466553 31882
39.930770 116.466623 31886
39.930796 116.466638 31890
39.930802 116.466637 31891
39.930822 116.466632 31894
39.930861 116.466617 31898
39.930895 116.466609 31902
39.930983 116.466613 31906
39.931000 116.466612 31907
39.931018 116.466611 31908
39.931036 116.466610 31909
39.931053 116.466609 31910
39.931095 116.466600 31914
39.931118 116.466604 31917
39.931126 116.466605 31918
39.931140 116.466608 31920
39.931148 116.466609 31921
39.931155 116.466610 31922
39.931174 116.466598 31926
39.931190 116.466589 31930
39.931234 116.466577 31934
39.931276 116.466575 31938
39.931328 116.466611 31941
39.931346 116.466623 31942
39.931362 116.466626 31943
39.931412 116.466636 31946
39.931455 116.466629 31950
39.931492 116.466624 31954
39.931519 116.466621 31956
39.931546 116.466617 31958
39.931601 116.466638 31962
39.931678 116.466652 31966
39.931732 116.466653 31970
39.931754 116.466648 31972
39.931776 116.466643 31974
39.931832 116.466653 31976
39.931859 116.466657 31977
39.931887 116.466662 31978
39.931935 116.466652 31981
39.931951 116.466648 31982
39.931955 116.466648 31983
39.931967 116.466646 31986
39.931977 116.466628 31987
39.932008 116.466573 31990
39.932045 116.466577 31994
39.932047 116.466598 31998
39.932046 116.466559 32002
39.932045 116.466554 32003
39.932041 116.466539 32006
39.932059 116.466477 32010
39.932058 116.466458 32011
39.932055 116.466400 32014
39.932070 116.466352 32018
39.932082 116.466304 32022
39.932079 116.466274 32024
39.932077 116.466260 32025
39.932075 116.466245 32026
39.932071 116.466170 32030
39.932075 116.466116 32034
39.932067 116.466063 32038
39.932103 116.465993 32042
39.932118 116.465910 32046
39.932124 116.465821 32050
39.932158 116.465720 32054
39.932218 116.465614 32058
39.932189 116.465528 32062
39.932196 116.465470 32066
39.932204 116.465454 32067
39.932212 116.465439 32068
39.932229 116.465408 32070
39.932240 116.465377 32072
39.932246 116.465362 32073
39.932251 116.465346 32074
39.932290 116.465291 32078
39.932324 116.465221 32081
39.932335 116.465197 32082
39.932342 116.465178 32083
39.932362 116.465121 32086
39.932352 116.465068 32090
39.932350 116.465055 32091
39.932344 116.465017 32094
39.932399 116.464955 32097
39.932417 116.464934 32098
39.932409 116.464895 32100
39.932404 116.464876 32101
39.932400 116.464856 32102
39.932402 116.464840 32103
39.932407 116.464792 32106
39.932404 116.464723 32110
39.932398 116.464637 32114
39.932432 116.464574 32118
39.932470 116.464501 32122
39.932480 116.464434 32126
39.932477 116.464370 32130
39.932462 116.464362 32131
39.932419 116.464338 32134
39.932412 116.464330 32135
39.932390 116.464307 32138
39.932303 116.464270 32142
39.932267 116.464257 32144
39.932249 116.464250 32145
39.932231 116.464244 32146
39.932199 116.464217 32150
39.932200 116.464214 32154
39.932195 116.464133 32158
39.932184 116.464092 32160
39.932173 116.464052 32162
39.932159 116.463975 32166
39.932159 116.463953 32167
39.932160 116.463887 32170
39.932154 116.463866 32171
39.932136 116.463803 32174
39.932131 116.463777 32175
39.932125 116.463750 32176
39.932115 116.463698 32178
39.932026 116.463677 32182
39.932010 116.463616 32186
39.932006 116.463591 32188
39.932001 116.463565 32190
39.932006 116.463537 32192
39.932009 116.463522 32193
39.932012 116.463508 32194
39.932009 116.463487 32195
39.932004 116.463443 32197
39.932002 116.463422 32198
39.931995 116.463333 32202
39.932006 116.463269 32205
39.932009 116.463248 32206
39.932012 116.463187 32210
39.932039 116.463138 32214
39.932066 116.463083 32218
39.932066 116.463066 32219
39.932066 116.463049 32220
39.932065 116.463016 32222
39.932056 116.462995 32224
39.932047 116.462974 32226
39.932041 116.462906 32230
39.932051 116.462860 32233
39.932054 116.462845 32234
39.932095 116.462845 32238
39.932113 116.462824 32240
39.932132 116.462803 32242
39.932150 116.462761 32246
39.932164 116.462681 32250
39.932131 116.462588 32254
39.932019 116.462565 32258
39.932011 116.462499 32262
39.932003 116.462467 32264
39.931994 116.462434 32266
39.932006 116.462374 32270
39.932007 116.462364 32271
39.932012 116.462335 32274
39.932025 116.462286 32278
39.932022 116.462234 32282
39.932040 116.462207 32285
39.932046 116.462198 32286
39.932071 116.462148 32290
39.932100 116.462084 32294
39.932111 116.462052 32296
39.932123 116.462020 32298
39.932105 116.461948 32302
39.932107 116.461937 32303
39.932110 116.461927 32304
39.932114 116.461905 32306
39.932128 116.461840 32310
39.932156 116.461765 32314
39.932119 116.461693 32318
39.932132 116.461673 32321
39.932137 116.461666 32322
39.932144 116.461663 32326
39.932145 116.461661 32330
39.932145 116.461659 32332
39.932145 116.461658 32333
39.932145 116.461657 32334
39.932148 116.461655 32338
39.932143 116.461653 32342
39.932144 116.461650 32346
39.932134 116.461624 32350
39.932098 116.461537 32354
39.932089 116.461501 32357
39.932086 116.461489 32358
39.932087 116.461488 32359
39.932089 116.461486 32362
39.932084 116.461382 32366
39.932085 116.461334 32369
39.932085 116.461318 32370
39.932100 116.461273 32374
39.932102 116.461231 32378
39.932093 116.461199 32382
39.932088 116.461115 32386
39.932088 116.461104 32387
39.932086 116.461069 32390
39.932103 116.461029 32394
39.932104 116.461015 32395
39.932108 116.460971 32398
39.932106 116.460922 32402
39.932107 116.460882 32406
39.932110 116.460881 32409
39.932111 116.460881 32410
39.932119 116.460868 32411
39.932128 116.460854 32412
39.932145 116.460827 32414
39.932182 116.460735 32418
39.932171 116.460623 32422
39.932208 116.460515 32426
39.932238 116.460439 32430
39.932255 116.460381 32434
39.932257 116.460360 32435
39.932263 116.460298 32438
39.932226 116.460209 32442
39.932227 116.460167 32446
39.932195 116.460100 32450
39.932144 116.460022 32454
39.932123 116.459941 32458
39.932122 116.459919 32459
39.932121 116.459897 32460
39.932121 116.459875 32461
39.932120 116.459853 32462
