39.966827 116.375981 5372
39.966825 116.375942 5373
39.966821 116.375827 5376
39.966821 116.375792 5379
39.966821 116.375780 5380
39.966811 116.375693 5383
39.966807 116.375664 5384
39.966802 116.375378 5388
39.966815 116.375057 5392
39.966810 116.374776 5396
39.966810 116.374514 5400
39.966809 116.374264 5404
39.966736 116.373942 5408
39.966783 116.373495 5412
39.966779 116.373080 5416
39.966762 116.372700 5420
39.966760 116.372632 5421
39.966758 116.372563 5422
39.966757 116.372495 5423
39.966755 116.372427 5424
39.966752 116.372212 5428
39.966748 116.372144 5429
39.966743 116.372076 5430
39.966735 116.371940 5432
39.966726 116.371791 5434
39.966722 116.371716 5435
39.966717 116.371642 5436
39.966705 116.371288 5440
39.966695 116.371006 5443
39.966692 116.370912 5444
39.966678 116.370547 5448
39.966670 116.370317 5451
39.966668 116.370240 5452
39.966665 116.369926 5456
39.966657 116.369543 5460
39.966652 116.369121 5464
39.966637 116.368936 5466
39.966622 116.368750 5468
39.966608 116.368454 5472
39.966606 116.368360 5473
39.966598 116.368078 5476
39.966591 116.367695 5480
39.966592 116.367330 5484
39.966591 116.367244 5485
39.966588 116.367073 5487
39.966587 116.366987 5488
39.966570 116.366699 5492
39.966583 116.366411 5496
39.966590 116.366205 5498
39.966597 116.365998 5500
39.966597 116.365567 5504
39.966568 116.365320 5507
39.966559 116.365238 5508
39.966547 116.364917 5512
39.966536 116.364570 5516
39.966539 116.364244 5520
39.966539 116.364066 5522
39.966539 116.363887 5524
39.966506 116.363521 5528
39.966518 116.363164 5532
39.966498 116.362831 5536
39.966475 116.362462 5540
39.966461 116.362084 5544
39.966443 116.361717 5548
39.966419 116.361318 5552
39.966440 116.361014 5556
39.966446 116.360642 5560
39.966430 116.360274 5563
39.966424 116.360151 5564
39.966423 116.359638 5568
39.966437 116.359122 5572
39.966424 116.358617 5576
39.966427 116.358481 5577
39.966435 116.358074 5580
39.966437 116.357485 5584
39.966427 116.357133 5586
39.966418 116.356781 5588
39.966417 116.356431 5590
39.966417 116.356255 5591
39.966417 116.356080 5592
39.966422 116.355406 5596
39.966433 116.355234 5597
39.966467 116.354717 5600
39.966494 116.354000 5604
39.966490 116.353544 5607
39.966489 116.353392 5608
39.966481 116.352854 5612
39.966473 116.352392 5616
39.966465 116.351915 5620
39.966483 116.351513 5624
39.966487 116.351424 5625
39.966491 116.351334 5626
39.966499 116.351155 5628
39.966548 116.350713 5632
39.966579 116.350585 5633
39.966610 116.350458 5634
39.966672 116.350202 5636
39.966877 116.349681 5640
39.966931 116.349551 5641
39.966985 116.349421 5642
39.967040 116.349290 5643
39.967094 116.349160 5644
39.967267 116.348734 5648
39.967359 116.348592 5650
39.967451 116.348451 5652
39.967812 116.348390 5656
39.968297 116.348366 5660
39.968870 116.348337 5664
39.969484 116.348304 5668
39.969648 116.348293 5669
39.969812 116.348282 5670
39.970140 116.348261 5672
39.970308 116.348256 5673
39.970813 116.348241 5676
39.971126 116.348212 5678
39.971439 116.348183 5680
39.972140 116.348145 5684
39.972800 116.348118 5688
39.973087 116.348118 5690
39.973375 116.348119 5692
39.973765 116.348104 5696
39.973903 116.348095 5700
39.974009 116.348081 5704
39.974008 116.348081 5705
39.974004 116.348082 5708
39.974003 116.348082 5712
39.974051 116.348083 5716
39.974283 116.348080 5720
39.974355 116.348077 5721
39.974569 116.348068 5724
39.974711 116.348055 5728
39.974727 116.348054 5736
39.974875 116.348045 5810
39.975083 116.347983 5814
39.975207 116.347708 5818
39.975214 116.347589 5819
39.975235 116.347234 5822
39.975221 116.346860 5825
39.975216 116.346735 5826
39.975238 116.346111 5830
39.975235 116.345925 5831
39.975225 116.345366 5834
39.975210 116.344960 5836
39.975195 116.344555 5838
39.975171 116.343799 5842
39.975161 116.343656 5843
39.975142 116.343371 5845
39.975132 116.343228 5846
39.975131 116.343083 5849
39.975131 116.343035 5850
39.975117 116.343025 5853
39.975112 116.343022 5854
39.975105 116.343013 5858
39.975104 116.342987 5861
39.975104 116.342978 5862
39.975105 116.342887 5864
39.975105 116.342796 5866
39.975107 116.342553 5870
39.975091 116.342245 5874
39.975060 116.341924 5877
39.975049 116.341817 5878
39.975034 116.341695 5879
39.975020 116.341573 5880
39.974991 116.341329 5882
39.974924 116.340853 5886
39.974919 116.340389 5890
39.974933 116.340190 5892
39.974951 116.339894 5966
39.974953 116.339870 5972
