40.002622 116.322098 62436
40.002702 116.322156 62441
40.002843 116.322090 62446
40.002985 116.321981 62451
40.003106 116.321950 62456
40.003202 116.321911 62461
40.003244 116.321901 62463
40.003306 116.321885 62466
40.003352 116.321858 62468
40.003420 116.321818 62471
40.003444 116.321811 62472
40.003492 116.321797 62474
40.003540 116.321783 62476
40.003671 116.321778 62481
40.003695 116.321770 62482
40.003790 116.321739 62486
40.003907 116.321712 62491
40.003927 116.321711 62492
40.004008 116.321708 62496
40.004118 116.321711 62501
40.004197 116.321709 62505
40.004217 116.321708 62506
40.004300 116.321694 62511
40.004400 116.321698 62516
40.004523 116.321665 62521
40.004552 116.321653 62522
40.004668 116.321605 62526
40.004854 116.321481 62531
40.004920 116.321266 62536
40.004921 116.321220 62537
40.004927 116.321037 62541
40.004930 116.320787 62546
40.004917 116.320491 62551
40.004907 116.320272 62556
40.004905 116.320120 62559
40.004903 116.320019 62561
40.004889 116.319829 62565
40.004885 116.319781 62566
40.004881 116.319525 62571
40.004886 116.319293 62576
40.004864 116.319040 62581
40.004856 116.318950 62583
40.004843 116.318815 62586
40.004859 116.318648 62590
40.004863 116.318606 62591
40.004861 116.318461 62594
40.004859 116.318364 62596
40.004915 116.318143 62601
40.004956 116.318115 62603
40.005017 116.318073 62606
40.005203 116.318117 62611
40.005345 116.318104 62615
40.005380 116.318101 62616
40.005585 116.318122 62621
40.005784 116.318143 62626
40.005965 116.318085 62631
40.006097 116.318082 62636
40.006280 116.318113 62641
40.006311 116.318117 62642
40.006437 116.318131 62646
40.006624 116.318103 62651
40.006779 116.318114 62656
40.006847 116.318098 62658
40.006950 116.318073 62661
40.007109 116.318029 62666
40.007262 116.318007 62671
40.007338 116.318006 62673
40.007375 116.318005 62674
40.007451 116.318004 62676
40.007632 116.317994 62681
40.007804 116.318006 62686
40.007997 116.317966 62691
40.008182 116.317955 62696
40.008369 116.317917 62701
40.008536 116.317957 62706
40.008710 116.317958 62711
40.008893 116.317969 62716
40.009081 116.317770 62721
40.009144 116.317476 62726
40.009149 116.317282 62730
40.009150 116.317234 62731
40.009133 116.317088 62734
40.009121 116.316991 62736
40.009068 116.316791 62741
40.009069 116.316603 62746
40.009176 116.316499 62751
40.009273 116.316492 62756
40.009396 116.316514 62761
40.009446 116.316508 62763
40.009497 116.316503 62765
40.009522 116.316500 62766
40.009593 116.316456 62768
40.009700 116.316391 62771
40.009806 116.316200 62776
40.009815 116.316168 62777
40.009834 116.316104 62779
40.009844 116.316072 62780
40.009853 116.316040 62781
40.009846 116.315870 62786
40.009861 116.315813 62788
40.009884 116.315727 62791
40.009907 116.315649 62794
40.009914 116.315623 62795
40.009922 116.315597 62796
40.009948 116.315520 62799
40.009957 116.315495 62800
40.009966 116.315469 62801
40.009907 116.315346 62806
40.009888 116.315330 62811
40.009930 116.315297 62816
40.009999 116.315300 62818
40.010068 116.315303 62820
40.010102 116.315304 62821
40.010121 116.315358 62824
40.010127 116.315376 62825
40.010133 116.315394 62826
40.010195 116.315454 62831
40.010202 116.315558 62836
40.010304 116.315613 62841
40.010293 116.315602 62842
40.010251 116.315556 62846
40.010235 116.315511 62847
40.010172 116.315332 62851
40.010170 116.315307 62852
40.010161 116.315206 62856
40.010162 116.315185 62857
40.010164 116.315142 62859
40.010165 116.315120 62860
40.010166 116.315099 62861
40.010136 116.315055 62866
40.010095 116.314948 62871
40.010093 116.314937 62876
40.010095 116.314930 62881
40.010098 116.314929 62882
40.010108 116.314925 62886
40.010109 116.314925 62887
40.010111 116.314925 62891
40.010110 116.314929 62895
40.010110 116.314930 62896
40.010110 116.314933 62897
40.010112 116.314945 62901
40.010112 116.314946 62902
40.010112 116.314947 62903
40.010112 116.314950 62906
40.010111 116.314955 62909
40.010111 116.314958 62911
40.010111 116.314960 62912
40.010110 116.314963 62914
40.010110 116.314966 62916
40.010110 116.314965 62919
40.010110 116.314964 62920
40.010110 116.314964 62921
40.010110 116.314963 62922
40.010111 116.314960 62926
40.010111 116.314958 62931
40.010112 116.314959 62936
40.010113 116.314961 62941
40.010114 116.314961 62946
40.010114 116.314961 62947
40.010114 116.314961 62951
40.010114 116.314957 62956
40.010116 116.314947 62961
40.010116 116.314943 62966
40.010116 116.314941 62967
40.010118 116.314933 62970
40.010118 116.314931 62971
40.010101 116.314914 62976
40.010099 116.314900 62981
40.010100 116.314884 62986
40.010100 116.314873 62990
40.010100 116.314870 62991
40.009798 116.314834 62996
40.009791 116.314834 62997
40.009763 116.314832 63001
40.009770 116.314975 63006
40.009761 116.315061 63011
40.009761 116.315058 63016
40.009762 116.315055 63021
40.009760 116.315048 63025
40.009760 116.315046 63026
40.009781 116.315078 63031
40.009790 116.315078 63036
40.009790 116.315078 63039
