39.989657 116.445472 21600
39.989828 116.445223 21604
39.989876 116.445151 21605
39.989924 116.445078 21606
39.990019 116.444934 21608
39.990097 116.444820 21611
39.990106 116.444755 21616
39.990022 116.444511 21621
39.989978 116.444618 21624
39.989994 116.444671 21629
39.989918 116.444684 21634
39.989867 116.444750 21637
39.989850 116.444772 21638
39.989846 116.444790 21639
39.989842 116.444808 21640
39.989830 116.444863 21643
39.989783 116.444937 21648
39.989692 116.445036 21653
39.989671 116.445095 21654
39.989650 116.445153 21655
39.989660 116.445234 21657
39.989669 116.445315 21659
39.989619 116.445423 21664
39.989513 116.445652 21669
39.989461 116.445729 21674
39.989451 116.445753 21678
39.989449 116.445759 21679
39.989404 116.445823 21684
39.989373 116.445865 21687
39.989353 116.445893 21689
39.989314 116.445960 21691
39.989294 116.445993 21692
39.989174 116.446245 21697
39.988953 116.446573 21702
39.988791 116.446842 21705
39.988766 116.446942 21710
39.988751 116.446966 21711
39.988707 116.447037 21714
39.988700 116.447039 21717
39.988695 116.447040 21719
39.988728 116.446966 21724
39.988711 116.446983 21727
39.988706 116.446988 21728
39.988700 116.446994 21729
39.988683 116.447009 21730
39.988630 116.447054 21733
39.988613 116.447069 21734
39.988559 116.447132 21739
39.988614 116.447040 21743
39.988684 116.446997 21746
39.988707 116.446982 21747
39.988748 116.446923 21749
39.988769 116.446894 21750
39.988797 116.446843 21755
39.988884 116.446765 21759
39.988915 116.446718 21763
39.988923 116.446706 21764
39.988934 116.446702 21766
39.988940 116.446700 21767
39.988951 116.446696 21769
39.988912 116.446762 21770
39.988797 116.446958 21773
39.988773 116.447759 21776
39.989280 116.447685 21781
39.989510 116.447461 21782
39.989741 116.447236 21783
39.989971 116.447012 21784
39.988027 116.447777 21791
39.987219 116.449014 21796
39.986388 116.450015 21801
39.986227 116.450211 21802
39.985743 116.450801 21805
39.986494 116.450316 21809
39.986687 116.450083 21814
39.986735 116.450029 21815
39.986783 116.449974 21816
39.986775 116.449982 21817
39.986745 116.450016 21821
39.986715 116.450055 21825
39.986707 116.450065 21826
39.986731 116.450032 21827
39.986755 116.450000 21828
39.986779 116.449967 21829
39.986842 116.449866 21832
39.986893 116.449767 21835
39.986932 116.449724 21840
39.986932 116.449722 21844
39.986932 116.449722 21845
39.987038 116.449693 21850
39.987008 116.449677 21855
39.987083 116.449588 21860
39.987099 116.449571 21861
39.987115 116.449553 21862
39.987132 116.449536 21863
39.987148 116.449518 21864
39.987164 116.449501 21865
39.987195 116.449487 21867
39.987242 116.449466 21870
39.987333 116.449439 21875
39.987372 116.449396 21880
39.987422 116.449349 21885
39.987421 116.449320 21890
39.987369 116.449299 21893
39.987335 116.449285 21895
39.987372 116.449262 21900
39.987364 116.449241 21902
39.987351 116.449209 21905
39.987350 116.449193 21910
39.987340 116.449188 21915
39.987371 116.449143 21920
39.987462 116.449106 21923
39.987498 116.449024 21927
39.987507 116.449004 21928
39.987539 116.448971 21933
39.987518 116.448991 21938
39.987480 116.448973 21943
39.987469 116.448928 21948
39.987460 116.448924 21949
39.987451 116.448920 21950
39.987433 116.448911 21952
39.987424 116.448907 21953
39.987434 116.448868 21958
39.987465 116.448836 21961
39.987475 116.448825 21962
39.987485 116.448814 21963
39.987490 116.448827 21968
39.987491 116.448835 21969
39.987496 116.448867 21973
39.987510 116.448874 21978
39.987501 116.448916 21983
39.987552 116.448846 21988
39.987557 116.448833 21991
39.987560 116.448824 21993
39.987542 116.448828 21995
39.987516 116.448835 21998
39.987411 116.448899 22000
39.987443 116.448901 22005
39.987408 116.448949 22009
39.987399 116.448961 22010
39.987344 116.449024 22015
39.987322 116.449025 22020
39.987233 116.449089 22023
39.987203 116.449110 22024
39.987205 116.449112 22025
39.987208 116.449116 22027
39.987211 116.449120 22029
39.987167 116.449151 22034
39.987152 116.449202 22039
39.987137 116.449262 22044
39.987159 116.449258 22049
39.987190 116.449306 22054
39.987155 116.449315 22055
39.987119 116.449324 22056
39.987084 116.449333 22057
39.987135 116.449370 22062
39.987131 116.449385 22067
39.987152 116.449387 22077
39.987146 116.449386 22078
39.987140 116.449385 22079
39.987091 116.449379 22087
39.987077 116.449395 22091
39.987074 116.449399 22092
39.987060 116.449381 22094
39.987052 116.449371 22095
39.987038 116.449353 22097
39.987097 116.449330 22102
39.987112 116.449209 22107
39.987095 116.449124 22112
39.987108 116.449119 22113
39.987160 116.449098 22117
39.987140 116.449056 22122
39.987141 116.449057 22126
39.987141 116.449057 22127
39.987190 116.449062 22132
39.987158 116.449019 22136
39.987150 116.449008 22137
39.987085 116.448925 22142
39.987090 116.448819 22147
39.987063 116.448734 22152
39.987074 116.448729 22153
39.987118 116.448708 22157
39.987078 116.448696 22162
39.987029 116.448664 22167
39.987013 116.448683 22172
39.986944 116.448668 22177
39.986861 116.448745 22182
39.986847 116.448763 22184
39.986827 116.448791 22187
39.986763 116.448786 22192
39.986719 116.448787 22197
