39.986418 116.373515 31325
39.986414 116.373357 31330
39.986410 116.373094 31335
39.986407 116.372738 31340
39.986404 116.372566 31345
39.986402 116.372466 31347
39.986398 116.372316 31350
39.986391 116.371990 31355
39.986387 116.371844 31358
39.986385 116.371747 31360
39.986383 116.371683 31365
39.986383 116.371683 31366
39.986383 116.371683 31367
39.986383 116.371684 31370
39.986383 116.371681 31371
39.986382 116.371669 31375
39.986381 116.371655 31378
39.986381 116.371646 31380
39.986380 116.371625 31381
39.986379 116.371604 31382
39.986377 116.371584 31383
39.986376 116.371563 31384
39.986375 116.371542 31385
39.986365 116.371260 31390
39.986354 116.370960 31395
39.986342 116.370564 31400
39.986325 116.370137 31405
39.986319 116.369887 31410
39.986300 116.369671 31415
39.986286 116.369499 31420
39.986282 116.369440 31421
39.986267 116.369204 31425
39.986280 116.368665 31430
39.986277 116.368557 31431
39.986266 116.368125 31435
39.986259 116.367849 31438
39.986254 116.367665 31440
39.986250 116.367531 31442
39.986244 116.367329 31445
39.986243 116.367292 31446
39.986241 116.367145 31450
39.986237 116.367015 31455
39.986233 116.366883 31458
39.986231 116.366795 31460
39.986227 116.366652 31465
39.986228 116.366646 31470
39.986227 116.366645 31475
39.986224 116.366502 31480
39.986215 116.366254 31485
39.986203 116.366026 31490
39.986198 116.365723 31495
39.986186 116.365371 31500
39.986188 116.365233 31505
39.986173 116.364968 31510
39.986162 116.364543 31515
39.986157 116.364138 31520
39.986138 116.363720 31525
39.986127 116.363323 31530
39.986117 116.362867 31535
39.986096 116.362335 31540
39.986085 116.361839 31545
39.986077 116.361509 31550
39.986073 116.361264 31555
39.986063 116.361017 31559
39.986061 116.360955 31560
39.986057 116.360679 31565
39.986054 116.360428 31570
39.986045 116.360106 31575
39.986026 116.359612 31580
39.986007 116.359132 31585
39.986005 116.359079 31586
39.985996 116.358867 31590
39.985981 116.358709 31595
39.985974 116.358570 31598
39.985969 116.358478 31600
39.985966 116.358411 31601
39.985960 116.358278 31603
39.985957 116.358211 31604
39.985954 116.358144 31605
39.985936 116.357812 31610
39.985926 116.357480 31615
39.985930 116.357293 31620
39.985928 116.357155 31625
39.985925 116.357111 31626
39.985923 116.357067 31627
39.985920 116.357022 31628
39.985918 116.356978 31629
39.985915 116.356934 31630
39.985926 116.356722 31635
39.985925 116.356673 31636
39.985922 116.356479 31640
39.985919 116.356342 31642
39.985915 116.356136 31645
39.985907 116.355694 31650
39.985904 116.355581 31651
39.985892 116.355131 31655
39.985872 116.354588 31660
39.985869 116.354477 31661
39.985866 116.354365 31662
39.985858 116.354031 31665
39.985847 116.353664 31668
39.985839 116.353420 31670
39.985822 116.353114 31672
39.985796 116.352655 31675
39.985784 116.352497 31676
39.985746 116.352025 31679
39.985734 116.351867 31680
39.985698 116.350995 31685
39.985665 116.350047 31690
39.985648 116.349446 31693
39.985636 116.349046 31695
39.985631 116.348866 31696
39.985626 116.348685 31697
39.985615 116.348324 31699
39.985610 116.348144 31700
39.985584 116.347279 31705
39.985591 116.346370 31710
39.985567 116.345426 31715
39.985549 116.344500 31720
39.985521 116.343596 31725
39.985494 116.342553 31730
39.985485 116.342344 31731
39.985459 116.341715 31734
39.985450 116.341506 31735
39.985400 116.340426 31740
39.985377 116.339752 31745
39.985348 116.338962 31750
39.985313 116.338002 31755
39.985289 116.337078 31760
39.985291 116.336248 31764
39.985291 116.336041 31765
39.985296 116.334781 31770
39.985219 116.333388 31775
39.985121 116.332002 31780
39.985052 116.330673 31785
39.984986 116.329349 31790
39.984950 116.328132 31795
39.984952 116.327017 31800
39.984937 116.326791 31801
39.984878 116.325889 31805
39.984810 116.324783 31810
39.984761 116.323766 31815
39.984745 116.323552 31816
39.984728 116.323338 31817
39.984695 116.322909 31819
39.984679 116.322695 31820
39.984681 116.322215 31822
39.984682 116.321734 31824
39.984683 116.321494 31825
39.984668 116.320980 31827
39.984645 116.320209 31830
39.984627 116.319499 31833
39.984615 116.319026 31835
39.984606 116.318564 31837
39.984592 116.317871 31840
39.984558 116.316754 31845
39.984546 116.316332 31847
39.984527 116.315700 31850
39.984493 116.314568 31855
39.984501 116.313344 31860
39.984452 116.312211 31865
39.984438 116.311974 31866
39.984409 116.311500 31868
39.984381 116.311026 31870
39.984364 116.310614 31872
39.984338 116.309997 31875
39.984304 116.308819 31880
39.984286 116.307802 31885
39.984240 116.306766 31890
39.984256 116.305683 31895
39.984241 116.305056 31900
39.984231 116.304816 31902
39.984225 116.304695 31903
39.984215 116.304455 31905
39.984206 116.303642 31910
39.984211 116.303468 31911
39.984216 116.303295 31912
39.984231 116.302774 31915
39.984232 116.302390 31917
39.984234 116.301815 31920
39.984204 116.300983 31925
