39.975117 116.333277 2523
39.975117 116.333191 2524
39.975117 116.333105 2525
39.975118 116.332848 2528
39.975143 116.332340 2533
39.975177 116.331818 2538
39.975215 116.331263 2543
39.975239 116.330922 2547
39.975245 116.330837 2548
39.975262 116.330748 2550
39.975288 116.330615 2553
39.975283 116.330508 2558
39.975295 116.330357 2563
39.975306 116.330175 2566
39.975313 116.330053 2568
39.975362 116.329747 2573
39.975369 116.329546 2576
39.975371 116.329479 2577
39.975373 116.329412 2578
39.975372 116.329386 2579
39.975370 116.329334 2581
39.975368 116.329282 2583
39.975366 116.329271 2585
39.975363 116.329255 2588
39.975377 116.329243 2593
39.975378 116.329250 2598
39.975384 116.329244 2600
39.975393 116.329235 2603
39.975398 116.329224 2605
39.975400 116.329219 2606
39.975405 116.329208 2608
39.975407 116.329204 2609
39.975417 116.329187 2613
39.975420 116.329170 2618
39.975421 116.329170 2619
39.975427 116.329170 2623
39.975433 116.329162 2628
39.975440 116.329152 2632
39.975442 116.329150 2633
39.975458 116.329132 2638
39.975472 116.329117 2643
39.975482 116.329092 2648
39.975485 116.329087 2649
39.975488 116.329082 2650
39.975498 116.329068 2653
39.975509 116.329052 2657
39.975512 116.329048 2658
39.975513 116.329046 2660
39.975515 116.329043 2663
39.975517 116.328950 2668
39.975615 116.328455 2673
39.975645 116.328145 2678
39.975657 116.328118 2680
39.975663 116.328105 2681
39.975669 116.328091 2682
39.975675 116.328078 2683
39.975678 116.328079 2684
39.975680 116.328081 2685
39.975683 116.328082 2686
39.975685 116.328084 2687
39.975688 116.328085 2688
39.975695 116.328090 2693
39.975693 116.328105 2698
39.975683 116.328152 2703
39.975682 116.328159 2704
39.975677 116.328185 2708
39.975682 116.328190 2713
39.975710 116.327922 2718
39.975685 116.327550 2723
39.975330 116.327380 2728
39.975320 116.326815 2733
39.975328 116.326341 2737
39.975330 116.326223 2738
39.975380 116.325865 2743
39.975427 116.325777 2748
39.975435 116.325762 2749
39.975465 116.325702 2753
39.975487 116.325675 2758
39.975507 116.325658 2763
39.975527 116.325652 2768
39.975542 116.325642 2773
39.975555 116.325448 2778
39.975566 116.325370 2779
39.975608 116.325057 2783
39.975530 116.324936 2785
39.975451 116.324815 2787
39.975412 116.324755 2788
39.975280 116.324217 2793
39.975264 116.324134 2794
39.975198 116.323800 2798
39.975297 116.323328 2803
39.975288 116.322727 2808
39.975153 116.321995 2813
39.975040 116.321373 2818
39.974998 116.320933 2823
39.975002 116.320885 2824
39.975018 116.320695 2828
39.975024 116.320674 2829
39.975030 116.320653 2830
39.975035 116.320632 2831
39.975047 116.320590 2833
39.975047 116.320583 2834
39.975047 116.320575 2835
39.975048 116.320553 2838
39.975058 116.320493 2843
39.975053 116.320515 2848
39.974998 116.320397 2853
39.974973 116.320205 2858
39.975047 116.319728 2863
39.975082 116.319303 2868
39.974998 116.318917 2873
39.975008 116.318513 2878
39.974993 116.318260 2883
39.974983 116.317993 2888
39.974952 116.317977 2893
39.974962 116.317947 2898
39.974973 116.317913 2903
39.974996 116.317894 2905
39.975030 116.317865 2908
39.975033 116.317730 2913
39.975042 116.317507 2918
39.975060 116.317393 2923
39.975056 116.317385 2924
39.975040 116.317352 2928
39.975040 116.317340 2933
39.975042 116.317350 2938
39.975037 116.317382 2943
39.975028 116.317260 2948
39.975058 116.317073 2951
39.975078 116.316948 2953
39.975135 116.316515 2958
39.975132 116.315950 2963
39.975098 116.315696 2965
39.975081 116.315569 2966
39.975047 116.315315 2968
39.975036 116.315179 2969
39.974992 116.314635 2973
39.975017 116.314522 2974
39.975117 116.314072 2978
39.974982 116.313985 2982
39.974948 116.313963 2983
39.974900 116.313940 2988
39.974907 116.313900 2993
39.974911 116.313884 2996
39.974912 116.313878 2997
39.974913 116.313873 2998
39.974912 116.313842 3003
39.974968 116.313553 3008
39.975095 116.312985 3013
39.975217 116.312268 3018
