39.977637 116.329190 62225
39.977598 116.328930 62230
39.977640 116.328630 62235
39.977602 116.328362 62240
39.977594 116.328108 62245
39.977583 116.328025 62247
39.977566 116.327900 62250
39.977611 116.327716 62254
39.977622 116.327670 62255
39.977732 116.327574 62260
39.977933 116.327565 62265
39.978126 116.327537 62270
39.978300 116.327521 62274
39.978343 116.327517 62275
39.978481 116.327476 62279
39.978516 116.327466 62280
39.978714 116.327465 62285
39.978942 116.327481 62290
39.979107 116.327485 62295
39.979133 116.327475 62296
39.979239 116.327437 62300
39.979462 116.327497 62305
39.979650 116.327497 62310
39.979803 116.327452 62315
39.979833 116.327451 62316
39.979953 116.327446 62320
39.980165 116.327450 62325
39.980314 116.327440 62330
39.980469 116.327443 62335
39.980501 116.327438 62336
39.980534 116.327432 62337
39.980566 116.327427 62338
39.980599 116.327421 62339
39.980631 116.327416 62340
39.980788 116.327406 62345
39.981006 116.327397 62350
39.981240 116.327396 62355
39.981402 116.327393 62359
39.981443 116.327392 62360
39.981661 116.327370 62365
39.981830 116.327357 62369
39.981872 116.327354 62370
39.981911 116.327355 62371
39.982065 116.327359 62375
39.982141 116.327345 62377
39.982255 116.327325 62380
39.982446 116.327330 62385
39.982612 116.327332 62390
39.982770 116.327329 62395
39.982556 116.327160 62398
39.982485 116.327103 62399
39.982414 116.327047 62400
39.982150 116.326603 62405
39.982011 116.326416 62410
39.982261 116.326566 62412
39.982637 116.326791 62415
39.982914 116.326692 62420
39.982975 116.326669 62422
39.983771 116.326949 62434
39.984567 116.327229 62446
39.984721 116.327316 62451
39.984865 116.327318 62456
39.984992 116.327301 62461
39.985126 116.327346 62466
39.985169 116.327341 62467
39.985339 116.327322 62471
39.985548 116.327305 62476
39.985735 116.327257 62481
39.985775 116.327253 62482
39.985894 116.327242 62485
39.985934 116.327238 62486
39.986080 116.327187 62491
39.986106 116.327075 62494
39.986124 116.327000 62496
39.986177 116.326959 62501
39.986336 116.326936 62506
39.986402 116.327141 62511
39.986670 116.327458 62516
39.986939 116.327404 62521
39.987505 116.327122 62526
39.987732 116.327101 62531
39.987942 116.327068 62536
39.988136 116.327075 62541
39.988177 116.327072 62542
39.988218 116.327070 62543
39.988258 116.327067 62544
39.988299 116.327065 62545
39.988340 116.327062 62546
39.988430 116.327057 62548
39.988565 116.327050 62551
39.988695 116.327043 62554
39.988782 116.327038 62556
39.988825 116.327033 62557
39.988996 116.327013 62561
39.989084 116.327004 62563
39.989129 116.327000 62564
39.989173 116.326995 62565
39.989217 116.326991 62566
39.989423 116.326983 62571
39.989508 116.326974 62573
39.989636 116.326960 62576
39.989719 116.326955 62578
39.989843 116.326948 62581
39.989928 116.326942 62583
39.990056 116.326932 62586
39.990245 116.326930 62591
39.990450 116.326934 62596
39.990658 116.326966 62601
39.990693 116.326961 62602
39.990831 116.326939 62606
39.991066 116.326951 62611
39.991410 116.326946 62616
39.991426 116.326945 62617
39.991490 116.326941 62621
39.991661 116.326861 62626
39.991840 116.326813 62631
39.991884 116.326826 62632
39.992060 116.326880 62636
39.992257 116.326875 62641
39.992435 116.326904 62646
39.992520 116.326908 62648
39.992562 116.326909 62649
39.992647 116.326913 62651
39.992852 116.326905 62656
39.993115 116.326856 62661
39.993155 116.326866 62662
39.993317 116.326905 62666
39.993505 116.326878 62671
39.993711 116.326823 62676
39.993840 116.326824 62679
39.993926 116.326824 62681
39.993967 116.326819 62682
39.994007 116.326814 62683
39.994129 116.326798 62686
39.994348 116.326814 62691
39.994393 116.326823 62692
39.994575 116.326858 62696
39.994702 116.326860 62699
39.994786 116.326861 62701
39.994978 116.326817 62706
39.995175 116.326772 62711
39.995295 116.326751 62716
39.995508 116.326644 62721
39.995729 116.326614 62726
39.995949 116.326587 62731
39.996187 116.326605 62736
39.996382 116.326454 62741
39.996674 116.326455 62746
39.996735 116.326336 62751
39.996848 116.326335 62756
39.997039 116.326280 62761
39.997277 116.326281 62766
39.997435 116.326290 62771
39.997491 116.326217 62776
39.997611 116.326241 62778
39.997730 116.326265 62780
39.997790 116.326277 62781
39.997828 116.326276 62782
39.997867 116.326276 62783
39.997905 116.326275 62784
39.997944 116.326275 62785
39.997982 116.326274 62786
39.998033 116.326262 62787
39.998238 116.326216 62791
39.998314 116.326201 62793
39.998428 116.326179 62796
39.998558 116.326157 62800
39.998591 116.326151 62801
39.998689 116.326137 62804
39.998755 116.326127 62806
39.999018 116.326177 62811
39.999182 116.326169 62816
39.999246 116.326059 62819
39.999268 116.326023 62820
39.999289 116.325986 62821
