39.999548 116.325710 44269
39.999555 116.325705 44270
39.999570 116.325696 44272
39.999585 116.325686 44274
39.999619 116.325676 44279
39.999626 116.325675 44280
39.999634 116.325673 44281
39.999641 116.325672 44282
39.999649 116.325670 44283
39.999656 116.325669 44284
39.999694 116.325666 44289
39.999732 116.325707 44294
39.999751 116.325760 44299
39.999755 116.325770 44300
39.999772 116.325812 44304
39.999793 116.325854 44309
39.999796 116.325901 44314
39.999807 116.325939 44318
39.999810 116.325948 44319
39.999813 116.325959 44320
39.999817 116.325970 44321
39.999827 116.326003 44324
39.999820 116.326055 44329
39.999824 116.326112 44334
39.999821 116.326149 44338
39.999820 116.326158 44339
39.999799 116.326207 44344
39.999755 116.326243 44349
39.999719 116.326270 44354
39.999686 116.326298 44359
39.999663 116.326335 44364
39.999654 116.326356 44367
39.999648 116.326370 44369
39.999628 116.326417 44374
39.999625 116.326424 44375
39.999622 116.326430 44376
39.999613 116.326450 44379
39.999599 116.326476 44383
39.999596 116.326482 44384
39.999555 116.326492 44389
39.999516 116.326497 44394
39.999510 116.326499 44395
39.999484 116.326505 44399
39.999478 116.326505 44400
39.999456 116.326505 44404
39.999406 116.326510 44409
39.999378 116.326523 44414
39.999364 116.326521 44416
39.999343 116.326517 44419
39.999306 116.326503 44424
39.999287 116.326517 44428
39.999282 116.326520 44429
39.999267 116.326530 44432
39.999262 116.326534 44433
39.999257 116.326537 44434
39.999228 116.326571 44439
39.999200 116.326613 44444
39.999154 116.326638 44449
39.999122 116.326635 44453
39.999114 116.326634 44454
39.999088 116.326642 44458
39.999082 116.326644 44459
39.999052 116.326643 44463
39.999045 116.326643 44464
39.999023 116.326645 44469
39.998982 116.326632 44474
39.998974 116.326631 44475
39.998942 116.326625 44479
39.998902 116.326625 44484
39.998858 116.326628 44489
39.998806 116.326633 44494
39.998761 116.326630 44499
39.998723 116.326634 44504
39.998684 116.326635 44509
39.998645 116.326645 44514
39.998630 116.326650 44517
39.998620 116.326653 44519
39.998576 116.326649 44524
39.998547 116.326650 44529
39.998510 116.326663 44534
39.998488 116.326690 44539
39.998448 116.326686 44544
39.998416 116.326685 44549
39.998392 116.326682 44554
39.998367 116.326686 44559
39.998320 116.326696 44564
39.998270 116.326693 44569
39.998220 116.326699 44574
39.998184 116.326695 44579
39.998120 116.326682 44584
39.998096 116.326693 44589
39.998066 116.326678 44594
39.998025 116.326674 44599
39.997989 116.326678 44604
39.997939 116.326679 44609
39.997899 116.326683 44614
39.997863 116.326689 44618
39.997854 116.326691 44619
39.997812 116.326703 44624
39.997769 116.326704 44629
39.997740 116.326709 44634
39.997708 116.326717 44639
39.997671 116.326704 44644
39.997630 116.326708 44649
39.997610 116.326694 44652
39.997597 116.326685 44654
39.997588 116.326687 44655
39.997561 116.326692 44658
39.997552 116.326694 44659
39.997512 116.326696 44664
39.997469 116.326698 44669
39.997458 116.326697 44672
39.997455 116.326697 44673
39.997451 116.326697 44674
39.997401 116.326709 44679
39.997381 116.326711 44683
39.997376 116.326712 44684
39.997369 116.326718 44685
39.997341 116.326742 44689
39.997332 116.326745 44690
39.997323 116.326747 44691
39.997295 116.326755 44694
39.997273 116.326751 44697
39.997259 116.326749 44699
39.997206 116.326730 44704
39.997196 116.326720 44709
39.997176 116.326700 44711
39.997157 116.326680 44713
39.997147 116.326670 44714
39.997156 116.326704 44718
39.997158 116.326713 44719
39.997149 116.326716 44720
39.997112 116.326727 44724
39.997103 116.326730 44725
39.997069 116.326742 44729
39.997054 116.326722 44734
39.997050 116.326719 44735
39.997042 116.326713 44737
39.997034 116.326707 44739
39.997028 116.326709 44741
39.997020 116.326713 44744
39.996965 116.326714 44749
39.996953 116.326716 44751
39.996934 116.326718 44754
39.996908 116.326700 44756
39.996869 116.326673 44759
39.996862 116.326667 44760
39.996848 116.326655 44762
39.996834 116.326643 44764
39.996822 116.326640 44765
39.996810 116.326638 44766
39.996774 116.326630 44769
39.996712 116.326608 44774
39.996643 116.326754 44779
39.996614 116.326756 44782
39.996595 116.326757 44784
39.996581 116.326763 44789
39.996534 116.326775 44794
39.996512 116.326776 44797
39.996498 116.326777 44799
39.996463 116.326784 44804
39.996445 116.326786 44806
39.996417 116.326789 44809
39.996363 116.326780 44814
39.996339 116.326777 44816
39.996302 116.326772 44819
39.996291 116.326778 44822
39.996284 116.326782 44824
39.996241 116.326779 44829
39.996235 116.326779 44830
39.996228 116.326778 44831
39.996209 116.326777 44834
39.996186 116.326747 44839
39.996181 116.326744 44840
39.996162 116.326732 44844
39.996133 116.326718 44849
39.996129 116.326722 44851
39.996123 116.326728 44854
39.996112 116.326744 44859
39.996087 116.326751 44864
39.996016 116.326777 44869
