40.036526 116.405239 49342
40.036814 116.405291 49346
40.037076 116.405325 49350
40.037338 116.405351 49354
40.037743 116.405386 49359
40.037910 116.405404 49361
40.038078 116.405422 49363
40.038212 116.405434 49365
40.038345 116.405446 49367
40.038445 116.405461 49371
40.038539 116.405476 49375
40.038684 116.405500 49378
40.038733 116.405508 49379
40.038781 116.405516 49380
40.038929 116.405545 49383
40.038978 116.405555 49384
40.039014 116.405562 49385
40.039086 116.405575 49387
40.039128 116.405573 49392
40.039127 116.405572 49397
40.039125 116.405572 49402
40.039125 116.405572 49407
40.039182 116.405586 49412
40.039261 116.405599 49414
40.039300 116.405605 49415
40.039362 116.405614 49417
40.039393 116.405619 49418
40.039436 116.405625 49423
40.039440 116.405627 49428
40.039440 116.405627 49430
40.039440 116.405627 49432
40.039440 116.405627 49433
40.039440 116.405627 49438
40.039481 116.405635 49443
40.039489 116.405635 49445
40.039501 116.405636 49448
40.039502 116.405637 49449
40.039503 116.405639 49452
40.039504 116.405640 49453
40.039508 116.405641 49458
40.039599 116.405643 49463
40.039717 116.405650 49466
40.039821 116.405647 49469
40.039853 116.405645 49474
40.039854 116.405645 49478
40.039854 116.405645 49479
40.039853 116.405645 49484
40.039861 116.405646 49489
40.039962 116.405651 49493
40.039999 116.405658 49498
40.040001 116.405660 49501
40.040002 116.405661 49503
40.040061 116.405663 49507
40.040076 116.405664 49508
40.040174 116.405671 49513
40.040180 116.405670 49515
40.040188 116.405669 49518
40.040190 116.405669 49523
40.040189 116.405670 49526
40.040189 116.405670 49528
40.040192 116.405669 49533
40.040191 116.405669 49538
40.040191 116.405669 49540
40.040191 116.405669 49543
40.040192 116.405669 49546
40.040192 116.405669 49548
40.040191 116.405669 49553
40.040191 116.405668 49558
40.040191 116.405668 49561
40.040191 116.405668 49563
40.040191 116.405668 49568
40.040191 116.405668 49573
40.040191 116.405668 49578
40.040191 116.405668 49580
40.040191 116.405668 49583
40.040191 116.405668 49586
40.040191 116.405668 49588
40.040191 116.405668 49593
40.040191 116.405668 49594
40.040191 116.405668 49597
40.040191 116.405668 49598
40.040191 116.405668 49603
40.040191 116.405668 49608
40.040191 116.405668 49611
40.040191 116.405668 49613
40.040236 116.405668 49617
40.040247 116.405668 49618
40.040442 116.405687 49622
40.040687 116.405709 49626
40.040803 116.405716 49628
40.040861 116.405720 49629
40.040919 116.405723 49630
40.041118 116.405720 49635
40.041177 116.405727 49637
40.041206 116.405730 49638
40.041323 116.405739 49642
40.041356 116.405741 49643
40.041390 116.405744 49644
40.041423 116.405746 49645
40.041434 116.405746 49647
40.041451 116.405745 49650
40.041432 116.405744 49655
40.041426 116.405744 49658
40.041422 116.405744 49660
40.041484 116.405746 49665
40.041531 116.405754 49668
40.041563 116.405760 49670
40.041570 116.405760 49675
40.041571 116.405760 49680
40.041571 116.405760 49681
40.041570 116.405761 49685
40.041570 116.405761 49686
40.041570 116.405761 49687
40.041571 116.405761 49690
40.041571 116.405762 49695
40.041571 116.405762 49696
40.041570 116.405762 49697
40.041569 116.405762 49700
40.041571 116.405762 49705
40.041632 116.405766 49710
40.041756 116.405776 49713
40.041818 116.405779 49715
40.041849 116.405781 49716
40.041923 116.405781 49720
40.041941 116.405781 49721
40.042044 116.405786 49725
40.042272 116.405892 49730
40.042512 116.406055 49734
40.042657 116.406252 49739
40.042659 116.406259 49744
40.042659 116.406260 49749
40.042659 116.406260 49752
40.042659 116.406260 49754
40.042659 116.406261 49757
40.042659 116.406262 49759
40.042661 116.406266 49764
40.042666 116.406280 49769
40.042667 116.406282 49774
40.042667 116.406280 49779
40.042667 116.406280 49780
40.042667 116.406279 49782
40.042667 116.406279 49783
40.042667 116.406279 49784
40.042667 116.406279 49789
40.042668 116.406278 49794
40.042668 116.406278 49799
40.042668 116.406278 49800
40.042668 116.406278 49801
40.042668 116.406278 49804
40.042669 116.406278 49807
40.042669 116.406278 49808
40.042669 116.406278 49809
40.042669 116.406278 49814
40.042669 116.406278 49819
40.042670 116.406280 49824
40.042716 116.406418 49828
40.042833 116.406667 49833
40.042873 116.406714 49834
40.042914 116.406761 49835
40.042992 116.406834 49839
40.042992 116.406834 49840
40.042992 116.406836 49843
40.042992 116.406836 49844
40.043001 116.406842 49849
40.043019 116.406863 49854
40.043038 116.406886 49859
40.043048 116.406883 49861
40.043053 116.406881 49862
40.043058 116.406880 49863
40.043063 116.406878 49864
40.043082 116.406878 49869
40.043153 116.406904 49874
40.043198 116.406914 49877
40.043213 116.406918 49878
40.043228 116.406921 49879
40.043232 116.406930 49880
40.043242 116.406956 49883
40.043246 116.406965 49884
40.043301 116.406941 49887
40.043337 116.406925 49889
40.043353 116.406913 49890
40.043416 116.406866 49894
40.043454 116.406854 49899
40.043488 116.406831 49904
40.043576 116.406753 49907
40.043752 116.406566 49912
40.044087 116.406273 49917
40.044406 116.406091 49921
40.044697 116.406019 49925
40.044965 116.406019 49929
40.045267 116.406037 49933
40.045357 116.406041 49934
40.045718 116.406058 49938
