40.039735 116.405494 81874
40.039242 116.405426 81878
40.039119 116.405409 81879
40.038562 116.405304 81884
40.038054 116.405209 81889
40.037691 116.405148 81894
40.037575 116.405135 81897
40.037523 116.405124 81899
40.037471 116.405112 81901
40.037440 116.405105 81904
40.037420 116.405101 81906
40.037420 116.405103 81910
40.037420 116.405104 81911
40.037419 116.405104 81914
40.037419 116.405104 81916
40.037419 116.405104 81917
40.037419 116.405104 81921
40.037419 116.405104 81922
40.037419 116.405104 81923
40.037418 116.405104 81926
40.037418 116.405104 81931
40.037416 116.405104 81936
40.037298 116.405080 81939
40.037220 116.405064 81941
40.036966 116.405021 81945
40.036656 116.404962 81949
40.036397 116.404933 81953
40.036359 116.404930 81954
40.036322 116.404928 81955
40.036284 116.404925 81956
40.036074 116.404897 81961
40.035886 116.404857 81965
40.035693 116.404818 81969
40.035630 116.404807 81970
40.035441 116.404774 81973
40.035358 116.404760 81974
40.035024 116.404705 81978
40.034596 116.404619 81983
40.034047 116.404519 81988
40.033833 116.404485 81990
40.033513 116.404435 81993
40.032975 116.404343 81998
40.032572 116.404271 82002
40.032304 116.404232 82006
40.032208 116.404212 82009
40.032145 116.404206 82014
40.032140 116.404208 82019
40.032141 116.404208 82024
40.032141 116.404208 82026
40.032142 116.404208 82029
40.032142 116.404208 82034
40.032142 116.404208 82037
40.032142 116.404208 82038
40.032142 116.404208 82039
40.032142 116.404208 82042
40.032142 116.404208 82043
40.032142 116.404208 82044
40.032142 116.404208 82046
40.032142 116.404208 82047
40.032142 116.404208 82049
40.032127 116.404204 82050
40.032067 116.404190 82054
40.031892 116.404167 82057
40.031834 116.404159 82058
40.031704 116.404140 82060
40.031573 116.404121 82062
40.031286 116.404069 82066
40.031009 116.404020 82070
40.030767 116.403980 82073
40.030686 116.403966 82074
40.030605 116.403953 82075
40.030099 116.403863 82080
40.029540 116.403763 82085
40.028923 116.403653 82090
40.028784 116.403628 82091
40.028226 116.403529 82095
40.028080 116.403505 82096
40.027935 116.403481 82097
40.027498 116.403410 82100
40.026840 116.403301 82105
40.026333 116.403220 82110
40.026266 116.403209 82111
40.026198 116.403197 82112
40.026139 116.403186 82117
40.026139 116.403186 82122
40.026141 116.403187 82126
40.026141 116.403187 82127
40.026034 116.403157 82132
40.025826 116.403130 82136
40.025570 116.403089 82140
40.025485 116.403089 82145
40.025382 116.403067 82148
40.025257 116.403039 82151
40.025173 116.403021 82153
40.024770 116.402943 82158
40.024503 116.402899 82161
40.024325 116.402870 82163
40.024224 116.402851 82164
40.024123 116.402831 82165
40.024022 116.402812 82166
40.023820 116.402773 82168
40.023294 116.402692 82173
40.023198 116.402677 82174
40.022908 116.402631 82177
40.022614 116.402617 82181
40.022422 116.402603 82185
40.022329 116.402589 82187
40.022223 116.402573 82191
40.022197 116.402568 82196
40.022197 116.402568 82201
40.022197 116.402567 82206
40.022196 116.402567 82209
40.022196 116.402567 82211
40.022197 116.402567 82216
40.022198 116.402567 82221
40.022197 116.402567 82224
40.022197 116.402567 82226
40.022197 116.402567 82227
40.022197 116.402567 82229
40.022197 116.402567 82231
40.022197 116.402568 82234
40.022197 116.402568 82236
40.022177 116.402564 82239
40.022164 116.402562 82241
40.021944 116.402522 82245
40.021643 116.402472 82249
40.021549 116.402458 82250
40.021174 116.402404 82254
40.020624 116.402338 82259
40.019987 116.402244 82264
40.019322 116.402071 82269
40.018906 116.401953 82272
40.018628 116.401875 82274
40.017938 116.401775 82279
40.017286 116.401739 82284
40.017161 116.401736 82285
40.016662 116.401725 82289
40.015996 116.401710 82294
40.015461 116.401704 82298
40.015327 116.401702 82299
40.014630 116.401686 82304
40.014238 116.401679 82307
40.013976 116.401675 82309
40.013585 116.401659 82312
40.013324 116.401648 82314
40.012660 116.401628 82319
40.011907 116.401584 82324
40.011562 116.401578 82326
40.011390 116.401576 82327
40.011217 116.401573 82328
40.011045 116.401570 82329
40.010199 116.401558 82334
40.009447 116.401625 82339
40.008958 116.401660 82344
40.008754 116.401655 82349
40.008721 116.401651 82354
40.008720 116.401651 82359
40.008721 116.401651 82364
40.008721 116.401651 82369
40.008723 116.401651 82374
40.008722 116.401651 82379
40.008722 116.401651 82382
40.008722 116.401651 82384
40.008722 116.401651 82389
40.008721 116.401651 82394
40.008721 116.401651 82395
40.008721 116.401652 82399
40.008721 116.401652 82404
40.008721 116.401652 82405
40.008720 116.401652 82409
40.008611 116.401650 82413
40.008549 116.401648 82414
40.008364 116.401642 82417
40.008209 116.401642 82419
40.008131 116.401642 82420
40.008053 116.401642 82421
40.007974 116.401642 82422
40.007895 116.401643 82423
40.007816 116.401643 82424
40.007737 116.401643 82425
40.007636 116.401642 82426
40.007234 116.401637 82430
40.007126 116.401640 82431
40.006696 116.401652 82435
40.006039 116.401682 82440
40.005314 116.401663 82445
40.004729 116.401651 82449
40.004583 116.401648 82450
40.004078 116.401604 82455
40.004017 116.401602 82457
40.003987 116.401601 82458
40.003804 116.401570 82463
40.003389 116.401550 82468
40.002788 116.401527 82473
40.002659 116.401523 82474
