40.108589 116.277902 27128
40.108326 116.278180 27133
40.108335 116.278172 27138
40.108327 116.278186 27139
40.108295 116.278243 27143
40.108175 116.278439 27148
40.108127 116.278505 27149
40.108030 116.278636 27151
40.107933 116.278767 27153
40.107872 116.278851 27154
40.107626 116.279185 27158
40.107548 116.279286 27159
40.107391 116.279489 27161
40.107235 116.279691 27163
40.106836 116.280233 27168
40.106666 116.280460 27170
40.106412 116.280800 27173
40.105983 116.281385 27178
40.105536 116.282015 27183
40.105066 116.282639 27188
40.104973 116.282767 27189
40.104603 116.283279 27193
40.104194 116.283877 27198
40.104106 116.283966 27199
40.103752 116.284321 27203
40.103311 116.284731 27208
40.102818 116.285121 27213
40.102290 116.285455 27218
40.102117 116.285559 27220
40.101857 116.285716 27223
40.101723 116.285790 27226
40.101634 116.285840 27228
40.101632 116.285843 27230
40.101630 116.285847 27233
40.101637 116.285844 27238
40.101629 116.285850 27243
40.101539 116.285943 27248
40.101319 116.286066 27253
40.100975 116.286222 27258
40.100878 116.286264 27259
40.100489 116.286431 27263
40.100116 116.286565 27267
40.100023 116.286598 27268
40.099565 116.286744 27273
40.099312 116.286883 27278
40.099307 116.286883 27279
40.099302 116.286883 27280
40.099287 116.286882 27283
40.099287 116.286882 27284
40.099288 116.286882 27285
40.099288 116.286883 27286
40.099289 116.286883 27288
40.099289 116.286884 27293
40.099262 116.286906 27298
40.099151 116.287027 27303
40.098859 116.287276 27308
40.098502 116.287572 27313
40.098097 116.287898 27318
40.097642 116.288286 27323
40.097259 116.288599 27327
40.097163 116.288677 27328
40.097059 116.288755 27329
40.096955 116.288833 27330
40.096644 116.289067 27333
40.096110 116.289485 27338
40.095569 116.289887 27343
40.095070 116.290220 27348
40.094758 116.290449 27352
40.094680 116.290506 27353
40.094418 116.290711 27358
40.094255 116.290844 27363
40.094201 116.290880 27368
40.094191 116.290866 27373
40.094191 116.290865 27375
40.094192 116.290864 27377
40.094192 116.290864 27378
40.094201 116.290857 27383
40.094204 116.290855 27385
40.094205 116.290854 27386
40.094208 116.290852 27388
40.094198 116.290860 27389
40.094177 116.290877 27391
40.094156 116.290894 27393
40.094003 116.291081 27398
40.093946 116.291123 27399
40.093720 116.291290 27403
40.093391 116.291557 27408
40.093043 116.291858 27413
40.092713 116.292112 27418
40.092514 116.292267 27421
40.092382 116.292370 27423
40.092308 116.292429 27424
40.092234 116.292488 27425
40.092013 116.292666 27428
40.091607 116.292994 27433
40.091175 116.293333 27438
40.090786 116.293645 27443
40.090640 116.293762 27445
40.090422 116.293937 27448
40.090001 116.294274 27453
40.089504 116.294698 27458
40.089002 116.295069 27463
40.088570 116.295398 27468
40.088304 116.295587 27472
40.088238 116.295634 27473
40.087974 116.295804 27478
40.087853 116.295919 27483
40.087729 116.296028 27488
40.087506 116.296234 27493
40.087200 116.296489 27498
40.086754 116.296817 27503
40.086346 116.297102 27507
40.086244 116.297173 27508
40.085753 116.297535 27513
40.085263 116.297910 27518
40.085052 116.298061 27520
40.084736 116.298287 27523
40.084311 116.298611 27527
40.084205 116.298692 27528
40.083673 116.299110 27533
40.083133 116.299526 27538
40.082606 116.299909 27543
40.082119 116.300322 27548
40.081650 116.300719 27553
40.081557 116.300788 27554
40.081186 116.301063 27558
40.080769 116.301374 27563
40.080546 116.301537 27566
40.080397 116.301645 27568
40.080054 116.301909 27573
40.080003 116.301944 27574
40.079798 116.302083 27578
40.079759 116.302112 27579
40.079604 116.302230 27583
40.079473 116.302336 27588
40.079437 116.302359 27591
40.079413 116.302375 27593
40.079394 116.302384 27598
40.079393 116.302385 27599
40.079389 116.302388 27603
40.079306 116.302462 27608
40.079068 116.302668 27613
40.078761 116.302928 27618
40.078364 116.303224 27623
40.078042 116.303498 27627
40.077961 116.303567 27628
40.077755 116.303721 27631
40.077617 116.303824 27633
40.077473 116.303863 27636
40.077425 116.303876 27637
40.077377 116.303889 27638
40.077348 116.303872 27639
40.077230 116.303804 27643
40.077154 116.303819 27645
40.077116 116.303827 27646
40.077040 116.303842 27648
40.076835 116.303980 27653
40.076563 116.304141 27658
40.076405 116.304266 27662
40.076366 116.304297 27663
40.076275 116.304360 27668
40.076174 116.304421 27673
40.076136 116.304453 27675
40.076079 116.304501 27678
40.076028 116.304515 27680
40.075951 116.304536 27683
40.075876 116.304578 27688
40.075784 116.304675 27693
40.075710 116.304778 27698
40.075680 116.304805 27699
40.075561 116.304914 27703
40.075459 116.305014 27706
40.075391 116.305081 27708
40.075211 116.305235 27712
40.075166 116.305273 27713
40.075070 116.305355 27718
40.075036 116.305391 27723
40.075011 116.305406 27724
40.074986 116.305421 27725
40.074960 116.305437 27726
40.074910 116.305467 27728
