40.012102 116.316349 16978
40.012012 116.315450 16983
40.011956 116.314957 16986
40.011918 116.314629 16988
40.011805 116.313875 16993
40.011724 116.313241 16998
40.011663 116.312897 17002
40.011648 116.312811 17003
40.011637 116.312767 17004
40.011602 116.312635 17007
40.011593 116.312494 17011
40.011597 116.312461 17012
40.011601 116.312429 17013
40.011615 116.312365 17016
40.011620 116.312344 17017
40.011637 116.312316 17018
40.011687 116.312232 17021
40.011873 116.312100 17026
40.012150 116.311904 17031
40.012284 116.311901 17032
40.012820 116.311891 17036
40.013262 116.311937 17039
40.013557 116.311968 17041
40.013694 116.311950 17042
40.014240 116.311879 17046
40.014833 116.311693 17051
40.015401 116.311423 17056
40.015819 116.311197 17060
40.015924 116.311140 17061
40.016068 116.311053 17063
40.016212 116.310966 17065
40.016338 116.310904 17069
40.016383 116.310874 17072
40.016372 116.310851 17077
40.016378 116.310849 17078
40.016384 116.310847 17079
40.016389 116.310846 17080
40.016401 116.310842 17082
40.016413 116.310831 17087
40.016498 116.310725 17091
40.016676 116.310526 17096
40.016887 116.310295 17101
40.017144 116.310046 17106
40.017203 116.309973 17107
40.017320 116.309826 17109
40.017378 116.309753 17110
40.017437 116.309680 17111
40.017672 116.309390 17114
40.017828 116.309196 17116
40.018273 116.308709 17121
40.018359 116.308641 17122
40.018704 116.308367 17126
40.019112 116.308238 17131
40.019501 116.308179 17136
40.019869 116.308128 17141
40.020039 116.308092 17144
40.020152 116.308068 17146
40.020490 116.308050 17151
40.020584 116.308053 17152
40.020959 116.308065 17156
40.021261 116.308054 17159
40.021361 116.308050 17160
40.021462 116.308046 17161
40.021690 116.308044 17163
40.022032 116.308042 17166
40.022662 116.308045 17171
40.023236 116.308046 17176
40.023702 116.308029 17180
40.023819 116.308025 17181
40.024383 116.308004 17186
40.024911 116.307921 17191
40.025456 116.307800 17196
40.026137 116.307701 17201
40.026766 116.307492 17206
40.027293 116.307441 17211
40.027358 116.307429 17212
40.027487 116.307406 17214
40.027552 116.307394 17215
40.027617 116.307382 17216
40.027665 116.307374 17218
40.027678 116.307369 17222
40.027681 116.307368 17223
40.027673 116.307365 17225
40.027670 116.307363 17226
40.027662 116.307360 17228
40.027655 116.307358 17233
40.027651 116.307367 17238
40.027652 116.307384 17243
40.027651 116.307389 17246
40.027651 116.307392 17248
40.027647 116.307380 17253
40.027643 116.307365 17258
40.027641 116.307351 17263
40.027884 116.307062 17268
40.028096 116.306634 17273
40.028286 116.306251 17278
40.028445 116.305955 17281
40.028551 116.305758 17283
40.028912 116.305202 17288
40.028991 116.305075 17289
40.029308 116.304567 17293
40.029729 116.303928 17298
40.029824 116.303794 17299
40.029918 116.303660 17300
40.030202 116.303259 17303
40.030426 116.302993 17305
40.030762 116.302595 17308
40.031368 116.302058 17313
40.032051 116.301654 17318
40.032473 116.301499 17321
40.032754 116.301395 17323
40.033356 116.301265 17328
40.033846 116.301063 17333
40.034225 116.300937 17338
40.034655 116.300737 17343
40.034960 116.300616 17346
40.035061 116.300575 17347
40.035163 116.300535 17348
40.035716 116.300305 17353
40.036173 116.300120 17357
40.036287 116.300074 17358
40.036893 116.299822 17363
40.037553 116.299553 17368
40.037680 116.299500 17369
40.037807 116.299446 17370
40.038060 116.299339 17372
40.038187 116.299286 17373
40.038748 116.298968 17378
40.038877 116.298874 17379
40.039393 116.298500 17383
40.040129 116.298009 17388
40.040856 116.297555 17393
40.041566 116.297065 17398
40.042151 116.296703 17402
40.042297 116.296612 17403
40.042942 116.296238 17408
40.043251 116.296115 17412
40.043327 116.296058 17417
40.043343 116.296087 17420
40.043350 116.296093 17423
40.043354 116.296097 17425
40.043352 116.296092 17430
40.043351 116.296096 17435
40.043350 116.296096 17439
40.043350 116.296096 17440
40.043349 116.296098 17445
40.043348 116.296096 17450
40.043385 116.295930 17455
40.043556 116.295425 17460
40.043765 116.294887 17465
40.043862 116.294387 17469
40.043886 116.294262 17470
40.043697 116.293882 17472
40.043414 116.293311 17475
40.043099 116.292878 17477
40.042626 116.292229 17480
40.042118 116.291748 17482
40.041864 116.291507 17483
40.041356 116.291026 17485
40.041163 116.290756 17488
40.041035 116.290576 17490
40.040984 116.290298 17494
40.040971 116.290229 17495
40.041034 116.290186 17496
40.041288 116.290012 17500
40.041651 116.289799 17505
40.042075 116.289627 17510
40.042291 116.289513 17515
40.042385 116.289583 17519
40.042425 116.289587 17520
40.042585 116.289605 17524
40.042974 116.289513 17529
40.043521 116.289379 17534
40.043591 116.289366 17535
40.043872 116.289316 17539
40.043898 116.289135 17543
40.043904 116.289090 17544
40.043886 116.288724 17549
40.043782 116.288156 17554
40.043760 116.287882 17558
40.043755 116.287813 17559
40.043737 116.287814 17561
40.043720 116.287815 17563
40.043708 116.287803 17568
40.043708 116.287804 17569
40.043707 116.287806 17573
