39.921712 116.472343 12632
39.921672 116.472342 12636
39.921651 116.472332 12637
39.921608 116.472311 12639
39.921565 116.472290 12641
39.921545 116.472308 12646
39.921505 116.472315 12649
39.921492 116.472317 12650
39.921485 116.472323 12652
39.921486 116.472323 12655
39.921487 116.472323 12657
39.921450 116.472302 12662
39.921395 116.472348 12667
39.921335 116.472357 12672
39.921265 116.472332 12677
39.921257 116.472327 12678
39.921227 116.472308 12682
39.921219 116.472299 12683
39.921210 116.472290 12684
39.921202 116.472281 12685
39.921185 116.472263 12687
39.921149 116.472237 12689
39.921095 116.472198 12692
39.921065 116.472197 12696
39.921057 116.472197 12697
39.921001 116.472238 12701
39.920987 116.472248 12702
39.921003 116.472182 12707
39.920998 116.472183 12709
39.920990 116.472185 12712
39.920988 116.472185 12715
39.920917 116.472233 12732
39.920880 116.472248 12737
39.920658 116.472318 12777
39.920637 116.472323 12778
39.920616 116.472328 12779
39.920595 116.472333 12780
39.920545 116.472329 12781
39.920496 116.472325 12782
39.920446 116.472321 12783
39.920397 116.472317 12784
39.920347 116.472313 12785
39.920217 116.472260 12790
39.920085 116.472152 12794
39.920052 116.472125 12795
39.919962 116.472048 12800
39.919877 116.472023 12805
39.919843 116.472015 12809
39.919755 116.472040 12814
39.919745 116.472056 12817
39.919742 116.472062 12818
39.919728 116.471988 12861
39.919694 116.471900 12864
39.919683 116.471871 12865
39.919672 116.471842 12866
39.919655 116.471828 12871
39.919652 116.471832 12872
39.919610 116.471828 12886
39.919588 116.471832 12888
39.919293 116.471913 12892
39.918972 116.472012 12897
39.918946 116.472020 12898
39.918894 116.472037 12900
39.918868 116.472045 12901
39.918823 116.472065 12903
39.918778 116.472085 12905
39.918563 116.472195 12910
39.918522 116.472289 12913
39.918508 116.472320 12914
39.918387 116.472333 12919
39.918374 116.472322 12920
39.918323 116.472278 12924
39.918290 116.472187 12929
39.918290 116.472107 12934
39.918292 116.472093 12936
39.918292 116.472095 12941
39.918291 116.472105 12944
39.918290 116.472112 12946
39.918272 116.472112 12951
39.918250 116.472102 12956
39.918233 116.472099 12960
39.918225 116.472097 12962
39.918147 116.472072 12967
39.918103 116.472018 12972
39.918078 116.471996 12973
39.918003 116.471930 12976
39.918018 116.471818 12980
39.917870 116.471702 12984
39.917825 116.471697 12988
39.917735 116.471717 12993
39.917688 116.471673 12998
39.917678 116.471675 13002
39.917677 116.471680 13011
39.917687 116.471745 13014
39.917693 116.471788 13016
39.917695 116.471804 13018
39.917697 116.471820 13020
39.917697 116.471821 13021
39.917697 116.471822 13022
39.917688 116.471820 13023
39.917565 116.471788 13036
39.917470 116.471787 13039
39.917302 116.471777 13043
39.917187 116.471793 13047
39.917158 116.471797 13048
39.917128 116.471798 13053
39.917113 116.471808 13057
39.917017 116.471750 13062
39.916937 116.471715 13067
39.916883 116.471727 13072
39.916880 116.471725 13073
39.916879 116.471724 13077
39.916877 116.471720 13096
39.916867 116.471717 13097
39.916856 116.471714 13098
39.916846 116.471711 13099
39.916835 116.471708 13100
39.916825 116.471705 13101
39.916725 116.471677 13106
39.916628 116.471637 13110
39.916510 116.471640 13114
39.916395 116.471549 13117
39.916318 116.471488 13119
39.916316 116.471474 13120
39.916315 116.471460 13121
39.916313 116.471446 13122
39.916310 116.471418 13124
39.916203 116.471435 13129
39.916098 116.471448 13134
39.916057 116.471472 13139
39.916033 116.471512 13144
39.915940 116.471542 13149
39.915878 116.471645 13154
39.915838 116.471663 13159
39.915831 116.471664 13161
39.915820 116.471665 13164
39.915816 116.471667 13166
39.915814 116.471669 13167
39.915812 116.471670 13168
39.915802 116.471677 13177
39.915737 116.471707 13181
39.915678 116.471733 13186
39.915660 116.471747 13188
39.915650 116.471753 13189
39.915632 116.471767 13191
39.915538 116.471762 13196
39.915456 116.471715 13200
39.915435 116.471703 13201
39.915430 116.471708 13205
39.915387 116.471740 13212
39.915357 116.471753 13214
39.915327 116.471765 13216
39.915277 116.471745 13217
39.915077 116.471663 13221
39.914953 116.471623 13226
39.914757 116.471630 13231
39.914755 116.471643 13232
