39.932426 116.461676 48498
39.932439 116.461921 48503
39.932356 116.462374 48508
39.932332 116.462764 48512
39.932326 116.462861 48513
39.932304 116.463391 48518
39.932304 116.463919 48523
39.932304 116.464460 48528
39.932281 116.465013 48533
39.932273 116.465653 48538
39.932277 116.465778 48539
39.932291 116.466278 48543
39.932290 116.466538 48545
39.932289 116.466928 48548
39.932290 116.467044 48549
39.932291 116.467161 48550
39.932291 116.467277 48551
39.932292 116.467394 48552
39.932293 116.467510 48553
39.932294 116.468073 48558
39.932295 116.468409 48561
39.932296 116.468633 48563
39.932288 116.469204 48568
39.932283 116.469313 48569
39.932268 116.469641 48572
39.932263 116.469750 48573
39.932266 116.469827 48574
39.932276 116.470135 48578
39.932267 116.470180 48579
39.932258 116.470225 48580
39.932253 116.470289 48595
39.932281 116.470458 48600
39.932266 116.470616 48605
39.932273 116.470632 48606
39.932286 116.470663 48608
39.932294 116.470695 48612
39.932296 116.470703 48613
39.932306 116.470949 48642
39.932303 116.471066 48644
39.932298 116.471241 48647
39.932278 116.471673 48652
39.932261 116.471990 48657
39.932156 116.472139 48662
39.931885 116.472163 48667
39.931438 116.472138 48672
39.931066 116.472136 48677
39.930654 116.472113 48682
39.930586 116.472112 48683
39.930450 116.472109 48685
39.930314 116.472106 48687
39.930248 116.472099 48688
39.930076 116.472108 48718
39.929886 116.472081 48723
39.929741 116.472086 48725
39.929669 116.472088 48726
39.929596 116.472091 48727
39.929524 116.472093 48728
39.929063 116.472068 48733
39.928570 116.472023 48738
39.928409 116.472004 48740
39.928227 116.471910 48755
39.928045 116.471815 48770
39.927978 116.471862 48773
39.927933 116.471893 48775
39.927851 116.471933 48780
39.927774 116.471959 48785
39.927731 116.471953 48788
39.927705 116.471966 48791
39.927697 116.471971 48792
39.927688 116.471975 48793
39.927662 116.471982 48795
39.927624 116.471993 48798
39.927563 116.472015 48802
39.927548 116.472021 48803
39.927537 116.472033 48804
39.927494 116.472081 48808
39.927489 116.472095 48809
39.927480 116.472124 48811
39.927475 116.472138 48812
39.927433 116.472163 48817
39.927415 116.472169 48818
39.927344 116.472191 48822
39.927285 116.472202 48825
39.927246 116.472210 48827
39.927216 116.472221 48829
39.927185 116.472232 48831
39.927170 116.472238 48832
39.927118 116.472253 48837
39.927105 116.472281 48839
39.927102 116.472283 48840
39.927096 116.472286 48842
39.927093 116.472288 48843
39.927090 116.472290 48844
39.927036 116.472363 48849
39.926988 116.472429 48854
39.926960 116.472496 48859
39.926926 116.472582 48863
39.926918 116.472603 48864
39.926908 116.472624 48865
39.926899 116.472645 48866
39.926870 116.472709 48869
39.926898 116.472753 48874
39.926898 116.472813 48879
39.926904 116.472881 48884
39.926938 116.472959 48889
39.926953 116.473031 48893
39.927000 116.473128 48898
39.927063 116.473216 48903
39.927066 116.473260 48906
39.927068 116.473289 48908
39.927080 116.473370 48912
39.927083 116.473390 48913
39.927078 116.473494 48918
39.927059 116.473558 48921
39.927046 116.473601 48923
39.927045 116.473691 48928
39.927049 116.473715 48929
39.927056 116.473763 48931
39.927059 116.473787 48932
39.927063 116.473811 48933
39.927095 116.473905 48938
39.927149 116.473981 48943
39.927171 116.474071 48947
39.927176 116.474093 48948
39.927133 116.474203 48953
39.927133 116.474223 48954
39.927090 116.474511 48972
39.927086 116.474538 48973
39.927069 116.474669 48983
39.927063 116.474763 48988
39.926823 116.474886 48993
39.926693 116.474918 48998
39.926593 116.474923 49003
39.926536 116.474905 49007
39.926468 116.474888 49012
39.926388 116.474896 49017
39.926299 116.474911 49022
39.926287 116.474910 49023
39.926275 116.474909 49024
39.926251 116.474907 49026
39.926239 116.474906 49027
39.926188 116.474871 49032
39.926108 116.474846 49037
39.926038 116.474843 49042
39.926026 116.474841 49043
39.926003 116.474837 49045
39.925980 116.474833 49047
39.925963 116.474833 49048
39.925930 116.474834 49050
39.925896 116.474834 49052
39.925853 116.474804 49057
39.925798 116.474788 49062
39.925706 116.474789 49067
39.925609 116.474789 49072
39.925551 116.474773 49077
39.925489 116.474740 49082
39.925420 116.474738 49087
39.925348 116.474749 49091
39.925328 116.474751 49093
