39.937902 116.347228 33917
39.937945 116.347233 33921
39.937975 116.347263 33924
39.938020 116.347343 33927
39.937875 116.347497 33930
39.938029 116.347492 33932
39.938106 116.347490 33933
39.938260 116.347485 33935
39.938610 116.347403 33939
39.938885 116.347278 33943
39.939137 116.347212 33947
39.939206 116.347209 33948
39.939275 116.347207 33949
39.939413 116.347202 33951
39.939618 116.347215 33955
39.939907 116.347200 33959
39.940095 116.347161 33962
39.940158 116.347148 33963
39.940342 116.347108 33967
39.940448 116.347042 33970
39.940368 116.346993 33973
39.940080 116.347507 33991
39.939932 116.347642 33995
39.939746 116.347803 33996
39.939560 116.347965 33997
39.939373 116.348126 33998
39.939187 116.348288 33999
39.939093 116.348422 34001
39.939045 116.348488 34002
39.938998 116.348555 34003
39.938989 116.348594 34004
39.938963 116.348712 34007
39.938944 116.348853 34010
39.938938 116.348900 34011
39.938948 116.349042 34015
39.938888 116.349220 34019
39.938912 116.349360 34023
39.938917 116.349474 34026
39.938918 116.349512 34027
39.938927 116.349675 34031
39.938943 116.349850 34035
39.938960 116.350050 34039
39.938957 116.350102 34040
39.938947 116.350260 34043
39.938928 116.350255 34044
39.938870 116.350240 34047
39.938632 116.350433 34051
39.938478 116.350327 34055
39.938452 116.350263 34056
39.938426 116.350200 34057
39.938399 116.350136 34058
39.938373 116.350073 34059
39.938302 116.350033 34061
39.938232 116.349993 34063
39.938205 116.349990 34064
39.938123 116.349982 34067
39.938325 116.349957 34072
39.938500 116.349937 34076
39.938522 116.349992 34077
39.938587 116.350155 34080
39.938632 116.350448 34084
39.938795 116.350462 34088
39.938870 116.350462 34090
39.938945 116.350462 34092
39.939298 116.350030 34096
39.939458 116.349980 34100
39.939526 116.349942 34102
39.939593 116.349905 34104
39.939712 116.349882 34108
39.939813 116.349895 34112
39.939967 116.349843 34116
39.940093 116.349823 34120
39.940146 116.349815 34122
39.940200 116.349807 34124
39.940305 116.349802 34128
39.940336 116.349808 34129
39.940399 116.349819 34131
39.940430 116.349825 34132
39.940463 116.349842 34133
39.940563 116.349893 34136
39.940723 116.349895 34140
39.940877 116.349935 34144
39.941010 116.349963 34148
39.941135 116.350005 34152
39.941267 116.350058 34156
39.941365 116.350108 34159
39.941397 116.350125 34160
39.941427 116.350151 34161
39.941457 116.350177 34162
39.941517 116.350228 34164
39.941545 116.350243 34165
39.941600 116.350273 34167
39.941628 116.350288 34168
39.941740 116.350320 34172
39.941850 116.350345 34176
39.941958 116.350347 34180
39.942027 116.350365 34182
39.942116 116.350340 34185
39.942175 116.350324 34187
39.942205 116.350315 34188
39.942590 116.350208 34201
39.942748 116.350230 34205
39.942902 116.350220 34209
39.942930 116.350224 34210
39.942985 116.350231 34212
39.943013 116.350235 34213
39.943167 116.350248 34217
39.943295 116.350297 34221
39.943423 116.350400 34225
39.943552 116.350513 34229
39.943662 116.350647 34233
39.943767 116.350743 34237
39.943788 116.350753 34238
39.943810 116.350763 34239
39.943853 116.350782 34241
39.943987 116.350678 34245
39.944087 116.350632 34248
39.944120 116.350617 34249
39.944222 116.350573 34253
39.944247 116.350568 34254
39.944323 116.350555 34257
39.944465 116.350437 34261
39.944597 116.350440 34265
39.944672 116.350592 34269
39.944707 116.350615 34271
39.944742 116.350638 34273
39.944880 116.350647 34277
39.945038 116.350627 34281
39.945192 116.350615 34285
39.945325 116.350588 34289
39.945447 116.350590 34293
39.945490 116.350611 34294
39.945533 116.350631 34295
39.945620 116.350672 34297
39.945705 116.350715 34299
39.945790 116.350758 34301
39.945942 116.350778 34305
39.946068 116.350773 34309
39.946185 116.350678 34313
39.946283 116.350685 34317
39.946386 116.350670 34320
39.946420 116.350665 34321
39.946515 116.350688 34325
39.946603 116.350695 34329
39.946703 116.350697 34333
39.946842 116.350697 34337
39.946983 116.350708 34341
39.947083 116.350687 34344
39.947117 116.350680 34345
39.947151 116.350786 34347
39.947168 116.350840 34348
39.947185 116.350893 34349
39.947227 116.350952 34351
39.947270 116.351010 34353
39.947408 116.350998 34357
39.947565 116.350938 34361
39.947728 116.350905 34365
39.947888 116.350847 34369
39.947917 116.350861 34370
39.947945 116.350875 34371
39.948002 116.350903 34373
39.948177 116.350768 34377
39.948262 116.350730 34379
39.948348 116.350693 34381
39.948490 116.350668 34385
39.948521 116.350657 34386
39.948612 116.350623 34389
39.948745 116.350567 34393
39.948902 116.350445 34397
39.948959 116.350420 34399
39.948987 116.350408 34400
39.949015 116.350395 34401
39.949110 116.350418 34405
39.949250 116.350365 34409
39.949283 116.350352 34410
39.949350 116.350325 34412
39.949383 116.350312 34413
39.949488 116.350307 34416
39.949523 116.350305 34417
39.949647 116.350350 34421
39.949823 116.350180 34425
39.949931 116.350130 34428
39.949967 116.350113 34429
39.950105 116.350052 34433
39.950238 116.349980 34437
39.950375 116.349917 34441
39.950507 116.349865 34445
39.950635 116.349822 34449
39.950763 116.349738 34453
39.950887 116.349687 34457
39.951000 116.349717 34461
39.951146 116.349714 34466
39.951380 116.349708 34474
39.951375 116.349758 34475
39.951369 116.349808 34476
39.951358 116.349907 34478
39.951361 116.349903 34481
39.951362 116.349901 34482
39.951363 116.349900 34483
39.951382 116.349884 34484
39.951457 116.349822 34488
39.951585 116.349595 34491
39.951627 116.349520 34492
39.951737 116.349472 34496
39.951755 116.349480 34497
39.951773 116.349489 34498
39.951808 116.349505 34500
39.951948 116.349517 34504
39.951999 116.349540 34505
39.952153 116.349607 34508
39.952302 116.349645 34512
