39.967944 116.412259 84624
39.967971 116.412068 84629
39.967986 116.411793 84634
39.967981 116.411678 84636
39.967973 116.411505 84639
39.967969 116.411456 84640
39.967955 116.411260 84644
39.967922 116.411067 84649
39.967928 116.410816 84654
39.967923 116.410701 84657
39.967920 116.410624 84659
39.967916 116.410508 84662
39.967915 116.410470 84663
39.967914 116.410431 84664
39.967956 116.410261 84669
39.967974 116.410151 84674
39.967962 116.410117 84678
39.967961 116.410090 84681
39.967960 116.410072 84683
39.967956 116.410066 84684
39.967952 116.410061 84685
39.967947 116.410055 84686
39.967939 116.410044 84688
39.967933 116.410078 84693
39.967937 116.410088 84694
39.967954 116.410129 84698
39.967963 116.410122 84701
39.967951 116.410125 84705
39.967964 116.410042 84710
39.967970 116.409932 84713
39.967974 116.409858 84715
39.967986 116.409847 84720
39.967994 116.409850 84724
39.968000 116.409852 84729
39.967996 116.409840 84734
39.967998 116.409819 84739
39.967939 116.409680 84743
39.967924 116.409645 84744
39.967862 116.409267 84748
39.967846 116.409173 84749
39.967835 116.408505 84754
39.967837 116.407899 84758
39.967838 116.407747 84759
39.967821 116.407168 84764
39.967824 116.406693 84769
39.967819 116.406123 84774
39.967814 116.406022 84775
39.967793 116.405618 84779
39.967763 116.405282 84784
39.967730 116.404967 84789
39.967721 116.404495 84794
39.967675 116.403914 84799
39.967669 116.403337 84804
39.967665 116.402725 84809
39.967640 116.402170 84813
39.967634 116.402031 84814
39.967634 116.401889 84815
39.967634 116.401747 84816
39.967635 116.401604 84817
39.967635 116.401320 84819
39.967628 116.400794 84823
39.967626 116.400662 84824
39.967611 116.400038 84829
39.967618 116.399419 84834
39.967586 116.398804 84839
39.967579 116.398148 84844
39.967564 116.397500 84849
39.967572 116.396915 84854
39.967559 116.396604 84857
39.967555 116.396500 84858
39.967551 116.396396 84859
39.967545 116.396293 84860
39.967521 116.395880 84864
39.967505 116.395410 84869
39.967505 116.395084 84873
39.967505 116.395002 84874
39.967560 116.394644 84879
39.967571 116.394592 84880
39.967602 116.394436 84883
39.967613 116.394384 84884
39.967664 116.394308 84889
39.967675 116.394296 84890
39.967717 116.394247 84894
39.967756 116.394183 84899
39.967760 116.394188 84903
39.967751 116.394191 84904
39.967717 116.394203 84908
39.967646 116.394238 84911
39.967598 116.394261 84913
39.967532 116.394015 84918
39.967526 116.393953 84919
39.967521 116.393891 84920
39.967504 116.393704 84923
39.967464 116.393315 84928
39.967420 116.393103 84931
39.967390 116.392961 84933
39.967277 116.392778 84938
39.967164 116.392570 84943
39.967106 116.392388 84946
39.967068 116.392267 84948
39.967048 116.392204 84949
39.967027 116.392141 84950
39.966966 116.391953 84953
39.966879 116.391604 84958
39.966802 116.391235 84963
39.966870 116.390498 84968
39.966902 116.390291 84969
39.966934 116.390083 84970
39.967030 116.389461 84973
39.967067 116.389153 84975
39.967122 116.388692 84978
39.967128 116.388132 84983
39.967122 116.387914 84985
39.967120 116.387805 84986
39.967114 116.387587 84988
39.967099 116.387100 84993
39.967105 116.386564 84998
39.967149 116.385839 85003
39.967144 116.385244 85008
39.967166 116.384692 85013
39.967162 116.384142 85018
39.967169 116.383606 85023
39.967211 116.383304 85027
39.967221 116.383228 85028
39.967259 116.383169 85031
39.967255 116.383170 85036
39.967244 116.383122 85041
39.967214 116.383048 85043
39.967168 116.382936 85046
39.967157 116.382863 85047
39.967146 116.382790 85048
39.967124 116.382645 85050
39.967113 116.382572 85051
39.967085 116.382149 85056
39.967099 116.381890 85060
39.967103 116.381825 85061
39.967063 116.381463 85066
39.967009 116.380991 85071
39.966956 116.380411 85076
39.966960 116.379881 85080
39.966961 116.379748 85081
39.966972 116.379072 85086
39.966979 116.378692 85089
39.966984 116.378438 85091
39.967000 116.377825 85096
39.967003 116.377723 85097
39.967015 116.377314 85101
39.967033 116.376960 85106
39.967062 116.376725 85111
39.967155 116.376535 85114
39.967186 116.376471 85115
39.967217 116.376408 85116
39.967381 116.375909 85121
39.967511 116.375374 85126
39.967655 116.375111 85129
39.967703 116.375023 85130
39.967751 116.374935 85131
39.968072 116.374761 85136
39.968462 116.374725 85141
39.968860 116.374792 85146
39.969157 116.374836 85151
39.969548 116.374933 85156
39.969804 116.374959 85159
39.969974 116.374977 85161
39.970447 116.375033 85166
39.970533 116.375045 85167
39.970875 116.375091 85171
39.971297 116.375190 85176
39.971723 116.375288 85181
39.972131 116.375351 85186
39.972369 116.375370 85189
39.972527 116.375382 85191
39.972819 116.375390 85196
39.972838 116.375387 85197
39.972912 116.375376 85201
39.972916 116.375390 85206
39.972911 116.375395 85208
39.972909 116.375398 85209
39.972907 116.375397 85210
39.972899 116.375394 85214
39.972913 116.375404 85217
39.972918 116.375408 85218
39.972923 116.375411 85219
