39.975348 116.353177 85743
39.975353 116.353131 85744
39.975359 116.353085 85745
39.975364 116.353039 85746
39.975361 116.352975 85747
39.975359 116.352911 85748
39.975356 116.352847 85749
39.975342 116.352616 85752
39.975338 116.352452 85754
39.975336 116.352370 85755
39.975334 116.352187 85757
39.975333 116.352095 85758
39.975315 116.351799 85761
39.975314 116.351512 85764
39.975304 116.351408 85765
39.975285 116.351199 85767
39.975263 116.350903 85770
39.975256 116.350798 85771
39.975250 116.350692 85772
39.975243 116.350587 85773
39.975241 116.350359 85775
39.975240 116.350245 85776
39.975246 116.350134 85777
39.975258 116.349911 85779
39.975256 116.349801 85780
39.975253 116.349581 85782
39.975273 116.349263 85785
39.975266 116.348948 85788
39.975269 116.348857 85789
39.975274 116.348676 85791
39.975290 116.348457 85794
39.975312 116.348352 85797
39.975308 116.348315 85800
39.975304 116.348316 85803
39.975310 116.348311 85806
39.975310 116.348311 85809
39.975311 116.348313 85813
39.975311 116.348316 85814
39.975311 116.348318 85815
39.975311 116.348326 85818
39.975311 116.348332 85821
39.975311 116.348336 85824
39.975311 116.348342 85827
39.975311 116.348348 85830
39.975311 116.348348 85831
39.975311 116.348349 85833
39.975312 116.348352 85834
39.975314 116.348357 85836
39.975315 116.348365 85839
39.975319 116.348372 85842
39.975321 116.348378 85845
39.975322 116.348379 85848
39.975322 116.348378 85849
39.975323 116.348375 85851
39.975323 116.348375 85852
39.975323 116.348374 85854
39.975322 116.348377 85857
39.975322 116.348378 85858
39.975321 116.348380 85860
39.975321 116.348381 85863
39.975321 116.348383 85866
39.975320 116.348384 85870
39.975303 116.348284 85875
39.975306 116.348095 85878
39.975301 116.348020 85879
39.975290 116.347869 85881
39.975266 116.347671 85884
39.975260 116.347541 85887
39.975265 116.347420 85889
39.975268 116.347359 85890
39.975275 116.347202 85892
39.975279 116.347124 85893
39.975276 116.346856 85896
39.975294 116.346647 85898
39.975303 116.346542 85899
39.975296 116.346233 85902
39.975301 116.346123 85903
39.975310 116.345903 85905
39.975313 116.345568 85908
39.975312 116.345228 85911
39.975310 116.345117 85912
39.975307 116.344895 85914
39.975328 116.344564 85917
39.975341 116.344351 85919
39.975348 116.344244 85920
39.975344 116.343938 85923
39.975355 116.343649 85926
39.975356 116.343556 85927
39.975358 116.343371 85929
39.975335 116.343072 85932
39.975340 116.342974 85933
39.975345 116.342876 85934
39.975350 116.342778 85935
39.975357 116.342593 85937
39.975360 116.342501 85938
39.975382 116.342314 85940
39.975393 116.342221 85941
39.975414 116.342024 85943
39.975424 116.341925 85944
39.975455 116.341718 85946
39.975471 116.341614 85947
39.975426 116.341219 85950
39.975422 116.341095 85951
39.975419 116.340972 85952
39.975415 116.340848 85953
39.975405 116.340633 85955
39.975400 116.340526 85956
39.975387 116.340324 85958
39.975381 116.340223 85959
39.975364 116.339995 85962
39.975351 116.339923 85965
39.975342 116.339917 85968
39.975342 116.339913 85970
39.975343 116.339909 85972
39.975346 116.339890 85977
39.975340 116.339858 85978
39.975329 116.339793 85980
39.975340 116.339682 85982
39.975345 116.339627 85983
39.975356 116.339566 85984
39.975379 116.339445 85986
39.975408 116.339235 85989
39.975420 116.339013 85992
39.975402 116.338746 85995
39.975394 116.338552 85998
39.975394 116.338499 85999
39.975393 116.338445 86000
39.975393 116.338392 86001
39.975393 116.338339 86004
39.975414 116.338340 86007
39.975414 116.338343 86010
39.975414 116.338346 86013
39.975414 116.338354 86016
39.975414 116.338361 86019
39.975415 116.338363 86022
39.975415 116.338361 86026
39.975427 116.338316 86031
39.975447 116.338217 86034
39.975431 116.338134 86036
39.975423 116.338093 86037
39.975419 116.338006 86038
39.975412 116.337833 86040
39.975426 116.337759 86041
39.975440 116.337684 86042
39.975454 116.337610 86043
39.975452 116.337324 86046
39.975448 116.336999 86049
39.975431 116.336748 86051
39.975423 116.336623 86052
39.975410 116.336380 86054
39.975404 116.336258 86055
39.975398 116.336129 86056
39.975391 116.335999 86057
39.975385 116.335870 86058
39.975369 116.335509 86061
39.975329 116.335110 86064
39.975317 116.334987 86065
39.975293 116.334741 86067
39.975294 116.334476 86069
39.975294 116.334343 86070
39.975305 116.334079 86072
39.975311 116.333947 86073
39.975325 116.333668 86075
39.975332 116.333529 86076
39.975340 116.333393 86077
39.975355 116.333122 86079
39.975366 116.333004 86080
39.975387 116.332768 86082
39.975393 116.332534 86084
39.975396 116.332417 86085
39.975427 116.332084 86088
39.975425 116.331861 86090
39.975424 116.331749 86091
39.975423 116.331427 86094
39.975423 116.331325 86095
39.975423 116.331122 86097
39.975435 116.330829 86100
39.975473 116.330540 86103
39.975601 116.330220 86106
39.975647 116.329987 86109
39.975699 116.329848 86112
39.975739 116.329794 86116
39.975730 116.329794 86120
39.975728 116.329794 86121
39.975727 116.329797 86122
39.975726 116.329802 86124
39.975703 116.329875 86127
39.975579 116.330049 86130
39.975547 116.330115 86133
39.975490 116.330167 86136
39.975439 116.330233 86139
39.975429 116.330284 86142
39.975447 116.330305 86145
39.975451 116.330306 86146
39.975460 116.330309 86148
39.975485 116.330303 86151
39.975511 116.330296 86153
39.975524 116.330292 86154
39.975543 116.330281 86157
39.975571 116.330260 86160
39.975604 116.330248 86163
39.975629 116.330236 86166
39.975677 116.330249 86169
39.975700 116.330244 86171
39.975712 116.330242 86172
39.975752 116.330230 86175
39.975771 116.330217 86178
39.975790 116.330207 86181
39.975818 116.330201 86184
39.975830 116.330201 86185
39.975843 116.330201 86186
39.975855 116.330201 86187
39.975897 116.330218 86190
39.975942 116.330225 86192
39.975964 116.330228 86193
39.975986 116.330238 86194
39.976008 116.330247 86195
39.976030 116.330257 86196
39.976101 116.330285 86199
39.976119 116.330271 86200
39.976155 116.330244 86202
39.976203 116.330229 86205
39.976189 116.330215 86208
39.976195 116.330182 86211
39.976229 116.330157 86214
39.976267 116.330173 86217
39.976273 116.330176 86218
39.976278 116.330178 86219
39.976284 116.330181 86220
39.976321 116.330173 86223
39.976353 116.330144 86225
39.976369 116.330129 86226
39.976379 116.330127 86227
39.976390 116.330126 86228
39.976400 116.330124 86229
39.976418 116.330117 86230
39.976435 116.330110 86231
39.976453 116.330103 86232
39.976475 116.330062 86235
39.976488 116.330019 86238
39.976499 116.330012 86239
39.976509 116.330004 86240
39.976520 116.329997 86241
39.976552 116.329984 86244
39.976637 116.330002 86247
39.976715 116.330021 86250
39.976760 116.330044 86253
39.976785 116.330049 86255
39.976797 116.330052 86256
39.976814 116.330070 86258
39.976822 116.330079 86259
39.976880 116.330063 86261
39.976909 116.330055 86262
39.976932 116.330053 86263
39.976956 116.330051 86264
39.976979 116.330049 86265
39.977043 116.330044 86268
39.977048 116.330056 86269
39.977059 116.330081 86271
39.977080 116.330086 86272
39.977121 116.330096 86274
39.977145 116.330121 86277
39.977172 116.330158 86280
39.977213 116.330208 86283
39.977225 116.330246 86286
39.977219 116.330274 86289
39.977221 116.330283 86290
39.977226 116.330302 86292
39.977233 116.330316 86293
39.977247 116.330344 86295
39.977246 116.330352 86296
39.977244 116.330369 86298
39.977232 116.330388 86301
39.977211 116.330398 86304
39.977186 116.330414 86305
39.977136 116.330446 86307
39.977083 116.330469 86309
39.977056 116.330480 86310
39.977013 116.330476 86313
39.977016 116.330534 86316
39.977022 116.330572 86319
39.977018 116.330583 86322
39.977032 116.330603 86324
39.977039 116.330613 86325
39.977033 116.330629 86329
39.977069 116.330625 86330
39.977140 116.330618 86332
39.977176 116.330615 86333
39.977212 116.330611 86334
39.977254 116.330613 86337
39.977277 116.330626 86340
39.977302 116.330629 86343
