39.996860 116.380722 7968
39.996758 116.380727 7991
39.996650 116.380734 7993
39.996488 116.380745 7996
39.995958 116.380783 8001
39.995410 116.380806 8005
39.995273 116.380812 8006
39.995002 116.380821 8008
39.994595 116.380835 8011
39.994326 116.380846 8013
39.993923 116.380862 8016
39.993242 116.380892 8021
39.992523 116.380942 8026
39.991707 116.380980 8031
39.990800 116.381022 8036
39.990042 116.381091 8040
39.989852 116.381108 8041
39.989222 116.381157 8044
39.988802 116.381190 8046
39.987742 116.381225 8051
39.987384 116.381230 8053
39.986848 116.381238 8056
39.986546 116.381243 8058
39.986093 116.381250 8061
39.985423 116.381290 8066
39.984798 116.381323 8071
39.984249 116.381367 8075
39.984112 116.381378 8076
39.983410 116.381415 8081
39.982643 116.381443 8086
39.981942 116.381483 8091
39.981302 116.381522 8096
39.980762 116.381542 8101
39.980155 116.381573 8106
39.979562 116.381595 8111
39.979155 116.381613 8115
39.978840 116.381612 8119
39.978468 116.381563 8124
39.977965 116.381597 8129
39.977503 116.381623 8134
39.977418 116.381627 8135
39.977333 116.381630 8136
39.977163 116.381637 8138
39.976865 116.381648 8142
39.976603 116.381652 8146
39.976454 116.381661 8148
39.976230 116.381675 8151
39.975882 116.381698 8155
39.975628 116.381695 8160
39.975605 116.381666 8164
39.975599 116.381659 8165
39.975587 116.381644 8167
39.975570 116.381622 8170
39.975551 116.381572 8172
39.975542 116.381547 8173
39.975533 116.381522 8174
39.975521 116.381316 8176
39.975503 116.381007 8179
39.975472 116.380228 8184
39.975468 116.379928 8186
39.975462 116.379477 8189
39.975442 116.378748 8194
39.975438 116.378350 8197
39.975435 116.378085 8199
39.975435 116.377313 8204
39.975435 116.376483 8209
39.975438 116.376353 8210
39.975448 116.375963 8213
39.975462 116.375715 8217
39.975473 116.375598 8316
39.975472 116.375534 8318
39.975472 116.375502 8319
39.975467 116.375380 8363
39.975430 116.375143 8367
39.975349 116.375037 8369
39.975268 116.374932 8371
39.975188 116.374911 8372
39.975108 116.374891 8373
39.975028 116.374870 8374
39.974948 116.374850 8375
39.974517 116.374807 8380
39.974165 116.374770 8384
39.973885 116.374728 8388
39.973787 116.374558 8392
39.973787 116.374487 8393
39.973787 116.374273 8396
39.973787 116.374204 8397
39.973785 116.373998 8400
39.973783 116.373702 8403
39.973782 116.373505 8405
39.973768 116.373090 8409
39.973742 116.372818 8413
39.973558 116.372720 8418
39.973113 116.372733 8423
39.972522 116.372753 8428
39.971857 116.372777 8433
39.971200 116.372793 8438
39.970653 116.372830 8443
39.970235 116.372830 8448
39.969805 116.372892 8453
39.969497 116.372917 8456
39.969292 116.372933 8458
39.968677 116.372928 8463
39.968195 116.372893 8468
39.968138 116.372887 8469
39.968025 116.372874 8471
39.967968 116.372868 8472
39.967842 116.372850 8475
39.967732 116.372832 8478
39.967699 116.372827 8479
39.967633 116.372817 8481
39.967533 116.372783 8492
39.967430 116.372635 8497
39.967418 116.372579 8498
39.967383 116.372412 8501
39.967351 116.372350 8502
39.967319 116.372287 8503
39.967287 116.372225 8504
39.967255 116.372163 8505
39.967117 116.371820 8509
39.967102 116.371770 8510
39.967042 116.371568 8514
39.967012 116.371462 8518
39.966977 116.371393 8521
39.966965 116.371370 8522
39.966943 116.371270 8527
39.966933 116.371170 8530
39.966928 116.371004 8534
39.966927 116.370962 8535
39.966935 116.370575 8539
39.966937 116.370478 8540
39.966875 116.369936 8544
39.966860 116.369800 8545
39.966845 116.368962 8550
39.966845 116.368326 8554
39.966845 116.368167 8555
39.966831 116.367564 8559
39.966827 116.367413 8560
39.966823 116.367271 8561
39.966816 116.366987 8563
39.966812 116.366845 8564
39.966808 116.366703 8565
