39.979810 116.447985 46083.000000
39.979770 116.448047 46085.000000
39.979735 116.448103 46087.000000
39.979707 116.448147 46089.000000
39.979690 116.448175 46091.000000
39.979683 116.448190 46093.000000
39.979678 116.448198 46095.000000
39.979678 116.448198 46098.000000
39.979678 116.448200 46100.000000
39.979632 116.448328 46105.000000
39.979612 116.448410 46107.000000
39.979590 116.448483 46109.000000
39.979572 116.448533 46111.000000
39.979555 116.448570 46113.000000
39.979550 116.448598 46115.000000
39.979580 116.448663 46117.000000
39.979673 116.448743 46119.000000
39.979723 116.448835 46121.000000
39.979770 116.448920 46123.000000
39.979813 116.448988 46125.000000
39.979853 116.449050 46127.000000
39.979892 116.449105 46129.000000
39.979938 116.449160 46131.000000
39.980015 116.449223 46133.000000
39.980115 116.449298 46135.000000
39.980227 116.449378 46137.000000
39.980347 116.449462 46139.000000
39.980477 116.449552 46141.000000
39.980613 116.449648 46143.000000
39.980755 116.449750 46145.000000
39.980905 116.449857 46147.000000
39.981065 116.449968 46149.000000
39.981227 116.450080 46151.000000
39.981382 116.450188 46153.000000
39.981538 116.450295 46155.000000
39.981693 116.450402 46157.000000
39.981823 116.450490 46159.000000
39.981917 116.450548 46161.000000
39.981990 116.450592 46163.000000
39.982067 116.450628 46165.000000
39.982177 116.450672 46167.000000
39.982327 116.450735 46169.000000
39.982503 116.450805 46171.000000
39.982700 116.450860 46173.000000
39.982915 116.450898 46175.000000
39.983142 116.450920 46177.000000
39.983370 116.450932 46179.000000
39.983602 116.450935 46181.000000
39.983837 116.450935 46183.000000
39.984060 116.450932 46185.000000
39.984268 116.450925 46187.000000
39.984467 116.450917 46189.000000
39.984655 116.450908 46191.000000
39.984827 116.450902 46193.000000
39.984992 116.450893 46195.000000
39.985147 116.450883 46197.000000
39.985292 116.450872 46199.000000
39.985432 116.450858 46201.000000
39.985568 116.450855 46203.000000
39.985705 116.450862 46205.000000
39.985843 116.450867 46207.000000
39.985985 116.450870 46209.000000
39.986127 116.450872 46211.000000
39.986263 116.450873 46213.000000
39.986395 116.450873 46215.000000
39.986520 116.450870 46217.000000
39.986635 116.450873 46219.000000
39.986722 116.450880 46221.000000
39.986788 116.450885 46223.000000
39.986852 116.450892 46225.000000
39.986915 116.450895 46227.000000
39.986980 116.450895 46229.000000
39.987058 116.450898 46231.000000
39.987132 116.450913 46233.000000
39.987193 116.450950 46235.000000
39.987247 116.450995 46237.000000
39.987302 116.451052 46239.000000
39.987363 116.451112 46241.000000
39.987425 116.451163 46243.000000
39.987487 116.451215 46245.000000
39.987543 116.451300 46247.000000
39.987585 116.451430 46249.000000
39.987607 116.451585 46251.000000
39.987628 116.451745 46253.000000
39.987650 116.451915 46255.000000
39.987670 116.452080 46257.000000
39.987692 116.452233 46259.000000
39.987707 116.452362 46261.000000
39.987720 116.452465 46263.000000
39.987737 116.452555 46265.000000
39.987757 116.452648 46267.000000
39.987785 116.452737 46269.000000
39.987833 116.452783 46271.000000
39.987877 116.452782 46273.000000
39.987913 116.452772 46275.000000
39.987973 116.452770 46277.000000
39.988047 116.452763 46279.000000
39.988128 116.452748 46281.000000
39.988212 116.452725 46283.000000
39.988275 116.452703 46285.000000
39.988325 116.452675 46287.000000
39.988382 116.452658 46289.000000
39.988445 116.452655 46291.000000
39.988505 116.452635 46293.000000
39.988553 116.452572 46295.000000
39.988538 116.452482 46297.000000
39.988538 116.452403 46299.000000
39.988552 116.452325 46301.000000
39.988583 116.452248 46303.000000
39.988613 116.452182 46305.000000
39.988615 116.452107 46307.000000
39.988592 116.452017 46309.000000
39.988580 116.451935 46311.000000
39.988555 116.451845 46313.000000
39.988543 116.451762 46315.000000
39.988562 116.451702 46317.000000
39.988562 116.451675 46319.000000
39.988560 116.451678 46321.000000
39.988560 116.451678 46326.000000
39.988567 116.451683 46331.000000
