39.975490 116.331868
39.975591 116.331837
39.975323 116.331919
39.975411 116.331892
39.975459 116.331877
39.975472 116.331873
39.975444 116.331882
39.975445 116.331882
0.000000 0.000000
0.000000 0.000000
0.000000 0.000000
0.000000 0.000000
0.000000 0.000000
0.000000 0.000000
0.000000 0.000000
39.975141 116.331974
39.975141 116.331974
39.975141 116.331974
39.975141 116.331974
39.975141 116.331974
39.975141 116.331974
39.975141 116.331974
39.975123 116.332017
39.975088 116.332102
39.975055 116.332181
39.975022 116.332260
39.974991 116.332337
39.974971 116.332384
39.974939 116.332461
39.974919 116.332511
39.974889 116.332583
39.974863 116.332645
39.974825 116.332736
39.975207 116.333653
39.975212 116.333653
39.975222 116.333652
39.975222 116.333652
39.975195 116.333654
39.975158 116.333656
39.975163 116.333656
39.975172 116.333838
39.975169 116.333838
39.975167 116.333953
39.975161 116.333953
39.975312 116.334241
39.975282 116.334331
39.975257 116.334408
39.975232 116.334484
39.975200 116.334580
39.975169 116.334674
39.975151 116.334729
39.975124 116.334813
39.975096 116.334897
39.975167 116.335028
39.975155 116.335033
39.975034 116.335087
39.975370 116.334938
39.975370 116.334938
39.975034 116.335087
39.975070 116.335071
0.000000 0.000000
0.000000 0.000000
0.000000 0.000000
39.975206 116.336547
39.975194 116.336548
39.975200 116.336548
39.975198 116.336548
39.975191 116.336548
39.975170 116.336549
39.975154 116.336549
39.975120 116.336550
39.975103 116.336551
39.975091 116.336551
39.975067 116.336552
39.975052 116.336553
39.975037 116.336553
39.975039 116.336553
0.000000 0.000000
0.000000 0.000000
0.000000 0.000000
0.000000 0.000000
39.975174 116.338069
39.975178 116.338068
39.975438 116.338039
39.975438 116.338039
39.975438 116.338039
39.975438 116.338039
39.975255 116.338060
39.975287 116.338056
39.975305 116.338054
39.975445 116.338158
39.975450 116.338242
39.975296 116.338418
39.975297 116.338417
39.975287 116.338419
39.975353 116.338607
39.975332 116.338651
39.975303 116.338711
39.975272 116.338774
39.975239 116.338842
39.975212 116.338898
39.975182 116.338958
39.975158 116.339009
39.975134 116.339058
39.975154 116.339015
39.975163 116.338997
39.975171 116.338982
39.975196 116.338930
39.975200 116.338921
39.975204 116.338913
39.976041 116.339104
39.976041 116.339104
39.976041 116.339104
39.976041 116.339104
39.976041 116.339104
39.976041 116.339104
39.976058 116.339130
39.976151 116.339272
39.976151 116.339272
39.976305 116.339366
39.976305 116.339378
39.976385 116.339402
39.976385 116.339455
39.976475 116.339488
39.976475 116.339532
39.976544 116.339560
39.976544 116.339541
39.976544 116.339541
39.976544 116.339552
39.976544 116.339549
39.976544 116.339538
39.976544 116.339521
39.976544 116.339509
39.976544 116.339526
39.976544 116.339576
0.000000 0.000000
0.000000 0.000000
0.000000 0.000000
0.000000 0.000000
0.000000 0.000000
0.000000 0.000000
0.000000 0.000000
0.000000 0.000000
0.000000 0.000000
0.000000 0.000000
0.000000 0.000000
0.000000 0.000000
0.000000 0.000000
0.000000 0.000000
0.000000 0.000000
0.000000 0.000000
0.000000 0.000000
0.000000 0.000000
0.000000 0.000000
0.000000 0.000000
0.000000 0.000000
0.000000 0.000000
0.000000 0.000000
0.000000 0.000000
0.000000 0.000000
0.000000 0.000000
0.000000 0.000000
0.000000 0.000000
0.000000 0.000000
0.000000 0.000000
0.000000 0.000000
0.000000 0.000000
0.000000 0.000000
0.000000 0.000000
0.000000 0.000000
0.000000 0.000000
0.000000 0.000000
0.000000 0.000000
0.000000 0.000000
0.000000 0.000000
0.000000 0.000000
0.000000 0.000000
39.979577 116.338768
39.979578 116.338785
39.979578 116.338777
39.979578 116.338787
39.979578 116.338794
39.979578 116.338779
39.979577 116.338728
39.979577 116.338671
39.979576 116.338601
39.979576 116.338525
39.979575 116.338432
39.979743 116.338299
39.979728 116.338290
39.979734 116.338294
39.979768 116.338315
39.979818 116.338347
39.979860 116.338374
39.979909 116.338405
39.979941 116.338425
39.979991 116.338457
39.980031 116.338482
39.980075 116.338510
39.980118 116.338538
39.980155 116.338561
39.980194 116.338586
39.980238 116.338613
0.000000 0.000000
0.000000 0.000000
0.000000 0.000000
0.000000 0.000000
0.000000 0.000000
0.000000 0.000000
0.000000 0.000000
0.000000 0.000000
0.000000 0.000000
0.000000 0.000000
0.000000 0.000000
0.000000 0.000000
0.000000 0.000000
0.000000 0.000000
0.000000 0.000000
0.000000 0.000000
0.000000 0.000000
0.000000 0.000000
0.000000 0.000000
0.000000 0.000000
0.000000 0.000000
0.000000 0.000000
0.000000 0.000000
0.000000 0.000000
0.000000 0.000000
0.000000 0.000000
0.000000 0.000000
0.000000 0.000000
0.000000 0.000000
0.000000 0.000000
0.000000 0.000000
0.000000 0.000000
0.000000 0.000000
0.000000 0.000000
0.000000 0.000000
0.000000 0.000000
0.000000 0.000000
0.000000 0.000000
0.000000 0.000000
0.000000 0.000000
39.981121 116.342777
39.981121 116.342709
39.981120 116.342468
0.000000 0.000000
0.000000 0.000000
0.000000 0.000000
0.000000 0.000000
39.982247 116.341386
0.000000 0.000000
0.000000 0.000000
0.000000 0.000000
0.000000 0.000000
0.000000 0.000000
0.000000 0.000000
0.000000 0.000000
0.000000 0.000000
0.000000 0.000000
0.000000 0.000000
0.000000 0.000000
0.000000 0.000000
0.000000 0.000000
0.000000 0.000000
0.000000 0.000000
0.000000 0.000000
0.000000 0.000000
0.000000 0.000000
0.000000 0.000000
0.000000 0.000000
0.000000 0.000000
0.000000 0.000000
0.000000 0.000000
0.000000 0.000000
0.000000 0.000000
0.000000 0.000000
0.000000 0.000000
39.980494 116.338776
39.980494 116.338776
39.980494 116.338776
39.980494 116.338776
39.980494 116.338776
39.980494 116.338776
39.980494 116.338776
39.980494 116.338776
39.980494 116.338776
39.980494 116.338776
39.980494 116.338776
39.980494 116.338776
39.980494 116.338776
0.000000 0.000000
0.000000 0.000000
0.000000 0.000000
0.000000 0.000000
0.000000 0.000000
0.000000 0.000000
0.000000 0.000000
0.000000 0.000000
0.000000 0.000000
0.000000 0.000000
0.000000 0.000000
0.000000 0.000000
0.000000 0.000000
0.000000 0.000000
0.000000 0.000000
0.000000 0.000000
0.000000 0.000000
0.000000 0.000000
0.000000 0.000000
0.000000 0.000000
0.000000 0.000000
0.000000 0.000000
0.000000 0.000000
0.000000 0.000000
0.000000 0.000000
0.000000 0.000000
0.000000 0.000000
0.000000 0.000000
0.000000 0.000000
0.000000 0.000000
0.000000 0.000000
0.000000 0.000000
0.000000 0.000000
0.000000 0.000000
0.000000 0.000000
0.000000 0.000000
0.000000 0.000000
0.000000 0.000000
0.000000 0.000000
0.000000 0.000000
0.000000 0.000000
0.000000 0.000000
0.000000 0.000000
0.000000 0.000000
0.000000 0.000000
0.000000 0.000000
0.000000 0.000000
0.000000 0.000000
0.000000 0.000000
0.000000 0.000000
0.000000 0.000000
0.000000 0.000000
0.000000 0.000000
0.000000 0.000000
0.000000 0.000000
0.000000 0.000000
0.000000 0.000000
0.000000 0.000000
0.000000 0.000000
0.000000 0.000000
0.000000 0.000000
0.000000 0.000000
0.000000 0.000000
0.000000 0.000000
0.000000 0.000000
0.000000 0.000000
0.000000 0.000000
0.000000 0.000000
0.000000 0.000000
0.000000 0.000000
0.000000 0.000000
39.982837 116.338558
0.000000 0.000000
0.000000 0.000000
0.000000 0.000000
0.000000 0.000000
0.000000 0.000000
0.000000 0.000000
0.000000 0.000000
0.000000 0.000000
0.000000 0.000000
0.000000 0.000000
0.000000 0.000000
0.000000 0.000000
0.000000 0.000000
0.000000 0.000000
0.000000 0.000000
0.000000 0.000000
0.000000 0.000000
0.000000 0.000000
0.000000 0.000000
0.000000 0.000000
0.000000 0.000000
0.000000 0.000000
0.000000 0.000000
0.000000 0.000000
0.000000 0.000000
0.000000 0.000000
0.000000 0.000000
0.000000 0.000000
0.000000 0.000000
0.000000 0.000000
0.000000 0.000000
0.000000 0.000000
0.000000 0.000000
0.000000 0.000000
0.000000 0.000000
0.000000 0.000000
0.000000 0.000000
0.000000 0.000000
0.000000 0.000000
0.000000 0.000000
0.000000 0.000000
0.000000 0.000000
0.000000 0.000000
0.000000 0.000000
0.000000 0.000000
0.000000 0.000000
0.000000 0.000000
0.000000 0.000000
0.000000 0.000000
0.000000 0.000000
0.000000 0.000000
0.000000 0.000000
0.000000 0.000000
0.000000 0.000000
0.000000 0.000000
0.000000 0.000000
0.000000 0.000000
39.980122 116.338540
39.980141 116.337488
39.980091 116.337501
39.979983 116.338452
39.979931 116.338419
39.979879 116.338385
39.979827 116.338353
39.979791 116.338330
39.979771 116.338317
39.979801 116.338336
39.979832 116.338356
39.979867 116.338378
39.979895 116.338396
39.979929 116.338418
39.979967 116.338441
39.979577 116.338659
39.979916 116.338409
39.979577 116.338731
39.979577 116.338722
39.979577 116.338719
39.979577 116.338728
39.979578 116.338797
39.979578 116.338826
39.979578 116.338854
39.979578 116.338881
39.979578 116.338891
39.979578 116.338902
39.979578 116.338898
0.000000 0.000000
0.000000 0.000000
0.000000 0.000000
0.000000 0.000000
0.000000 0.000000
0.000000 0.000000
0.000000 0.000000
0.000000 0.000000
0.000000 0.000000
0.000000 0.000000
0.000000 0.000000
0.000000 0.000000
0.000000 0.000000
0.000000 0.000000
0.000000 0.000000
0.000000 0.000000
0.000000 0.000000
0.000000 0.000000
0.000000 0.000000
0.000000 0.000000
0.000000 0.000000
0.000000 0.000000
0.000000 0.000000
0.000000 0.000000
0.000000 0.000000
0.000000 0.000000
0.000000 0.000000
0.000000 0.000000
0.000000 0.000000
0.000000 0.000000
0.000000 0.000000
0.000000 0.000000
0.000000 0.000000
0.000000 0.000000
0.000000 0.000000
0.000000 0.000000
0.000000 0.000000
0.000000 0.000000
0.000000 0.000000
0.000000 0.000000
39.976544 116.339447
39.976544 116.339450
39.976544 116.339450
39.976544 116.339418
39.976544 116.339363
39.976544 116.339319
39.976544 116.339308
39.976543 116.339265
39.976543 116.339252
39.976476 116.339245
39.976386 116.339245
39.976386 116.339259
39.976305 116.339263
39.976151 116.339272
39.976151 116.339256
39.976123 116.339230
39.976094 116.339185
39.976057 116.339129
39.976041 116.339104
39.976041 116.339104
39.976041 116.339104
39.976041 116.339104
39.976041 116.339104
39.975216 116.338890
39.975184 116.338955
39.975162 116.339000
39.975136 116.339053
39.975112 116.339103
39.975098 116.339131
39.975118 116.339090
39.975142 116.339041
39.975150 116.339023
39.975155 116.339013
39.975184 116.338955
39.975218 116.338884
39.975241 116.338838
39.975269 116.338780
39.975291 116.338734
39.975136 116.338445
39.975148 116.338443
39.975181 116.338437
39.975193 116.338435
39.975448 116.338205
39.975218 116.338064
39.975257 116.338059
39.975267 116.338058
39.975279 116.338057
39.975438 116.338039
39.975438 116.338039
39.975438 116.338039
39.975438 116.338039
39.975438 116.338039
0.000000 0.000000
0.000000 0.000000
0.000000 0.000000
0.000000 0.000000
0.000000 0.000000
39.975237 116.336546
39.975251 116.336546
39.975257 116.336546
39.975257 116.336546
39.975262 116.336545
39.975270 116.336545
39.975265 116.336545
39.975266 116.336545
39.975265 116.336545
39.975264 116.336545
39.975261 116.336545
39.975261 116.336545
39.975261 116.336545
39.975261 116.336545
39.975262 116.336545
39.975261 116.336545
0.000000 0.000000
0.000000 0.000000
0.000000 0.000000
0.000000 0.000000
0.000000 0.000000
39.975034 116.335087
39.975370 116.334938
39.975370 116.334938
39.975370 116.334938
39.975370 116.334938
39.975370 116.334938
39.975219 116.335005
39.975234 116.334998
39.975249 116.334991
39.975265 116.334985
39.975138 116.334770
39.975156 116.334716
39.975174 116.334659
39.975193 116.334602
39.975211 116.334547
39.975232 116.334484
39.975249 116.334431
39.975267 116.334378
39.975298 116.334282
39.975314 116.334233
39.975357 116.334096
39.975247 116.333958
39.975216 116.333956
39.975182 116.333838
39.975204 116.333837
39.975223 116.333652
39.975244 116.333651
39.975242 116.333651
39.975240 116.333651
39.975238 116.333652
39.975233 116.333652
39.975241 116.333651
39.975251 116.333651
0.000000 0.000000
39.974869 116.332630
39.974899 116.332558
39.974933 116.332476
39.974965 116.332398
39.974998 116.332320
39.975028 116.332246
39.975056 116.332179
39.975085 116.332110
39.975106 116.332058
39.975138 116.331980
39.975141 116.331974
39.975141 116.331974
39.975141 116.331974
39.975141 116.331974
39.975141 116.331974
39.975141 116.331974
39.975141 116.331974
39.975391 116.331898
39.975418 116.331890
0.000000 0.000000
0.000000 0.000000
0.000000 0.000000
0.000000 0.000000
0.000000 0.000000
0.000000 0.000000
0.000000 0.000000
0.000000 0.000000
0.000000 0.000000
0.000000 0.000000
0.000000 0.000000
0.000000 0.000000
0.000000 0.000000
0.000000 0.000000
0.000000 0.000000
0.000000 0.000000
0.000000 0.000000
0.000000 0.000000
0.000000 0.000000
0.000000 0.000000
39.976425 116.330643
39.976425 116.330643
39.976281 116.330834
0.000000 0.000000
0.000000 0.000000
0.000000 0.000000
0.000000 0.000000
0.000000 0.000000
0.000000 0.000000
0.000000 0.000000
