219733
219733
219733
219733
219733
218360
218360
218360
219729
0
218360
219729
219729
219729
219729
219729
203911
203911
203911
203915
203911
219737
202456
202450
207509
215210
218369
202465
200373
201207
218534
221594
210051
0
0
198289
198289
198289
196934
196934
0
200619
0
0
216846
210179
210189
210177
207728
219872
219870
0
220905
220911
207738
207744
206315
213429
213429
219929
213443
213421
0
0
206650
198957
0
213769
213769
0
213797
213795
206692
0
0
0
214001
0
0
218674
201482
0
0
0
0
0
0
235626
235658
235634
235636
235625
245865
245865
245867
0
228971
227521
227523
0
0
0
0
244610
244616
0
229057
229057
229055
238895
238874
229059
0
0
0
223573
224741
0
239032
239032
229051
0
0
229276
226856
229310
229310
229310
229320
0
239112
239116
0
0
0
0
229507
248146
0
226876
0
226888
234436
234438
226495
234445
246234
246234
247589
247589
246232
246232
247770
247770
0
0
0
0
0
0
0
0
0
0
0
0
0
0
0
0
0
0
0
0
0
0
0
0
0
0
0
0
0
0
0
0
0
0
242970
224411
239811
239829
239829
239823
242993
242999
242995
239821
239797
239821
0
239821
239797
239797
239821
239831
239821
