218360
218360
219733
219731
0
218360
218360
219729
219729
219729
219729
203919
203911
203911
203911
203915
203911
219735
202456
202456
202456
201236
215210
200302
200302
202460
201209
201191
218534
221594
0
0
198289
198289
198289
196934
202622
200619
0
216846
210185
210193
210191
207728
0
218590
219872
0
220905
220917
207738
206329
213423
213429
219929
219929
213443
213421
0
0
206665
206659
198953
0
0
213769
213769
0
0
216952
213799
196928
206692
206690
0
0
0
0
214001
214001
0
0
0
0
201482
0
0
0
0
0
0
0
0
235626
235626
235626
235626
235659
235636
235636
235625
245865
245865
245865
245865
229548
0
228971
227521
0
0
0
0
243970
244611
244616
0
0
229057
229055
238895
238896
229059
229059
0
224274
224740
224741
0
239032
239032
231168
0
229270
229268
244202
229310
229310
229310
229306
234391
239112
239114
0
0
229426
229426
242026
229507
0
248146
248150
226876
226888
226890
234436
234442
244881
246234
246234
246234
247589
247589
246232
242964
247770
0
0
0
0
0
0
0
0
0
0
0
0
0
0
0
0
0
0
0
0
0
0
0
0
0
0
0
0
0
0
0
0
0
0
0
0
0
0
0
0
0
0
0
0
0
0
0
0
242970
242970
239801
0
239829
239827
239827
0
239827
239827
239823
239823
242993
242999
242995
239821
239821
239797
239797
0
239797
239797
239797
239797
239797
