39.988958 116.301525
39.988958 116.301525
39.988958 116.301525
39.988958 116.301525
39.988958 116.301525
39.988958 116.301525
39.988958 116.301525
39.988958 116.301525
39.988958 116.301525
39.988958 116.301525
39.988958 116.301525
39.988958 116.301525
39.989016 116.302563
39.989016 116.302563
39.989016 116.302563
39.989016 116.302563
39.989016 116.302563
39.989016 116.302563
39.989016 116.302563
39.989016 116.302563
39.989016 116.302563
39.989016 116.302563
39.989016 116.302564
39.989017 116.302580
39.989020 116.302615
39.989023 116.302640
39.989025 116.302669
39.989028 116.302702
39.989031 116.302741
39.989033 116.302765
39.989037 116.302804
39.989039 116.302827
39.989041 116.302850
39.989043 116.302881
39.989046 116.302907
39.989048 116.302936
39.989212 116.303181
39.989052 116.302977
39.989212 116.303181
39.989212 116.303181
39.989212 116.303181
39.989212 116.303181
39.989212 116.303181
39.989234 116.303199
39.989263 116.303222
39.989283 116.303238
39.989293 116.303246
39.989306 116.303256
39.989322 116.303269
39.989340 116.303283
39.989357 116.303297
39.989236 116.303402
39.989241 116.303446
39.989245 116.303488
39.989250 116.303528
39.989253 116.303563
39.989257 116.303593
39.989261 116.303628
39.989263 116.303655
39.989266 116.303683
39.989269 116.303709
39.989272 116.303735
39.989275 116.303759
39.989279 116.303798
39.989282 116.303826
39.989284 116.303843
39.989287 116.303872
39.989290 116.303902
39.989293 116.303931
39.989297 116.303961
39.989300 116.303989
39.989303 116.304018
39.989306 116.304052
39.989310 116.304087
39.989313 116.304115
39.989316 116.304143
39.989318 116.304160
39.989321 116.304188
39.989324 116.304216
39.989327 116.304243
39.989331 116.304276
39.989333 116.304301
39.989337 116.304333
39.989341 116.304375
39.989348 116.304420
39.989355 116.304463
39.989362 116.304503
39.989457 116.304562
39.989460 116.304560
39.989444 116.304571
39.989427 116.304583
39.989419 116.304589
39.989430 116.304581
39.989390 116.304662
39.989394 116.304691
39.989400 116.304723
39.989406 116.304764
39.989413 116.304805
39.989405 116.304855
39.989397 116.304856
39.989403 116.304855
39.989421 116.304852
39.989421 116.304852
39.989421 116.304852
39.989466 116.305134
39.989468 116.305134
39.989463 116.305135
39.989435 116.305139
39.989419 116.305141
39.989379 116.305147
39.989349 116.305152
39.989311 116.305158
39.989301 116.305159
39.989286 116.305161
39.989263 116.305165
39.989240 116.305168
39.989222 116.305171
39.989208 116.305173
39.989192 116.305176
39.989215 116.305172
39.989206 116.305173
39.989201 116.305174
39.989192 116.305176
39.989169 116.305179
39.989093 116.305191
39.989060 116.305195
39.989019 116.305202
39.988980 116.305208
39.988914 116.305218
39.988884 116.305222
39.988865 116.305225
39.988864 116.305225
39.988879 116.305223
39.988875 116.305223
39.988881 116.305222
39.988864 116.305225
39.988851 116.305227
39.988834 116.305230
39.988852 116.305227
39.988872 116.305224
39.988877 116.305223
39.988892 116.305221
39.988888 116.305221
39.988899 116.305220
39.988868 116.305225
39.988875 116.305223
39.988862 116.305225
39.988852 116.305227
0.000000 0.000000
39.988908 116.306426
39.988913 116.306426
39.988693 116.306419
39.988875 116.306425
39.988693 116.306419
39.988842 116.306424
39.988693 116.306419
39.988693 116.306419
39.988693 116.306419
39.988693 116.306419
39.988693 116.306419
39.988892 116.306426
39.988693 116.306419
39.988940 116.306427
39.988948 116.306427
39.988954 116.306428
39.988941 116.306427
39.988930 116.306427
39.988948 116.306427
39.988953 116.306428
39.988978 116.306428
39.989000 116.306429
39.989004 116.306429
39.988952 116.306428
39.988938 116.306427
39.988916 116.306426
39.988881 116.306425
39.988864 116.306425
39.988832 116.306424
39.988699 116.306588
39.988701 116.306630
39.988702 116.306656
39.988703 116.306675
39.988704 116.306699
39.988705 116.306732
39.988707 116.306780
39.988708 116.306806
39.988709 116.306828
39.988710 116.306864
39.988711 116.306894
39.988713 116.306935
39.988714 116.306969
39.988716 116.307008
39.988717 116.307042
39.988718 116.307079
39.988720 116.307121
39.988721 116.307158
39.988723 116.307189
39.988760 116.307254
39.988771 116.307263
39.988787 116.307277
39.988805 116.307292
39.988822 116.307306
39.988831 116.307415
39.988843 116.307403
39.988845 116.307401
39.988841 116.307405
39.988833 116.307413
39.988822 116.307425
39.988816 116.307431
39.988884 116.307358
39.988884 116.307358
39.988884 116.307358
39.988884 116.307358
39.988884 116.307358
39.988724 116.307224
39.988724 116.307224
39.988746 116.307507
39.988732 116.307522
39.988928 116.307370
39.988738 116.307515
39.988962 116.307378
39.988798 116.307450
39.989132 116.307423
39.989200 116.307441
39.989261 116.307457
39.989284 116.307463
39.989334 116.307476
39.989350 116.307480
39.989364 116.307484
39.989394 116.307492
39.989417 116.307497
39.989415 116.307497
39.989428 116.307500
39.989963 116.307640
39.989919 116.307629
39.989925 116.307631
39.989932 116.307632
39.989948 116.307637
39.989961 116.307640
39.989963 116.307640
39.990000 116.307650
39.990016 116.307654
39.990039 116.307660
39.990020 116.307655
39.989981 116.307645
0.000000 0.000000
0.000000 0.000000
0.000000 0.000000
0.000000 0.000000
0.000000 0.000000
0.000000 0.000000
0.000000 0.000000
0.000000 0.000000
0.000000 0.000000
0.000000 0.000000
0.000000 0.000000
0.000000 0.000000
