0.000000 0.000000
0.000000 0.000000
0.000000 0.000000
0.000000 0.000000
0.000000 0.000000
0.000000 0.000000
0.000000 0.000000
0.000000 0.000000
0.000000 0.000000
0.000000 0.000000
0.000000 0.000000
0.000000 0.000000
0.000000 0.000000
0.000000 0.000000
0.000000 0.000000
0.000000 0.000000
39.988200 116.305043
39.988223 116.305039
39.988223 116.305039
39.988210 116.305041
39.988216 116.305040
39.988222 116.305040
39.988225 116.305039
39.988246 116.305036
39.988250 116.305035
39.988238 116.305037
39.988241 116.305037
39.988249 116.305035
39.988242 116.305036
39.988232 116.305038
39.988197 116.305043
39.988191 116.305044
39.988189 116.305045
39.988200 116.305043
39.988198 116.305043
39.988196 116.305044
39.988189 116.305045
39.988191 116.305044
39.988228 116.305321
39.988228 116.305321
39.988238 116.305320
39.988252 116.305318
39.988259 116.305317
39.988256 116.305317
39.988254 116.305317
39.988237 116.305320
39.988212 116.305324
39.988192 116.305327
39.988160 116.305331
39.988150 116.305333
39.988147 116.305333
39.988143 116.305334
39.988141 116.305334
39.988133 116.305336
39.988141 116.305334
39.988147 116.305333
39.988153 116.305332
39.988145 116.305334
39.988144 116.305334
39.988147 116.305333
39.988143 116.305334
39.988155 116.305332
39.988232 116.306440
39.988239 116.306440
39.988263 116.306439
39.988286 116.306438
39.988297 116.306437
39.988292 116.306438
39.988292 116.306438
39.988304 116.306437
39.988315 116.306437
39.988324 116.306436
39.988327 116.306436
39.988693 116.306419
39.988347 116.306435
39.988693 116.306419
39.988693 116.306419
39.988693 116.306419
39.988693 116.306419
39.988346 116.306435
39.988342 116.306435
39.988340 116.306435
39.988330 116.306436
39.988340 116.306435
39.988334 116.306436
39.988326 116.306436
39.988314 116.306437
39.988298 116.306437
39.988296 116.306438
39.988307 116.306437
39.988318 116.306436
39.988699 116.306584
39.988701 116.306622
39.988297 116.306437
39.988280 116.306438
