214402
0
0
0
0
0
0
214399
214399
214399
214399
214399
214399
214399
214399
214399
214399
214399
214399
214399
214399
214399
0
214399
214399
214190
206808
206808
214184
220059
220061
201506
214453
0
0
214461
0
0
0
207867
207867
201683
201681
197903
207934
207934
0
0
0
0
0
0
202728
206871
202728
202728
218731
196516
196516
206853
206853
196711
196623
197919
197919
214327
214327
214327
217150
207599
215978
0
215982
215986
199681
199686
202563
0
0
0
0
199950
201314
199943
201323
0
0
0
0
202910
0
0
0
220239
212830
0
208372
216522
0
202983
208416
208416
0
0
208420
208420
0
204815
204812
201733
203005
203005
212904
212910
212904
212910
212906
212906
203002
203002
203002
0
0
208320
0
0
209051
209050
212738
212740
0
0
202929
202931
202931
0
204662
204662
204656
198479
198479
212697
204599
212701
212701
212705
212711
212711
0
0
212711
0
204573
216429
204573
220215
204577
204585
204581
202860
0
0
0
0
0
0
0
200614
200614
198649
198457
0
204517
202858
221381
0
0
0
0
0
0
0
0
0
0
0
0
0
0
0
0
0
0
0
0
0
0
0
0
0
0
0
0
0
0
0
0
203638
203638
203634
203634
0
0
0
0
200885
0
0
0
0
0
0
0
212462
212462
212462
212462
0
212462
212462
212462
212462
0
0
207345
0
0
0
0
209520
209520
0
0
0
0
0
0
0
0
0
0
0
0
0
190468
190468
193774
193774
190297
190297
0
0
0
190115
190115
190115
190115
190115
190115
190115
190115
195314
195314
195314
195314
195314
195314
195314
195314
195314
195314
195314
195314
0
0
0
0
195314
195314
0
191641
191641
191647
0
196097
196107
196105
0
196101
196101
196101
196101
196101
196101
196101
0
196101
196101
196101
0
0
192465
0
190506
0
0
192033
0
0
0
0
0
0
0
0
0
0
0
0
189945
0
0
191385
189778
189887
189920
189787
189787
189920
189920
189981
189920
191391
0
0
0
0
0
192013
192013
192013
192013
0
192013
192013
192013
192013
192013
192013
0
0
0
0
0
0
0
193069
189277
193093
193097
193095
195627
196026
191328
191328
192046
192046
192056
194316
194316
0
0
0
0
0
0
0
0
0
193050
193050
0
0
0
0
0
192041
192043
195617
192041
0
0
0
0
195617
192043
192043
192043
192043
192043
192043
192045
195617
