39.999612 116.327118
39.999613 116.327080
39.999613 116.327080
39.999614 116.327058
39.999613 116.327080
39.999616 116.326980
39.999446 116.327067
39.999400 116.327063
39.999622 116.326787
39.999625 116.326690
39.999187 116.327046
39.999076 116.327037
39.998992 116.327031
39.998877 116.327022
39.998786 116.327014
39.998690 116.327007
39.998591 116.326999
39.998485 116.326991
39.998378 116.326982
39.998249 116.326972
39.998151 116.326964
39.998054 116.326834
39.998028 116.326658
39.998072 116.326958
39.997651 116.327212
39.997532 116.327230
39.997411 116.327249
39.997278 116.327270
39.997150 116.327290
39.997017 116.327311
39.996896 116.327330
39.996766 116.327350
39.996632 116.327371
39.996073 116.326861
39.996064 116.326794
39.996000 116.326317
39.996000 116.326317
39.996055 116.326723
39.996053 116.326712
39.995825 116.326352
39.995687 116.326379
39.995565 116.326403
39.995424 116.326431
39.995312 116.326453
39.995192 116.326477
39.995081 116.326499
39.994968 116.326521
39.994845 116.326545
39.994746 116.326565
39.994746 116.326565
39.994746 116.326565
39.994746 116.326565
0.000000 0.000000
0.000000 0.000000
0.000000 0.000000
0.000000 0.000000
0.000000 0.000000
0.000000 0.000000
39.993301 116.326443
39.993301 116.326443
39.993301 116.326443
39.993301 116.326443
39.993263 116.326445
39.993058 116.327033
39.992995 116.326975
39.992931 116.326916
39.992835 116.326880
39.992678 116.326943
39.992607 116.326967
39.992508 116.326969
39.992336 116.327278
39.992229 116.327275
39.992134 116.327272
39.992029 116.327269
39.991945 116.327266
39.991866 116.327263
39.991765 116.327260
39.991672 116.327257
39.991606 116.327255
39.991536 116.327253
39.991472 116.327251
39.991435 116.327250
39.991450 116.327250
39.991487 116.327251
39.991470 116.327251
0.000000 0.000000
39.990997 116.328104
39.990996 116.328267
39.990996 116.328346
39.990995 116.328419
39.990995 116.328487
39.990995 116.328487
0.000000 0.000000
0.000000 0.000000
0.000000 0.000000
0.000000 0.000000
0.000000 0.000000
0.000000 0.000000
0.000000 0.000000
0.000000 0.000000
0.000000 0.000000
0.000000 0.000000
0.000000 0.000000
0.000000 0.000000
0.000000 0.000000
0.000000 0.000000
0.000000 0.000000
0.000000 0.000000
39.991680 116.331217
39.991654 116.331229
39.991606 116.331253
39.991537 116.331286
39.991435 116.331335
39.991417 116.331344
39.991391 116.331357
39.991387 116.331358
0.000000 0.000000
0.000000 0.000000
39.991543 116.332848
39.991549 116.333004
39.991549 116.333004
39.991526 116.332849
39.991529 116.333005
39.991552 116.333110
39.991556 116.333235
39.991561 116.333367
39.991239 116.333018
39.991154 116.333022
39.991015 116.333029
39.990914 116.333034
39.990766 116.333041
39.990694 116.333044
39.990598 116.333048
0.000000 0.000000
0.000000 0.000000
39.990481 116.333054
39.990435 116.333056
0.000000 0.000000
0.000000 0.000000
0.000000 0.000000
0.000000 0.000000
0.000000 0.000000
0.000000 0.000000
0.000000 0.000000
39.990274 116.333064
39.990205 116.333067
39.990123 116.333071
39.990076 116.333073
39.990029 116.333075
39.990006 116.333076
39.989966 116.333078
0.000000 0.000000
0.000000 0.000000
0.000000 0.000000
0.000000 0.000000
0.000000 0.000000
0.000000 0.000000
0.000000 0.000000
0.000000 0.000000
0.000000 0.000000
0.000000 0.000000
0.000000 0.000000
0.000000 0.000000
0.000000 0.000000
0.000000 0.000000
0.000000 0.000000
0.000000 0.000000
0.000000 0.000000
0.000000 0.000000
0.000000 0.000000
0.000000 0.000000
0.000000 0.000000
0.000000 0.000000
0.000000 0.000000
0.000000 0.000000
0.000000 0.000000
0.000000 0.000000
0.000000 0.000000
0.000000 0.000000
0.000000 0.000000
0.000000 0.000000
0.000000 0.000000
0.000000 0.000000
0.000000 0.000000
0.000000 0.000000
0.000000 0.000000
0.000000 0.000000
0.000000 0.000000
0.000000 0.000000
0.000000 0.000000
0.000000 0.000000
0.000000 0.000000
0.000000 0.000000
0.000000 0.000000
0.000000 0.000000
0.000000 0.000000
0.000000 0.000000
0.000000 0.000000
0.000000 0.000000
0.000000 0.000000
0.000000 0.000000
0.000000 0.000000
0.000000 0.000000
0.000000 0.000000
0.000000 0.000000
0.000000 0.000000
0.000000 0.000000
0.000000 0.000000
0.000000 0.000000
0.000000 0.000000
0.000000 0.000000
0.000000 0.000000
0.000000 0.000000
0.000000 0.000000
0.000000 0.000000
0.000000 0.000000
0.000000 0.000000
0.000000 0.000000
0.000000 0.000000
0.000000 0.000000
0.000000 0.000000
0.000000 0.000000
0.000000 0.000000
39.989713 116.334786
39.989713 116.334786
39.989727 116.334783
39.989747 116.334779
39.989817 116.334765
39.989939 116.334741
39.990116 116.334706
39.990224 116.334685
39.990359 116.334662
39.990536 116.334633
39.990669 116.334611
39.990774 116.334593
39.990834 116.334583
39.990846 116.334581
39.990874 116.334577
39.990889 116.334574
39.990933 116.334567
39.990949 116.334564
39.990947 116.334565
39.990949 116.334564
39.990955 116.334563
39.990957 116.334563
39.990956 116.334563
39.990959 116.334563
39.990959 116.334563
39.990960 116.334563
39.991049 116.334548
39.991135 116.334533
39.991211 116.334521
39.991300 116.334506
39.991393 116.334491
39.991589 116.334256
39.991586 116.334174
39.991584 116.334113
39.991580 116.333988
39.991576 116.333843
39.991571 116.333688
39.991565 116.333514
39.991561 116.333369
39.991555 116.333206
39.991681 116.333027
39.991654 116.332842
39.991669 116.332841
39.991549 116.333004
39.991549 116.333004
39.991631 116.332844
0.000000 0.000000
0.000000 0.000000
0.000000 0.000000
39.991433 116.331336
39.991438 116.331334
39.991464 116.331321
39.991494 116.331307
39.991584 116.331263
39.991660 116.331226
39.991682 116.331215
39.991700 116.331207
0.000000 0.000000
0.000000 0.000000
0.000000 0.000000
0.000000 0.000000
39.991786 116.329353
39.991786 116.329353
39.991786 116.329353
39.991786 116.329353
39.991786 116.329353
39.991786 116.329353
39.991786 116.329353
0.000000 0.000000
0.000000 0.000000
0.000000 0.000000
0.000000 0.000000
0.000000 0.000000
0.000000 0.000000
0.000000 0.000000
39.991551 116.327253
39.991550 116.327253
39.991541 116.327253
39.991552 116.327253
39.991542 116.327253
39.991564 116.327254
39.991582 116.327254
39.991611 116.327255
39.991681 116.327258
39.991785 116.327261
39.991841 116.327263
39.991920 116.327265
39.992019 116.327268
39.992112 116.327271
39.992175 116.327273
39.992280 116.327276
39.992504 116.326860
39.992505 116.326895
39.992605 116.326903
39.992737 116.326883
39.992893 116.326973
39.992947 116.326931
39.992999 116.326979
39.993044 116.327020
39.993252 116.326445
39.993301 116.326443
39.993301 116.326443
39.993301 116.326443
0.000000 0.000000
0.000000 0.000000
0.000000 0.000000
0.000000 0.000000
0.000000 0.000000
0.000000 0.000000
0.000000 0.000000
0.000000 0.000000
0.000000 0.000000
0.000000 0.000000
0.000000 0.000000
0.000000 0.000000
0.000000 0.000000
0.000000 0.000000
39.994746 116.326565
39.994746 116.326565
39.994746 116.326565
39.994780 116.326558
39.994908 116.326533
39.995016 116.326512
39.995108 116.326493
39.995157 116.326484
39.995242 116.326467
39.995366 116.326442
39.995505 116.326415
39.995640 116.326388
39.995762 116.326364
39.995865 116.326344
39.996047 116.326665
39.996059 116.326756
39.996065 116.326803
39.996066 116.326806
39.996068 116.326821
0.000000 0.000000
0.000000 0.000000
0.000000 0.000000
0.000000 0.000000
0.000000 0.000000
39.997442 116.327244
39.997565 116.327225
39.997677 116.327208
39.998072 116.326958
39.998072 116.326958
39.998072 116.326958
39.998170 116.326966
39.998313 116.326977
39.998441 116.326987
39.998597 116.326999
39.998741 116.327011
39.998881 116.327022
39.999008 116.327032
39.999126 116.327041
39.999223 116.327049
39.999303 116.327055
39.999410 116.327064
39.999519 116.327072
39.999612 116.327100
39.999613 116.327080
39.999613 116.327080
39.999606 116.327302
39.999603 116.327372
39.999613 116.327080
39.999613 116.327080
39.999613 116.327080
39.999613 116.327080
39.999613 116.327080
39.999606 116.327305
39.999613 116.327080
39.999606 116.327289
39.999606 116.327279
39.999607 116.327268
39.999607 116.327262
39.999607 116.327262
39.999607 116.327263
39.999606 116.327279
39.999613 116.327080
39.999613 116.327080
39.999613 116.327080
39.999613 116.327080
39.999613 116.327080
39.999613 116.327080
0.000000 0.000000
0.000000 0.000000
0.000000 0.000000
0.000000 0.000000
0.000000 0.000000
