0
0
298084
298084
296104
298088
298086
298086
298086
298086
0
0
0
0
0
0
0
0
0
0
0
0
0
287589
289056
287589
287589
289056
289056
289056
289056
289172
289172
289172
301349
301349
301349
301349
301349
0
0
287593
287593
287593
287593
287593
0
0
0
0
298170
298170
298170
298170
298170
288424
288424
288424
302546
302546
292183
292183
292183
292183
0
298174
298174
298177
298177
298177
298179
298179
298179
298179
298179
0
0
0
0
0
0
0
0
0
0
0
300656
300656
300656
300656
298187
298187
292211
292211
290463
0
300664
300664
300664
300664
300662
300662
300662
0
0
300668
300668
300668
300670
300670
300670
296380
296380
296380
296380
301441
301441
301441
301441
301441
301441
301441
301441
301445
301445
301445
301445
301451
301451
301451
301451
301451
289029
289029
289029
288992
289029
0
292413
292413
292413
292413
292411
292411
292411
292411
292411
292411
292411
292411
296368
296368
296368
296368
0
0
0
0
0
296362
296362
292427
296362
296362
296364
296364
296364
296364
292431
296364
296364
0
292433
294967
292433
294967
294967
294967
294967
294967
294967
294967
294967
294811
294967
294811
0
0
0
0
0
210079
210079
210079
210079
210081
210085
210085
210085
210085
210085
210085
210085
218549
218549
218551
218551
218551
218551
218551
218551
218551
203681
203681
203681
203681
203685
203685
203685
203685
216241
202363
210120
210122
210120
210120
210117
210118
210118
210118
210118
203695
203695
207339
201654
199638
207634
207634
207634
207634
207636
207636
207636
207636
207636
207636
207636
207636
207636
207636
221344
221344
217174
221344
221344
221344
221344
221344
0
221344
221344
221344
221344
217174
217174
217174
218758
218758
218758
218758
0
0
0
0
0
0
0
0
0
0
0
0
0
0
0
0
0
0
0
0
0
0
0
0
0
0
0
0
0
0
0
0
0
0
0
0
0
0
0
0
0
0
0
0
0
152614
152614
152614
152614
152614
152614
152614
152614
152614
142770
142770
142770
142770
142770
142770
142770
142770
142770
0
0
0
0
0
0
0
0
0
0
0
0
0
0
0
0
0
0
0
0
0
0
0
0
0
0
0
0
0
0
0
0
0
0
0
0
0
0
0
0
162352
162352
162352
162352
162352
162352
162352
162352
162352
162352
162352
140917
162352
162352
140917
162352
162352
162352
162352
162352
162350
141145
141145
140916
140916
140916
140916
140916
140916
140916
140916
140916
140916
140916
140916
140916
149432
149432
149432
149432
149432
149432
149432
149432
149432
149432
149432
149432
149432
149432
149432
149432
149434
149434
149434
149434
149434
149434
149434
149434
149434
149434
149434
149434
149434
149434
149434
149434
149434
149434
149434
149434
149434
149434
149434
149434
149434
0
149434
158200
0
149434
158200
158200
149434
158200
149434
158200
0
149434
149434
149434
149434
149434
0
149434
149434
149434
149434
149434
149434
158200
158238
149434
149434
149434
149434
149434
149434
149434
0
149434
149434
149434
149434
149434
149434
149434
149434
149434
0
149434
149434
149434
0
149434
149434
149434
149434
149434
149436
149436
149434
149434
149434
0
149434
149434
149434
149434
149434
0
149434
149434
149434
149434
149434
0
149434
149434
149434
149434
149434
149434
149434
149434
0
149434
149434
149434
149434
149434
149434
149434
149434
149434
0
149434
149434
149434
149434
0
149434
149434
149434
149434
149434
149434
0
149434
149434
149434
149434
149434
149434
0
0
149434
149434
149434
149434
149434
0
149434
149434
149434
149434
149434
0
149434
149434
149434
0
149434
149434
149434
149434
0
149434
149434
149434
149434
149434
149434
149434
149434
149434
149434
149434
149434
0
149434
149434
149434
149434
149434
0
149434
149434
149434
149434
149434
149434
149434
149434
149434
149434
149434
149434
149434
0
149434
149434
149434
0
149434
149434
149434
149434
149434
149434
0
149434
149434
149434
148527
149434
0
149434
149434
149434
148527
149434
0
149434
149434
149434
149434
149434
149434
149434
149434
149434
149434
149434
149434
149434
0
149434
149434
149434
149434
149434
149434
149434
149434
0
149434
149434
149434
149434
149434
149434
149434
149434
149434
149434
149434
0
149434
149434
149434
149434
149434
149434
0
149434
149434
149434
149434
149434
149434
149434
149434
149434
0
149434
149434
149434
149434
149434
149434
0
149434
149434
149434
0
149434
149434
149434
0
149434
149434
149434
149434
149434
149434
149434
149434
149434
149434
149434
149434
149434
149434
149434
149434
149434
149434
149434
149434
149434
149434
149434
149434
149434
149434
149434
149434
149434
149434
149434
149434
149434
149434
149434
149434
149434
149434
149434
149434
149434
149434
149440
139827
139827
139827
139827
149434
149434
149434
149434
149434
149434
149434
149434
149434
149434
149434
149434
149434
149434
149434
149434
149434
149434
149434
149434
149434
149434
149434
149434
149434
149434
149434
149434
149434
149434
149434
149434
149434
149434
149434
149434
149434
149434
149434
149434
149434
149434
149434
149434
149434
149434
149434
149434
0
149434
149434
149434
149434
149434
149434
149434
149434
149434
149434
149434
149434
149434
0
149434
149434
149434
149434
149434
149434
149434
149434
149434
149434
149434
149434
149434
149434
149434
149434
149434
149434
149434
149434
149434
149434
149434
149434
149434
149434
149434
149434
149434
149434
149434
149434
149434
149434
0
149434
149434
149434
0
149434
149434
149434
149434
149434
149434
149434
149434
149434
149434
149434
149434
149434
149434
149434
149434
149434
149434
149434
0
149434
149434
149434
149434
149434
149434
149434
149434
149434
149434
149434
149434
149434
149434
149434
149434
149434
149434
149434
0
149434
149434
149434
149434
149434
149434
149434
149434
149434
0
149434
149434
149434
149434
149434
0
149434
149434
149434
0
149434
149434
149434
149434
0
149434
149434
0
149434
149434
149434
149434
149434
149434
149434
149434
149434
149434
149434
149434
149434
0
0
149434
0
149434
149434
0
149434
149434
149434
149434
149434
149434
149434
0
149434
149434
149434
149434
149434
0
149434
149434
149434
149434
149434
149434
149434
149434
149434
149434
149434
149434
149434
149434
0
149434
149434
149434
149434
149434
149434
149434
149434
0
149434
149434
149434
149434
149434
149434
149434
149434
149434
0
149434
149434
149434
149434
149434
149434
149434
0
149434
149434
149434
149434
149434
149434
149434
149434
149434
149434
149434
149434
149434
149434
149434
0
149434
149434
149434
149434
149434
149434
0
149434
149434
149434
149434
149434
149434
149434
149434
0
149434
149434
149434
149434
149434
149434
149434
0
149434
149434
149434
149434
149434
149434
149434
0
149434
149434
149434
0
149434
149434
149434
149434
0
149434
149434
149434
149434
149434
149434
149434
149434
149434
0
149434
149434
0
149434
149434
149434
149434
149434
149434
0
149434
149434
149434
149434
0
149434
149434
0
149434
149434
149434
149434
149434
0
149434
149434
149434
149434
149434
0
149434
149434
149434
149434
149434
149434
149434
149434
0
149434
149434
149434
149434
149434
149434
149434
0
149434
149434
149434
0
149434
149434
149434
149434
149434
149434
149434
149434
149434
149434
149434
149434
149434
149434
149434
0
149434
149434
0
149434
149434
149434
149434
149434
149434
149434
149434
149434
149434
149434
149434
149434
149434
0
149434
149434
149434
0
149434
149434
149434
149434
149434
158200
149434
149434
149434
149434
149434
149434
149480
149480
149480
149434
149434
149434
149434
0
149434
149434
149434
149434
149434
149434
149434
149434
149434
149434
149434
149434
0
149434
149434
149434
0
149434
149434
149434
149434
149434
0
149434
149434
0
149434
149434
149434
149434
149434
149434
149434
149434
149434
149434
149434
0
149434
149434
149434
0
149434
149434
149434
149434
149434
0
149434
162357
149432
149436
149434
149434
149434
149434
149434
149434
149434
149434
0
149434
149434
149434
149434
149434
149434
149434
149434
149434
149434
149434
149434
149434
149434
0
149434
149434
149434
149434
0
149434
149434
149434
149434
0
149434
149434
149434
149434
149434
149434
149434
149434
149434
149434
149434
149434
149434
149434
0
149434
149434
149434
149434
149434
149434
149434
149434
149434
149434
149434
149432
149432
149432
149432
149432
149432
149432
149432
149432
149432
149432
149432
149432
149432
149432
149432
149432
149432
149432
149432
149432
149432
149432
149432
149432
149432
149432
149432
149432
149432
149432
149432
140916
140916
140916
140916
140916
140916
140916
140916
140916
140916
140916
140916
140916
140916
140916
140916
141147
141147
141147
141147
141147
140918
140917
140917
140917
140917
155141
0
140917
140917
140917
140917
140917
140917
140917
140917
140917
140917
140917
140917
140917
140917
140917
140917
140917
162352
162352
162352
162352
162352
162352
162352
162352
162352
162352
162352
162352
0
0
162352
162352
0
162352
0
0
162352
0
162352
162352
0
162352
0
162352
162352
162352
162352
162352
162352
162352
0
0
0
0
0
0
0
0
0
0
0
0
0
0
0
0
0
0
0
0
0
0
0
0
0
0
0
0
0
0
0
0
0
0
0
0
142770
142770
142770
142770
142770
142770
142770
152614
152614
152614
152614
152614
152614
152614
0
0
0
0
0
0
0
0
0
0
0
0
0
0
0
0
0
0
0
0
0
0
0
0
0
0
0
0
0
0
0
0
0
0
0
0
0
0
0
0
0
0
0
0
0
0
0
0
0
0
0
0
0
0
143504
143504
143504
143504
143504
143504
143504
143504
143504
143504
143504
143504
143504
143504
143504
143504
143504
143504
143504
143504
143504
143504
143504
143504
143504
0
0
0
0
0
0
0
0
0
0
0
0
0
0
0
0
217174
217174
217174
217174
217174
217174
221344
221344
221344
221344
0
221344
0
221344
221344
221344
221344
221344
221344
221344
221344
221344
221344
221344
221344
221344
221344
221344
221344
221344
0
0
221344
221344
221344
221344
221344
221344
221344
221344
221344
221344
221344
0
221344
217174
217174
217174
217174
217174
217174
217174
0
217174
217174
217174
218758
218758
218758
218758
214415
214411
214411
214411
214411
214411
199095
199492
199492
199492
199492
199492
199492
218744
218744
218742
220105
220105
220105
220105
220105
220105
201484
201484
201484
201484
201484
201484
201484
199072
199072
0
0
0
0
201414
201414
210199
201414
201414
0
0
0
0
210195
210195
210195
210195
210195
210189
210189
210189
210189
210189
198290
198290
198292
198292
199030
199627
199627
199627
0
0
0
0
0
0
210165
210165
210165
210165
210165
210157
210157
210151
210159
210155
210155
207660
207658
207658
207656
207656
207656
207656
0
0
0
0
0
207636
207636
207636
207636
207636
207636
207636
207636
207636
207636
0
207636
207636
207636
207636
207636
207636
207636
207636
0
207636
207636
207636
207636
207636
207636
207636
207636
0
0
207636
207636
207636
207636
207636
207636
207636
207636
207636
207636
207636
207636
207636
0
0
0
0
0
0
0
0
0
0
0
210135
210135
210135
210135
210135
210135
210135
210135
210135
210135
210135
210135
210135
210135
0
0
0
0
0
0
0
0
0
0
0
0
0
0
0
198002
198002
198002
198002
198002
198002
198002
206413
218488
218488
218494
218496
218494
218494
218494
218494
218494
218494
218494
218494
218494
218494
218494
218492
218494
218494
218494
218494
0
0
0
0
0
0
0
0
206107
206107
206107
206107
206107
206107
206107
206107
206107
206107
206107
206107
206107
206107
206107
0
206107
206107
206107
206107
206107
206091
206091
206091
206091
206091
206091
206091
206091
206091
206091
206091
206091
206091
206091
206107
206107
206107
206091
206091
206091
206091
0
206091
0
206091
206091
206091
206091
206091
206091
206091
206091
206091
0
206091
206091
206091
206091
206091
206091
206091
0
206091
206091
0
206091
206091
206091
206091
206091
206091
206091
206091
206091
206091
206091
206091
206091
0
206091
206091
206091
206091
206091
206091
206091
0
206091
206091
206091
206091
206091
206091
206091
206107
0
206091
206091
206091
206091
206091
206105
206105
206105
206105
206105
206105
206105
206105
206105
206105
206105
206105
0
206105
206105
206091
206091
206107
206091
206091
206091
206105
206105
206105
0
206105
206107
206107
206107
206107
206107
206107
206107
206107
206107
206107
206107
206107
206107
0
206107
206107
206091
206107
206091
206107
0
206091
206107
206107
206091
0
206091
206107
206091
206107
206091
206091
206091
206091
206091
206091
206091
206091
206091
206091
206107
0
206091
206091
206107
206091
206091
0
206107
206107
206091
206107
206091
206091
0
206091
206091
206091
206091
206091
206091
0
206091
206091
206107
206107
206107
206107
206107
206107
206107
206107
206107
206107
206107
206107
206107
206091
206091
206107
206107
206107
206107
206107
206107
206107
206107
206107
206107
206107
0
0
0
0
0
0
0
0
0
218492
218492
218492
218492
218494
218494
218492
218494
218492
218494
218494
218494
218494
218494
218494
218494
218494
218494
218494
218494
218494
218494
218494
218488
218488
218488
218488
206413
206413
198002
198002
198002
198002
198002
198002
198002
0
198002
198002
198002
0
0
0
0
0
0
0
0
0
0
0
0
0
0
0
0
206145
201393
201393
201393
201393
201393
201393
201393
219837
219837
219837
219837
219837
0
219837
201393
201393
201393
219837
219837
219837
219837
0
0
0
0
0
0
216051
216051
216051
216051
216051
216051
216051
216051
216051
0
0
0
0
196914
207648
207648
196914
196914
207648
207648
207648
207648
207648
207648
207648
207648
207648
0
207648
0
0
0
216055
216055
216057
216057
216055
216055
216055
216055
210022
216055
216055
216055
204028
204026
204026
204026
210008
210008
210008
210008
210008
0
209996
209996
209996
209996
0
210000
209996
209996
210004
209996
201173
201173
198021
201229
201229
201229
200795
200795
200795
200795
200795
200795
0
0
0
0
0
0
0
0
0
0
203998
203998
203998
207549
203998
203998
203998
203998
203998
203998
203998
203992
203994
203994
203986
203986
203986
203986
203986
203986
203986
203986
203986
203986
203986
203986
203986
203978
203986
0
203986
203986
203986
203986
203978
203978
203966
203966
203966
203966
203966
203966
203966
203966
203966
203939
203964
203939
203941
203941
203950
203950
203941
203941
203950
0
0
0
0
0
0
0
0
0
0
0
0
0
0
215240
215240
215240
215240
215240
215240
201165
201165
201165
201165
201165
0
201165
201165
201165
201165
201165
0
201165
201165
215238
215238
215238
215238
215238
215238
0
0
0
0
0
0
0
0
0
0
0
220841
220841
220841
220841
220841
220841
220841
0
220841
220841
220841
220841
220841
198038
198038
198038
198038
198038
198038
0
0
0
0
0
0
0
0
0
0
0
0
0
0
0
0
0
0
0
0
0
0
0
0
0
0
0
0
0
0
0
0
0
0
0
0
0
0
0
0
0
0
0
0
0
0
0
0
0
0
0
0
0
0
0
0
0
0
0
0
0
0
0
0
0
0
0
0
0
0
0
0
0
0
0
0
0
0
0
0
0
0
0
0
0
0
0
0
0
0
0
0
0
0
0
0
0
0
0
0
0
0
0
0
0
0
0
0
0
0
0
0
0
0
0
0
0
0
0
0
0
0
0
0
0
0
0
0
0
0
0
0
0
0
0
0
0
0
0
0
0
0
0
0
0
0
0
0
0
0
0
0
0
0
0
0
0
0
0
0
0
0
0
0
297887
297887
297887
297887
297887
297887
297887
297887
0
0
0
0
0
0
0
0
0
0
0
0
0
0
0
0
0
0
0
0
297891
297891
297891
297891
297891
289142
302541
289436
289436
289436
289436
289436
288695
288695
288695
288695
288695
288695
288695
0
0
0
0
0
0
0
0
0
0
0
0
0
0
0
0
0
0
0
0
0
0
0
0
0
0
0
0
0
0
0
0
0
0
0
0
0
0
0
0
0
0
0
0
0
0
0
0
0
0
0
0
0
0
0
287629
287629
287629
287629
287629
287629
287629
287629
293414
293414
293414
293414
293414
293414
287625
287625
287625
287625
287625
287625
287625
287625
289459
289459
289459
289459
289459
289459
289459
289459
289459
289459
289459
289459
289459
289459
289459
289459
289459
289459
289459
289459
289459
289459
289459
289459
289459
289459
289459
289459
289459
289459
289459
289459
289459
289459
289459
289459
289459
289459
289459
289459
289459
289459
0
289459
289459
289459
