39.980909 116.327799
39.980908 116.327894
39.980908 116.327898
39.980908 116.327863
39.980909 116.327782
39.980909 116.327712
39.980909 116.327728
39.980909 116.327797
39.980908 116.327861
39.980907 116.327919
39.980907 116.327983
39.980906 116.328079
0.000000 0.000000
0.000000 0.000000
39.981442 116.327529
0.000000 0.000000
0.000000 0.000000
0.000000 0.000000
0.000000 0.000000
0.000000 0.000000
39.981494 116.327526
39.981494 116.327526
39.981494 116.327526
39.981494 116.327526
0.000000 0.000000
39.981494 116.327526
39.981412 116.327531
39.981494 116.327526
39.981410 116.327531
39.981371 116.327533
39.981323 116.327536
0.000000 0.000000
39.981327 116.327536
39.981494 116.327526
39.981421 116.327530
39.981538 116.327523
0.000000 0.000000
39.981353 116.327534
39.980906 116.328064
39.980909 116.328146
39.980911 116.328209
39.980912 116.328242
39.980914 116.328308
39.980913 116.328298
39.980913 116.328291
39.980912 116.328257
39.980915 116.328342
39.980915 116.328356
39.980915 116.328335
39.980912 116.328263
39.980909 116.328153
39.980576 116.327642
39.980525 116.327654
39.980451 116.327672
39.980395 116.327686
39.980283 116.327713
39.980133 116.327732
39.980024 116.327745
39.979943 116.327756
39.979905 116.327760
39.979881 116.327763
39.979912 116.327759
39.979895 116.327762
0.000000 0.000000
0.000000 0.000000
0.000000 0.000000
0.000000 0.000000
0.000000 0.000000
0.000000 0.000000
39.979345 116.327830
0.000000 0.000000
0.000000 0.000000
0.000000 0.000000
0.000000 0.000000
0.000000 0.000000
0.000000 0.000000
0.000000 0.000000
0.000000 0.000000
0.000000 0.000000
0.000000 0.000000
0.000000 0.000000
0.000000 0.000000
0.000000 0.000000
0.000000 0.000000
0.000000 0.000000
0.000000 0.000000
0.000000 0.000000
0.000000 0.000000
0.000000 0.000000
0.000000 0.000000
0.000000 0.000000
0.000000 0.000000
0.000000 0.000000
0.000000 0.000000
0.000000 0.000000
0.000000 0.000000
0.000000 0.000000
0.000000 0.000000
0.000000 0.000000
0.000000 0.000000
0.000000 0.000000
0.000000 0.000000
0.000000 0.000000
0.000000 0.000000
0.000000 0.000000
0.000000 0.000000
0.000000 0.000000
0.000000 0.000000
0.000000 0.000000
0.000000 0.000000
0.000000 0.000000
0.000000 0.000000
0.000000 0.000000
0.000000 0.000000
0.000000 0.000000
0.000000 0.000000
0.000000 0.000000
0.000000 0.000000
0.000000 0.000000
0.000000 0.000000
0.000000 0.000000
0.000000 0.000000
0.000000 0.000000
0.000000 0.000000
0.000000 0.000000
0.000000 0.000000
0.000000 0.000000
0.000000 0.000000
0.000000 0.000000
0.000000 0.000000
0.000000 0.000000
0.000000 0.000000
0.000000 0.000000
0.000000 0.000000
0.000000 0.000000
0.000000 0.000000
0.000000 0.000000
0.000000 0.000000
0.000000 0.000000
0.000000 0.000000
0.000000 0.000000
0.000000 0.000000
0.000000 0.000000
0.000000 0.000000
0.000000 0.000000
0.000000 0.000000
0.000000 0.000000
0.000000 0.000000
0.000000 0.000000
0.000000 0.000000
0.000000 0.000000
39.977158 116.331623
39.977158 116.331623
39.977158 116.331623
39.977158 116.331623
39.977158 116.331623
39.977158 116.331623
39.977158 116.331623
39.977158 116.331623
0.000000 0.000000
39.977158 116.331623
39.977158 116.331623
39.977158 116.331623
39.977158 116.331623
39.977158 116.331623
39.977158 116.331623
0.000000 0.000000
39.977158 116.331623
39.977158 116.331623
39.977158 116.331623
39.977158 116.331623
39.977158 116.331623
39.977158 116.331623
39.977158 116.331623
39.977158 116.331623
39.977158 116.331623
0.000000 0.000000
39.977158 116.331623
39.977158 116.331623
39.977158 116.331623
39.977158 116.331623
39.977158 116.331623
39.977158 116.331623
39.977158 116.331623
39.977158 116.331623
39.977158 116.331623
0.000000 0.000000
39.977158 116.331623
39.977158 116.331623
39.977158 116.331623
39.977158 116.331623
39.977158 116.331623
39.977158 116.331623
39.977158 116.331623
39.977158 116.331623
39.977158 116.331623
39.977158 116.331623
39.977158 116.331623
39.977158 116.331623
39.977158 116.331623
39.977158 116.331623
0.000000 0.000000
0.000000 0.000000
0.000000 0.000000
0.000000 0.000000
0.000000 0.000000
39.976504 116.330639
39.976504 116.330639
39.976504 116.330639
39.976499 116.330462
39.976498 116.330435
39.976499 116.330451
39.976338 116.330577
39.976274 116.330622
39.976275 116.330647
39.976276 116.330659
39.976276 116.330672
39.975136 116.328625
39.975488 116.328634
0.000000 0.000000
0.000000 0.000000
0.000000 0.000000
0.000000 0.000000
0.000000 0.000000
0.000000 0.000000
0.000000 0.000000
0.000000 0.000000
0.000000 0.000000
0.000000 0.000000
0.000000 0.000000
0.000000 0.000000
0.000000 0.000000
0.000000 0.000000
0.000000 0.000000
0.000000 0.000000
0.000000 0.000000
0.000000 0.000000
0.000000 0.000000
0.000000 0.000000
39.975316 116.328632
39.975203 116.328627
39.975316 116.328632
39.975316 116.328632
39.975316 116.328632
39.975316 116.328632
39.975165 116.328626
39.975136 116.328625
39.975136 116.328625
39.975309 116.328471
39.975304 116.328351
39.975301 116.328287
39.975298 116.328208
39.975295 116.328141
39.975293 116.328086
39.975290 116.328018
39.974928 116.327971
39.975135 116.327786
39.975144 116.327785
39.975212 116.327782
39.975282 116.327814
39.975278 116.327778
39.975278 116.327778
39.975278 116.327778
39.975283 116.327858
39.975278 116.327778
39.975278 116.327778
39.975278 116.327778
39.976180 116.327807
39.976179 116.327774
39.976179 116.327774
39.976179 116.327774
39.976173 116.327661
39.976243 116.327593
39.976338 116.327572
39.976425 116.327581
39.976425 116.327596
39.976425 116.327594
39.976425 116.327580
39.976426 116.327617
39.976427 116.327670
39.976428 116.327724
39.976427 116.327657
39.976424 116.327546
39.976420 116.327371
0.000000 0.000000
0.000000 0.000000
0.000000 0.000000
0.000000 0.000000
0.000000 0.000000
0.000000 0.000000
0.000000 0.000000
0.000000 0.000000
0.000000 0.000000
0.000000 0.000000
0.000000 0.000000
0.000000 0.000000
0.000000 0.000000
0.000000 0.000000
0.000000 0.000000
0.000000 0.000000
0.000000 0.000000
0.000000 0.000000
0.000000 0.000000
0.000000 0.000000
0.000000 0.000000
0.000000 0.000000
0.000000 0.000000
0.000000 0.000000
0.000000 0.000000
0.000000 0.000000
0.000000 0.000000
0.000000 0.000000
0.000000 0.000000
0.000000 0.000000
0.000000 0.000000
0.000000 0.000000
0.000000 0.000000
0.000000 0.000000
0.000000 0.000000
0.000000 0.000000
0.000000 0.000000
0.000000 0.000000
0.000000 0.000000
0.000000 0.000000
0.000000 0.000000
0.000000 0.000000
0.000000 0.000000
0.000000 0.000000
0.000000 0.000000
0.000000 0.000000
0.000000 0.000000
0.000000 0.000000
0.000000 0.000000
0.000000 0.000000
0.000000 0.000000
39.977515 116.328047
39.977538 116.328046
39.977661 116.328041
39.977371 116.328053
39.977308 116.328056
39.977308 116.328056
39.977308 116.328056
0.000000 0.000000
39.977308 116.328056
0.000000 0.000000
39.976421 116.327441
39.976420 116.327403
39.976158 116.327365
39.975268 116.327373
39.975264 116.327238
39.975257 116.327006
39.975247 116.326665
39.975222 116.325892
39.975197 116.325203
39.975179 116.324407
39.975225 116.323803
39.975358 116.322748
39.975101 116.322156
39.975070 116.321751
39.974984 116.320614
39.974877 116.319933
39.975004 116.319251
39.975141 116.318439
39.974947 116.317864
39.975013 116.317836
39.975026 116.317831
39.975013 116.317836
0.000000 0.000000
39.975008 116.317838
39.975004 116.317840
39.974983 116.317849
0.000000 0.000000
0.000000 0.000000
0.000000 0.000000
0.000000 0.000000
0.000000 0.000000
0.000000 0.000000
0.000000 0.000000
0.000000 0.000000
0.000000 0.000000
0.000000 0.000000
0.000000 0.000000
0.000000 0.000000
0.000000 0.000000
0.000000 0.000000
0.000000 0.000000
0.000000 0.000000
0.000000 0.000000
0.000000 0.000000
0.000000 0.000000
0.000000 0.000000
0.000000 0.000000
0.000000 0.000000
0.000000 0.000000
0.000000 0.000000
0.000000 0.000000
0.000000 0.000000
0.000000 0.000000
0.000000 0.000000
0.000000 0.000000
0.000000 0.000000
0.000000 0.000000
0.000000 0.000000
0.000000 0.000000
0.000000 0.000000
0.000000 0.000000
0.000000 0.000000
0.000000 0.000000
0.000000 0.000000
0.000000 0.000000
0.000000 0.000000
0.000000 0.000000
0.000000 0.000000
0.000000 0.000000
0.000000 0.000000
0.000000 0.000000
0.000000 0.000000
0.000000 0.000000
0.000000 0.000000
0.000000 0.000000
0.000000 0.000000
0.000000 0.000000
39.974641 116.307737
39.974733 116.307698
39.974906 116.307625
39.975075 116.307554
39.974887 116.306429
39.974870 116.306431
39.974868 116.306431
39.974868 116.306431
0.000000 0.000000
39.974866 116.306431
39.974866 116.306431
39.974874 116.306302
39.974991 116.306288
39.975376 116.305653
39.975163 116.305311
39.974930 116.305107
39.975534 116.304492
39.975297 116.304158
39.975202 116.304076
39.975083 116.303863
39.974985 116.303821
39.974864 116.303769
39.974818 116.303749
39.974800 116.303742
0.000000 0.000000
39.974800 116.303742
39.974800 116.303742
39.974800 116.303742
39.974800 116.303742
39.974800 116.303742
39.974735 116.303231
39.974797 116.303207
39.974594 116.302760
39.974550 116.302333
39.974519 116.301671
39.974481 116.301138
39.974497 116.300506
39.974474 116.299858
39.974442 116.299256
39.974360 116.298588
39.974331 116.298043
39.974307 116.297616
39.974294 116.297385
39.974292 116.297343
0.000000 0.000000
39.974292 116.297343
39.974291 116.297323
39.974285 116.297208
39.974271 116.296959
39.973879 116.296368
39.973786 116.296371
39.973776 116.296371
0.000000 0.000000
39.973775 116.296371
39.973772 116.296371
39.973770 116.296371
39.973769 116.296371
39.973768 116.296371
39.973766 116.296371
39.973763 116.296371
39.973758 116.296371
0.000000 0.000000
39.973757 116.296372
39.973756 116.296372
39.973755 116.296372
39.973756 116.296372
39.973756 116.296372
0.000000 0.000000
39.973757 116.296372
39.973757 116.296372
39.973756 116.296372
39.973748 116.296372
39.973667 116.296374
39.973457 116.296381
39.972931 116.295963
0.000000 0.000000
0.000000 0.000000
0.000000 0.000000
0.000000 0.000000
0.000000 0.000000
0.000000 0.000000
0.000000 0.000000
39.972943 116.291648
39.972953 116.291643
39.972957 116.291641
39.972978 116.291629
39.973006 116.291615
39.973074 116.291580
39.972727 116.290887
39.972797 116.290644
39.972862 116.290419
39.972914 116.290239
39.972949 116.290119
39.973014 116.289894
39.973081 116.289661
39.973081 116.289661
39.972922 116.288724
39.972785 116.288052
39.972522 116.287689
39.972760 116.286731
39.972509 116.285919
39.972735 116.285462
39.972622 116.284791
39.972786 116.284228
39.972579 116.283865
39.972500 116.283196
39.972310 116.282826
0.000000 0.000000
0.000000 0.000000
0.000000 0.000000
0.000000 0.000000
0.000000 0.000000
39.972023 116.280911
39.972122 116.280125
39.972618 116.279926
39.972751 116.279803
0.000000 0.000000
0.000000 0.000000
0.000000 0.000000
39.974982 116.277691
39.975028 116.277764
39.975183 116.278013
39.975367 116.278309
39.975114 116.278638
39.974842 116.278993
39.974596 116.279312
39.974553 116.279368
0.000000 0.000000
0.000000 0.000000
0.000000 0.000000
0.000000 0.000000
0.000000 0.000000
0.000000 0.000000
39.972254 116.275463
0.000000 0.000000
39.971484 116.273909
39.971576 116.273795
0.000000 0.000000
39.970276 116.272154
39.970249 116.271496
39.969960 116.270948
39.969926 116.270536
39.969872 116.270182
39.969771 116.269783
39.969854 116.269290
0.000000 0.000000
0.000000 0.000000
0.000000 0.000000
0.000000 0.000000
0.000000 0.000000
0.000000 0.000000
0.000000 0.000000
0.000000 0.000000
0.000000 0.000000
0.000000 0.000000
0.000000 0.000000
0.000000 0.000000
0.000000 0.000000
0.000000 0.000000
0.000000 0.000000
0.000000 0.000000
0.000000 0.000000
0.000000 0.000000
0.000000 0.000000
0.000000 0.000000
39.969968 116.258698
39.970217 116.258006
0.000000 0.000000
0.000000 0.000000
39.971606 116.257084
39.971606 116.257084
39.971606 116.257084
39.971606 116.257084
39.971606 116.257084
39.971606 116.257084
39.971606 116.257084
39.971606 116.257084
0.000000 0.000000
39.971606 116.257084
39.971606 116.257084
39.971606 116.257084
39.971606 116.257084
39.971606 116.257084
39.971638 116.257082
39.971637 116.257082
39.971638 116.257082
39.971639 116.257082
0.000000 0.000000
39.971640 116.257082
39.971649 116.257082
39.971702 116.257079
39.971800 116.257074
39.971934 116.257067
0.000000 0.000000
0.000000 0.000000
0.000000 0.000000
0.000000 0.000000
0.000000 0.000000
0.000000 0.000000
0.000000 0.000000
0.000000 0.000000
39.972497 116.254726
39.972349 116.254525
39.972175 116.254289
39.971966 116.254005
39.972669 116.253000
39.972664 116.252548
0.000000 0.000000
0.000000 0.000000
39.972249 116.251023
39.972254 116.251022
39.972272 116.251019
0.000000 0.000000
0.000000 0.000000
0.000000 0.000000
0.000000 0.000000
0.000000 0.000000
0.000000 0.000000
0.000000 0.000000
0.000000 0.000000
0.000000 0.000000
0.000000 0.000000
0.000000 0.000000
0.000000 0.000000
0.000000 0.000000
0.000000 0.000000
0.000000 0.000000
0.000000 0.000000
0.000000 0.000000
0.000000 0.000000
0.000000 0.000000
0.000000 0.000000
0.000000 0.000000
0.000000 0.000000
0.000000 0.000000
0.000000 0.000000
0.000000 0.000000
0.000000 0.000000
0.000000 0.000000
0.000000 0.000000
0.000000 0.000000
0.000000 0.000000
0.000000 0.000000
0.000000 0.000000
0.000000 0.000000
0.000000 0.000000
0.000000 0.000000
0.000000 0.000000
0.000000 0.000000
0.000000 0.000000
0.000000 0.000000
0.000000 0.000000
0.000000 0.000000
0.000000 0.000000
0.000000 0.000000
0.000000 0.000000
0.000000 0.000000
0.000000 0.000000
0.000000 0.000000
0.000000 0.000000
0.000000 0.000000
0.000000 0.000000
0.000000 0.000000
0.000000 0.000000
0.000000 0.000000
0.000000 0.000000
0.000000 0.000000
0.000000 0.000000
0.000000 0.000000
0.000000 0.000000
0.000000 0.000000
0.000000 0.000000
0.000000 0.000000
0.000000 0.000000
39.972245 116.251023
39.972245 116.251023
39.972254 116.251022
39.972243 116.251024
39.972233 116.251025
39.972187 116.251032
39.972137 116.251040
39.972131 116.251041
0.000000 0.000000
39.972133 116.251041
39.972109 116.251044
39.972045 116.251054
39.971990 116.251063
39.971949 116.251069
39.971939 116.251071
39.971889 116.251079
39.971826 116.251088
39.971763 116.251098
39.971713 116.251106
39.971663 116.251114
39.971593 116.251124
39.971584 116.251126
39.971601 116.251123
39.971649 116.251116
39.971687 116.251110
39.971696 116.251109
0.000000 0.000000
0.000000 0.000000
0.000000 0.000000
0.000000 0.000000
0.000000 0.000000
0.000000 0.000000
0.000000 0.000000
0.000000 0.000000
0.000000 0.000000
0.000000 0.000000
0.000000 0.000000
0.000000 0.000000
0.000000 0.000000
0.000000 0.000000
0.000000 0.000000
0.000000 0.000000
0.000000 0.000000
0.000000 0.000000
0.000000 0.000000
0.000000 0.000000
0.000000 0.000000
0.000000 0.000000
0.000000 0.000000
0.000000 0.000000
0.000000 0.000000
0.000000 0.000000
0.000000 0.000000
0.000000 0.000000
0.000000 0.000000
0.000000 0.000000
0.000000 0.000000
0.000000 0.000000
0.000000 0.000000
0.000000 0.000000
0.000000 0.000000
0.000000 0.000000
0.000000 0.000000
0.000000 0.000000
0.000000 0.000000
0.000000 0.000000
0.000000 0.000000
0.000000 0.000000
0.000000 0.000000
0.000000 0.000000
0.000000 0.000000
0.000000 0.000000
0.000000 0.000000
0.000000 0.000000
0.000000 0.000000
0.000000 0.000000
0.000000 0.000000
0.000000 0.000000
0.000000 0.000000
0.000000 0.000000
0.000000 0.000000
0.000000 0.000000
0.000000 0.000000
0.000000 0.000000
0.000000 0.000000
0.000000 0.000000
0.000000 0.000000
39.971628 116.251119
39.971640 116.251117
39.971627 116.251119
39.971745 116.251101
39.971722 116.251104
39.971701 116.251108
39.971681 116.251111
39.971671 116.251112
39.971659 116.251114
39.971648 116.251116
39.971639 116.251117
39.971654 116.251115
39.971684 116.251110
39.971708 116.251107
39.971702 116.251108
39.971617 116.251121
39.971599 116.251124
0.000000 0.000000
0.000000 0.000000
0.000000 0.000000
0.000000 0.000000
0.000000 0.000000
0.000000 0.000000
39.971264 116.252352
39.971277 116.252397
39.971297 116.252468
39.971314 116.252528
39.971333 116.252597
39.971354 116.252670
39.971374 116.252740
39.971395 116.252814
39.971408 116.252860
39.971421 116.252907
39.971421 116.252906
0.000000 0.000000
0.000000 0.000000
39.971421 116.252906
39.971421 116.252909
0.000000 0.000000
39.971422 116.252911
39.971423 116.252914
39.971413 116.252879
39.971413 116.252880
39.971414 116.252882
39.971414 116.252883
39.971415 116.252885
0.000000 0.000000
39.971416 116.252888
39.971431 116.252942
39.971446 116.252996
39.971450 116.253011
39.971818 116.253432
39.971813 116.253434
39.971809 116.253435
39.971804 116.253436
39.971799 116.253437
39.971450 116.253008
0.000000 0.000000
39.971450 116.253010
39.971786 116.253440
39.971436 116.252959
39.971420 116.252904
39.971401 116.252836
39.971386 116.252783
39.971372 116.252733
39.971354 116.252668
0.000000 0.000000
39.971320 116.252551
0.000000 0.000000
0.000000 0.000000
0.000000 0.000000
0.000000 0.000000
0.000000 0.000000
0.000000 0.000000
0.000000 0.000000
0.000000 0.000000
0.000000 0.000000
0.000000 0.000000
0.000000 0.000000
0.000000 0.000000
0.000000 0.000000
0.000000 0.000000
0.000000 0.000000
0.000000 0.000000
0.000000 0.000000
0.000000 0.000000
39.971343 116.252630
39.971363 116.252703
39.971380 116.252763
39.971396 116.252820
39.971414 116.252882
39.971428 116.252932
39.971449 116.253006
39.971470 116.253082
39.971480 116.253114
39.971855 116.253423
39.971911 116.253409
39.971956 116.253398
39.971997 116.253388
39.972005 116.253386
39.971562 116.253405
39.972001 116.253387
39.971990 116.253389
39.971980 116.253392
39.971982 116.253392
39.971966 116.253396
39.971852 116.253851
39.971883 116.253893
39.971911 116.253931
39.971931 116.253959
39.971966 116.254006
39.971998 116.254050
39.972031 116.254094
39.972064 116.254139
39.972095 116.254181
39.972122 116.254218
39.972150 116.254256
39.972177 116.254293
39.972209 116.254336
39.972236 116.254372
39.972274 116.254423
39.972313 116.254477
39.972344 116.254519
0.000000 0.000000
0.000000 0.000000
0.000000 0.000000
0.000000 0.000000
0.000000 0.000000
0.000000 0.000000
0.000000 0.000000
0.000000 0.000000
0.000000 0.000000
0.000000 0.000000
0.000000 0.000000
0.000000 0.000000
0.000000 0.000000
0.000000 0.000000
0.000000 0.000000
0.000000 0.000000
0.000000 0.000000
0.000000 0.000000
0.000000 0.000000
0.000000 0.000000
0.000000 0.000000
0.000000 0.000000
0.000000 0.000000
0.000000 0.000000
0.000000 0.000000
0.000000 0.000000
0.000000 0.000000
0.000000 0.000000
0.000000 0.000000
0.000000 0.000000
0.000000 0.000000
0.000000 0.000000
0.000000 0.000000
0.000000 0.000000
0.000000 0.000000
0.000000 0.000000
0.000000 0.000000
0.000000 0.000000
0.000000 0.000000
0.000000 0.000000
0.000000 0.000000
0.000000 0.000000
0.000000 0.000000
0.000000 0.000000
0.000000 0.000000
0.000000 0.000000
0.000000 0.000000
0.000000 0.000000
0.000000 0.000000
0.000000 0.000000
0.000000 0.000000
0.000000 0.000000
0.000000 0.000000
0.000000 0.000000
0.000000 0.000000
0.000000 0.000000
0.000000 0.000000
0.000000 0.000000
0.000000 0.000000
0.000000 0.000000
0.000000 0.000000
0.000000 0.000000
0.000000 0.000000
0.000000 0.000000
0.000000 0.000000
0.000000 0.000000
0.000000 0.000000
0.000000 0.000000
0.000000 0.000000
0.000000 0.000000
0.000000 0.000000
0.000000 0.000000
0.000000 0.000000
0.000000 0.000000
0.000000 0.000000
39.972763 116.255891
39.972760 116.255824
39.972757 116.255760
39.972754 116.255712
39.972751 116.255641
0.000000 0.000000
0.000000 0.000000
0.000000 0.000000
39.972738 116.255357
39.972734 116.255294
39.972596 116.254861
39.972567 116.254822
39.972722 116.255032
39.972722 116.255032
39.972720 116.254934
39.972443 116.254654
39.972416 116.254617
39.972396 116.254590
39.972364 116.254547
39.972338 116.254510
39.972312 116.254475
39.972280 116.254432
39.972259 116.254403
39.972224 116.254356
39.972200 116.254324
39.972171 116.254285
39.972138 116.254239
39.972702 116.253964
39.972701 116.253905
39.972700 116.253841
39.972700 116.253841
39.972700 116.253841
39.972700 116.253841
39.972308 116.253310
39.972344 116.253301
39.972369 116.253295
39.972399 116.253288
39.972407 116.253286
39.972425 116.253281
39.972670 116.253057
39.972669 116.252990
39.972668 116.252908
39.972667 116.252838
39.972667 116.252765
39.972666 116.252685
39.972665 116.252625
39.972664 116.252551
39.972664 116.252548
39.972664 116.252548
39.972664 116.252548
39.972664 116.252548
39.972664 116.252548
0.000000 0.000000
0.000000 0.000000
0.000000 0.000000
0.000000 0.000000
0.000000 0.000000
0.000000 0.000000
0.000000 0.000000
0.000000 0.000000
39.972293 116.251016
39.972290 116.251016
39.972296 116.251015
39.972312 116.251013
39.972254 116.251022
39.972250 116.251023
39.972256 116.251022
39.972262 116.251021
39.972279 116.251018
39.972272 116.251019
39.972284 116.251017
39.972269 116.251020
39.972255 116.251022
39.972253 116.251022
39.972253 116.251022
39.972262 116.251021
0.000000 0.000000
0.000000 0.000000
0.000000 0.000000
0.000000 0.000000
0.000000 0.000000
0.000000 0.000000
0.000000 0.000000
0.000000 0.000000
0.000000 0.000000
0.000000 0.000000
0.000000 0.000000
0.000000 0.000000
0.000000 0.000000
0.000000 0.000000
0.000000 0.000000
0.000000 0.000000
0.000000 0.000000
0.000000 0.000000
0.000000 0.000000
0.000000 0.000000
0.000000 0.000000
0.000000 0.000000
0.000000 0.000000
0.000000 0.000000
0.000000 0.000000
0.000000 0.000000
0.000000 0.000000
0.000000 0.000000
0.000000 0.000000
0.000000 0.000000
0.000000 0.000000
0.000000 0.000000
0.000000 0.000000
0.000000 0.000000
0.000000 0.000000
0.000000 0.000000
0.000000 0.000000
0.000000 0.000000
0.000000 0.000000
0.000000 0.000000
0.000000 0.000000
0.000000 0.000000
0.000000 0.000000
39.973080 116.247816
39.973080 116.247765
39.973080 116.247731
39.973080 116.247682
39.973080 116.247677
39.973080 116.247680
39.973080 116.247677
39.973080 116.247678
0.000000 0.000000
0.000000 0.000000
0.000000 0.000000
39.973080 116.247678
39.973080 116.247690
39.973080 116.247723
0.000000 0.000000
39.973080 116.247720
39.973080 116.247730
39.973080 116.247726
39.973080 116.247790
0.000000 0.000000
39.973080 116.247783
39.973080 116.247773
0.000000 0.000000
39.973080 116.247765
39.973080 116.247776
0.000000 0.000000
0.000000 0.000000
0.000000 0.000000
0.000000 0.000000
0.000000 0.000000
39.972068 116.246236
39.972070 116.246141
39.972163 116.245333
39.972196 116.244671
39.972213 116.244101
39.972225 116.243449
39.972227 116.243347
39.972227 116.243347
39.972227 116.243347
0.000000 0.000000
0.000000 0.000000
39.972366 116.240894
39.971933 116.240029
0.000000 0.000000
0.000000 0.000000
0.000000 0.000000
39.971944 116.236180
39.971480 116.235602
39.971928 116.234597
0.000000 0.000000
0.000000 0.000000
0.000000 0.000000
0.000000 0.000000
0.000000 0.000000
39.971892 116.234598
39.971952 116.234596
39.971924 116.236176
39.972074 116.236207
0.000000 0.000000
0.000000 0.000000
39.971929 116.239754
39.971771 116.240106
0.000000 0.000000
0.000000 0.000000
39.971784 116.243702
39.971899 116.244408
39.972167 116.245257
39.971938 116.246156
0.000000 0.000000
0.000000 0.000000
0.000000 0.000000
0.000000 0.000000
0.000000 0.000000
0.000000 0.000000
39.972060 116.251052
39.972022 116.251058
0.000000 0.000000
39.972124 116.253356
39.972005 116.253386
39.971849 116.253847
39.972000 116.253387
39.972008 116.253385
39.971855 116.253855
39.971854 116.253854
0.000000 0.000000
39.972009 116.253385
39.971851 116.253850
0.000000 0.000000
39.971849 116.253848
39.971901 116.253918
39.972003 116.254056
39.972109 116.254201
39.972215 116.254344
39.972363 116.254545
0.000000 0.000000
0.000000 0.000000
0.000000 0.000000
0.000000 0.000000
39.971760 116.257076
39.971606 116.257084
0.000000 0.000000
39.970232 116.258036
39.970022 116.258699
39.969968 116.258698
0.000000 0.000000
0.000000 0.000000
0.000000 0.000000
0.000000 0.000000
0.000000 0.000000
0.000000 0.000000
0.000000 0.000000
0.000000 0.000000
0.000000 0.000000
0.000000 0.000000
0.000000 0.000000
0.000000 0.000000
0.000000 0.000000
0.000000 0.000000
0.000000 0.000000
0.000000 0.000000
0.000000 0.000000
0.000000 0.000000
0.000000 0.000000
0.000000 0.000000
0.000000 0.000000
0.000000 0.000000
0.000000 0.000000
0.000000 0.000000
0.000000 0.000000
0.000000 0.000000
0.000000 0.000000
39.969968 116.258698
39.969968 116.258698
39.969968 116.258698
39.969968 116.258698
39.969968 116.258698
39.969968 116.258698
39.969968 116.258698
39.969968 116.258698
39.970185 116.257940
39.970184 116.257937
39.970186 116.257943
39.970187 116.257944
39.970176 116.257920
39.970174 116.257916
39.970177 116.257923
39.970172 116.257914
39.970167 116.257902
39.969968 116.258698
39.969968 116.258698
39.969968 116.258698
39.969968 116.258698
39.969968 116.258698
39.969968 116.258698
39.969968 116.258698
0.000000 0.000000
0.000000 0.000000
0.000000 0.000000
0.000000 0.000000
0.000000 0.000000
0.000000 0.000000
0.000000 0.000000
0.000000 0.000000
0.000000 0.000000
0.000000 0.000000
0.000000 0.000000
0.000000 0.000000
0.000000 0.000000
0.000000 0.000000
0.000000 0.000000
0.000000 0.000000
0.000000 0.000000
0.000000 0.000000
0.000000 0.000000
0.000000 0.000000
0.000000 0.000000
0.000000 0.000000
0.000000 0.000000
0.000000 0.000000
0.000000 0.000000
0.000000 0.000000
0.000000 0.000000
0.000000 0.000000
0.000000 0.000000
0.000000 0.000000
0.000000 0.000000
0.000000 0.000000
0.000000 0.000000
0.000000 0.000000
0.000000 0.000000
0.000000 0.000000
0.000000 0.000000
0.000000 0.000000
0.000000 0.000000
0.000000 0.000000
0.000000 0.000000
0.000000 0.000000
0.000000 0.000000
0.000000 0.000000
0.000000 0.000000
0.000000 0.000000
0.000000 0.000000
0.000000 0.000000
0.000000 0.000000
0.000000 0.000000
0.000000 0.000000
0.000000 0.000000
0.000000 0.000000
0.000000 0.000000
0.000000 0.000000
0.000000 0.000000
0.000000 0.000000
0.000000 0.000000
0.000000 0.000000
0.000000 0.000000
0.000000 0.000000
0.000000 0.000000
0.000000 0.000000
0.000000 0.000000
0.000000 0.000000
0.000000 0.000000
0.000000 0.000000
0.000000 0.000000
0.000000 0.000000
0.000000 0.000000
0.000000 0.000000
0.000000 0.000000
0.000000 0.000000
0.000000 0.000000
0.000000 0.000000
0.000000 0.000000
0.000000 0.000000
0.000000 0.000000
0.000000 0.000000
0.000000 0.000000
0.000000 0.000000
0.000000 0.000000
0.000000 0.000000
0.000000 0.000000
0.000000 0.000000
0.000000 0.000000
0.000000 0.000000
0.000000 0.000000
0.000000 0.000000
0.000000 0.000000
0.000000 0.000000
0.000000 0.000000
0.000000 0.000000
0.000000 0.000000
0.000000 0.000000
0.000000 0.000000
0.000000 0.000000
0.000000 0.000000
0.000000 0.000000
0.000000 0.000000
0.000000 0.000000
0.000000 0.000000
0.000000 0.000000
0.000000 0.000000
0.000000 0.000000
0.000000 0.000000
0.000000 0.000000
0.000000 0.000000
0.000000 0.000000
0.000000 0.000000
0.000000 0.000000
0.000000 0.000000
0.000000 0.000000
0.000000 0.000000
0.000000 0.000000
0.000000 0.000000
0.000000 0.000000
0.000000 0.000000
0.000000 0.000000
0.000000 0.000000
0.000000 0.000000
0.000000 0.000000
0.000000 0.000000
0.000000 0.000000
0.000000 0.000000
0.000000 0.000000
0.000000 0.000000
0.000000 0.000000
0.000000 0.000000
0.000000 0.000000
0.000000 0.000000
0.000000 0.000000
0.000000 0.000000
0.000000 0.000000
0.000000 0.000000
0.000000 0.000000
0.000000 0.000000
0.000000 0.000000
0.000000 0.000000
0.000000 0.000000
0.000000 0.000000
0.000000 0.000000
0.000000 0.000000
0.000000 0.000000
0.000000 0.000000
0.000000 0.000000
0.000000 0.000000
0.000000 0.000000
0.000000 0.000000
0.000000 0.000000
0.000000 0.000000
0.000000 0.000000
0.000000 0.000000
0.000000 0.000000
0.000000 0.000000
0.000000 0.000000
0.000000 0.000000
0.000000 0.000000
0.000000 0.000000
0.000000 0.000000
0.000000 0.000000
0.000000 0.000000
0.000000 0.000000
0.000000 0.000000
0.000000 0.000000
0.000000 0.000000
0.000000 0.000000
0.000000 0.000000
0.000000 0.000000
0.000000 0.000000
0.000000 0.000000
0.000000 0.000000
0.000000 0.000000
0.000000 0.000000
0.000000 0.000000
0.000000 0.000000
0.000000 0.000000
0.000000 0.000000
0.000000 0.000000
0.000000 0.000000
0.000000 0.000000
0.000000 0.000000
0.000000 0.000000
0.000000 0.000000
0.000000 0.000000
0.000000 0.000000
0.000000 0.000000
0.000000 0.000000
0.000000 0.000000
0.000000 0.000000
0.000000 0.000000
0.000000 0.000000
0.000000 0.000000
0.000000 0.000000
0.000000 0.000000
0.000000 0.000000
0.000000 0.000000
0.000000 0.000000
0.000000 0.000000
0.000000 0.000000
0.000000 0.000000
0.000000 0.000000
0.000000 0.000000
0.000000 0.000000
0.000000 0.000000
0.000000 0.000000
0.000000 0.000000
0.000000 0.000000
0.000000 0.000000
0.000000 0.000000
0.000000 0.000000
0.000000 0.000000
39.969968 116.258698
39.970255 116.258083
0.000000 0.000000
0.000000 0.000000
39.971606 116.257084
39.971606 116.257084
39.971606 116.257084
39.971606 116.257084
39.971606 116.257084
39.971606 116.257084
0.000000 0.000000
39.971606 116.257084
39.971606 116.257084
39.971606 116.257084
0.000000 0.000000
39.971606 116.257084
39.971606 116.257084
39.971721 116.257078
39.971940 116.257067
39.972216 116.257053
39.972779 116.256219
39.972758 116.255782
39.972742 116.255459
39.972740 116.255409
39.972739 116.255393
39.972737 116.255349
39.972726 116.255118
39.972424 116.254628
39.972202 116.254326
39.972193 116.253339
0.000000 0.000000
0.000000 0.000000
39.972173 116.251034
39.972216 116.251028
0.000000 0.000000
0.000000 0.000000
0.000000 0.000000
0.000000 0.000000
0.000000 0.000000
0.000000 0.000000
39.972044 116.246239
39.972045 116.246239
0.000000 0.000000
0.000000 0.000000
0.000000 0.000000
0.000000 0.000000
0.000000 0.000000
0.000000 0.000000
0.000000 0.000000
0.000000 0.000000
0.000000 0.000000
0.000000 0.000000
0.000000 0.000000
0.000000 0.000000
0.000000 0.000000
0.000000 0.000000
0.000000 0.000000
0.000000 0.000000
0.000000 0.000000
0.000000 0.000000
0.000000 0.000000
0.000000 0.000000
0.000000 0.000000
0.000000 0.000000
0.000000 0.000000
0.000000 0.000000
0.000000 0.000000
0.000000 0.000000
0.000000 0.000000
0.000000 0.000000
0.000000 0.000000
0.000000 0.000000
0.000000 0.000000
0.000000 0.000000
0.000000 0.000000
0.000000 0.000000
0.000000 0.000000
0.000000 0.000000
0.000000 0.000000
0.000000 0.000000
0.000000 0.000000
0.000000 0.000000
0.000000 0.000000
0.000000 0.000000
0.000000 0.000000
0.000000 0.000000
0.000000 0.000000
0.000000 0.000000
0.000000 0.000000
0.000000 0.000000
0.000000 0.000000
0.000000 0.000000
39.972282 116.251018
39.972271 116.251019
39.972266 116.251020
39.972265 116.251020
39.972264 116.251020
39.972265 116.251020
39.972299 116.251015
39.972333 116.251010
39.972377 116.251003
39.972418 116.250996
39.972464 116.250989
39.972499 116.250984
39.972524 116.250980
39.972511 116.250982
39.972516 116.250981
39.972551 116.250976
39.972791 116.250925
39.973090 116.251252
39.972770 116.250930
0.000000 0.000000
39.972776 116.250928
39.973091 116.251305
0.000000 0.000000
39.972770 116.250930
39.973091 116.251336
39.973091 116.251393
39.973092 116.251425
39.973092 116.251455
39.973093 116.251505
39.973093 116.251566
39.973094 116.251619
0.000000 0.000000
39.973094 116.251621
39.973093 116.251557
39.973093 116.251541
39.973093 116.251541
39.973093 116.251540
39.973093 116.251539
39.973093 116.251540
39.973093 116.251542
39.973093 116.251540
39.973093 116.251537
39.973093 116.251534
39.973093 116.251530
39.973093 116.251529
39.973093 116.251526
39.973093 116.251525
39.973093 116.251522
0.000000 0.000000
39.973093 116.251519
39.973093 116.251520
39.973092 116.251485
39.973092 116.251452
39.972715 116.250943
39.972621 116.250965
0.000000 0.000000
39.972621 116.250965
39.972725 116.250941
39.972621 116.250965
39.972621 116.250965
39.973092 116.251460
0.000000 0.000000
0.000000 0.000000
39.972621 116.250965
0.000000 0.000000
39.972745 116.250936
39.972621 116.250965
39.972621 116.250965
39.972681 116.250951
39.973092 116.251458
39.972621 116.250965
0.000000 0.000000
39.972554 116.250975
39.972565 116.250974
39.972575 116.250972
39.972534 116.250979
39.972483 116.250986
39.972418 116.250996
39.972404 116.250999
39.972375 116.251003
39.972305 116.251014
39.972270 116.251019
39.972272 116.251019
39.972269 116.251020
39.972273 116.251019
39.972278 116.251018
39.972281 116.251018
0.000000 0.000000
0.000000 0.000000
0.000000 0.000000
0.000000 0.000000
0.000000 0.000000
0.000000 0.000000
0.000000 0.000000
0.000000 0.000000
0.000000 0.000000
0.000000 0.000000
0.000000 0.000000
0.000000 0.000000
0.000000 0.000000
0.000000 0.000000
0.000000 0.000000
0.000000 0.000000
0.000000 0.000000
0.000000 0.000000
0.000000 0.000000
0.000000 0.000000
0.000000 0.000000
0.000000 0.000000
0.000000 0.000000
0.000000 0.000000
0.000000 0.000000
0.000000 0.000000
0.000000 0.000000
0.000000 0.000000
0.000000 0.000000
0.000000 0.000000
0.000000 0.000000
0.000000 0.000000
0.000000 0.000000
0.000000 0.000000
0.000000 0.000000
0.000000 0.000000
0.000000 0.000000
0.000000 0.000000
0.000000 0.000000
0.000000 0.000000
0.000000 0.000000
0.000000 0.000000
0.000000 0.000000
0.000000 0.000000
0.000000 0.000000
0.000000 0.000000
0.000000 0.000000
0.000000 0.000000
0.000000 0.000000
0.000000 0.000000
0.000000 0.000000
0.000000 0.000000
0.000000 0.000000
0.000000 0.000000
0.000000 0.000000
0.000000 0.000000
0.000000 0.000000
0.000000 0.000000
0.000000 0.000000
0.000000 0.000000
0.000000 0.000000
0.000000 0.000000
0.000000 0.000000
0.000000 0.000000
0.000000 0.000000
0.000000 0.000000
0.000000 0.000000
0.000000 0.000000
0.000000 0.000000
0.000000 0.000000
0.000000 0.000000
0.000000 0.000000
0.000000 0.000000
0.000000 0.000000
0.000000 0.000000
0.000000 0.000000
0.000000 0.000000
0.000000 0.000000
39.971987 116.246245
39.971981 116.246245
39.971978 116.246246
39.972145 116.245701
39.972164 116.245312
39.972195 116.244679
39.972215 116.244006
39.972227 116.243362
0.000000 0.000000
0.000000 0.000000
0.000000 0.000000
39.972366 116.240894
39.972366 116.240894
39.971911 116.240040
39.971974 116.240010
39.971996 116.239920
39.971969 116.239741
39.971958 116.239744
39.971940 116.239750
39.971937 116.239751
39.971978 116.239737
0.000000 0.000000
0.000000 0.000000
0.000000 0.000000
0.000000 0.000000
0.000000 0.000000
39.972014 116.236195
39.971948 116.236181
0.000000 0.000000
39.972047 116.234593
39.972071 116.234592
0.000000 0.000000
0.000000 0.000000
0.000000 0.000000
0.000000 0.000000
0.000000 0.000000
0.000000 0.000000
0.000000 0.000000
0.000000 0.000000
39.972071 116.232231
39.972037 116.232225
39.971988 116.232217
0.000000 0.000000
0.000000 0.000000
0.000000 0.000000
0.000000 0.000000
0.000000 0.000000
0.000000 0.000000
0.000000 0.000000
39.972031 116.227601
39.972007 116.227599
39.972181 116.226551
39.972178 116.226296
39.972176 116.226146
39.972176 116.226182
39.972174 116.226027
39.972170 116.225738
39.972165 116.225329
39.972158 116.224842
39.972038 116.224518
39.972167 116.224014
39.972065 116.223774
39.972170 116.223659
39.972169 116.223580
39.972165 116.223303
39.972158 116.222865
39.972150 116.222354
39.972148 116.222206
39.972109 116.220769
39.971991 116.220735
39.972041 116.219716
39.971966 116.219449
0.000000 0.000000
39.972030 116.217907
39.971962 116.217888
39.971923 116.217877
39.971922 116.217877
0.000000 0.000000
39.971923 116.217877
39.971894 116.217869
39.971842 116.217855
0.000000 0.000000
0.000000 0.000000
0.000000 0.000000
0.000000 0.000000
0.000000 0.000000
0.000000 0.000000
0.000000 0.000000
0.000000 0.000000
0.000000 0.000000
0.000000 0.000000
39.971963 116.211279
39.971937 116.211277
0.000000 0.000000
0.000000 0.000000
0.000000 0.000000
0.000000 0.000000
0.000000 0.000000
0.000000 0.000000
0.000000 0.000000
0.000000 0.000000
0.000000 0.000000
39.971962 116.208580
39.971962 116.208507
39.971958 116.207889
39.971957 116.207695
0.000000 0.000000
0.000000 0.000000
0.000000 0.000000
0.000000 0.000000
0.000000 0.000000
0.000000 0.000000
0.000000 0.000000
0.000000 0.000000
0.000000 0.000000
0.000000 0.000000
0.000000 0.000000
0.000000 0.000000
39.973058 116.201607
39.973058 116.201607
39.973058 116.201607
0.000000 0.000000
39.973058 116.201607
39.973058 116.201607
39.973128 116.201584
39.973505 116.201459
39.973905 116.201184
39.974348 116.201320
39.974744 116.201252
39.974897 116.201187
39.975230 116.200590
39.975286 116.200587
39.975362 116.200584
39.975581 116.200618
39.975776 116.200669
39.975984 116.200722
39.976159 116.200768
39.976349 116.200817
0.000000 0.000000
0.000000 0.000000
0.000000 0.000000
0.000000 0.000000
0.000000 0.000000
0.000000 0.000000
0.000000 0.000000
0.000000 0.000000
0.000000 0.000000
0.000000 0.000000
0.000000 0.000000
0.000000 0.000000
0.000000 0.000000
0.000000 0.000000
0.000000 0.000000
0.000000 0.000000
0.000000 0.000000
0.000000 0.000000
0.000000 0.000000
0.000000 0.000000
0.000000 0.000000
0.000000 0.000000
0.000000 0.000000
0.000000 0.000000
0.000000 0.000000
0.000000 0.000000
0.000000 0.000000
0.000000 0.000000
39.985424 116.202408
39.985570 116.202856
39.985742 116.203387
39.985926 116.203952
39.986115 116.204532
0.000000 0.000000
0.000000 0.000000
0.000000 0.000000
0.000000 0.000000
0.000000 0.000000
0.000000 0.000000
0.000000 0.000000
0.000000 0.000000
0.000000 0.000000
0.000000 0.000000
0.000000 0.000000
0.000000 0.000000
0.000000 0.000000
0.000000 0.000000
0.000000 0.000000
39.989909 116.205087
39.989932 116.205066
0.000000 0.000000
39.989938 116.205061
39.989934 116.205064
39.989955 116.205045
39.989978 116.205025
39.990008 116.204998
39.990039 116.204970
39.990082 116.204932
39.990095 116.204920
39.990119 116.204898
39.990124 116.204895
0.000000 0.000000
39.990128 116.204890
39.990093 116.204922
39.990323 116.204716
39.990323 116.204716
39.990053 116.204958
39.990036 116.204974
39.990021 116.204986
39.990008 116.204998
39.990003 116.205003
39.989994 116.205011
39.989984 116.205019
39.989957 116.205044
39.989934 116.205065
39.989927 116.205071
39.989893 116.205102
39.989883 116.205110
39.989870 116.205122
39.989647 116.205633
39.989861 116.205130
39.989853 116.205137
39.989848 116.205142
0.000000 0.000000
39.989844 116.205145
39.989664 116.205674
39.989697 116.205753
39.989718 116.205805
39.989742 116.205862
39.989749 116.205880
39.989794 116.205987
39.989831 116.206077
39.989859 116.206143
39.989888 116.206215
39.989909 116.206264
39.989923 116.206299
39.989943 116.206348
39.989957 116.206382
39.989973 116.206419
39.989992 116.206467
39.990011 116.206510
39.990031 116.206560
39.990041 116.206584
39.990060 116.206629
39.990073 116.206661
39.990089 116.206700
39.990110 116.206750
39.990130 116.206800
39.990147 116.206839
39.990158 116.206865
39.990171 116.206897
39.990184 116.206928
39.990190 116.206943
39.990192 116.206949
39.990198 116.206963
39.990211 116.206995
39.990223 116.207023
39.990233 116.207047
39.990500 116.207006
39.990507 116.206978
39.990509 116.206970
0.000000 0.000000
39.990508 116.206970
39.990512 116.206955
39.990515 116.206943
39.990508 116.206971
39.990498 116.207013
39.990495 116.207028
39.990490 116.207048
39.990490 116.207047
39.990482 116.207081
39.990474 116.207117
39.990470 116.207133
39.990461 116.207172
39.990452 116.207208
39.990397 116.207443
39.990397 116.207443
39.990397 116.207443
39.990397 116.207443
39.990397 116.207443
39.990447 116.207229
39.990451 116.207215
39.990397 116.207443
39.990397 116.207443
39.990397 116.207443
39.990397 116.207443
39.990455 116.207197
39.990462 116.207169
0.000000 0.000000
0.000000 0.000000
0.000000 0.000000
0.000000 0.000000
0.000000 0.000000
0.000000 0.000000
0.000000 0.000000
0.000000 0.000000
0.000000 0.000000
0.000000 0.000000
0.000000 0.000000
0.000000 0.000000
0.000000 0.000000
0.000000 0.000000
0.000000 0.000000
0.000000 0.000000
0.000000 0.000000
0.000000 0.000000
0.000000 0.000000
0.000000 0.000000
0.000000 0.000000
0.000000 0.000000
0.000000 0.000000
0.000000 0.000000
0.000000 0.000000
0.000000 0.000000
0.000000 0.000000
0.000000 0.000000
0.000000 0.000000
0.000000 0.000000
0.000000 0.000000
0.000000 0.000000
0.000000 0.000000
0.000000 0.000000
0.000000 0.000000
0.000000 0.000000
0.000000 0.000000
0.000000 0.000000
0.000000 0.000000
0.000000 0.000000
0.000000 0.000000
0.000000 0.000000
39.990507 116.206976
39.990505 116.206984
39.990502 116.206996
39.990504 116.206987
39.990508 116.206972
39.990506 116.206980
39.990502 116.206997
39.990503 116.206993
39.990504 116.206988
39.990505 116.206984
0.000000 0.000000
39.990504 116.206987
39.990496 116.207025
39.990487 116.207060
39.990487 116.207059
39.990487 116.207062
0.000000 0.000000
0.000000 0.000000
0.000000 0.000000
0.000000 0.000000
0.000000 0.000000
0.000000 0.000000
0.000000 0.000000
0.000000 0.000000
0.000000 0.000000
0.000000 0.000000
0.000000 0.000000
0.000000 0.000000
0.000000 0.000000
0.000000 0.000000
0.000000 0.000000
39.991084 116.206371
39.991084 116.206371
0.000000 0.000000
39.991036 116.206380
39.991084 116.206371
39.991084 116.206371
39.991084 116.206371
39.990967 116.206394
39.991084 116.206371
39.991084 116.206371
0.000000 0.000000
0.000000 0.000000
39.991084 116.206371
39.990928 116.206401
39.991084 116.206371
39.990927 116.206401
0.000000 0.000000
39.990924 116.206402
39.990877 116.206411
39.990854 116.206415
39.990836 116.206419
39.990629 116.206459
39.990564 116.206736
39.990848 116.206417
39.990871 116.206412
39.990896 116.206407
39.991084 116.206371
39.990943 116.206398
39.990978 116.206392
39.991084 116.206371
39.991034 116.206381
39.991098 116.206369
39.991084 116.206371
39.991084 116.206371
0.000000 0.000000
39.991084 116.206371
39.991084 116.206371
39.991132 116.206366
0.000000 0.000000
39.991138 116.206365
39.991084 116.206371
39.990914 116.206404
39.990873 116.206412
39.990849 116.206416
39.990838 116.206419
39.990809 116.206424
39.990795 116.206427
0.000000 0.000000
39.990791 116.206428
39.990784 116.206429
0.000000 0.000000
39.990784 116.206429
39.990805 116.206425
0.000000 0.000000
39.990808 116.206424
39.990821 116.206422
39.990831 116.206420
39.990849 116.206416
0.000000 0.000000
39.990854 116.206415
39.990867 116.206413
39.990889 116.206409
39.990922 116.206402
39.990944 116.206398
39.990956 116.206396
0.000000 0.000000
39.990959 116.206395
39.990970 116.206393
39.990991 116.206389
39.991003 116.206387
39.991031 116.206381
39.991084 116.206371
39.991078 116.206372
0.000000 0.000000
39.991084 116.206371
39.991084 116.206371
39.991084 116.206371
39.991084 116.206371
39.991084 116.206371
39.991094 116.206370
39.991084 116.206371
39.991084 116.206371
39.991051 116.206377
39.991007 116.206386
39.990978 116.206392
39.990942 116.206399
39.990934 116.206400
39.990920 116.206403
39.990902 116.206406
39.990879 116.206411
0.000000 0.000000
39.990875 116.206411
39.990860 116.206414
39.990823 116.206421
39.990806 116.206425
39.990796 116.206427
39.990761 116.206433
39.990720 116.206441
39.990684 116.206448
39.990623 116.206427
39.990629 116.206459
39.990620 116.206497
39.990613 116.206526
0.000000 0.000000
39.990612 116.206529
39.990604 116.206564
39.990594 116.206607
39.990580 116.206666
39.990570 116.206710
39.990559 116.206758
39.990549 116.206798
39.990543 116.206826
39.990531 116.206876
39.990515 116.206941
39.990508 116.206973
39.990502 116.206998
39.990505 116.206984
39.990506 116.206982
39.990500 116.207007
39.990487 116.207062
39.990475 116.207111
39.990470 116.207132
39.990460 116.207177
39.990447 116.207230
39.990444 116.207246
39.990439 116.207266
39.990436 116.207277
39.990397 116.207443
39.990429 116.207308
39.990422 116.207335
39.990417 116.207357
39.990412 116.207381
39.990405 116.207410
39.990366 116.207368
39.990351 116.207332
39.990326 116.207271
39.990314 116.207243
39.990305 116.207222
39.990296 116.207199
39.990291 116.207188
39.990276 116.207151
39.990265 116.207124
39.990251 116.207090
39.990225 116.207029
39.990210 116.206991
39.990196 116.206957
39.990185 116.206931
39.990181 116.206921
39.990188 116.206937
39.990195 116.206956
39.990213 116.206998
39.990222 116.207020
39.990237 116.207057
39.990417 116.207359
39.990263 116.207120
39.990400 116.207428
39.990290 116.207185
39.990307 116.207226
39.990322 116.207262
39.990338 116.207301
39.990353 116.207337
39.990370 116.207377
39.990379 116.207401
39.990390 116.207427
39.990397 116.207443
39.990397 116.207443
39.990387 116.207564
39.990390 116.207530
39.990403 116.207521
39.990389 116.207548
39.990387 116.207570
39.990409 116.207597
39.990410 116.207610
39.990414 116.207657
39.990417 116.207705
39.990420 116.207743
39.990424 116.207794
39.990427 116.207829
39.990429 116.207860
39.990433 116.207909
39.990434 116.207922
39.990434 116.207915
39.990434 116.207925
39.990433 116.207912
39.990397 116.207443
39.990397 116.207443
39.990369 116.207793
39.990432 116.207888
39.990432 116.207894
0.000000 0.000000
0.000000 0.000000
0.000000 0.000000
0.000000 0.000000
0.000000 0.000000
0.000000 0.000000
0.000000 0.000000
0.000000 0.000000
0.000000 0.000000
0.000000 0.000000
0.000000 0.000000
0.000000 0.000000
0.000000 0.000000
0.000000 0.000000
0.000000 0.000000
0.000000 0.000000
0.000000 0.000000
39.990434 116.207924
39.990433 116.207901
39.990431 116.207887
39.990433 116.207902
0.000000 0.000000
39.990433 116.207901
39.990432 116.207893
39.990431 116.207886
39.990367 116.207817
39.990433 116.207908
39.990366 116.207827
39.990366 116.207824
0.000000 0.000000
39.990433 116.207902
39.990432 116.207893
39.990431 116.207884
39.990397 116.207443
39.990397 116.207443
39.990430 116.207871
39.990432 116.207893
39.990432 116.207894
39.990432 116.207900
39.990435 116.207934
39.990437 116.207965
39.990439 116.207987
39.990439 116.207984
39.990439 116.207984
39.990439 116.207982
39.990439 116.207983
39.990439 116.207987
0.000000 0.000000
39.990439 116.207989
39.990442 116.208025
39.990446 116.208068
39.990447 116.208090
0.000000 0.000000
39.990447 116.208093
39.990450 116.208132
39.990452 116.208153
39.990456 116.208208
39.990460 116.208252
39.990463 116.208295
39.990465 116.208319
39.990467 116.208349
39.990337 116.208182
39.990340 116.208150
39.990343 116.208115
39.990345 116.208089
39.990350 116.208028
39.990352 116.208004
39.990354 116.207973
39.990358 116.207929
39.990361 116.207883
39.990362 116.207880
0.000000 0.000000
39.990362 116.207880
39.990364 116.207850
39.990368 116.207800
39.990373 116.207740
39.990376 116.207697
39.990379 116.207666
39.990381 116.207646
39.990411 116.207619
39.990408 116.207582
39.990405 116.207542
39.990401 116.207498
39.990399 116.207468
39.990395 116.207439
39.990395 116.207472
39.990393 116.207488
39.990380 116.207402
39.990366 116.207368
39.990352 116.207333
39.990338 116.207300
39.990320 116.207257
39.990309 116.207230
39.990397 116.207443
39.990397 116.207443
39.990295 116.207197
39.990397 116.207443
39.990392 116.207505
39.990297 116.207202
0.000000 0.000000
0.000000 0.000000
0.000000 0.000000
0.000000 0.000000
0.000000 0.000000
0.000000 0.000000
0.000000 0.000000
0.000000 0.000000
0.000000 0.000000
0.000000 0.000000
0.000000 0.000000
0.000000 0.000000
0.000000 0.000000
0.000000 0.000000
0.000000 0.000000
0.000000 0.000000
0.000000 0.000000
0.000000 0.000000
0.000000 0.000000
0.000000 0.000000
0.000000 0.000000
0.000000 0.000000
0.000000 0.000000
0.000000 0.000000
0.000000 0.000000
0.000000 0.000000
0.000000 0.000000
0.000000 0.000000
0.000000 0.000000
0.000000 0.000000
0.000000 0.000000
0.000000 0.000000
0.000000 0.000000
0.000000 0.000000
0.000000 0.000000
0.000000 0.000000
0.000000 0.000000
39.988635 116.208241
39.988635 116.208241
0.000000 0.000000
0.000000 0.000000
0.000000 0.000000
0.000000 0.000000
0.000000 0.000000
0.000000 0.000000
0.000000 0.000000
0.000000 0.000000
0.000000 0.000000
0.000000 0.000000
0.000000 0.000000
0.000000 0.000000
0.000000 0.000000
0.000000 0.000000
0.000000 0.000000
0.000000 0.000000
0.000000 0.000000
0.000000 0.000000
0.000000 0.000000
0.000000 0.000000
0.000000 0.000000
0.000000 0.000000
0.000000 0.000000
0.000000 0.000000
0.000000 0.000000
0.000000 0.000000
0.000000 0.000000
0.000000 0.000000
0.000000 0.000000
0.000000 0.000000
0.000000 0.000000
0.000000 0.000000
0.000000 0.000000
0.000000 0.000000
0.000000 0.000000
0.000000 0.000000
0.000000 0.000000
0.000000 0.000000
0.000000 0.000000
0.000000 0.000000
0.000000 0.000000
0.000000 0.000000
0.000000 0.000000
0.000000 0.000000
0.000000 0.000000
0.000000 0.000000
0.000000 0.000000
0.000000 0.000000
0.000000 0.000000
0.000000 0.000000
0.000000 0.000000
0.000000 0.000000
0.000000 0.000000
0.000000 0.000000
0.000000 0.000000
0.000000 0.000000
0.000000 0.000000
0.000000 0.000000
0.000000 0.000000
0.000000 0.000000
0.000000 0.000000
0.000000 0.000000
0.000000 0.000000
0.000000 0.000000
0.000000 0.000000
0.000000 0.000000
0.000000 0.000000
0.000000 0.000000
0.000000 0.000000
0.000000 0.000000
0.000000 0.000000
0.000000 0.000000
0.000000 0.000000
0.000000 0.000000
0.000000 0.000000
0.000000 0.000000
0.000000 0.000000
0.000000 0.000000
0.000000 0.000000
0.000000 0.000000
0.000000 0.000000
0.000000 0.000000
39.988101 116.210487
39.988096 116.210484
39.988104 116.210488
39.988100 116.210486
39.988100 116.210486
0.000000 0.000000
39.988096 116.210485
39.988083 116.210477
39.988065 116.210467
39.988058 116.210464
39.988052 116.210460
39.988055 116.210462
39.988060 116.210465
39.988051 116.210460
39.988067 116.210469
39.988101 116.210487
39.988127 116.210501
39.988138 116.210507
39.988147 116.210512
39.988166 116.210522
39.988164 116.210522
39.988138 116.210507
39.988121 116.210498
39.988136 116.210506
39.988162 116.210520
39.988172 116.210526
39.988173 116.210527
39.988186 116.210534
39.988198 116.210540
39.988209 116.210546
39.988190 116.210535
0.000000 0.000000
0.000000 0.000000
0.000000 0.000000
0.000000 0.000000
0.000000 0.000000
0.000000 0.000000
0.000000 0.000000
0.000000 0.000000
0.000000 0.000000
0.000000 0.000000
0.000000 0.000000
0.000000 0.000000
0.000000 0.000000
0.000000 0.000000
0.000000 0.000000
0.000000 0.000000
0.000000 0.000000
0.000000 0.000000
0.000000 0.000000
0.000000 0.000000
0.000000 0.000000
0.000000 0.000000
0.000000 0.000000
0.000000 0.000000
0.000000 0.000000
0.000000 0.000000
0.000000 0.000000
0.000000 0.000000
0.000000 0.000000
0.000000 0.000000
0.000000 0.000000
0.000000 0.000000
0.000000 0.000000
0.000000 0.000000
0.000000 0.000000
0.000000 0.000000
0.000000 0.000000
0.000000 0.000000
0.000000 0.000000
0.000000 0.000000
0.000000 0.000000
0.000000 0.000000
0.000000 0.000000
0.000000 0.000000
0.000000 0.000000
0.000000 0.000000
0.000000 0.000000
0.000000 0.000000
0.000000 0.000000
0.000000 0.000000
0.000000 0.000000
0.000000 0.000000
0.000000 0.000000
0.000000 0.000000
0.000000 0.000000
0.000000 0.000000
0.000000 0.000000
0.000000 0.000000
0.000000 0.000000
0.000000 0.000000
0.000000 0.000000
0.000000 0.000000
0.000000 0.000000
0.000000 0.000000
0.000000 0.000000
0.000000 0.000000
0.000000 0.000000
0.000000 0.000000
39.985653 116.211577
39.985645 116.211613
39.985631 116.211668
39.985625 116.211692
39.985615 116.211730
39.985612 116.211744
39.985608 116.211758
39.985607 116.211761
39.985601 116.211785
39.985600 116.211791
39.985596 116.211808
39.985591 116.211829
39.985591 116.211828
39.985595 116.211812
39.985600 116.211793
39.985603 116.211780
39.985606 116.211767
39.985609 116.211755
39.985615 116.211732
39.985623 116.211701
39.985626 116.211689
39.985633 116.211660
39.985633 116.211661
39.985637 116.211644
0.000000 0.000000
0.000000 0.000000
0.000000 0.000000
0.000000 0.000000
0.000000 0.000000
0.000000 0.000000
0.000000 0.000000
0.000000 0.000000
0.000000 0.000000
0.000000 0.000000
0.000000 0.000000
0.000000 0.000000
0.000000 0.000000
0.000000 0.000000
0.000000 0.000000
0.000000 0.000000
0.000000 0.000000
0.000000 0.000000
0.000000 0.000000
0.000000 0.000000
0.000000 0.000000
0.000000 0.000000
0.000000 0.000000
0.000000 0.000000
0.000000 0.000000
0.000000 0.000000
0.000000 0.000000
0.000000 0.000000
0.000000 0.000000
0.000000 0.000000
0.000000 0.000000
0.000000 0.000000
0.000000 0.000000
0.000000 0.000000
0.000000 0.000000
0.000000 0.000000
0.000000 0.000000
0.000000 0.000000
0.000000 0.000000
0.000000 0.000000
0.000000 0.000000
0.000000 0.000000
0.000000 0.000000
0.000000 0.000000
0.000000 0.000000
0.000000 0.000000
0.000000 0.000000
0.000000 0.000000
0.000000 0.000000
0.000000 0.000000
0.000000 0.000000
0.000000 0.000000
0.000000 0.000000
0.000000 0.000000
0.000000 0.000000
0.000000 0.000000
0.000000 0.000000
0.000000 0.000000
0.000000 0.000000
0.000000 0.000000
0.000000 0.000000
0.000000 0.000000
0.000000 0.000000
0.000000 0.000000
0.000000 0.000000
0.000000 0.000000
0.000000 0.000000
0.000000 0.000000
0.000000 0.000000
0.000000 0.000000
0.000000 0.000000
0.000000 0.000000
0.000000 0.000000
0.000000 0.000000
0.000000 0.000000
0.000000 0.000000
0.000000 0.000000
0.000000 0.000000
0.000000 0.000000
0.000000 0.000000
0.000000 0.000000
0.000000 0.000000
0.000000 0.000000
0.000000 0.000000
39.987548 116.210185
39.987284 116.210041
39.987284 116.210041
39.987528 116.210174
39.987284 116.210041
39.987513 116.210166
39.987504 116.210161
39.987480 116.210148
39.987458 116.210136
39.987448 116.210131
39.987448 116.210131
39.987444 116.210129
0.000000 0.000000
39.987448 116.210131
39.987451 116.210132
39.987457 116.210135
39.987464 116.210139
39.987474 116.210145
39.987482 116.210149
39.987480 116.210148
39.987474 116.210145
0.000000 0.000000
39.987470 116.210142
39.987445 116.210129
39.987437 116.210124
39.987228 116.209686
39.987228 116.209686
39.987237 116.209657
39.987256 116.209591
39.987267 116.209552
39.987276 116.209521
39.987290 116.209474
0.000000 0.000000
39.987293 116.209464
39.987228 116.209686
39.987228 116.209686
39.987322 116.209364
39.987340 116.209304
39.987353 116.209256
39.987363 116.209224
39.987377 116.209177
39.987393 116.209121
39.987388 116.209137
39.987383 116.209153
39.987381 116.209163
39.987378 116.209173
39.987495 116.208771
39.987495 116.208771
39.987396 116.209111
39.987409 116.209066
39.987423 116.209018
39.987431 116.208989
39.987495 116.208771
39.987456 116.208905
39.987495 116.208771
39.987479 116.208826
39.987490 116.208790
39.987495 116.208771
39.987495 116.208771
39.987492 116.208761
39.987476 116.208713
39.987463 116.208673
39.987453 116.208643
39.987445 116.208616
39.987432 116.208576
39.987421 116.208544
39.987407 116.208501
39.987398 116.208474
39.987495 116.208771
39.987386 116.208435
39.987495 116.208771
39.987495 116.208771
39.987368 116.208381
39.987372 116.208393
39.987378 116.208410
0.000000 0.000000
0.000000 0.000000
0.000000 0.000000
0.000000 0.000000
0.000000 0.000000
0.000000 0.000000
0.000000 0.000000
0.000000 0.000000
0.000000 0.000000
0.000000 0.000000
39.988551 116.207908
39.988555 116.207923
39.988557 116.207934
39.988566 116.207967
39.988571 116.207989
39.988574 116.207998
39.988572 116.207993
39.988573 116.207994
39.988572 116.207992
39.988574 116.207999
39.988575 116.208005
39.988586 116.208049
39.988592 116.208073
39.988594 116.208079
39.988600 116.208103
39.988607 116.208129
39.988612 116.208149
39.988612 116.208150
39.988613 116.208153
39.988612 116.208152
39.988618 116.208175
39.988615 116.208161
39.988611 116.208147
0.000000 0.000000
39.988611 116.208146
39.988608 116.208133
39.988596 116.208087
39.988594 116.208079
39.988583 116.208036
39.988578 116.208015
39.988564 116.207960
39.988555 116.207924
39.988546 116.207889
39.988535 116.207846
39.988527 116.207814
39.988523 116.207799
39.988508 116.207740
39.988491 116.207671
39.988471 116.207593
0.000000 0.000000
0.000000 0.000000
0.000000 0.000000
0.000000 0.000000
0.000000 0.000000
0.000000 0.000000
0.000000 0.000000
0.000000 0.000000
0.000000 0.000000
0.000000 0.000000
0.000000 0.000000
0.000000 0.000000
0.000000 0.000000
0.000000 0.000000
0.000000 0.000000
0.000000 0.000000
0.000000 0.000000
0.000000 0.000000
0.000000 0.000000
0.000000 0.000000
0.000000 0.000000
0.000000 0.000000
0.000000 0.000000
0.000000 0.000000
0.000000 0.000000
0.000000 0.000000
0.000000 0.000000
0.000000 0.000000
0.000000 0.000000
0.000000 0.000000
0.000000 0.000000
0.000000 0.000000
0.000000 0.000000
0.000000 0.000000
0.000000 0.000000
39.990299 116.207206
39.990397 116.207443
39.990397 116.207443
39.990397 116.207443
39.990397 116.207443
39.990397 116.207443
39.990399 116.207434
39.990278 116.207157
39.990257 116.207104
39.990234 116.207050
39.990212 116.206996
39.990194 116.206954
39.990176 116.206909
39.990160 116.206872
39.990150 116.206847
39.990139 116.206819
39.990122 116.206780
39.990110 116.206750
39.990098 116.206721
39.990083 116.206686
39.990071 116.206656
39.990051 116.206609
39.990033 116.206563
39.990018 116.206527
39.990000 116.206486
39.989985 116.206448
39.989969 116.206411
39.989955 116.206376
39.989939 116.206338
39.989925 116.206303
39.989910 116.206268
39.989894 116.206228
39.989878 116.206190
39.989862 116.206151
39.989844 116.206107
39.989825 116.206062
39.989810 116.206026
39.989804 116.206012
39.989796 116.205993
39.989783 116.205961
39.989766 116.205919
39.989754 116.205891
39.989743 116.205866
39.989739 116.205855
39.989711 116.205788
39.989693 116.205743
39.989796 116.205189
39.989809 116.205177
39.989790 116.205194
0.000000 0.000000
0.000000 0.000000
39.989805 116.205180
39.989667 116.205682
39.989660 116.205665
39.989801 116.205184
0.000000 0.000000
39.989798 116.205186
39.989815 116.205171
39.989844 116.205146
39.989867 116.205124
39.989889 116.205105
39.989910 116.205087
39.989911 116.205085
39.989928 116.205070
39.989963 116.205039
39.989972 116.205031
39.990007 116.204999
39.990043 116.204967
39.990099 116.204917
39.990323 116.204716
39.990323 116.204716
39.990323 116.204716
39.990189 116.204836
39.990323 116.204716
39.990323 116.204716
39.990323 116.204716
0.000000 0.000000
0.000000 0.000000
0.000000 0.000000
39.976322 116.201766
39.976337 116.201012
39.976134 116.200761
39.976035 116.200736
39.976073 116.200745
39.976335 116.201040
39.975980 116.200721
39.975706 116.200650
39.975283 116.200588
39.974897 116.201187
39.974613 116.201290
39.974313 116.201324
39.973937 116.201151
39.973620 116.201420
39.973336 116.201515
39.973104 116.201592
39.973058 116.201607
39.973058 116.201607
39.973058 116.201607
0.000000 0.000000
39.973058 116.201607
39.973058 116.201607
0.000000 0.000000
39.973058 116.201607
39.973058 116.201607
39.973058 116.201607
39.973058 116.201607
39.973058 116.201607
39.973058 116.201607
39.973058 116.201607
0.000000 0.000000
0.000000 0.000000
0.000000 0.000000
0.000000 0.000000
0.000000 0.000000
0.000000 0.000000
0.000000 0.000000
0.000000 0.000000
0.000000 0.000000
0.000000 0.000000
0.000000 0.000000
0.000000 0.000000
0.000000 0.000000
0.000000 0.000000
0.000000 0.000000
0.000000 0.000000
0.000000 0.000000
0.000000 0.000000
0.000000 0.000000
0.000000 0.000000
0.000000 0.000000
0.000000 0.000000
0.000000 0.000000
0.000000 0.000000
0.000000 0.000000
39.971752 116.207709
39.971962 116.208506
0.000000 0.000000
0.000000 0.000000
39.971715 116.211266
39.971705 116.211265
39.971690 116.211264
39.971678 116.211264
39.971679 116.211264
39.971705 116.211265
39.971718 116.211266
39.971735 116.211267
0.000000 0.000000
0.000000 0.000000
0.000000 0.000000
0.000000 0.000000
0.000000 0.000000
0.000000 0.000000
0.000000 0.000000
0.000000 0.000000
39.971756 116.217831
39.971837 116.217853
39.971713 116.219406
39.971713 116.219657
39.971700 116.220652
0.000000 0.000000
0.000000 0.000000
0.000000 0.000000
0.000000 0.000000
0.000000 0.000000
39.971682 116.223599
39.971682 116.223599
39.971683 116.224092
39.971730 116.224681
0.000000 0.000000
0.000000 0.000000
0.000000 0.000000
0.000000 0.000000
0.000000 0.000000
0.000000 0.000000
39.971743 116.227569
39.971798 116.227575
0.000000 0.000000
0.000000 0.000000
0.000000 0.000000
0.000000 0.000000
39.971729 116.232174
39.971797 116.232185
0.000000 0.000000
0.000000 0.000000
0.000000 0.000000
0.000000 0.000000
0.000000 0.000000
0.000000 0.000000
0.000000 0.000000
0.000000 0.000000
0.000000 0.000000
0.000000 0.000000
39.971788 116.234602
39.971782 116.234602
39.971480 116.235439
39.971739 116.236138
0.000000 0.000000
0.000000 0.000000
0.000000 0.000000
39.971907 116.239761
39.971898 116.239764
39.971892 116.239766
39.971848 116.239781
39.971821 116.239991
39.971762 116.240111
0.000000 0.000000
0.000000 0.000000
0.000000 0.000000
39.972227 116.243347
39.971714 116.243963
39.971574 116.244769
39.972151 116.245576
39.971838 116.246260
39.971804 116.246264
0.000000 0.000000
0.000000 0.000000
0.000000 0.000000
0.000000 0.000000
0.000000 0.000000
0.000000 0.000000
0.000000 0.000000
0.000000 0.000000
0.000000 0.000000
0.000000 0.000000
0.000000 0.000000
39.971962 116.251067
39.971948 116.251069
39.971922 116.251073
0.000000 0.000000
0.000000 0.000000
0.000000 0.000000
39.972067 116.253370
39.971875 116.253882
39.971980 116.254025
39.971997 116.254048
39.972021 116.254080
39.972117 116.254211
39.972182 116.254299
39.972185 116.254304
39.972185 116.254304
39.972184 116.254302
39.972182 116.254299
39.972182 116.254300
39.972181 116.254298
39.972180 116.254296
0.000000 0.000000
0.000000 0.000000
0.000000 0.000000
0.000000 0.000000
39.972180 116.254297
39.972181 116.254297
39.972181 116.254298
0.000000 0.000000
0.000000 0.000000
39.972181 116.254298
39.972186 116.254304
39.972268 116.254416
0.000000 0.000000
0.000000 0.000000
0.000000 0.000000
0.000000 0.000000
39.971869 116.257071
39.971619 116.257083
39.971606 116.257084
0.000000 0.000000
39.970201 116.257973
39.970215 116.258001
39.969968 116.258698
0.000000 0.000000
0.000000 0.000000
0.000000 0.000000
0.000000 0.000000
0.000000 0.000000
0.000000 0.000000
0.000000 0.000000
0.000000 0.000000
0.000000 0.000000
0.000000 0.000000
0.000000 0.000000
0.000000 0.000000
0.000000 0.000000
0.000000 0.000000
0.000000 0.000000
0.000000 0.000000
0.000000 0.000000
0.000000 0.000000
0.000000 0.000000
0.000000 0.000000
0.000000 0.000000
0.000000 0.000000
0.000000 0.000000
0.000000 0.000000
0.000000 0.000000
0.000000 0.000000
0.000000 0.000000
0.000000 0.000000
0.000000 0.000000
0.000000 0.000000
0.000000 0.000000
0.000000 0.000000
0.000000 0.000000
0.000000 0.000000
39.965335 116.269672
39.965138 116.269804
39.964828 116.270379
39.964836 116.270770
0.000000 0.000000
0.000000 0.000000
0.000000 0.000000
0.000000 0.000000
0.000000 0.000000
0.000000 0.000000
0.000000 0.000000
0.000000 0.000000
0.000000 0.000000
39.969760 116.270674
39.969892 116.271143
39.970261 116.271785
39.970297 116.272630
39.970846 116.273418
39.971276 116.274165
39.971166 116.274302
39.971143 116.274330
39.971119 116.274354
39.971143 116.274330
0.000000 0.000000
0.000000 0.000000
39.971143 116.274330
39.971143 116.274330
0.000000 0.000000
39.971765 116.275583
39.971900 116.275550
0.000000 0.000000
0.000000 0.000000
0.000000 0.000000
0.000000 0.000000
0.000000 0.000000
0.000000 0.000000
39.974273 116.279733
39.974260 116.279749
0.000000 0.000000
0.000000 0.000000
39.975567 116.281813
39.975984 116.282040
39.976477 116.281997
39.976978 116.282929
39.977273 116.283284
0.000000 0.000000
0.000000 0.000000
0.000000 0.000000
0.000000 0.000000
0.000000 0.000000
0.000000 0.000000
0.000000 0.000000
0.000000 0.000000
0.000000 0.000000
0.000000 0.000000
0.000000 0.000000
0.000000 0.000000
0.000000 0.000000
0.000000 0.000000
39.980882 116.287698
39.981333 116.287830
39.981777 116.287960
0.000000 0.000000
39.982555 116.290094
39.982476 116.290711
39.982430 116.291069
39.982398 116.291318
39.982388 116.291782
39.982213 116.292304
39.981917 116.292908
39.981947 116.293074
0.000000 0.000000
0.000000 0.000000
0.000000 0.000000
0.000000 0.000000
0.000000 0.000000
0.000000 0.000000
0.000000 0.000000
0.000000 0.000000
0.000000 0.000000
0.000000 0.000000
0.000000 0.000000
0.000000 0.000000
0.000000 0.000000
0.000000 0.000000
0.000000 0.000000
39.974145 116.294654
39.974145 116.294656
0.000000 0.000000
0.000000 0.000000
0.000000 0.000000
0.000000 0.000000
0.000000 0.000000
39.973416 116.296383
39.973518 116.296379
39.973262 116.297119
0.000000 0.000000
39.974295 116.297388
39.974294 116.297384
39.974294 116.297384
39.974294 116.297384
39.974294 116.297384
0.000000 0.000000
39.974294 116.297386
39.974296 116.297416
39.974307 116.297622
39.974326 116.297954
39.974351 116.298419
39.974359 116.298849
39.974274 116.299049
39.974360 116.299244
39.974361 116.299263
39.974361 116.299266
0.000000 0.000000
39.974361 116.299273
39.974362 116.299295
39.974370 116.299512
39.974381 116.299843
39.974394 116.300190
39.974406 116.300520
39.974422 116.300981
39.974464 116.301470
39.974585 116.301816
39.974477 116.302198
39.974500 116.302185
39.974507 116.302181
39.974506 116.302182
0.000000 0.000000
39.974505 116.302182
39.974502 116.302184
39.974502 116.302184
0.000000 0.000000
39.974503 116.302183
39.974446 116.302215
39.974366 116.302260
39.974434 116.302390
39.974366 116.302784
39.974388 116.302807
39.974553 116.303201
39.974760 116.303843
39.974597 116.304253
39.974596 116.304953
0.000000 0.000000
39.974565 116.306468
39.974480 116.306479
39.974590 116.307759
39.974553 116.307774
39.974521 116.307788
0.000000 0.000000
0.000000 0.000000
0.000000 0.000000
0.000000 0.000000
0.000000 0.000000
0.000000 0.000000
0.000000 0.000000
0.000000 0.000000
0.000000 0.000000
0.000000 0.000000
0.000000 0.000000
0.000000 0.000000
0.000000 0.000000
0.000000 0.000000
0.000000 0.000000
0.000000 0.000000
0.000000 0.000000
0.000000 0.000000
0.000000 0.000000
0.000000 0.000000
0.000000 0.000000
0.000000 0.000000
0.000000 0.000000
0.000000 0.000000
0.000000 0.000000
0.000000 0.000000
0.000000 0.000000
0.000000 0.000000
0.000000 0.000000
0.000000 0.000000
0.000000 0.000000
0.000000 0.000000
39.974984 116.317848
39.974895 116.317886
39.974861 116.317900
39.974847 116.317905
39.974848 116.317905
39.974849 116.317905
0.000000 0.000000
39.974848 116.317905
39.974846 116.317906
39.974870 116.318207
39.974643 116.318580
39.974829 116.318838
39.974811 116.319323
39.974837 116.319730
39.974881 116.320111
39.974940 116.320215
39.974942 116.320223
39.974941 116.320220
0.000000 0.000000
39.974942 116.320223
39.974972 116.320342
39.974955 116.320644
39.975167 116.320921
39.975070 116.321751
39.975107 116.322243
39.975133 116.322582
39.974879 116.323814
39.974989 116.324031
39.975105 116.324261
39.975153 116.324356
39.975192 116.324431
39.975217 116.324481
39.975197 116.325203
39.975022 116.325212
39.975217 116.325748
39.974988 116.326345
39.974817 116.326688
39.974825 116.326987
39.974832 116.327264
39.975271 116.327523
39.975278 116.327778
39.976170 116.327593
39.976425 116.327583
39.977308 116.328056
39.977467 116.328049
39.977689 116.328037
39.977641 116.328042
39.977602 116.328044
39.977577 116.328045
39.977547 116.328046
39.977506 116.328048
39.977460 116.328050
39.977360 116.328054
39.977308 116.328056
39.977308 116.328056
39.977308 116.328056
39.977308 116.328056
39.977308 116.328056
0.000000 0.000000
39.976427 116.327674
39.976430 116.327773
39.976432 116.327865
39.976434 116.327952
39.976436 116.328034
39.976438 116.328126
39.976440 116.328204
39.976443 116.328289
39.976445 116.328391
39.976447 116.328487
39.976450 116.328576
39.976451 116.328646
39.976454 116.328733
39.976456 116.328812
39.976458 116.328898
39.976460 116.328979
39.976462 116.329055
39.976464 116.329130
39.976465 116.329205
39.976467 116.329278
39.976469 116.329363
39.976794 116.329525
39.976760 116.329527
39.976727 116.329530
39.976702 116.329532
39.976481 116.329787
39.976483 116.329874
39.976485 116.329945
39.976487 116.330029
39.976488 116.330067
39.976488 116.330057
39.976404 116.330050
39.976490 116.330136
39.976491 116.330153
39.976491 116.330182
39.976491 116.330171
39.976408 116.330168
39.976326 116.330175
39.976329 116.330255
39.976261 116.330226
39.976258 116.330136
39.976262 116.330257
39.976262 116.330257
39.976262 116.330257
39.976262 116.330257
39.976261 116.330228
0.000000 0.000000
0.000000 0.000000
0.000000 0.000000
0.000000 0.000000
0.000000 0.000000
0.000000 0.000000
0.000000 0.000000
0.000000 0.000000
0.000000 0.000000
0.000000 0.000000
0.000000 0.000000
0.000000 0.000000
0.000000 0.000000
0.000000 0.000000
39.972087 116.332020
39.975591 116.331837
39.975591 116.331837
39.975591 116.331837
39.975591 116.331837
39.975591 116.331837
39.975591 116.331837
39.975529 116.331856
39.975474 116.331873
39.975429 116.331886
39.975381 116.331901
39.975141 116.331974
39.975125 116.332014
39.975761 116.332378
39.975761 116.332378
39.975762 116.332444
39.975764 116.332524
39.975765 116.332620
39.975767 116.332697
39.975768 116.332789
39.975770 116.332880
39.975772 116.332969
39.975774 116.333077
39.975775 116.333167
39.975777 116.333240
39.975778 116.333332
39.975355 116.333965
39.975346 116.333646
39.975349 116.333645
39.975299 116.333648
39.975292 116.333649
39.975301 116.333648
39.975318 116.333647
39.975352 116.333830
39.975385 116.333829
39.975415 116.333828
39.975461 116.333967
39.975505 116.333968
39.975510 116.333968
39.975509 116.333968
0.000000 0.000000
39.975509 116.333968
0.000000 0.000000
39.975509 116.333968
39.975512 116.333968
39.975499 116.333824
39.975505 116.333824
39.975507 116.333824
39.975508 116.333824
39.975507 116.333824
39.975507 116.333824
39.975506 116.333824
39.975506 116.333824
39.975506 116.333824
39.975506 116.333824
39.975506 116.333824
39.975506 116.333824
0.000000 0.000000
39.975507 116.333824
39.975529 116.333823
39.975547 116.333822
39.975568 116.333821
39.975573 116.333821
39.975588 116.333969
39.975583 116.333969
39.975585 116.333969
39.975585 116.333969
39.975584 116.333969
0.000000 0.000000
39.975582 116.333969
39.975592 116.333969
39.975663 116.333817
39.975925 116.333806
39.976677 116.333574
39.977540 116.333530
39.978549 116.333450
39.979270 116.333448
39.980180 116.333417
39.981051 116.332688
0.000000 0.000000
39.982643 116.332450
0.000000 0.000000
39.984299 116.331988
39.984923 116.331944
39.985724 116.331920
39.986213 116.331866
0.000000 0.000000
39.988126 116.331765
39.988897 116.331769
39.989650 116.331604
0.000000 0.000000
39.991188 116.331455
39.991380 116.331362
39.991782 116.331167
39.992091 116.331017
39.992525 116.331499
39.992163 116.330982
39.992524 116.331529
0.000000 0.000000
39.992524 116.331522
39.992525 116.331512
39.992525 116.331499
0.000000 0.000000
39.992525 116.331502
39.992525 116.331513
39.992524 116.331523
39.992523 116.331537
39.992523 116.331552
39.992521 116.331577
39.993212 116.331734
39.993637 116.331599
39.994260 116.331530
39.994974 116.331588
39.995810 116.331453
39.996655 116.331390
39.997485 116.331439
39.998423 116.331596
39.999283 116.331339
0.000000 0.000000
40.001082 116.331270
40.001828 116.330687
40.002583 116.331229
40.003639 116.331333
40.004357 116.331289
40.005203 116.330492
40.006029 116.330447
40.006869 116.330404
40.007680 116.330372
40.008427 116.330347
40.009035 116.329178
40.009759 116.328742
40.010223 116.327982
40.011009 116.326903
40.011598 116.326431
40.012284 116.325583
40.013204 116.324735
40.013294 116.324027
40.014427 116.323161
40.014776 116.322903
0.000000 0.000000
0.000000 0.000000
40.016821 116.320214
40.017501 116.320171
40.018308 116.319407
40.018864 116.319106
40.019646 116.318815
0.000000 0.000000
40.021081 116.318204
40.022166 116.317832
40.022984 116.317496
40.023881 116.317145
0.000000 0.000000
0.000000 0.000000
0.000000 0.000000
40.027083 116.315508
40.027677 116.315563
0.000000 0.000000
40.029403 116.315009
0.000000 0.000000
40.030959 116.314343
40.031129 116.314577
40.031891 116.313997
40.032243 116.313824
40.032616 116.313716
40.032636 116.313795
40.032656 116.313876
40.032661 116.313893
0.000000 0.000000
40.032661 116.313894
40.032656 116.313876
40.032656 116.313876
40.032657 116.313878
40.032657 116.313880
40.032655 116.313872
40.032465 116.313555
40.032654 116.313865
0.000000 0.000000
40.032652 116.313858
40.032647 116.313840
40.032994 116.313358
40.033743 116.313321
0.000000 0.000000
0.000000 0.000000
40.036468 116.311669
40.036967 116.311252
40.037420 116.310627
40.037947 116.310029
40.038462 116.309421
40.038977 116.308713
40.039777 116.308569
40.040410 116.307251
40.041189 116.307106
40.041920 116.306761
40.042575 116.306580
40.043447 116.305798
40.044233 116.305195
40.044982 116.304670
40.045497 116.304161
40.046444 116.303452
40.046871 116.303094
0.000000 0.000000
0.000000 0.000000
40.049301 116.301521
40.049871 116.300912
40.050452 116.300681
40.050936 116.300696
40.051208 116.300375
40.051252 116.300358
40.051160 116.300394
40.051127 116.300407
40.050950 116.300614
0.000000 0.000000
40.050949 116.300622
40.051127 116.300407
40.051018 116.300451
40.050939 116.300679
0.000000 0.000000
40.050938 116.300684
40.051256 116.300356
40.051829 116.300132
40.052624 116.300073
40.053429 116.299789
40.054132 116.299145
40.054802 116.298694
0.000000 0.000000
0.000000 0.000000
0.000000 0.000000
0.000000 0.000000
0.000000 0.000000
40.059682 116.295952
40.060594 116.294817
40.061373 116.294559
40.062128 116.294308
40.062873 116.294061
40.063223 116.293277
40.064285 116.293214
40.064922 116.292711
0.000000 0.000000
0.000000 0.000000
0.000000 0.000000
0.000000 0.000000
0.000000 0.000000
0.000000 0.000000
0.000000 0.000000
0.000000 0.000000
0.000000 0.000000
0.000000 0.000000
0.000000 0.000000
0.000000 0.000000
40.070028 116.313602
0.000000 0.000000
0.000000 0.000000
0.000000 0.000000
0.000000 0.000000
0.000000 0.000000
0.000000 0.000000
0.000000 0.000000
0.000000 0.000000
0.000000 0.000000
0.000000 0.000000
0.000000 0.000000
0.000000 0.000000
0.000000 0.000000
0.000000 0.000000
0.000000 0.000000
0.000000 0.000000
40.069565 116.315533
40.069625 116.316226
40.069379 116.317474
40.069421 116.318636
40.069423 116.319784
0.000000 0.000000
40.069363 116.321922
40.068951 116.323270
40.069169 116.324196
40.069244 116.324947
40.069067 116.326392
40.069155 116.327447
40.069157 116.328281
40.069145 116.328896
0.000000 0.000000
0.000000 0.000000
0.000000 0.000000
40.069545 116.331123
40.069545 116.331123
40.069545 116.331123
40.069545 116.331123
40.069545 116.331123
40.069545 116.331123
0.000000 0.000000
40.069545 116.331123
40.069545 116.331123
40.069488 116.331446
40.069540 116.332259
40.069353 116.333332
40.069359 116.334861
40.069251 116.335711
40.069432 116.336731
40.069136 116.337892
40.069181 116.339002
40.069299 116.340068
40.069390 116.341076
40.069346 116.341896
40.069836 116.343080
40.069798 116.344084
40.069761 116.345045
0.000000 0.000000
0.000000 0.000000
0.000000 0.000000
0.000000 0.000000
0.000000 0.000000
0.000000 0.000000
0.000000 0.000000
0.000000 0.000000
40.068914 116.354152
40.069116 116.354499
40.069254 116.354736
40.069314 116.354838
40.069336 116.354876
40.069339 116.354882
40.069350 116.354901
40.069356 116.354911
40.069358 116.354914
40.069355 116.354909
40.069354 116.354908
40.069357 116.354913
40.069356 116.354911
0.000000 0.000000
40.069359 116.354915
0.000000 0.000000
0.000000 0.000000
40.068995 116.356728
40.068701 116.358067
40.068975 116.358976
40.069082 116.360261
40.068899 116.361239
0.000000 0.000000
40.068664 116.363161
0.000000 0.000000
0.000000 0.000000
0.000000 0.000000
0.000000 0.000000
0.000000 0.000000
0.000000 0.000000
0.000000 0.000000
40.065542 116.371598
40.065015 116.372524
40.064616 116.373112
40.064084 116.374661
40.063899 116.375251
40.063330 116.375915
40.063249 116.377141
40.062791 116.378498
40.062030 116.379005
40.062006 116.379898
40.061588 116.380786
40.061442 116.381740
40.060822 116.382435
0.000000 0.000000
40.059911 116.384532
40.059377 116.385022
40.059211 116.386096
0.000000 0.000000
0.000000 0.000000
0.000000 0.000000
40.057660 116.390339
40.056888 116.391248
40.056980 116.392101
40.056395 116.393370
0.000000 0.000000
0.000000 0.000000
0.000000 0.000000
40.054826 116.397128
0.000000 0.000000
0.000000 0.000000
0.000000 0.000000
0.000000 0.000000
0.000000 0.000000
0.000000 0.000000
0.000000 0.000000
0.000000 0.000000
40.051578 116.404921
40.051385 116.404925
40.051249 116.404927
40.051193 116.404928
40.051156 116.404929
40.051153 116.404929
40.051152 116.404929
40.051148 116.404929
40.051151 116.404929
40.051152 116.404929
0.000000 0.000000
40.051155 116.404929
40.051160 116.404929
40.051166 116.404928
40.051171 116.404928
40.051179 116.404928
40.051203 116.404928
40.051248 116.404927
40.051289 116.404926
40.051348 116.404925
40.051540 116.404922
40.051682 116.404920
0.000000 0.000000
40.051687 116.404920
40.051679 116.404920
40.051759 116.404918
40.051818 116.404917
40.051778 116.404918
40.051765 116.404918
40.051800 116.404918
40.051807 116.404917
40.051818 116.404917
40.051831 116.404917
40.051847 116.404917
40.051875 116.404916
40.051877 116.404916
40.051881 116.404916
40.051890 116.404916
40.051911 116.404916
40.051889 116.404916
40.051871 116.404916
40.051883 116.404916
0.000000 0.000000
0.000000 0.000000
0.000000 0.000000
0.000000 0.000000
0.000000 0.000000
0.000000 0.000000
0.000000 0.000000
0.000000 0.000000
0.000000 0.000000
0.000000 0.000000
0.000000 0.000000
0.000000 0.000000
0.000000 0.000000
0.000000 0.000000
0.000000 0.000000
0.000000 0.000000
0.000000 0.000000
0.000000 0.000000
0.000000 0.000000
0.000000 0.000000
0.000000 0.000000
0.000000 0.000000
0.000000 0.000000
0.000000 0.000000
0.000000 0.000000
0.000000 0.000000
0.000000 0.000000
0.000000 0.000000
0.000000 0.000000
0.000000 0.000000
0.000000 0.000000
0.000000 0.000000
0.000000 0.000000
0.000000 0.000000
0.000000 0.000000
0.000000 0.000000
0.000000 0.000000
0.000000 0.000000
0.000000 0.000000
0.000000 0.000000
0.000000 0.000000
0.000000 0.000000
0.000000 0.000000
0.000000 0.000000
0.000000 0.000000
0.000000 0.000000
0.000000 0.000000
0.000000 0.000000
0.000000 0.000000
0.000000 0.000000
0.000000 0.000000
0.000000 0.000000
0.000000 0.000000
0.000000 0.000000
0.000000 0.000000
0.000000 0.000000
0.000000 0.000000
0.000000 0.000000
0.000000 0.000000
0.000000 0.000000
0.000000 0.000000
0.000000 0.000000
0.000000 0.000000
0.000000 0.000000
0.000000 0.000000
0.000000 0.000000
0.000000 0.000000
0.000000 0.000000
0.000000 0.000000
0.000000 0.000000
0.000000 0.000000
0.000000 0.000000
0.000000 0.000000
0.000000 0.000000
0.000000 0.000000
0.000000 0.000000
0.000000 0.000000
0.000000 0.000000
0.000000 0.000000
0.000000 0.000000
0.000000 0.000000
0.000000 0.000000
0.000000 0.000000
0.000000 0.000000
0.000000 0.000000
0.000000 0.000000
0.000000 0.000000
0.000000 0.000000
0.000000 0.000000
0.000000 0.000000
0.000000 0.000000
0.000000 0.000000
0.000000 0.000000
0.000000 0.000000
0.000000 0.000000
0.000000 0.000000
0.000000 0.000000
0.000000 0.000000
0.000000 0.000000
0.000000 0.000000
0.000000 0.000000
0.000000 0.000000
0.000000 0.000000
0.000000 0.000000
0.000000 0.000000
0.000000 0.000000
0.000000 0.000000
0.000000 0.000000
0.000000 0.000000
0.000000 0.000000
0.000000 0.000000
0.000000 0.000000
0.000000 0.000000
0.000000 0.000000
0.000000 0.000000
0.000000 0.000000
0.000000 0.000000
0.000000 0.000000
0.000000 0.000000
0.000000 0.000000
0.000000 0.000000
0.000000 0.000000
0.000000 0.000000
0.000000 0.000000
0.000000 0.000000
0.000000 0.000000
0.000000 0.000000
0.000000 0.000000
0.000000 0.000000
0.000000 0.000000
0.000000 0.000000
0.000000 0.000000
0.000000 0.000000
0.000000 0.000000
0.000000 0.000000
0.000000 0.000000
0.000000 0.000000
0.000000 0.000000
0.000000 0.000000
0.000000 0.000000
0.000000 0.000000
0.000000 0.000000
0.000000 0.000000
0.000000 0.000000
0.000000 0.000000
0.000000 0.000000
0.000000 0.000000
0.000000 0.000000
0.000000 0.000000
0.000000 0.000000
0.000000 0.000000
0.000000 0.000000
0.000000 0.000000
0.000000 0.000000
0.000000 0.000000
0.000000 0.000000
0.000000 0.000000
0.000000 0.000000
0.000000 0.000000
0.000000 0.000000
0.000000 0.000000
0.000000 0.000000
0.000000 0.000000
0.000000 0.000000
0.000000 0.000000
0.000000 0.000000
0.000000 0.000000
0.000000 0.000000
0.000000 0.000000
0.000000 0.000000
0.000000 0.000000
0.000000 0.000000
0.000000 0.000000
0.000000 0.000000
0.000000 0.000000
0.000000 0.000000
0.000000 0.000000
0.000000 0.000000
0.000000 0.000000
0.000000 0.000000
0.000000 0.000000
0.000000 0.000000
0.000000 0.000000
0.000000 0.000000
0.000000 0.000000
0.000000 0.000000
0.000000 0.000000
0.000000 0.000000
0.000000 0.000000
0.000000 0.000000
0.000000 0.000000
0.000000 0.000000
0.000000 0.000000
40.047114 116.397620
40.047117 116.397656
40.047120 116.397701
40.047122 116.397734
40.047124 116.397764
40.047125 116.397777
40.047126 116.397787
40.047126 116.397787
40.047125 116.397786
40.047126 116.397787
40.047125 116.397784
40.047125 116.397776
40.047125 116.397782
40.047125 116.397784
40.047126 116.397788
0.000000 0.000000
40.047125 116.397781
0.000000 0.000000
0.000000 0.000000
0.000000 0.000000
0.000000 0.000000
0.000000 0.000000
0.000000 0.000000
0.000000 0.000000
0.000000 0.000000
0.000000 0.000000
0.000000 0.000000
0.000000 0.000000
0.000000 0.000000
0.000000 0.000000
0.000000 0.000000
0.000000 0.000000
0.000000 0.000000
0.000000 0.000000
0.000000 0.000000
0.000000 0.000000
0.000000 0.000000
0.000000 0.000000
0.000000 0.000000
0.000000 0.000000
0.000000 0.000000
0.000000 0.000000
40.046146 116.399256
40.046176 116.399255
40.046209 116.399254
40.046228 116.399253
40.046241 116.399253
40.046268 116.399252
40.046303 116.399250
40.046354 116.399248
40.046422 116.399246
40.046458 116.399245
40.046491 116.399243
40.046515 116.399242
40.046533 116.399242
40.046559 116.399241
40.046591 116.399240
40.046632 116.399238
40.046673 116.399236
40.046718 116.399235
40.046752 116.399234
40.046769 116.399233
40.046791 116.399232
40.046845 116.399230
40.046899 116.399228
40.046956 116.399226
40.046993 116.399225
40.047186 116.398697
40.047189 116.398740
40.047193 116.398801
40.047193 116.398803
40.047193 116.398800
40.047193 116.398796
40.047193 116.398802
40.047193 116.398800
40.047195 116.398823
40.047396 116.399193
40.047426 116.399189
40.047479 116.399183
40.047524 116.399177
40.047586 116.399169
40.047619 116.399165
40.047669 116.399158
40.047720 116.399152
40.047763 116.399146
40.047820 116.399139
40.047875 116.399132
40.047932 116.399124
40.048000 116.399115
40.048030 116.399111
40.048030 116.399111
40.048048 116.399109
40.048057 116.399108
40.048053 116.399108
40.048075 116.399106
40.048100 116.399102
40.048134 116.399098
40.048176 116.399093
40.048405 116.399063
40.048451 116.399057
40.048485 116.399053
40.048522 116.399048
40.048567 116.399042
40.048606 116.399037
40.048653 116.399031
40.048670 116.399029
40.048677 116.399028
40.048702 116.399025
40.048757 116.399017
40.048820 116.399009
40.048858 116.399004
40.048906 116.398998
40.048940 116.398994
40.048979 116.398989
40.049006 116.398985
40.049026 116.398983
40.049071 116.398977
40.049106 116.398972
40.049153 116.398966
40.049206 116.398959
40.049239 116.398955
40.049274 116.398951
40.049322 116.398944
40.049348 116.398941
40.049377 116.398937
40.049408 116.398933
40.049454 116.398927
40.049488 116.398923
40.049523 116.398918
40.049549 116.398915
40.049593 116.398909
40.049644 116.398903
40.049680 116.398898
40.049719 116.398893
40.049746 116.398890
40.049762 116.398888
40.049802 116.398882
40.049845 116.398877
40.049893 116.398871
40.049935 116.398865
40.049975 116.398860
40.050016 116.398855
40.050074 116.398847
40.050115 116.398842
40.050161 116.398836
40.050188 116.398833
40.050220 116.398828
40.050251 116.398824
40.050284 116.398820
40.050319 116.398816
40.050324 116.398815
40.050324 116.398815
40.050324 116.398815
40.050324 116.398815
40.050324 116.398815
40.050324 116.398815
40.050324 116.398815
40.050324 116.398815
40.050324 116.398815
40.050324 116.398815
0.000000 0.000000
0.000000 0.000000
0.000000 0.000000
0.000000 0.000000
0.000000 0.000000
0.000000 0.000000
0.000000 0.000000
0.000000 0.000000
0.000000 0.000000
0.000000 0.000000
0.000000 0.000000
0.000000 0.000000
0.000000 0.000000
0.000000 0.000000
0.000000 0.000000
0.000000 0.000000
0.000000 0.000000
0.000000 0.000000
0.000000 0.000000
0.000000 0.000000
0.000000 0.000000
0.000000 0.000000
0.000000 0.000000
0.000000 0.000000
0.000000 0.000000
0.000000 0.000000
0.000000 0.000000
0.000000 0.000000
0.000000 0.000000
0.000000 0.000000
0.000000 0.000000
0.000000 0.000000
0.000000 0.000000
0.000000 0.000000
0.000000 0.000000
0.000000 0.000000
0.000000 0.000000
0.000000 0.000000
0.000000 0.000000
0.000000 0.000000
0.000000 0.000000
0.000000 0.000000
0.000000 0.000000
0.000000 0.000000
0.000000 0.000000
0.000000 0.000000
0.000000 0.000000
0.000000 0.000000
0.000000 0.000000
0.000000 0.000000
0.000000 0.000000
0.000000 0.000000
0.000000 0.000000
0.000000 0.000000
0.000000 0.000000
0.000000 0.000000
0.000000 0.000000
0.000000 0.000000
0.000000 0.000000
0.000000 0.000000
0.000000 0.000000
0.000000 0.000000
0.000000 0.000000
0.000000 0.000000
0.000000 0.000000
0.000000 0.000000
0.000000 0.000000
0.000000 0.000000
0.000000 0.000000
0.000000 0.000000
0.000000 0.000000
0.000000 0.000000
0.000000 0.000000
0.000000 0.000000
0.000000 0.000000
0.000000 0.000000
0.000000 0.000000
0.000000 0.000000
0.000000 0.000000
0.000000 0.000000
0.000000 0.000000
0.000000 0.000000
0.000000 0.000000
0.000000 0.000000
0.000000 0.000000
0.000000 0.000000
0.000000 0.000000
0.000000 0.000000
0.000000 0.000000
0.000000 0.000000
0.000000 0.000000
0.000000 0.000000
0.000000 0.000000
0.000000 0.000000
0.000000 0.000000
0.000000 0.000000
0.000000 0.000000
0.000000 0.000000
0.000000 0.000000
0.000000 0.000000
0.000000 0.000000
0.000000 0.000000
0.000000 0.000000
0.000000 0.000000
0.000000 0.000000
0.000000 0.000000
0.000000 0.000000
0.000000 0.000000
0.000000 0.000000
0.000000 0.000000
0.000000 0.000000
0.000000 0.000000
0.000000 0.000000
0.000000 0.000000
0.000000 0.000000
0.000000 0.000000
0.000000 0.000000
0.000000 0.000000
0.000000 0.000000
0.000000 0.000000
0.000000 0.000000
0.000000 0.000000
0.000000 0.000000
0.000000 0.000000
0.000000 0.000000
0.000000 0.000000
0.000000 0.000000
0.000000 0.000000
0.000000 0.000000
0.000000 0.000000
0.000000 0.000000
0.000000 0.000000
0.000000 0.000000
0.000000 0.000000
0.000000 0.000000
0.000000 0.000000
0.000000 0.000000
0.000000 0.000000
0.000000 0.000000
0.000000 0.000000
0.000000 0.000000
0.000000 0.000000
0.000000 0.000000
0.000000 0.000000
0.000000 0.000000
0.000000 0.000000
0.000000 0.000000
0.000000 0.000000
0.000000 0.000000
0.000000 0.000000
0.000000 0.000000
0.000000 0.000000
0.000000 0.000000
0.000000 0.000000
0.000000 0.000000
0.000000 0.000000
0.000000 0.000000
0.000000 0.000000
0.000000 0.000000
0.000000 0.000000
0.000000 0.000000
0.000000 0.000000
0.000000 0.000000
0.000000 0.000000
0.000000 0.000000
0.000000 0.000000
0.000000 0.000000
0.000000 0.000000
0.000000 0.000000
0.000000 0.000000
0.000000 0.000000
0.000000 0.000000
0.000000 0.000000
0.000000 0.000000
0.000000 0.000000
0.000000 0.000000
0.000000 0.000000
0.000000 0.000000
0.000000 0.000000
0.000000 0.000000
0.000000 0.000000
0.000000 0.000000
0.000000 0.000000
0.000000 0.000000
0.000000 0.000000
0.000000 0.000000
0.000000 0.000000
0.000000 0.000000
0.000000 0.000000
40.051989 116.404914
40.052014 116.404914
40.052052 116.404913
40.052061 116.404913
40.052041 116.404914
40.052041 116.404914
40.052033 116.404914
40.052032 116.404914
40.052023 116.404914
40.052040 116.404914
40.051954 116.404915
40.051919 116.404916
40.051898 116.404916
40.051884 116.404916
40.051881 116.404916
40.051844 116.404917
40.051830 116.404917
40.051824 116.404917
40.051831 116.404917
40.051861 116.404917
40.051967 116.404915
0.000000 0.000000
40.051971 116.404915
0.000000 0.000000
0.000000 0.000000
0.000000 0.000000
0.000000 0.000000
0.000000 0.000000
0.000000 0.000000
0.000000 0.000000
0.000000 0.000000
0.000000 0.000000
40.052529 116.404905
40.052545 116.404905
40.052529 116.404905
40.052543 116.404905
40.052548 116.404905
0.000000 0.000000
40.052547 116.404905
40.052535 116.404905
40.052505 116.404906
40.052502 116.404906
0.000000 0.000000
40.052498 116.404906
40.052490 116.404906
0.000000 0.000000
40.052486 116.404906
40.052482 116.404906
40.052488 116.404906
40.052475 116.404906
40.052466 116.404906
0.000000 0.000000
40.052458 116.404906
40.051941 116.404915
40.051937 116.404915
40.051934 116.404915
0.000000 0.000000
40.051939 116.404915
40.051889 116.404916
40.051881 116.404916
40.051885 116.404916
40.051892 116.404916
40.051898 116.404916
40.051896 116.404916
40.051896 116.404916
40.051897 116.404916
0.000000 0.000000
40.051895 116.404916
40.051887 116.404916
40.051883 116.404916
40.051879 116.404916
40.051878 116.404916
40.051877 116.404916
40.051877 116.404916
40.051878 116.404916
40.051878 116.404916
40.051880 116.404916
0.000000 0.000000
0.000000 0.000000
40.051889 116.404916
40.051897 116.404916
40.051902 116.404916
0.000000 0.000000
40.051899 116.404916
40.051889 116.404916
40.051878 116.404916
40.051867 116.404916
40.051785 116.404918
40.051763 116.404918
40.051764 116.404918
40.051773 116.404918
40.051774 116.404918
40.051699 116.404919
40.051675 116.404920
40.051614 116.404921
40.051626 116.404921
40.051624 116.404921
40.051619 116.404921
40.051628 116.404921
40.051642 116.404920
40.051656 116.404920
40.051704 116.404919
40.051732 116.404919
0.000000 0.000000
40.051733 116.404919
40.051742 116.404919
40.051751 116.404918
40.051762 116.404918
40.051780 116.404918
0.000000 0.000000
40.055627 116.396813
40.055516 116.396857
0.000000 0.000000
0.000000 0.000000
40.056457 116.393373
40.057033 116.392587
40.056939 116.391724
40.057506 116.390348
40.057849 116.390328
0.000000 0.000000
0.000000 0.000000
0.000000 0.000000
40.059479 116.386040
40.059987 116.385003
0.000000 0.000000
0.000000 0.000000
40.061437 116.381771
40.061523 116.381205
40.062034 116.380263
40.062061 116.379386
40.062715 116.378503
40.063264 116.377605
40.063235 116.376709
40.063676 116.375512
40.064095 116.374781
40.064387 116.373959
40.065088 116.372766
40.065597 116.371626
0.000000 0.000000
0.000000 0.000000
0.000000 0.000000
0.000000 0.000000
0.000000 0.000000
0.000000 0.000000
0.000000 0.000000
0.000000 0.000000
40.068874 116.363160
0.000000 0.000000
40.069134 116.360858
40.069352 116.359949
40.069176 116.358849
0.000000 0.000000
40.068995 116.356728
0.000000 0.000000
40.069361 116.354920
40.069123 116.354510
0.000000 0.000000
0.000000 0.000000
0.000000 0.000000
0.000000 0.000000
0.000000 0.000000
39.975761 116.332378
39.975765 116.332595
39.975009 116.332293
39.975762 116.332460
39.975761 116.332386
39.975761 116.332378
39.975100 116.332072
39.975761 116.332378
39.975141 116.331974
39.975380 116.331901
39.975410 116.331892
39.975452 116.331879
39.975490 116.331868
39.975491 116.331868
39.975494 116.331867
39.975504 116.331863
39.975141 116.331974
39.975532 116.331855
39.975537 116.331854
39.975563 116.331845
39.975591 116.331837
0.000000 0.000000
0.000000 0.000000
0.000000 0.000000
0.000000 0.000000
0.000000 0.000000
0.000000 0.000000
0.000000 0.000000
0.000000 0.000000
0.000000 0.000000
0.000000 0.000000
0.000000 0.000000
0.000000 0.000000
0.000000 0.000000
0.000000 0.000000
0.000000 0.000000
0.000000 0.000000
0.000000 0.000000
0.000000 0.000000
0.000000 0.000000
0.000000 0.000000
0.000000 0.000000
0.000000 0.000000
0.000000 0.000000
0.000000 0.000000
0.000000 0.000000
0.000000 0.000000
0.000000 0.000000
0.000000 0.000000
0.000000 0.000000
0.000000 0.000000
0.000000 0.000000
0.000000 0.000000
0.000000 0.000000
0.000000 0.000000
0.000000 0.000000
0.000000 0.000000
0.000000 0.000000
0.000000 0.000000
39.975316 116.328632
39.975316 116.328632
39.975316 116.328632
39.975316 116.328632
39.975359 116.328632
39.975415 116.328633
39.975443 116.328633
39.975455 116.328633
39.975487 116.328634
39.975544 116.328634
39.975609 116.328635
39.975670 116.328635
39.975729 116.328636
39.975845 116.328637
39.975921 116.328638
39.975978 116.328638
39.976032 116.328639
39.976078 116.328639
39.976220 116.328891
39.976219 116.328875
39.976285 116.328857
39.976370 116.328857
39.976370 116.328858
39.976457 116.328851
39.976456 116.328842
39.976456 116.328841
39.976212 116.328640
39.976457 116.328858
39.976457 116.328866
0.000000 0.000000
39.976457 116.328872
39.976457 116.328874
39.976458 116.328888
39.976458 116.328889
39.976459 116.328933
39.976458 116.328925
0.000000 0.000000
0.000000 0.000000
0.000000 0.000000
0.000000 0.000000
0.000000 0.000000
0.000000 0.000000
0.000000 0.000000
0.000000 0.000000
0.000000 0.000000
0.000000 0.000000
0.000000 0.000000
0.000000 0.000000
0.000000 0.000000
0.000000 0.000000
0.000000 0.000000
0.000000 0.000000
0.000000 0.000000
0.000000 0.000000
0.000000 0.000000
0.000000 0.000000
39.977921 116.328009
39.977971 116.328002
39.978021 116.327996
39.978068 116.327990
39.978105 116.327985
39.978151 116.327980
0.000000 0.000000
0.000000 0.000000
0.000000 0.000000
0.000000 0.000000
0.000000 0.000000
0.000000 0.000000
0.000000 0.000000
39.978652 116.327917
39.978712 116.327910
0.000000 0.000000
0.000000 0.000000
0.000000 0.000000
0.000000 0.000000
0.000000 0.000000
39.979040 116.327868
39.979058 116.327866
39.979101 116.327861
0.000000 0.000000
0.000000 0.000000
0.000000 0.000000
0.000000 0.000000
0.000000 0.000000
0.000000 0.000000
0.000000 0.000000
0.000000 0.000000
0.000000 0.000000
0.000000 0.000000
39.979836 116.327769
39.979887 116.327763
39.979948 116.327755
39.979991 116.327750
39.980054 116.327742
39.980101 116.327736
39.980167 116.327728
39.980223 116.327721
39.980283 116.327713
39.980283 116.327713
39.980358 116.327695
39.980401 116.327684
39.980441 116.327675
39.980478 116.327665
39.980526 116.327654
39.980564 116.327645
39.980625 116.327630
39.980673 116.327618
39.980906 116.328064
39.980906 116.328057
39.980906 116.328044
39.980906 116.328044
39.980907 116.327978
39.980907 116.327914
39.980908 116.327872
39.980909 116.327810
39.980909 116.327805
39.980909 116.327797
39.980909 116.327782
39.980909 116.327763
39.981089 116.327550
39.981127 116.327547
39.981149 116.327546
