39.911406 116.599896
39.911282 116.595375
39.911483 116.594413
39.911568 116.594002
39.911672 116.593506
0.000000 0.000000
0.000000 0.000000
39.909550 116.594088
39.909546 116.594317
39.909056 116.594379
39.908618 116.594502
39.908310 116.594483
0.000000 0.000000
0.000000 0.000000
0.000000 0.000000
0.000000 0.000000
0.000000 0.000000
0.000000 0.000000
0.000000 0.000000
39.908887 116.580437
39.909282 116.578746
39.909308 116.577725
39.909320 116.577274
39.909408 116.573022
39.909309 116.570733
39.908949 116.558788
39.908425 116.541976
39.908910 116.540717
39.909856 116.539423
39.910386 116.538670
39.910793 116.538689
39.911404 116.538717
39.939688 116.535966
0.000000 0.000000
0.000000 0.000000
0.000000 0.000000
0.000000 0.000000
39.945778 116.531429
0.000000 0.000000
0.000000 0.000000
39.955205 116.524408
0.000000 0.000000
0.000000 0.000000
0.000000 0.000000
0.000000 0.000000
0.000000 0.000000
0.000000 0.000000
0.000000 0.000000
0.000000 0.000000
39.961732 116.521674
39.961732 116.521675
39.962788 116.521532
39.962977 116.521493
39.966437 116.519296
39.966676 116.519273
39.966865 116.519254
39.967291 116.519213
0.000000 0.000000
0.000000 0.000000
39.972417 116.515526
39.972502 116.515465
39.972952 116.515147
39.973565 116.514570
39.973869 116.514260
39.974106 116.514017
39.974478 116.513636
39.975122 116.513739
40.010910 116.480937
40.012589 116.478031
40.013554 116.474847
40.014147 116.464802
40.013948 116.454002
0.000000 0.000000
40.020081 116.430319
0.000000 0.000000
40.021193 116.391591
40.021901 116.378374
40.021910 116.377533
40.022518 116.377466
40.023052 116.378050
40.022856 116.379065
40.022672 116.379838
40.021899 116.380531
0.000000 0.000000
40.019868 116.379583
40.019682 116.378268
0.000000 0.000000
40.018181 116.374760
40.016911 116.373866
40.015979 116.373670
40.014645 116.374059
40.013716 116.374838
0.000000 0.000000
0.000000 0.000000
0.000000 0.000000
0.000000 0.000000
0.000000 0.000000
0.000000 0.000000
40.002025 116.380545
40.001664 116.380518
40.001416 116.380506
40.000801 116.380489
40.000168 116.380479
39.999409 116.380565
39.994267 116.380848
39.994153 116.381024
0.000000 0.000000
39.992619 116.381638
39.992068 116.381312
39.987048 116.381264
39.986691 116.380533
0.000000 0.000000
39.984966 116.327327
39.984804 116.327281
39.984343 116.327311
39.981747 116.327511
39.981115 116.327548
39.980522 116.327655
39.976420 116.327369
39.975278 116.327778
39.976424 116.327531
39.976457 116.328851
39.977158 116.331623
39.976366 116.331666
39.976120 116.332020
39.976120 116.332020
