40.017602 116.341543 17550
40.017603 116.341525 17551
40.017672 116.341465 17558
40.017753 116.341515 17583
40.017858 116.341517 17590
40.017952 116.341548 17595
40.018047 116.341540 17600
40.018095 116.341460 17605
40.018065 116.341343 17608
40.018087 116.341232 17611
40.018135 116.341143 17615
40.018225 116.341087 17620
40.018307 116.341032 17625
40.018388 116.341090 17628
40.018487 116.341152 17632
40.018595 116.341183 17635
40.018697 116.341228 17640
40.018783 116.341257 17643
40.019032 116.341333 17648
40.019242 116.341365 17653
40.019480 116.341435 17658
40.019575 116.341478 17661
40.019653 116.341532 17665
40.019783 116.341550 17669
40.020025 116.341740 17674
40.020090 116.341815 17675
40.020350 116.342115 17679
40.020412 116.342197 17680
40.020598 116.342443 17683
40.020634 116.342513 17684
40.020740 116.342722 17687
40.020840 116.343010 17691
40.020923 116.343347 17695
40.021007 116.343597 17699
40.021043 116.343817 17703
40.021088 116.344043 17707
40.021135 116.344255 17712
40.021167 116.344505 17716
40.021197 116.344778 17720
40.021172 116.344907 17723
40.021125 116.344985 17726
40.021087 116.345131 17730
40.021077 116.345168 17731
40.020980 116.345373 17735
40.020707 116.345490 17740
40.020262 116.345515 17745
40.019753 116.345542 17750
40.019273 116.345568 17755
40.018730 116.345578 17760
40.018107 116.345580 17765
40.017482 116.345612 17770
40.017233 116.345630 17774
40.017002 116.345668 17779
40.016590 116.345665 17784
40.016042 116.345722 17789
40.015430 116.345755 17794
40.014813 116.345788 17799
40.014539 116.345801 17802
40.014447 116.345805 17803
40.014332 116.345813 17805
40.014240 116.345827 17809
40.014108 116.345845 17813
40.013857 116.345847 17817
40.013558 116.345822 17821
40.013247 116.345762 17825
40.013125 116.345735 17827
40.013121 116.345769 17840
40.013110 116.345875 17881
40.013197 116.345965 17907
40.013218 116.345877 17925
40.013270 116.345783 17927
40.013293 116.345677 17931
40.013323 116.345587 17953
40.013328 116.345604 17962
40.013350 116.345683 18004
40.013448 116.345675 18077
40.013442 116.345583 18132
