40.013830 116.346007 49996
40.013915 116.345943 50041
40.013982 116.345692 50045
40.013981 116.345596 50046
40.013977 116.345212 50050
40.013940 116.344518 50055
40.013913 116.343780 50060
40.013892 116.343035 50065
40.013870 116.342337 50070
40.013853 116.341773 50075
40.013838 116.341160 50080
40.013846 116.340668 50084
40.013848 116.340545 50085
40.013870 116.339963 50090
40.013869 116.339872 50091
40.013867 116.339597 50094
40.013872 116.339489 50096
40.013877 116.339382 50098
40.013985 116.339340 50102
40.014203 116.339413 50107
40.014412 116.339525 50111
40.014640 116.339630 50115
40.014852 116.339748 50119
40.015062 116.339840 50123
40.015252 116.339907 50128
40.015255 116.340000 50132
40.015262 116.340212 50137
40.015248 116.340427 50142
40.015260 116.340555 50145
40.015277 116.340763 50150
40.015288 116.340948 50155
40.015293 116.341065 50158
40.015283 116.341288 50163
40.015288 116.341415 50166
40.015293 116.341535 50169
40.015310 116.341655 50172
40.015315 116.341772 50175
40.015315 116.341814 50176
40.015315 116.341897 50178
40.015418 116.341903 50183
40.015520 116.341890 50186
40.015617 116.341885 50189
40.015710 116.341880 50192
40.015812 116.341865 50195
40.015912 116.341847 50198
40.015974 116.341839 50200
40.016005 116.341835 50201
40.016095 116.341807 50205
40.016192 116.341785 50217
40.016285 116.341763 50222
40.016380 116.341742 50227
40.016473 116.341738 50291
40.016503 116.341633 50300
40.016448 116.341710 50324
40.016330 116.341733 50328
40.016232 116.341748 50331
40.016127 116.341763 50334
40.016038 116.341792 50348
40.015947 116.341808 50355
40.015847 116.341832 50371
40.015755 116.341835 50376
40.015660 116.341873 50381
40.015608 116.341898 50383
40.015557 116.341923 50385
40.015462 116.341927 50389
40.015370 116.341957 50394
40.015313 116.341878 50402
40.015305 116.341750 50406
40.015308 116.341623 50409
40.015305 116.341502 50412
40.015295 116.341372 50415
40.015298 116.341253 50418
40.015302 116.341152 50422
40.015302 116.341023 50425
40.015300 116.340897 50428
40.015298 116.340773 50431
40.015302 116.340652 50434
40.015307 116.340528 50437
40.015303 116.340308 50442
40.015303 116.340180 50445
40.015300 116.340095 50447
40.015298 116.340052 50448
40.015300 116.339955 50451
40.015360 116.339878 50469
40.015553 116.339955 50474
40.015908 116.340110 50479
40.016163 116.340273 50483
40.016423 116.340428 50487
40.016662 116.340582 50491
40.016855 116.340683 50495
40.016945 116.340702 50498
40.017220 116.340810 50503
40.017478 116.340893 50507
40.017680 116.340927 50512
40.017790 116.340935 50515
40.017902 116.340953 50518
40.017936 116.340961 50519
40.018003 116.340977 50521
40.018100 116.341007 50525
40.018157 116.341077 50561
40.018113 116.341163 50567
40.018060 116.341245 50571
40.018027 116.341337 50579
40.018042 116.341428 50583
40.018067 116.341532 50586
40.018084 116.341613 50588
40.018093 116.341653 50589
40.018097 116.341773 50592
40.018018 116.341842 50595
40.017930 116.341877 50599
40.017837 116.341897 50602
40.017755 116.341945 50605
