39.974595 116.312250 5744
39.974582 116.311912 5749
39.974600 116.311443 5754
39.974597 116.310883 5759
39.974598 116.310298 5764
39.974588 116.309760 5769
39.974590 116.309252 5774
39.974570 116.308967 5779
39.974622 116.308890 5784
39.974630 116.308895 5789
39.974635 116.308898 5794
39.974630 116.308897 5799
39.974623 116.308833 5804
39.974632 116.308747 5809
39.974620 116.308692 5814
39.974568 116.308503 5819
39.974545 116.308172 5824
39.974532 116.307663 5829
39.974557 116.307052 5834
39.974647 116.306608 5838
39.974670 116.306497 5839
39.974665 116.306177 5844
39.974633 116.306008 5849
39.974628 116.305965 5854
39.974632 116.305955 5859
39.974628 116.305942 5864
39.974635 116.305927 5869
39.974633 116.305912 5874
39.974630 116.305907 5879
39.974627 116.305904 5881
39.974623 116.305900 5884
39.974617 116.305888 5889
39.974610 116.305843 5894
39.974567 116.305582 5899
39.974540 116.305382 5901
39.974500 116.305083 5904
39.974477 116.304919 5906
39.974443 116.304673 5909
39.974528 116.304255 5914
39.974516 116.304171 5916
39.974498 116.304045 5919
39.974502 116.304018 5924
39.974507 116.304018 5929
39.974510 116.304015 5934
39.974507 116.304022 5939
39.974513 116.304045 5944
39.974582 116.303980 5946
39.974620 116.304317 5986
39.974638 116.304393 5991
39.974665 116.304502 5996
39.974658 116.304540 6001
39.974657 116.304572 6006
39.974638 116.304615 6011
39.974615 116.304692 6016
39.974648 116.304762 6021
39.974690 116.304792 6026
39.974742 116.304795 6031
39.974797 116.304797 6036
39.974848 116.304813 6041
39.974893 116.304852 6046
39.974942 116.304872 6051
39.974992 116.304873 6056
39.975048 116.304892 6061
39.975110 116.304908 6066
39.975172 116.304900 6071
39.975230 116.304913 6076
39.975290 116.304945 6081
39.975340 116.305000 6086
39.975407 116.305043 6091
39.975495 116.305018 6096
39.975570 116.305015 6101
39.975655 116.305028 6106
39.975728 116.305058 6111
39.975808 116.305037 6116
39.975890 116.304987 6121
39.975955 116.304963 6126
39.976005 116.304938 6131
39.976065 116.304950 6136
39.976117 116.304958 6141
39.976177 116.304943 6146
39.976198 116.304964 6148
39.976230 116.304995 6151
39.976302 116.305045 6156
39.976383 116.305048 6161
39.976470 116.305025 6166
39.976545 116.305027 6171
39.976605 116.304977 6176
39.976663 116.304992 6181
39.976723 116.305003 6186
39.976793 116.305000 6191
39.976893 116.304960 6196
39.976982 116.304900 6201
39.977002 116.304870 6204
39.977015 116.304850 6206
39.977072 116.304848 6211
39.977102 116.304852 6213
39.977148 116.304857 6216
39.977205 116.304858 6221
39.977267 116.304878 6226
39.977320 116.304908 6231
39.977325 116.304909 6232
39.977347 116.304915 6236
39.977380 116.304960 6241
39.977397 116.304950 6242
39.977465 116.304613 6317
39.977482 116.304597 6319
39.977507 116.304572 6322
39.977358 116.305103 6327
39.977435 116.305228 6332
39.977437 116.305222 6337
39.977432 116.305217 6342
