39.974541 116.312058 32999
39.974508 116.312264 33003
39.974510 116.312195 33007
39.974502 116.312181 33012
39.974475 116.312164 33017
39.974476 116.312124 33022
39.974483 116.312079 33026
39.974496 116.312003 33030
39.974520 116.311947 33032
39.974541 116.311918 33037
39.974546 116.311882 33042
39.974544 116.311874 33043
39.974541 116.311866 33044
39.974534 116.311843 33047
39.974509 116.311816 33052
39.974481 116.311777 33057
39.974462 116.311735 33062
39.974443 116.311683 33067
39.974424 116.311663 33072
39.974436 116.311617 33077
39.974402 116.311571 33082
39.974408 116.311515 33087
39.974439 116.311463 33092
39.974467 116.311412 33096
39.974491 116.311358 33098
39.974511 116.311326 33101
39.974524 116.311305 33103
39.974521 116.311159 33107
39.974520 116.311096 33110
39.974519 116.311095 33115
39.974515 116.311100 33120
39.974509 116.311069 33125
39.974552 116.311033 33127
39.974552 116.311002 33132
39.974544 116.310960 33137
39.974542 116.310963 33142
39.974541 116.310965 33147
39.974540 116.310964 33152
39.974541 116.310962 33157
39.974541 116.310960 33162
39.974542 116.310959 33167
39.974541 116.310958 33172
39.974607 116.310967 33177
39.974712 116.310949 33182
39.974721 116.310894 33186
39.974733 116.310857 33191
39.974766 116.310850 33196
39.974832 116.310848 33199
39.974878 116.310845 33204
39.974898 116.310868 33206
39.974918 116.310892 33208
39.974945 116.310943 33213
39.974981 116.310993 33217
39.975021 116.311029 33220
39.975073 116.311034 33224
39.975127 116.311037 33227
39.975180 116.311036 33231
39.975244 116.311049 33234
39.975303 116.311055 33237
39.975347 116.311078 33240
39.975393 116.311051 33244
39.975415 116.311016 33248
39.975458 116.310972 33252
39.975494 116.310918 33256
39.975542 116.310900 33259
39.975588 116.310874 33262
39.975632 116.310854 33266
39.975661 116.310841 33271
39.975703 116.310844 33276
39.975741 116.310879 33280
39.975768 116.310882 33285
39.975786 116.310930 33289
39.975791 116.310942 33290
39.975853 116.310964 33293
39.975878 116.310945 33297
39.975884 116.310940 33298
39.975890 116.310896 33303
39.975953 116.310784 33308
39.975999 116.310731 33311
39.976027 116.310703 33314
39.976036 116.310693 33315
39.976080 116.310704 33319
39.976100 116.310661 33324
39.976120 116.310628 33329
39.976117 116.310599 33334
39.976183 116.310504 33337
39.976198 116.310530 33342
39.976194 116.310538 33347
39.976194 116.310538 33352
39.976215 116.310560 33354
39.976246 116.310594 33357
39.976262 116.310622 33362
39.976222 116.310631 33367
39.976173 116.310627 33370
39.976017 116.310718 33375
39.975977 116.310673 33377
39.975930 116.310665 33381
39.975906 116.310692 33386
39.975891 116.310708 33391
39.975889 116.310723 33396
39.975852 116.310704 33401
39.975686 116.310827 33406
39.975365 116.310954 33411
39.975025 116.311210 33416
39.974620 116.311383 33421
39.974229 116.311562 33426
39.973865 116.311706 33431
39.973543 116.311775 33436
39.973213 116.311933 33441
39.972899 116.311995 33446
39.972464 116.312158 33451
39.972320 116.312225 33453
39.972103 116.312325 33456
39.971681 116.312470 33461
39.971332 116.312574 33466
39.971167 116.312639 33468
39.970920 116.312737 33471
39.970462 116.312971 33476
39.970027 116.313159 33481
39.969596 116.313197 33486
39.969291 116.313374 33491
39.969062 116.313440 33496
39.969043 116.313484 33501
39.969039 116.313486 33506
39.969037 116.313491 33511
39.969032 116.313496 33516
39.968866 116.313618 33520
39.968824 116.313648 33521
39.968574 116.313793 33526
39.968234 116.313930 33531
39.967981 116.314011 33536
39.967739 116.314091 33541
39.967480 116.314189 33546
39.967235 116.314297 33551
39.966961 116.314394 33556
39.966700 116.314486 33561
39.966533 116.314567 33565
39.966485 116.314585 33567
39.966478 116.314583 33569
39.966467 116.314581 33572
39.966464 116.314582 33577
39.966465 116.314582 33582
39.966473 116.314580 33587
39.966477 116.314579 33592
39.966477 116.314579 33594
39.966478 116.314580 33597
