39.975005 116.338431 3332
39.975078 116.338515 3337
39.975087 116.338499 3342
39.975096 116.338486 3347
39.975094 116.338465 3352
39.975093 116.338420 3357
39.974899 116.338316 3362
39.974876 116.338282 3367
39.974861 116.338300 3371
39.974857 116.338304 3372
39.974836 116.338266 3377
39.974838 116.338264 3382
39.974841 116.338258 3387
39.974844 116.338252 3392
39.974883 116.338230 3397
39.975085 116.338140 3402
39.975143 116.338188 3407
39.975134 116.338194 3412
39.975126 116.338201 3414
39.975113 116.338211 3417
39.975102 116.338204 3422
39.975099 116.338195 3427
39.975102 116.338183 3432
39.975058 116.338211 3437
39.975039 116.338178 3442
39.975017 116.338140 3445
39.975003 116.338114 3447
39.974996 116.338067 3452
39.974968 116.338026 3457
39.974873 116.337968 3462
39.974836 116.337932 3467
39.974877 116.337817 3472
39.974908 116.337719 3477
39.974908 116.337626 3482
39.974922 116.337544 3487
39.974909 116.337477 3492
39.974907 116.337392 3497
39.974932 116.337294 3502
39.974930 116.337234 3507
39.974924 116.337215 3512
39.974913 116.337160 3517
39.974892 116.337071 3522
39.974880 116.336951 3527
39.974869 116.336809 3532
39.974924 116.336617 3537
39.974960 116.336491 3542
39.975018 116.336365 3547
39.975056 116.336273 3552
39.975098 116.336182 3557
39.975146 116.336080 3562
39.975149 116.335985 3567
39.975142 116.335885 3572
39.975135 116.335796 3577
39.975128 116.335775 3578
39.975098 116.335693 3582
39.975056 116.335611 3586
39.975045 116.335590 3587
39.975013 116.335489 3592
39.975001 116.335415 3597
39.974958 116.335326 3602
39.974952 116.335237 3607
39.974953 116.335152 3612
39.974961 116.335040 3617
39.974972 116.334962 3622
39.974990 116.334889 3627
39.974985 116.334800 3632
39.974997 116.334694 3637
39.975050 116.334587 3642
39.975081 116.334517 3647
39.975089 116.334445 3652
39.975112 116.334393 3657
39.975132 116.334347 3662
39.975143 116.334321 3667
39.975163 116.334303 3672
39.975224 116.334173 3677
39.975231 116.333868 3682
39.975189 116.333787 3687
39.975149 116.333677 3692
39.975144 116.333654 3697
39.975217 116.333653 3702
39.975268 116.333626 3707
39.975253 116.333555 3712
39.975241 116.333470 3717
39.975308 116.333235 3722
39.975284 116.333069 3727
39.975206 116.332944 3732
39.975147 116.332857 3737
39.975106 116.332766 3742
39.975069 116.332675 3747
39.975043 116.332578 3752
39.975040 116.332501 3757
39.975017 116.332419 3762
39.975015 116.332398 3763
39.975005 116.332313 3767
39.974994 116.332217 3772
39.975025 116.332133 3777
39.974970 116.332045 3782
39.974962 116.331969 3787
39.974950 116.331909 3792
39.974907 116.331938 3797
39.974829 116.331940 3802
39.974766 116.331951 3807
39.974670 116.331970 3812
39.974590 116.331980 3817
39.974547 116.331972 3822
39.974516 116.331996 3827
39.974425 116.332009 3832
39.974308 116.332009 3836
39.974279 116.332009 3837
39.974230 116.332022 3842
39.974211 116.332013 3847
39.974192 116.332018 3850
39.974185 116.332019 3851
39.974179 116.332021 3852
39.974178 116.332056 3857
39.974115 116.332127 3862
39.974084 116.332151 3867
39.974058 116.332196 3871
39.974051 116.332207 3872
39.973942 116.332248 3877
39.973888 116.332270 3882
39.973858 116.332274 3884
39.973812 116.332279 3887
39.973791 116.332270 3892
39.973706 116.332282 3897
39.973704 116.332270 3902
39.973651 116.332290 3907
39.973631 116.332368 3912
39.973614 116.332384 3915
39.973603 116.332394 3917
39.973591 116.332402 3922
39.973581 116.332417 3927
39.973544 116.332404 3932
