39.996380 116.286907 34815
39.996362 116.287007 34819
39.996547 116.286988 34832
39.996330 116.287073 34842
39.996395 116.287002 34860
39.996430 116.286898 34863
39.996507 116.286705 34868
39.996563 116.286523 34872
39.996657 116.286337 34876
39.996723 116.286107 34880
39.996800 116.285877 34884
39.996865 116.285683 34888
39.996912 116.285460 34892
39.997002 116.285272 34896
39.997085 116.285065 34900
39.997172 116.284810 34904
39.997262 116.284538 34908
39.997355 116.284263 34912
39.997450 116.283987 34916
39.997567 116.283730 34920
39.997687 116.283518 34924
39.997835 116.283367 34928
39.997912 116.283313 34931
39.998012 116.283265 34935
39.998105 116.283230 34938
39.998195 116.283193 34941
39.998295 116.283202 34945
39.998348 116.283280 34956
39.998438 116.283320 34966
39.998523 116.283357 34971
39.998607 116.283400 34979
39.998707 116.283393 34985
39.998817 116.283378 34989
39.998918 116.283317 34992
39.999032 116.283265 34996
39.999222 116.283228 35000
39.999270 116.283215 35001
39.999412 116.283178 35004
39.999613 116.283145 35008
39.999813 116.283107 35012
40.000013 116.283075 35016
40.000143 116.283070 35019
40.000233 116.283058 35022
40.000312 116.283005 35031
40.000326 116.283039 35037
40.000352 116.283100 35048
40.000445 116.283053 35070
40.000507 116.282973 35074
40.000598 116.282953 35077
40.000663 116.282842 35080
40.000848 116.282723 35085
40.001070 116.282642 35090
40.001129 116.282645 35091
40.001308 116.282652 35094
40.001428 116.282643 35097
40.001466 116.282648 35098
40.001542 116.282657 35100
40.001668 116.282632 35104
40.001793 116.282630 35107
40.001907 116.282612 35110
40.002022 116.282560 35113
40.002238 116.282507 35118
40.002452 116.282423 35122
40.002713 116.282368 35126
40.002977 116.282285 35130
40.003255 116.282202 35134
40.003650 116.282140 35139
40.003987 116.282135 35143
40.004332 116.282125 35147
40.004637 116.282072 35151
40.004918 116.282012 35155
40.005127 116.281983 35158
40.005197 116.281973 35159
40.005462 116.281950 35163
40.005683 116.281925 35167
40.005867 116.281867 35171
40.005975 116.281847 35174
40.006085 116.281857 35178
40.006160 116.281807 35186
40.006262 116.281788 35201
40.006352 116.281798 35204
40.006575 116.281742 35209
40.006813 116.281712 35213
40.007070 116.281698 35217
40.007322 116.281665 35221
40.007595 116.281657 35225
40.007848 116.281600 35229
40.008120 116.281525 35233
40.008383 116.281487 35237
40.008698 116.281488 35241
40.008978 116.281418 35245
40.009257 116.281370 35249
40.009462 116.281339 35252
40.009530 116.281328 35253
40.009642 116.281320 35255
40.009755 116.281313 35257
40.009958 116.281303 35262
40.010037 116.281373 35277
40.010127 116.281300 35283
40.010342 116.281222 35288
40.010523 116.281132 35292
40.010740 116.281053 35296
40.010982 116.280972 35300
40.011257 116.280902 35304
40.011552 116.280888 35308
40.011620 116.280877 35309
40.011823 116.280842 35312
40.012137 116.280822 35316
40.012478 116.280795 35320
40.012832 116.280783 35324
40.013167 116.280763 35328
40.013465 116.280682 35332
40.013730 116.280715 35336
40.013965 116.280838 35340
40.014165 116.281015 35345
40.014385 116.280997 35349
40.014672 116.280933 35353
40.014753 116.280909 35354
40.015078 116.280813 35358
40.015445 116.280573 35363
40.015833 116.280332 35368
40.016087 116.280123 35372
40.016260 116.279960 35376
40.016500 116.279758 35381
40.016606 116.279689 35383
40.016712 116.279620 35385
40.016792 116.279527 35388
40.016835 116.279443 35393
40.016855 116.279398 35398
40.016875 116.279353 35403
