40.022514 116.330483 15914
40.022453 116.330233 15919
40.022366 116.329881 15924
40.022261 116.329516 15929
40.022134 116.329150 15934
40.022010 116.328769 15939
40.021873 116.328377 15944
40.021733 116.327977 15949
40.021622 116.327631 15953
40.021594 116.327545 15954
40.021457 116.327103 15959
40.021335 116.326677 15964
40.021209 116.326313 15969
40.021094 116.325942 15974
40.020966 116.325537 15979
40.020837 116.325123 15984
40.020709 116.324711 15989
40.020579 116.324297 15994
40.020529 116.324139 15996
40.020454 116.323901 15999
40.020325 116.323507 16004
40.020211 116.323124 16009
40.020133 116.322759 16014
40.020037 116.322382 16019
40.019997 116.321991 16024
40.019953 116.321783 16027
40.019924 116.321644 16029
40.019838 116.321284 16034
40.019741 116.320929 16039
40.019640 116.320595 16044
40.019540 116.320264 16049
40.019438 116.319953 16054
40.019345 116.319665 16059
40.019243 116.319317 16064
40.019140 116.318990 16069
40.019017 116.318660 16074
40.018928 116.318346 16079
40.018835 116.318035 16084
40.018747 116.317750 16089
40.018671 116.317496 16094
40.018607 116.317324 16099
40.018561 116.317291 16104
40.018490 116.317223 16109
40.018392 116.317170 16114
40.018311 116.317038 16119
40.018280 116.316764 16124
40.018221 116.316440 16129
40.018154 116.316100 16134
40.018081 116.315762 16139
40.018018 116.315446 16144
40.017961 116.315214 16149
40.017907 116.315049 16154
40.017712 116.315032 16159
40.017674 116.315034 16160
40.017523 116.315044 16164
40.017388 116.315055 16168
40.017354 116.315058 16169
40.017226 116.314979 16174
40.017204 116.314882 16179
40.017187 116.314594 16184
40.017161 116.314272 16189
40.017133 116.313930 16194
40.017115 116.313613 16199
40.017090 116.313315 16204
40.017055 116.313017 16209
40.017016 116.312696 16214
40.016969 116.312327 16219
40.016953 116.311938 16224
40.016914 116.311640 16229
40.016862 116.311484 16234
40.016812 116.311224 16239
40.016755 116.310804 16244
40.016677 116.310380 16249
40.016651 116.310056 16254
40.016647 116.309877 16259
40.016645 116.309773 16264
40.016622 116.309658 16269
40.016597 116.309515 16274
40.016544 116.309341 16279
40.016492 116.309123 16284
40.016446 116.308891 16289
40.016412 116.308628 16294
40.016369 116.308404 16299
40.016326 116.308185 16304
40.016285 116.307960 16309
40.016261 116.307843 16314
40.016255 116.307737 16319
40.016238 116.307646 16324
40.016220 116.307565 16329
40.016206 116.307500 16334
40.016197 116.307446 16339
40.016178 116.307350 16344
40.016173 116.307336 16345
40.016154 116.307281 16349
40.016137 116.307193 16354
40.016121 116.307104 16359
40.016091 116.307010 16364
40.016079 116.306910 16369
40.016075 116.306824 16374
40.016056 116.306690 16379
40.016028 116.306524 16384
40.016012 116.306392 16389
40.015975 116.306230 16394
40.015947 116.306058 16399
40.015906 116.305917 16404
40.015902 116.305903 16409
40.015905 116.305910 16414
40.015911 116.305927 16418
40.015912 116.305931 16419
40.015914 116.305942 16424
40.015903 116.305940 16429
40.015904 116.305942 16432
40.015905 116.305942 16433
40.015905 116.305943 16434
40.015905 116.305943 16439
40.015906 116.305943 16444
40.015906 116.305943 16449
40.015906 116.305943 16453
40.015906 116.305943 16454
40.015906 116.305943 16459
40.015906 116.305943 16464
40.015906 116.305943 16466
40.015907 116.305943 16469
40.015907 116.305943 16474
40.015907 116.305943 16479
40.015907 116.305943 16484
40.015907 116.305943 16489
40.015908 116.305943 16494
40.015908 116.305943 16497
40.015908 116.305943 16499
40.015908 116.305943 16504
40.015908 116.305943 16509
40.015908 116.305942 16514
