39.977278 116.338472 7225
39.977261 116.338467 7230
39.977227 116.338454 7235
39.977225 116.338419 7240
39.977197 116.338382 7245
39.977185 116.338353 7250
39.977212 116.338344 7255
39.977194 116.338364 7260
39.977192 116.338362 7264
39.977192 116.338362 7265
39.977194 116.338378 7270
39.977183 116.338392 7275
39.977165 116.338421 7280
39.977162 116.338419 7285
39.977154 116.338414 7290
39.977095 116.338428 7295
39.977106 116.338442 7300
39.977104 116.338441 7305
39.977103 116.338441 7307
39.977101 116.338440 7310
39.977107 116.338450 7315
39.977105 116.338459 7320
39.977101 116.338463 7325
39.977094 116.338454 7330
39.977086 116.338452 7335
39.977086 116.338456 7338
39.977086 116.338459 7340
39.977085 116.338458 7345
39.977103 116.338470 7350
39.977157 116.338478 7355
39.977153 116.338500 7360
39.977153 116.338517 7365
39.977148 116.338527 7370
39.977135 116.338530 7375
39.977133 116.338524 7380
39.977134 116.338526 7385
39.977129 116.338517 7390
39.977125 116.338513 7395
39.977068 116.338531 7400
39.977007 116.338539 7405
39.976939 116.338541 7410
39.976891 116.338524 7415
39.976851 116.338506 7420
39.976831 116.338480 7425
39.976841 116.338483 7430
39.976854 116.338465 7435
39.976901 116.338442 7440
39.976901 116.338443 7445
39.976904 116.338446 7450
39.976908 116.338443 7455
39.976960 116.338441 7460
39.976972 116.338461 7465
39.976979 116.338468 7470
39.976987 116.338468 7471
39.977018 116.338469 7475
39.977023 116.338471 7479
39.977024 116.338471 7480
39.977046 116.338487 7485
39.977064 116.338477 7490
39.977039 116.338467 7495
39.977027 116.338475 7500
39.977027 116.338474 7505
39.977028 116.338475 7510
39.977013 116.338471 7515
39.977008 116.338466 7520
39.976998 116.338458 7525
39.976956 116.338456 7530
39.976928 116.338434 7535
39.976899 116.338428 7540
39.976874 116.338442 7545
39.976875 116.338476 7550
39.976938 116.338509 7555
39.976967 116.338525 7560
39.977013 116.338509 7565
39.977027 116.338501 7570
39.977054 116.338503 7575
39.977069 116.338525 7580
39.977066 116.338535 7585
39.977070 116.338544 7590
39.977060 116.338554 7595
39.977061 116.338558 7600
39.977057 116.338557 7605
39.977054 116.338554 7610
39.977054 116.338533 7615
39.977032 116.338529 7620
39.977034 116.338518 7625
39.977005 116.338524 7630
39.977012 116.338518 7635
39.977013 116.338515 7640
39.977019 116.338528 7645
39.977047 116.338525 7650
39.977085 116.338548 7655
39.977093 116.338545 7656
39.977127 116.338535 7660
39.977164 116.338535 7665
39.977159 116.338530 7670
39.977134 116.338523 7675
39.977135 116.338520 7680
39.977154 116.338524 7685
39.977171 116.338542 7690
39.977135 116.338549 7695
39.977139 116.338554 7700
39.977140 116.338554 7705
39.977144 116.338570 7710
39.977175 116.338631 7715
39.977185 116.338674 7720
39.977169 116.338695 7725
39.977179 116.338695 7729
39.977182 116.338695 7730
39.977184 116.338697 7735
39.977137 116.338691 7740
39.977120 116.338690 7743
39.977114 116.338690 7744
39.977108 116.338690 7745
39.977091 116.338668 7750
39.977060 116.338645 7755
39.977024 116.338627 7760
39.976985 116.338609 7764
39.976975 116.338604 7765
39.977013 116.338564 7770
39.977074 116.338489 7775
39.977081 116.338466 7777
39.977091 116.338431 7780
39.977079 116.338404 7785
39.977073 116.338406 7790
39.977066 116.338403 7795
39.977007 116.338408 7800
39.976975 116.338375 7805
39.976974 116.338365 7808
39.976973 116.338359 7810
39.976968 116.338366 7815
39.976969 116.338356 7820
39.976966 116.338337 7825
