40.038745 116.405198 18352
40.038175 116.405098 18357
40.037609 116.405019 18362
40.037053 116.404919 18367
40.036577 116.404803 18372
40.036476 116.404744 18377
40.036484 116.404754 18382
40.036488 116.404754 18387
40.036484 116.404756 18392
40.036484 116.404756 18397
40.036485 116.404756 18402
40.036488 116.404758 18407
40.036489 116.404758 18412
40.036497 116.404759 18417
40.036512 116.404757 18422
40.036519 116.404756 18427
40.036373 116.404751 18432
40.036035 116.404696 18437
40.035535 116.404629 18442
40.034932 116.404525 18447
40.034338 116.404444 18452
40.033760 116.404364 18457
40.033203 116.404282 18462
40.032663 116.404194 18467
40.032281 116.404107 18472
40.031992 116.404058 18477
40.031767 116.404041 18482
40.031722 116.404037 18487
40.031739 116.404041 18492
40.031740 116.404041 18497
40.031745 116.404042 18502
40.031748 116.404042 18507
40.031747 116.404043 18512
40.031746 116.404042 18517
40.031756 116.404042 18522
40.031751 116.404041 18527
40.031751 116.404041 18531
40.031751 116.404041 18532
40.031754 116.404040 18537
40.031752 116.404041 18542
40.031611 116.404024 18547
40.031447 116.404245 18552
40.031380 116.404774 18557
40.031345 116.405350 18562
40.031357 116.405889 18567
40.031230 116.406229 18572
40.031150 116.406375 18576
40.031130 116.406412 18577
40.031056 116.406623 18581
40.031038 116.406676 18582
40.030982 116.406847 18584
40.030898 116.407104 18587
40.030869 116.407780 18592
40.030968 116.408534 18597
40.031020 116.409105 18602
40.031040 116.409355 18607
40.031128 116.409421 18612
40.031154 116.409647 18617
40.031186 116.410076 18622
40.031118 116.410669 18627
40.030885 116.411073 18632
40.030823 116.411155 18637
40.030767 116.411221 18642
40.030649 116.411248 18647
40.030478 116.411281 18652
40.030360 116.411127 18657
40.029910 116.411130 18662
40.029411 116.411207 18667
40.028928 116.411202 18672
40.028505 116.411146 18677
40.028089 116.411160 18682
40.027729 116.411232 18687
40.027323 116.411258 18692
40.026944 116.411323 18697
40.026705 116.411371 18702
40.026701 116.411383 18703
40.026683 116.411431 18707
40.026687 116.411430 18712
40.026679 116.411449 18717
40.026583 116.411480 18722
40.026478 116.411498 18727
40.026426 116.411520 18732
40.026412 116.411519 18737
40.026410 116.411520 18739
40.026407 116.411522 18742
40.026211 116.411514 18747
40.025935 116.411535 18752
40.025910 116.411545 18753
40.025812 116.411584 18757
40.025786 116.411585 18762
40.025784 116.411585 18767
40.025787 116.411582 18772
40.025784 116.411583 18777
40.025685 116.411567 18782
40.025326 116.411456 18787
40.024850 116.411367 18792
40.024301 116.411265 18797
40.023704 116.411156 18802
40.023363 116.411145 18805
40.023135 116.411138 18807
40.022514 116.411164 18812
40.021965 116.411175 18817
40.021375 116.411203 18822
40.020835 116.411200 18827
40.020211 116.411216 18832
40.019653 116.411200 18837
40.019111 116.411204 18842
40.018502 116.411179 18847
40.017929 116.411122 18852
40.017411 116.411086 18857
40.016935 116.410999 18862
40.016479 116.410897 18867
40.016085 116.410837 18872
40.015778 116.410763 18877
40.015639 116.410731 18881
40.015604 116.410723 18882
40.015514 116.410707 18887
40.015475 116.410696 18889
40.015417 116.410679 18892
40.015407 116.410672 18897
40.015343 116.410656 18902
40.015187 116.410624 18907
40.015175 116.410617 18912
40.015162 116.410616 18917
40.014995 116.410618 18922
40.014761 116.410584 18925
40.014605 116.410562 18927
40.014131 116.410492 18932
40.013577 116.410378 18937
40.013094 116.410276 18941
40.012973 116.410250 18942
40.012385 116.410143 18947
40.011787 116.410021 18952
