39.972944 116.332971 49289
39.972807 116.333002 49294
39.972808 116.333021 49299
39.972872 116.333022 49304
39.973012 116.333041 49309
39.973142 116.333047 49314
39.973117 116.333053 49319
39.973109 116.333007 49324
39.973127 116.332948 49328
39.973131 116.332933 49329
39.973195 116.332866 49334
39.973220 116.332814 49339
39.973190 116.332771 49344
39.973212 116.332807 49349
39.973281 116.332865 49354
39.973318 116.332863 49359
39.973329 116.332808 49364
39.973288 116.332758 49369
39.973285 116.332740 49371
39.973281 116.332714 49374
39.973310 116.332707 49379
39.973341 116.332685 49384
39.973331 116.332651 49389
39.973318 116.332644 49394
39.973345 116.332682 49399
39.973209 116.332746 49402
39.973118 116.332789 49404
39.972742 116.332884 49409
39.972452 116.332916 49414
39.972302 116.332920 49419
39.972104 116.332925 49424
39.977227 116.333140 49429
39.977040 116.333071 49434
39.976702 116.333017 49439
39.976347 116.332966 49444
39.975833 116.332922 49449
39.975424 116.332895 49454
39.975122 116.332860 49459
39.974933 116.332862 49464
39.974961 116.332860 49469
39.974912 116.332887 49474
39.974822 116.332954 49479
39.974660 116.333012 49484
39.974762 116.333102 49489
39.974897 116.333162 49494
39.975174 116.333198 49499
39.975404 116.333204 49504
39.975463 116.333153 49509
39.975401 116.333080 49514
39.975334 116.333012 49519
39.975308 116.332931 49524
39.975142 116.332850 49529
39.974963 116.332799 49534
39.974951 116.332803 49535
39.974905 116.332817 49539
39.974859 116.332856 49543
39.974848 116.332866 49544
39.974984 116.332944 49549
39.975055 116.332985 49554
39.975021 116.333040 49559
39.975080 116.333062 49564
39.975190 116.333065 49569
39.975458 116.333072 49574
39.975572 116.333068 49579
39.975653 116.333068 49584
39.975768 116.333054 49589
39.975856 116.333020 49594
39.975913 116.333017 49599
39.975952 116.333016 49604
39.976248 116.333067 49609
39.976647 116.333144 49614
39.976714 116.333124 49619
39.976763 116.333110 49624
39.976802 116.333164 49629
39.976704 116.333177 49634
39.976760 116.333208 49639
39.976917 116.333283 49644
39.977318 116.333377 49649
39.977538 116.333452 49654
39.977776 116.333521 49659
39.977919 116.333585 49664
39.978012 116.333628 49669
39.977994 116.333646 49674
39.977679 116.333649 49679
39.977281 116.333635 49684
39.976583 116.333590 49689
39.976086 116.333559 49694
39.975956 116.333581 49699
39.976001 116.333582 49704
39.976064 116.333442 49709
39.975836 116.333370 49714
39.975707 116.333472 49719
39.975703 116.333487 49720
39.975688 116.333549 49724
39.975698 116.333466 49729
39.975691 116.333404 49734
39.975614 116.333394 49739
39.975598 116.333371 49744
39.975638 116.333372 49749
39.975722 116.333384 49754
39.975736 116.333420 49759
39.975548 116.333486 49764
39.975387 116.333549 49769
39.975303 116.333602 49774
39.975283 116.333620 49779
39.975248 116.333610 49784
39.975277 116.333603 49789
39.975316 116.333621 49793
39.975326 116.333625 49794
39.975353 116.333654 49799
39.975391 116.333696 49804
39.975452 116.333710 49807
39.975472 116.333714 49808
39.975492 116.333719 49809
39.975593 116.333737 49814
39.975837 116.333761 49819
39.976192 116.333789 49824
39.976234 116.333796 49828
39.976245 116.333798 49829
39.976138 116.333733 49834
39.975601 116.333649 49839
39.975276 116.333579 49841
39.974788 116.333474 49844
39.974504 116.333449 49849
39.974380 116.333430 49854
39.974205 116.333462 49859
39.974052 116.333452 49864
39.973929 116.333462 49869
39.973885 116.333469 49872
39.973856 116.333473 49874
39.973791 116.333456 49879
39.973853 116.333466 49884
39.974168 116.333489 49889
