39.972397 116.201363 40762
39.972385 116.201370 40767
39.972355 116.201370 40772
39.972233 116.201385 40777
39.972201 116.201388 40778
39.972073 116.201401 40782
39.971905 116.201576 40787
39.971867 116.202019 40792
39.971867 116.202660 40797
39.971876 116.203113 40800
39.971882 116.203415 40802
39.971867 116.203778 40804
39.971844 116.204323 40807
39.971817 116.205315 40812
39.971813 116.206337 40817
39.971809 116.207314 40822
39.971813 116.208252 40827
39.971809 116.209160 40832
39.971810 116.209331 40833
39.971813 116.210014 40837
39.971813 116.210678 40842
39.971821 116.210953 40847
39.971825 116.210960 40849
39.971832 116.210938 40853
39.971828 116.210892 40864
39.971813 116.211006 40869
39.971817 116.211273 40874
39.971802 116.211693 40879
39.971790 116.212212 40884
39.971790 116.212830 40889
39.971806 116.213501 40894
39.971844 116.214180 40899
39.971863 116.214775 40904
39.971889 116.215294 40909
39.971905 116.215721 40914
39.971905 116.216225 40919
39.971897 116.216728 40924
39.971893 116.217316 40929
39.971878 116.217918 40934
39.971874 116.218559 40939
39.971863 116.219162 40944
39.971855 116.219765 40949
39.971855 116.220383 40954
39.971851 116.220955 40959
39.971832 116.221466 40964
39.971802 116.221909 40969
39.971825 116.222221 40974
39.971836 116.222366 40979
39.971828 116.222443 40984
39.971828 116.222454 40985
39.971828 116.222496 40989
39.971832 116.222519 40992
39.971840 116.222542 40997
39.971840 116.222694 41002
39.971813 116.223053 41007
39.971806 116.223518 41012
39.971809 116.224083 41017
39.971821 116.224739 41022
39.971821 116.225449 41027
39.971840 116.226120 41032
39.971828 116.226517 41037
39.971828 116.226585 41041
39.971828 116.226593 41054
39.971851 116.226648 41057
39.971867 116.226685 41059
39.971874 116.227066 41064
39.971859 116.227570 41069
39.971867 116.228172 41074
39.971867 116.228867 41079
39.971878 116.229584 41084
39.971869 116.230139 41088
39.971867 116.230278 41089
39.971855 116.230904 41094
39.971851 116.231453 41099
39.971848 116.231911 41104
39.971844 116.232277 41109
39.971851 116.232529 41114
39.971867 116.232620 41119
39.971840 116.232590 41123
39.971836 116.232643 41128
39.971878 116.232910 41133
39.971889 116.233292 41138
39.971882 116.233795 41143
39.971867 116.234428 41148
39.971859 116.235153 41153
39.971863 116.235931 41158
39.971867 116.236755 41163
39.971870 116.237602 41168
39.971882 116.238243 41173
39.971874 116.238556 41178
39.971867 116.238785 41183
39.971867 116.239136 41188
39.971867 116.239594 41193
39.971874 116.240028 41198
39.971897 116.240318 41203
39.971893 116.240623 41208
39.971870 116.240761 41212
39.971840 116.240761 41222
39.971832 116.240936 41227
39.971844 116.241287 41232
39.971855 116.241760 41237
39.971861 116.242249 41241
39.971863 116.242371 41242
39.971870 116.243042 41247
39.971880 116.243495 41250
39.971886 116.243797 41252
39.971893 116.244598 41257
39.971896 116.245215 41261
39.971897 116.245369 41262
39.971905 116.246094 41267
39.971920 116.246681 41272
39.971924 116.246994 41277
39.971920 116.247025 41279
39.971897 116.247017 41293
39.971912 116.247185 41298
39.971931 116.247559 41303
39.971939 116.248093 41308
39.971958 116.248672 41313
39.971973 116.249252 41318
39.971985 116.249771 41323
39.971996 116.250191 41328
39.972000 116.250458 41333
39.972008 116.250565 41338
39.972008 116.250603 41343
39.972027 116.250771 41348
39.972034 116.251129 41353
39.972044 116.251532 41357
39.972046 116.251633 41358
