39.916942 116.324665 560
39.916917 116.324677 564
39.916838 116.324780 568
39.916707 116.324898 572
39.916492 116.324995 576
39.916266 116.325038 579
39.916190 116.325052 580
39.915832 116.325042 584
39.915478 116.325045 588
39.915401 116.325074 589
39.915170 116.325160 592
39.914970 116.325395 596
39.914877 116.325723 600
39.914867 116.325883 604
39.914898 116.325964 606
39.914928 116.326045 608
39.915010 116.326190 612
39.915097 116.326275 616
39.915190 116.326320 620
39.915353 116.326373 624
39.915565 116.326407 628
39.915830 116.326410 632
39.916180 116.326397 636
39.916337 116.326385 638
39.916495 116.326372 640
39.916723 116.326407 644
39.916842 116.326693 648
39.916985 116.326943 652
39.916935 116.327238 656
39.916877 116.327407 660
39.916882 116.327533 664
39.916858 116.327625 668
39.916847 116.327740 672
39.916838 116.327978 676
39.916810 116.328203 680
39.916807 116.328300 684
39.916760 116.328335 688
39.916708 116.328347 692
39.916477 116.328348 696
39.916140 116.328345 700
39.915597 116.328352 705
39.915230 116.328368 708
39.914823 116.328360 711
39.914435 116.328357 714
39.913930 116.328353 719
39.913747 116.328325 723
39.913695 116.328273 727
39.913693 116.328257 735
39.913575 116.328288 739
39.913377 116.328313 743
39.913228 116.328292 747
39.913077 116.328262 751
39.913007 116.328263 755
39.912922 116.328272 759
39.912762 116.328278 763
39.912492 116.328313 767
39.912115 116.328315 771
39.911732 116.328297 775
39.911425 116.328255 779
39.911058 116.328225 783
39.910523 116.328268 788
39.910092 116.328372 793
39.909895 116.328428 797
39.909797 116.328373 801
39.909773 116.328284 804
39.909765 116.328255 805
39.909740 116.328112 809
39.909710 116.327895 813
39.909625 116.327635 817
39.909483 116.327490 821
39.909178 116.327578 825
39.908782 116.327745 829
39.908452 116.327852 832
39.908107 116.327965 835
39.907750 116.328033 838
39.907522 116.328066 840
39.907408 116.328082 841
39.907083 116.328080 844
39.906610 116.328078 849
39.906410 116.327992 853
39.906350 116.327762 857
39.906353 116.327358 861
39.906435 116.326835 865
39.906505 116.326400 868
39.906513 116.325945 871
39.906502 116.325260 876
39.906548 116.324587 881
39.906565 116.324135 884
39.906532 116.323665 887
39.906528 116.323253 890
39.906516 116.323105 891
39.906492 116.322810 893
39.906387 116.322332 896
39.906338 116.321835 899
39.906342 116.321297 902
39.906353 116.320753 905
39.906338 116.320160 908
39.906337 116.319575 911
39.906338 116.319192 913
39.906338 116.319000 914
39.906330 116.318502 917
39.906323 116.317888 922
39.906340 116.317507 926
39.906343 116.317305 930
39.906340 116.317107 934
39.906333 116.316730 938
39.906338 116.316292 942
39.906357 116.315817 946
39.906332 116.315310 950
39.906323 116.314855 954
39.906298 116.314385 958
39.906298 116.313872 962
39.906297 116.313390 966
39.906295 116.312923 970
39.906285 116.312463 974
39.906272 116.312040 978
39.906348 116.311398 983
39.906380 116.310897 986
39.906388 116.310185 991
39.906402 116.309672 995
39.906400 116.308937 1000
39.906455 116.308422 1003
39.906445 116.308239 1004
39.906425 116.307873 1006
39.906415 116.307252 1011
39.906553 116.306953 1015
39.906850 116.306745 1019
39.907168 116.306532 1023
39.907545 116.306212 1027
39.907483 116.305698 1031
39.907493 116.305255 1035
39.907438 116.304872 1039
39.907437 116.304577 1043
39.907537 116.304382 1047
39.907918 116.304375 1051
39.908032 116.304378 1052
39.908490 116.304388 1056
39.908903 116.304378 1059
39.909340 116.304375 1062
39.909825 116.304385 1065
39.910632 116.304387 1070
39.911278 116.304389 1074
39.911440 116.304390 1075
39.912263 116.304362 1080
39.913112 116.304353 1085
39.913948 116.304343 1090
39.914393 116.304341 1093
39.914690 116.304340 1095
39.915088 116.304323 1098
39.915500 116.304310 1101
39.915937 116.304310 1104
39.916086 116.304312 1105
39.916383 116.304317 1107
39.916830 116.304313 1110
39.917300 116.304325 1113
39.918138 116.304293 1118
39.918995 116.304267 1123
39.919800 116.304260 1128
39.920273 116.304253 1131
39.921110 116.304270 1136
39.921962 116.304332 1141
39.922122 116.304323 1142
39.922763 116.304288 1146
39.923260 116.304252 1149
39.923433 116.304253 1150
39.924125 116.304257 1154
39.924948 116.304258 1159
