39.996253 116.418146 7503
39.996459 116.418196 7507
39.996674 116.418171 7511
39.996952 116.418131 7515
39.997167 116.418031 7519
39.997306 116.417992 7523
39.997413 116.417923 7527
39.997454 116.417846 7531
39.997479 116.417719 7535
39.997524 116.417469 7539
39.997616 116.417124 7543
39.997580 116.416505 7547
39.997542 116.415953 7550
39.997529 116.415769 7551
39.997499 116.415016 7555
39.997502 116.414380 7559
39.997521 116.413783 7563
39.997438 116.413108 7567
39.997435 116.412551 7571
39.997442 116.411951 7575
39.997495 116.411456 7579
39.997592 116.411138 7583
39.997708 116.411102 7587
39.997877 116.411138 7591
39.998182 116.411173 7595
39.998568 116.411237 7599
39.999045 116.411305 7603
39.999446 116.411272 7607
39.999493 116.411392 7611
39.999511 116.411452 7614
39.999517 116.411472 7615
39.999524 116.411480 7619
39.999529 116.411486 7623
39.999531 116.411491 7627
39.999583 116.411493 7631
39.999896 116.411466 7635
40.000232 116.411446 7639
40.000542 116.411375 7643
40.000887 116.411410 7647
40.001168 116.411390 7651
40.001330 116.411361 7655
40.001359 116.411357 7657
40.001388 116.411353 7659
40.001408 116.411331 7663
40.001426 116.411323 7667
40.001440 116.411313 7671
40.001476 116.411276 7675
40.001488 116.411289 7679
40.001505 116.411287 7683
40.001503 116.411286 7684
40.001498 116.411282 7687
40.001497 116.411288 7691
40.001476 116.411280 7695
40.001494 116.411280 7699
40.001488 116.411289 7703
40.001490 116.411287 7707
40.001493 116.411272 7711
40.001476 116.411248 7715
40.001460 116.411264 7719
40.001449 116.411275 7723
40.001449 116.411273 7727
40.001471 116.411227 7731
40.001494 116.411135 7735
40.001505 116.410962 7739
40.001499 116.410910 7740
40.001481 116.410753 7743
40.001451 116.410418 7747
40.001443 116.409916 7751
40.001462 116.409354 7755
40.001467 116.408759 7759
40.001458 116.408158 7763
40.001479 116.407842 7765
40.001499 116.407525 7767
40.001560 116.406807 7771
40.001536 116.406146 7775
40.001525 116.405500 7779
40.001535 116.405338 7780
40.001566 116.404853 7783
40.001510 116.404319 7787
40.001512 116.404077 7790
40.001513 116.403996 7791
40.001569 116.403808 7795
40.001557 116.403754 7799
40.001544 116.403703 7801
40.001531 116.403651 7803
40.001513 116.403622 7807
40.001506 116.403625 7811
40.001524 116.403614 7815
40.001551 116.403599 7817
40.001564 116.403592 7818
40.001577 116.403585 7819
40.001469 116.403435 7823
40.001460 116.403261 7826
40.001457 116.403203 7827
40.001464 116.402935 7831
40.001481 116.402643 7835
40.001420 116.402436 7839
40.001326 116.402360 7843
40.001288 116.402362 7847
40.001283 116.402370 7851
40.001285 116.402377 7855
40.001293 116.402375 7859
40.001299 116.402362 7863
40.001302 116.402341 7867
40.001303 116.402328 7871
40.001309 116.402325 7875
40.001316 116.402329 7879
40.001323 116.402329 7883
40.001328 116.402340 7887
40.001328 116.402359 7891
40.001329 116.402360 7895
40.001331 116.402368 7899
40.001333 116.402363 7902
40.001334 116.402362 7903
40.001335 116.402365 7904
40.001339 116.402375 7907
40.001343 116.402387 7911
40.001352 116.402395 7915
40.001332 116.402312 7919
40.001332 116.402055 7923
40.001350 116.401772 7927
40.001335 116.401519 7931
40.001296 116.401277 7935
40.001282 116.400954 7939
40.001327 116.400601 7943
40.001368 116.400307 7947
40.001409 116.400129 7951
40.001465 116.399982 7955
40.001530 116.399872 7959
40.001549 116.399752 7963
40.001545 116.399686 7967
40.001561 116.399657 7971
40.001492 116.399748 7975
40.001429 116.399761 7979
40.001408 116.399686 7983
40.001405 116.399424 7987
40.001414 116.399035 7991
40.001409 116.398580 7995
40.001389 116.398457 7996
40.001330 116.398089 7999
40.001250 116.397553 8003
40.001174 116.396981 8007
40.001184 116.396432 8011
40.001188 116.395903 8015
40.001222 116.395481 8019
40.001245 116.395198 8023
40.001269 116.395138 8027
40.001279 116.395119 8031
40.001292 116.395121 8035
40.001301 116.395137 8039
40.001308 116.395157 8043
40.001313 116.395159 8047
40.001329 116.395158 8051
40.001351 116.395159 8055
40.001378 116.395159 8059
40.001339 116.395022 8063
40.001148 116.394765 8067
40.001020 116.394449 8071
40.000970 116.394054 8075
40.000969 116.393510 8079
40.000970 116.392882 8083
40.000986 116.392239 8087
40.001015 116.391583 8091
40.001041 116.391036 8095
40.001047 116.390491 8099
