39.975014 116.329042 40594
39.975004 116.329018 40599
39.975016 116.329084 40603
39.975027 116.329110 40607
39.975020 116.329141 40610
39.975017 116.329151 40611
39.975043 116.329157 40615
39.975052 116.329149 40619
39.975047 116.329143 40623
39.975060 116.329117 40627
39.975074 116.329046 40631
39.975085 116.329004 40635
39.975110 116.328970 40639
39.975145 116.328909 40643
39.975167 116.328898 40647
39.975187 116.328885 40650
39.975194 116.328881 40651
39.975230 116.328822 40655
39.975271 116.328772 40659
39.975279 116.328778 40661
39.975286 116.328783 40663
39.975345 116.328750 40667
39.975388 116.328741 40671
39.975427 116.328730 40675
39.975484 116.328725 40679
39.975533 116.328730 40683
39.975599 116.328723 40687
39.975659 116.328722 40691
39.975716 116.328734 40695
39.975743 116.328692 40699
39.975793 116.328680 40703
39.975817 116.328606 40707
39.975917 116.328633 40711
39.975996 116.328795 40715
39.976051 116.328823 40719
39.976126 116.328874 40723
39.976181 116.328841 40727
39.976228 116.328773 40731
39.976273 116.328778 40735
39.976315 116.328729 40739
39.976370 116.328730 40743
39.976403 116.328707 40747
39.976450 116.328701 40751
39.976502 116.328685 40755
39.976535 116.328670 40759
39.976560 116.328692 40763
39.976565 116.328703 40767
39.976519 116.328666 40771
39.976507 116.328672 40775
39.976577 116.328637 40778
39.976600 116.328625 40779
39.976650 116.328650 40783
39.976754 116.328685 40787
39.976858 116.328739 40791
39.976913 116.328779 40794
39.976931 116.328793 40795
39.977002 116.328838 40799
39.977077 116.328905 40803
39.977158 116.328959 40807
39.977180 116.328974 40808
39.977244 116.329020 40811
39.977369 116.329142 40815
39.977387 116.329149 40816
39.977442 116.329169 40819
39.977503 116.329140 40823
39.977532 116.329086 40827
39.977544 116.329083 40831
39.977581 116.329050 40835
39.977625 116.329026 40839
39.977656 116.329011 40843
39.977685 116.329011 40847
39.977716 116.329018 40851
39.977755 116.329009 40855
39.977769 116.329000 40859
39.977846 116.328915 40863
39.977886 116.328874 40867
39.977927 116.328795 40871
39.977967 116.328759 40875
39.978019 116.328729 40879
39.978058 116.328610 40883
39.978092 116.328527 40887
39.978138 116.328454 40891
39.978180 116.328390 40895
39.978194 116.328364 40899
39.978232 116.328381 40903
39.978316 116.328407 40907
39.978381 116.328422 40911
39.978481 116.328487 40915
39.978569 116.328545 40919
39.978601 116.328571 40923
39.978645 116.328598 40927
39.978712 116.328414 40931
39.978776 116.328329 40935
39.978783 116.328333 40936
39.978802 116.328346 40939
39.978840 116.328346 40943
39.978875 116.328334 40946
39.978886 116.328330 40947
39.978985 116.328404 40951
39.979050 116.328418 40955
39.979094 116.328365 40959
39.979115 116.328272 40963
39.979128 116.328263 40964
39.979165 116.328237 40967
39.979208 116.328233 40971
39.979260 116.328239 40975
39.979268 116.328240 40976
39.979292 116.328243 40979
39.979360 116.328256 40983
39.979413 116.328272 40987
39.979524 116.328348 40991
39.979559 116.328420 40995
39.979593 116.328400 40999
39.979647 116.328363 41003
39.979694 116.328328 41007
39.979731 116.328177 41011
39.979772 116.328098 41015
39.979847 116.328106 41019
39.979904 116.328149 41023
39.979960 116.328170 41027
39.980043 116.328173 41031
39.980086 116.328161 41035
39.980101 116.328163 41037
39.980116 116.328166 41039
39.980199 116.328203 41043
39.980281 116.328208 41047
39.980301 116.328200 41051
39.980336 116.328203 41055
39.980357 116.328200 41059
39.980374 116.328216 41063
39.980399 116.328236 41067
39.980488 116.328211 41071
39.980544 116.328121 41075
39.980574 116.328105 41079
39.980607 116.328066 41083
39.980656 116.327893 41087
39.980708 116.327890 41091
39.980752 116.327908 41095
39.980803 116.327930 41099
39.980830 116.327930 41103
39.980846 116.327931 41107
39.980870 116.327919 41111
39.980890 116.327910 41113
39.980909 116.327901 41115
39.980939 116.327901 41119
39.980961 116.327900 41123
39.980981 116.327895 41127
39.980987 116.327886 41131
39.980987 116.327883 41132
39.980987 116.327880 41133
39.981046 116.328779 41169
39.980755 116.328686 41173
39.981024 116.328453 41177
39.980950 116.328282 41181
39.980931 116.328219 41185
39.980982 116.328186 41189
