39.983674 116.307022 19759
39.983701 116.307099 19763
39.983715 116.307207 19767
39.983714 116.307262 19769
39.983714 116.307316 19771
39.983737 116.307437 19775
39.983746 116.307466 19779
39.983754 116.307571 19783
39.983757 116.307600 19784
39.983765 116.307687 19787
39.983782 116.307828 19791
39.983797 116.307976 19795
39.983794 116.308130 19799
39.983790 116.308170 19800
39.983777 116.308288 19803
39.983745 116.308562 19807
39.983770 116.308698 19811
39.983767 116.308778 19813
39.983764 116.308857 19815
39.983776 116.309002 19819
39.983807 116.309133 19823
39.983818 116.309264 19827
39.983807 116.309371 19831
39.983813 116.309488 19835
39.983827 116.309605 19839
39.983821 116.309648 19843
39.983822 116.309667 19847
39.983821 116.309668 19851
39.983822 116.309666 19855
39.983822 116.309666 19859
39.983822 116.309661 19863
39.983822 116.309662 19865
39.983821 116.309662 19867
39.983821 116.309667 19869
39.983821 116.309670 19870
39.983821 116.309672 19871
39.983829 116.309708 19875
39.983892 116.309834 19879
39.983980 116.309966 19883
39.984087 116.310064 19887
39.984198 116.310143 19891
39.984307 116.310211 19895
39.984424 116.310277 19899
39.984536 116.310330 19903
39.984636 116.310393 19907
39.984743 116.310429 19911
39.984844 116.310433 19915
39.984955 116.310417 19919
39.985056 116.310416 19923
39.985159 116.310397 19927
39.985242 116.310363 19931
39.985362 116.310431 19935
39.985465 116.310392 19939
39.985594 116.310362 19943
39.985707 116.310353 19947
39.985805 116.310346 19951
39.985861 116.310321 19955
39.985922 116.310311 19959
39.986009 116.310274 19963
39.986091 116.310254 19967
39.986186 116.310226 19971
39.986276 116.310213 19975
39.986386 116.310240 19979
39.986503 116.310212 19983
39.986604 116.310168 19987
39.986691 116.310125 19991
39.986782 116.310060 19995
39.986877 116.309996 19999
39.987015 116.310093 20003
39.987117 116.310079 20007
39.987232 116.310022 20011
39.987332 116.309992 20015
39.987426 116.309951 20019
39.987523 116.309891 20023
39.987597 116.309799 20027
39.987612 116.309768 20028
39.987659 116.309675 20031
39.987760 116.309613 20035
39.987858 116.309559 20039
39.987956 116.309550 20043
39.988074 116.309527 20047
39.988177 116.309493 20051
39.988228 116.309478 20053
39.988279 116.309463 20055
39.988330 116.309383 20059
39.988433 116.309368 20063
39.988482 116.309345 20067
39.988595 116.309395 20071
39.988704 116.309428 20075
39.988832 116.309462 20079
39.988967 116.309519 20083
39.989025 116.309540 20085
39.989084 116.309561 20087
39.989144 116.309573 20090
39.989164 116.309577 20091
39.989293 116.309590 20095
39.989376 116.309580 20098
39.989403 116.309577 20099
39.989498 116.309590 20103
39.989588 116.309582 20107
39.989673 116.309542 20111
39.989758 116.309509 20115
39.989849 116.309467 20119
39.989916 116.309356 20123
39.990028 116.309383 20127
39.990129 116.309421 20131
39.990183 116.309438 20133
39.990236 116.309454 20135
39.990317 116.309474 20139
39.990430 116.309540 20143
39.990567 116.309752 20147
39.990623 116.309912 20151
39.990622 116.309914 20155
39.990621 116.309915 20159
39.990621 116.309916 20163
39.990619 116.309917 20167
39.990619 116.309918 20171
39.990621 116.309919 20175
39.990623 116.309920 20179
39.990629 116.309921 20183
39.990659 116.309927 20187
39.990701 116.309935 20189
39.990743 116.309944 20191
39.990840 116.309941 20195
39.990934 116.309923 20199
39.991052 116.309894 20203
39.991180 116.309884 20207
39.991249 116.309868 20211
39.991376 116.309906 20215
39.991508 116.309880 20219
39.991609 116.309867 20223
39.991706 116.309852 20227
39.991807 116.309847 20231
39.991912 116.309813 20235
39.992029 116.309767 20239
39.992150 116.309695 20243
39.992275 116.309674 20247
39.992390 116.309636 20251
39.992503 116.309656 20255
39.992621 116.309675 20259
39.992745 116.309636 20263
39.992869 116.309637 20267
39.993012 116.309616 20271
39.993136 116.309581 20275
39.993264 116.309593 20279
39.993360 116.309573 20283
39.993448 116.309550 20287
39.993605 116.309569 20291
39.993730 116.309560 20295
39.993831 116.309484 20299
39.993947 116.309400 20303
39.994091 116.309427 20307
39.994211 116.309406 20311
39.994333 116.309390 20315
39.994442 116.309384 20319
39.994573 116.309371 20323
39.994707 116.309380 20327
39.994849 116.309378 20331
39.994957 116.309388 20335
39.995077 116.309395 20339
39.995188 116.309387 20343
39.995320 116.309395 20347
39.995436 116.309402 20351
39.995498 116.309407 20353
39.995561 116.309412 20355
