40.070960 116.328612 52746
40.070988 116.328703 52750
40.071045 116.328710 52754
40.071075 116.328710 52756
40.071120 116.328728 52760
40.071187 116.328648 52764
40.071208 116.328682 52768
40.071245 116.328693 52772
40.071285 116.328727 52776
40.071335 116.328740 52780
40.071392 116.328690 52784
40.071437 116.328702 52788
40.071487 116.328712 52792
40.071537 116.328698 52796
40.071585 116.328718 52800
40.071657 116.328707 52804
40.071708 116.328642 52808
40.071760 116.328648 52812
40.071810 116.328643 52816
40.071860 116.328628 52820
40.071875 116.328621 52821
40.071920 116.328600 52824
40.071978 116.328592 52828
40.072035 116.328583 52832
40.072092 116.328567 52836
40.072148 116.328543 52840
40.072197 116.328550 52844
40.072248 116.328547 52848
40.072307 116.328523 52852
40.072360 116.328515 52856
40.072410 116.328497 52860
40.072463 116.328463 52864
40.072508 116.328452 52868
40.072545 116.328430 52871
40.072557 116.328423 52872
40.072600 116.328410 52876
40.072650 116.328355 52880
40.072707 116.328297 52884
40.072737 116.328337 52888
40.072788 116.328325 52892
40.072843 116.328292 52896
40.072878 116.328280 52900
40.072908 116.328269 52902
40.072938 116.328257 52904
40.073010 116.328265 52908
40.073062 116.328208 52912
40.073113 116.328162 52916
40.073167 116.328173 52920
40.073225 116.328195 52924
40.073285 116.328302 52928
40.073338 116.328327 52932
40.073392 116.328323 52936
40.073440 116.328338 52940
40.073482 116.328330 52944
40.073530 116.328307 52948
40.073588 116.328292 52952
40.073645 116.328288 52956
40.073698 116.328265 52960
40.073748 116.328258 52964
40.073798 116.328250 52968
40.073852 116.328250 52972
40.073898 116.328248 52976
40.073937 116.328255 52979
40.073950 116.328257 52980
40.074003 116.328252 52984
40.074055 116.328255 52988
40.074097 116.328253 52992
40.074147 116.328248 52996
40.074190 116.328250 53000
40.074232 116.328215 53004
40.074282 116.328187 53008
40.074338 116.328148 53012
40.074345 116.328065 53016
40.074342 116.327968 53020
40.074348 116.327892 53024
40.074377 116.327858 53028
40.074430 116.327800 53032
40.074483 116.327748 53036
40.074540 116.327735 53040
40.074592 116.327705 53044
40.074638 116.327690 53048
40.074663 116.327665 53052
40.074670 116.327665 53053
40.074690 116.327665 53056
40.074722 116.327693 53060
40.074767 116.327692 53064
40.074813 116.327692 53068
40.074858 116.327693 53072
40.074900 116.327673 53076
40.074952 116.327648 53080
40.074985 116.327658 53084
40.075013 116.327660 53088
40.075038 116.327663 53092
40.075093 116.327680 53096
40.075168 116.327695 53100
40.075240 116.327692 53104
40.075318 116.327695 53108
40.075382 116.327693 53112
40.075435 116.327683 53116
40.075508 116.327653 53119
40.075532 116.327643 53120
40.075567 116.327620 53124
40.075617 116.327617 53128
40.075647 116.327618 53132
40.075693 116.327630 53136
40.075738 116.327648 53140
40.075780 116.327633 53144
40.075820 116.327613 53147
40.075833 116.327607 53148
40.075870 116.327588 53152
40.075930 116.327583 53156
40.075990 116.327565 53160
40.076033 116.327537 53164
40.076083 116.327492 53168
40.076083 116.327408 53172
40.076042 116.327298 53176
40.076043 116.327274 53177
40.076045 116.327200 53180
40.076057 116.327105 53184
40.076065 116.327055 53188
40.076073 116.327048 53192
40.076092 116.327050 53196
40.076122 116.327033 53200
40.076147 116.327007 53204
40.076182 116.326983 53208
40.076247 116.326973 53212
40.076295 116.326942 53216
40.076328 116.326895 53220
40.076330 116.326882 53221
40.076335 116.326843 53224
40.076365 116.326787 53228
40.076373 116.326725 53232
40.076358 116.326640 53236
40.076358 116.326614 53239
40.076358 116.326605 53240
40.076363 116.326530 53244
40.076353 116.326445 53248
40.076337 116.326393 53250
40.076345 116.326310 53254
40.076342 116.326277 53258
40.076353 116.326210 53262
40.076352 116.326187 53263
40.076348 116.326118 53266
40.076350 116.326052 53270
40.076354 116.326038 53271
40.076358 116.326024 53272
40.076365 116.325995 53274
40.076360 116.325997 53278
40.076368 116.326015 53282
40.076403 116.326007 53284
40.076438 116.325998 53286
40.076480 116.325942 53290
40.076562 116.325920 53294
40.076597 116.325922 53296
40.076632 116.325877 53300
40.076668 116.325925 53304
40.076697 116.325868 53308
40.076670 116.325797 53312
40.076650 116.325745 53316
40.076638 116.325755 53320
40.076637 116.325750 53323
40.076652 116.325748 53328
40.076673 116.325730 53332
40.076727 116.325633 53336
40.076777 116.325580 53340
40.076745 116.325520 53344
40.076746 116.325508 53345
40.076747 116.325495 53346
