39.986624 116.484935 16206
39.986613 116.485488 16210
39.986602 116.486072 16214
39.986614 116.486685 16218
39.986628 116.487349 16222
39.986629 116.488009 16226
39.986627 116.488663 16230
39.986631 116.489277 16234
39.986619 116.489754 16238
39.986599 116.490116 16242
39.986587 116.490315 16246
39.986576 116.490322 16250
39.986574 116.490322 16251
39.986569 116.490322 16254
39.986566 116.490322 16258
39.986566 116.490321 16262
39.986567 116.490321 16266
39.986564 116.490321 16270
39.986556 116.490321 16274
39.986554 116.490320 16278
39.986549 116.490318 16282
39.986548 116.490318 16286
39.986552 116.490318 16290
39.986581 116.490435 16294
39.986644 116.490669 16298
39.986692 116.490901 16302
39.986867 116.491072 16306
39.987165 116.491114 16310
39.987527 116.491119 16314
39.987636 116.491115 16315
39.987745 116.491110 16316
39.987962 116.491102 16318
39.988438 116.491103 16322
39.988939 116.491100 16326
39.989455 116.491093 16330
39.989936 116.490973 16334
39.990383 116.490705 16338
39.990718 116.490382 16342
39.991013 116.489959 16346
39.991312 116.489481 16350
39.991584 116.489065 16354
39.991772 116.488793 16358
39.991933 116.488671 16362
39.992106 116.488759 16366
39.992281 116.488976 16370
39.992536 116.489251 16374
39.992870 116.489595 16378
39.993252 116.490026 16382
39.993639 116.490483 16386
39.994037 116.490922 16390
39.994440 116.491362 16394
39.994820 116.491850 16398
39.995198 116.492300 16402
39.995502 116.492745 16406
39.995662 116.493250 16410
39.995790 116.493751 16414
39.996020 116.494119 16418
39.996152 116.494254 16420
39.996284 116.494390 16422
39.996468 116.494609 16426
39.996648 116.494833 16430
39.996807 116.495036 16434
39.996953 116.495187 16438
39.997187 116.495350 16452
39.997922 116.495862 16496
39.997748 116.495647 16500
39.998015 116.495638 16504
39.998375 116.495855 16508
39.998710 116.496150 16512
39.999047 116.496500 16516
39.999412 116.496890 16520
39.999745 116.497241 16524
40.000085 116.497595 16528
40.000336 116.497960 16532
40.000337 116.498159 16534
40.000338 116.498358 16536
40.000127 116.498809 16540
39.999933 116.499217 16544
39.999815 116.499458 16548
39.999768 116.499543 16552
39.999748 116.499570 16556
39.999727 116.499572 16560
39.999704 116.499595 16564
39.999665 116.499617 16568
39.999641 116.499673 16572
39.999612 116.499728 16576
39.999599 116.499775 16579
39.999594 116.499790 16580
39.999601 116.499849 16584
39.999606 116.499913 16588
39.999598 116.499989 16592
39.999514 116.500046 16596
39.999480 116.500099 16600
39.999464 116.500180 16604
39.999449 116.500233 16608
39.999441 116.500298 16612
39.999424 116.500359 16616
39.999400 116.500414 16620
39.999390 116.500469 16623
39.999387 116.500487 16624
39.999377 116.500546 16628
39.999363 116.500606 16632
39.999354 116.500674 16636
39.999337 116.500735 16640
39.999313 116.500792 16644
39.999295 116.500857 16648
39.999295 116.500914 16652
39.999291 116.500981 16656
39.999287 116.501051 16660
39.999275 116.501083 16662
39.999264 116.501115 16664
39.999233 116.501193 16668
39.999225 116.501216 16669
39.999203 116.501283 16672
39.999245 116.501321 16676
39.999266 116.501372 16680
39.999277 116.501420 16684
39.999298 116.501470 16688
39.999250 116.501537 16692
39.999237 116.501568 16694
39.999223 116.501600 16696
39.999223 116.501626 16700
39.999223 116.501639 16701
39.999225 116.501680 16704
39.999225 116.501739 16708
39.999234 116.501796 16712
39.999251 116.501880 16716
39.999253 116.501896 16717
39.999258 116.501945 16720
39.999268 116.502071 16724
39.999244 116.502168 16728
39.999199 116.502237 16732
39.999216 116.502287 16736
39.999158 116.502350 16740
39.999166 116.502395 16744
39.999188 116.502448 16748
39.999208 116.502493 16752
39.999197 116.502561 16756
39.999221 116.502599 16760
39.999227 116.502661 16764
39.999243 116.502715 16768
39.999268 116.502775 16772
39.999254 116.502827 16776
39.999263 116.502884 16780
39.999259 116.502951 16784
39.999248 116.503019 16788
39.999252 116.503084 16792
39.999248 116.503150 16796
39.999249 116.503213 16800
39.999265 116.503276 16804
39.999266 116.503307 16806
