39.916425 116.454868 33711
39.916491 116.454872 33716
39.916703 116.454903 33718
39.916807 116.454916 33723
39.917041 116.454966 33728
39.917156 116.454981 33730
39.917252 116.454995 33734
39.917333 116.455007 33739
39.917354 116.455023 33744
39.917433 116.455024 33749
39.917461 116.455037 33754
39.917538 116.455051 33759
39.917619 116.455094 33764
39.917679 116.455124 33769
39.917716 116.455137 33774
39.917697 116.455085 33779
39.917765 116.455132 33784
39.917772 116.455147 33789
39.917771 116.455143 33794
39.917772 116.455141 33799
39.917768 116.455138 33804
39.917765 116.455139 33809
39.917757 116.455119 33814
39.917748 116.455125 33819
39.917766 116.455129 33824
39.917765 116.455132 33829
39.917767 116.455131 33833
39.917767 116.455131 33834
39.917772 116.455138 33839
39.917756 116.455135 33844
39.917752 116.455130 33849
39.917751 116.455130 33854
39.917743 116.455124 33859
39.917739 116.455117 33862
39.917736 116.455113 33864
39.917725 116.455104 33869
39.917727 116.455103 33874
39.917725 116.455099 33878
39.917724 116.455098 33879
39.917722 116.455095 33881
39.917720 116.455091 33884
39.917717 116.455088 33889
39.917698 116.455079 33894
39.917659 116.455120 33899
39.917637 116.455169 33903
39.917632 116.455181 33904
39.917612 116.455249 33909
39.917583 116.455327 33914
39.917573 116.455453 33919
39.917554 116.455506 33924
39.917558 116.455516 33934
39.917524 116.455557 33939
39.917504 116.455640 33944
39.917484 116.455722 33949
39.917474 116.455812 33954
39.917535 116.455895 33959
39.917476 116.456006 33963
39.917502 116.456072 33968
39.917529 116.456140 33973
39.917524 116.456204 33978
39.917513 116.456322 33982
39.917400 116.456340 33987
39.917315 116.456380 33992
39.917294 116.456445 33997
39.917263 116.456537 34002
39.917223 116.456631 34007
39.917218 116.456642 34008
39.917200 116.456686 34012
39.917179 116.456767 34017
39.917182 116.456850 34022
39.917175 116.456903 34025
39.917170 116.456938 34027
39.917158 116.457027 34032
39.917126 116.457095 34037
39.917092 116.457161 34042
39.917065 116.457221 34047
39.917051 116.457270 34052
39.917024 116.457332 34057
39.916977 116.457402 34062
39.916963 116.457470 34067
39.916971 116.457507 34072
39.916975 116.457539 34077
39.916972 116.457534 34078
39.916961 116.457515 34082
39.916957 116.457506 34087
39.917002 116.457478 34092
39.917002 116.457473 34097
39.917009 116.457457 34102
39.917013 116.457449 34107
39.917013 116.457471 34112
39.916971 116.457604 34115
39.916885 116.457894 34120
39.916778 116.458458 34125
39.916583 116.458997 34130
39.916358 116.459613 34135
39.916138 116.460217 34140
39.915951 116.460645 34144
39.915838 116.461042 34148
39.915694 116.461417 34152
39.915598 116.461696 34156
39.915544 116.461778 34161
39.915514 116.461761 34166
39.915521 116.461760 34171
39.915523 116.461758 34173
39.915527 116.461756 34176
39.915529 116.461750 34180
39.915530 116.461748 34181
39.915533 116.461746 34186
39.915532 116.461832 34191
39.915513 116.461948 34194
39.915456 116.462094 34198
39.915423 116.462252 34201
39.915386 116.462393 34204
39.915372 116.462516 34207
39.915325 116.462627 34212
39.915313 116.462694 34217
39.915309 116.462712 34222
39.915310 116.462710 34227
39.915312 116.462708 34232
39.915312 116.462705 34237
39.915311 116.462704 34242
39.915309 116.462705 34247
39.915309 116.462705 34252
39.915309 116.462706 34257
39.915309 116.462706 34259
39.915309 116.462707 34262
39.915308 116.462707 34267
39.915307 116.462705 34272
39.915307 116.462704 34277
39.915306 116.462704 34282
39.915305 116.462705 34285
39.915305 116.462705 34287
39.915306 116.462706 34292
39.915307 116.462705 34297
39.915306 116.462706 34302
39.915307 116.462706 34307
