39.953585 116.452430 28690
39.953425 116.452685 28695
39.953386 116.452745 28696
39.953268 116.452926 28699
39.953135 116.453141 28703
39.952977 116.453381 28707
39.952807 116.453643 28711
39.952599 116.453921 28715
39.952409 116.454153 28719
39.952235 116.454355 28723
39.952188 116.454397 28724
39.952046 116.454525 28727
39.951856 116.454691 28731
39.951704 116.454845 28735
39.951602 116.454914 28738
39.951518 116.454968 28741
39.951418 116.455014 28746
39.951353 116.455060 28751
39.951343 116.455067 28756
39.951337 116.455072 28761
39.951333 116.455075 28766
39.951302 116.455088 28771
39.951283 116.455097 28776
39.951274 116.455103 28781
39.951202 116.455142 28786
39.951116 116.455168 28791
39.951021 116.455222 28794
39.950925 116.455280 28797
39.950823 116.455309 28800
39.950768 116.455331 28802
39.950714 116.455352 28804
39.950671 116.455396 28809
39.950641 116.455415 28814
39.950529 116.455455 28819
39.950306 116.455481 28823
39.950042 116.455480 28827
39.949905 116.455478 28830
39.949813 116.455477 28832
39.949701 116.455457 28836
39.949449 116.455473 28841
39.949180 116.455486 28845
39.948960 116.455465 28849
39.948868 116.455461 28852
39.948768 116.455463 28855
39.948655 116.455479 28858
39.948546 116.455483 28861
39.948455 116.455484 28865
39.948330 116.455490 28869
39.948123 116.455503 28873
39.947893 116.455512 28878
39.947785 116.455475 28882
39.947703 116.455461 28884
39.947581 116.455441 28887
39.947460 116.455445 28890
39.947360 116.455446 28893
39.947295 116.455449 28895
39.947263 116.455450 28896
39.946991 116.455455 28901
39.946595 116.455457 28906
39.946173 116.455465 28911
39.945851 116.455463 28915
39.945414 116.455466 28920
39.944945 116.455478 28925
39.944744 116.455481 28927
39.944443 116.455485 28930
39.943913 116.455487 28935
39.943559 116.455490 28940
39.943450 116.455482 28943
39.943347 116.455479 28947
39.943249 116.455469 28950
39.943164 116.455460 28955
39.943161 116.455456 28960
39.943158 116.455457 28965
39.943125 116.455464 28970
39.943119 116.455465 28972
39.943110 116.455467 28975
39.943055 116.455462 28980
39.942941 116.455463 28985
39.942838 116.455463 28989
39.942737 116.455462 28992
39.942635 116.455465 28995
39.942535 116.455463 28998
39.942431 116.455460 29001
39.942329 116.455458 29003
39.942175 116.455455 29006
39.941881 116.455458 29010
39.941564 116.455451 29014
39.941275 116.455457 29018
39.941048 116.455461 29022
39.940925 116.455466 29025
39.940811 116.455458 29029
39.940712 116.455449 29032
39.940605 116.455447 29036
39.940525 116.455458 29041
39.940442 116.455461 29046
39.940349 116.455450 29051
39.940316 116.455442 29056
39.940309 116.455442 29058
39.940298 116.455441 29061
39.940265 116.455441 29066
39.940143 116.455446 29070
39.939758 116.455438 29075
39.939627 116.455422 29077
39.939569 116.455461 29082
39.939563 116.455456 29083
39.939540 116.455436 29087
39.939444 116.455432 29091
39.939244 116.455431 29096
39.938996 116.455429 29100
39.938776 116.455427 29104
39.938649 116.455431 29107
39.938548 116.455434 29110
39.938481 116.455439 29115
39.938471 116.455441 29120
39.938362 116.455448 29125
39.938249 116.455451 29128
39.938131 116.455451 29131
39.938008 116.455456 29134
39.937787 116.455458 29139
39.937586 116.455467 29143
39.937397 116.455464 29147
39.937272 116.455463 29150
39.937153 116.455462 29153
39.937050 116.455463 29156
39.936956 116.455453 29159
39.936753 116.455445 29164
39.936645 116.455443 29167
39.936554 116.455427 29170
39.936461 116.455405 29173
39.936200 116.455392 29178
39.935904 116.455388 29182
39.935752 116.455365 29184
39.935601 116.455342 29186
39.935284 116.455326 29190
39.934942 116.455306 29194
39.934593 116.455257 29198
39.934263 116.455222 29202
39.934024 116.455213 29206
39.933931 116.455212 29209
39.933855 116.455213 29214
39.933780 116.455194 29219
39.933664 116.455170 29223
39.933548 116.455151 29226
39.933338 116.455157 29231
39.933155 116.455157 29235
39.933034 116.455154 29238
39.932919 116.455152 29241
39.932803 116.455148 29244
39.932706 116.455153 29248
39.932697 116.455161 29251
39.932691 116.455166 29253
39.932692 116.455166 29258
39.932693 116.455166 29263
39.932693 116.455166 29265
39.932694 116.455166 29268
39.932664 116.455167 29273
39.932489 116.455007 29278
39.932460 116.454490 29283
39.932430 116.453797 29288
