39.999874 116.327361 66578
39.999894 116.327364 66583
39.999886 116.327349 66587
39.999884 116.327345 66588
39.999874 116.327308 66593
39.999888 116.327299 66598
39.999898 116.327254 66603
39.999914 116.327117 66608
39.999897 116.326966 66613
39.999897 116.326893 66615
39.999897 116.326784 66618
39.999912 116.326593 66623
39.999904 116.326405 66628
39.999889 116.326208 66633
39.999885 116.326019 66638
39.999883 116.325811 66643
39.999882 116.325772 66644
39.999878 116.325614 66648
39.999950 116.325462 66653
39.999985 116.325279 66658
40.000066 116.325106 66663
40.000184 116.324964 66668
40.000201 116.324841 66673
40.000257 116.324784 66678
40.000342 116.324721 66683
40.000431 116.324665 66688
40.000515 116.324660 66693
40.000535 116.324656 66694
40.000616 116.324641 66698
40.000717 116.324641 66703
40.000788 116.324670 66708
40.000878 116.324642 66713
40.001091 116.324613 66718
40.001271 116.324576 66723
40.001433 116.324571 66728
40.001643 116.324525 66733
40.001807 116.324506 66738
40.001952 116.324433 66743
40.002098 116.324417 66748
40.002254 116.324400 66753
40.002397 116.324393 66758
40.002560 116.324408 66763
40.002750 116.324412 66768
40.002915 116.324406 66773
40.003020 116.324395 66776
40.003055 116.324392 66777
40.003090 116.324388 66778
40.003280 116.324409 66783
40.003427 116.324391 66788
40.003621 116.324357 66793
40.003841 116.324299 66798
40.004046 116.324316 66803
40.004493 116.324378 66808
40.004798 116.324346 66813
40.004949 116.324325 66818
40.005107 116.324313 66823
40.005266 116.324290 66828
40.005470 116.324272 66833
40.005657 116.324290 66838
40.005688 116.324287 66843
40.005768 116.324280 66848
40.006019 116.324361 66853
40.006201 116.324403 66858
40.006352 116.324357 66861
40.006453 116.324326 66863
40.006664 116.324260 66868
40.006812 116.324241 66873
40.006992 116.324223 66878
40.007186 116.324222 66883
40.007337 116.324187 66888
40.007479 116.324178 66893
40.007692 116.324148 66898
40.007871 116.324107 66903
40.008108 116.324074 66908
40.008363 116.324069 66913
40.008564 116.324051 66918
40.008793 116.324027 66923
40.008952 116.324020 66928
40.009123 116.324019 66933
40.009243 116.324001 66938
40.009451 116.323779 66943
40.009575 116.323531 66948
40.009649 116.323283 66953
40.009721 116.323068 66958
40.009738 116.322887 66963
40.009766 116.322664 66968
40.009871 116.322626 66972
40.009897 116.322617 66973
40.010003 116.322479 66978
40.010118 116.322343 66983
40.010247 116.322219 66988
40.010359 116.322169 66993
40.010466 116.322163 66998
40.010546 116.322064 67003
40.010633 116.321869 67008
40.010738 116.321792 67013
40.010773 116.321784 67016
40.010797 116.321779 67018
40.010812 116.321770 67023
40.010818 116.321760 67028
40.010839 116.321754 67033
40.010912 116.321759 67038
40.010928 116.321761 67043
40.011104 116.321724 67048
40.011185 116.321808 67053
40.011295 116.321849 67058
40.011341 116.321945 67063
40.011396 116.321905 67068
40.011440 116.321868 67073
40.011429 116.321826 67078
40.011368 116.321771 67083
40.011348 116.321727 67088
40.011279 116.321649 67093
40.011110 116.321536 67098
40.011107 116.321552 67103
40.011125 116.321575 67108
40.010843 116.321445 67113
40.010832 116.321450 67116
40.010825 116.321454 67118
40.011095 116.321563 67143
40.011093 116.321550 67146
40.011092 116.321541 67148
