39.989055 116.315300 39359
39.988629 116.315723 39433
39.988661 116.315726 39438
39.988636 116.315707 39441
39.988655 116.315688 39445
39.988648 116.315680 39447
39.988638 116.315668 39450
39.988625 116.315664 39451
39.988572 116.315648 39455
39.988524 116.315626 39458
39.988500 116.315610 39461
39.988478 116.315492 39466
39.988449 116.315545 39470
39.988440 116.315527 39473
39.988424 116.315464 39476
39.988406 116.315384 39479
39.988365 116.315380 39481
39.988345 116.315378 39482
39.988228 116.315400 39487
39.988108 116.315514 39492
39.988143 116.315671 39496
39.988085 116.315943 39501
39.988098 116.316134 39505
39.988127 116.316385 39510
39.988152 116.316582 39514
39.988190 116.316778 39518
39.988194 116.316974 39522
39.988203 116.317224 39527
39.988266 116.317379 39531
39.988325 116.317603 39536
39.988331 116.317869 39541
39.988335 116.318099 39545
39.988290 116.318405 39550
39.988324 116.318664 39555
39.988331 116.318944 39560
39.988338 116.319203 39565
39.988373 116.319397 39569
39.988346 116.319653 39574
39.988346 116.319860 39578
39.988345 116.320084 39582
39.988288 116.320372 39587
39.988267 116.320544 39591
39.988271 116.320629 39594
39.988270 116.320763 39599
39.988320 116.320868 39603
39.988425 116.320873 39607
39.988533 116.320867 39611
39.988665 116.320874 39615
39.988781 116.320891 39619
39.988947 116.320990 39624
39.989106 116.321025 39628
39.989203 116.320999 39632
39.989299 116.321013 39637
39.989416 116.321053 39642
39.989509 116.321098 39646
39.989677 116.321128 39651
39.989745 116.321142 39653
39.989812 116.321155 39655
39.989975 116.321187 39660
39.990104 116.321213 39664
39.990216 116.321255 39668
39.990320 116.321283 39672
39.990482 116.321303 39677
39.990627 116.321310 39681
39.990778 116.321308 39685
39.990816 116.321308 39686
39.990923 116.321348 39690
39.990974 116.321378 39693
39.991044 116.321498 39698
39.991071 116.321629 39702
39.991084 116.321769 39707
39.991100 116.321904 39712
39.991152 116.322024 39717
39.991237 116.322150 39721
39.991294 116.322287 39725
39.991347 116.322423 39729
39.991391 116.322569 39733
39.991426 116.322719 39737
39.991506 116.322867 39741
39.991594 116.323035 39745
39.991676 116.323187 39749
39.991720 116.323394 39754
39.991719 116.323580 39758
39.991746 116.323741 39762
39.991817 116.323896 39766
39.991840 116.324066 39770
39.991733 116.324256 39775
39.991702 116.324299 39776
39.991670 116.324342 39777
39.991607 116.324428 39779
39.991571 116.324641 39783
39.991553 116.324824 39787
39.991528 116.325005 39791
39.991499 116.325204 39795
39.991483 116.325465 39800
39.991487 116.325715 39805
39.991495 116.325891 39809
39.991487 116.326067 39813
39.991494 116.326210 39818
39.991483 116.326215 39820
39.991478 116.326217 39821
39.991475 116.326227 39824
39.991483 116.326246 39827
39.991485 116.326248 39830
39.991489 116.326251 39833
39.991492 116.326253 39836
39.991492 116.326254 39839
39.991485 116.326254 39842
39.991478 116.326252 39845
39.991473 116.326252 39848
39.991470 116.326252 39851
39.991470 116.326253 39854
39.991471 116.326255 39857
39.991470 116.326255 39858
39.991469 116.326255 39860
39.991467 116.326257 39863
39.991467 116.326259 39866
39.991467 116.326261 39869
39.991466 116.326262 39871
39.991466 116.326262 39872
39.991465 116.326264 39875
39.991465 116.326265 39878
39.991457 116.326270 39881
39.991459 116.326272 39884
39.991459 116.326273 39887
39.991457 116.326272 39890
39.991456 116.326272 39891
39.991455 116.326272 39893
39.991455 116.326273 39896
39.991455 116.326274 39899
39.991454 116.326275 39903
39.991452 116.326289 39908
39.991459 116.326304 39911
39.991473 116.326367 39914
39.991551 116.326488 39919
39.991638 116.326605 39923
39.991743 116.326730 39927
39.991851 116.326776 39931
39.991966 116.326791 39936
39.992085 116.326774 39940
39.992187 116.326783 39944
39.992220 116.326784 39945
39.992254 116.326784 39946
39.992354 116.326786 39949
39.992469 116.326771 39953
39.992589 116.326767 39957
39.992630 116.326782 39959
