39.947623 116.379283 30205
39.947608 116.379182 30208
39.947598 116.379082 30211
39.947600 116.378876 30215
39.947600 116.378825 30216
39.947605 116.378570 30220
39.947610 116.378445 30223
39.947625 116.378190 30228
39.947663 116.377895 30232
39.947685 116.377613 30236
39.947707 116.377323 30240
39.947723 116.377037 30244
39.947733 116.376765 30248
39.947740 116.376440 30252
39.947775 116.375992 30257
39.947825 116.375675 30261
39.947947 116.375235 30266
39.948097 116.374922 30270
39.948338 116.374680 30274
39.948625 116.374490 30278
39.948923 116.374290 30282
39.949293 116.374037 30287
39.949695 116.373772 30292
39.950125 116.373475 30297
39.950304 116.373399 30299
39.950572 116.373285 30302
39.950937 116.373263 30306
39.951402 116.373258 30311
39.951753 116.373235 30314
39.951987 116.373220 30316
39.952707 116.373225 30321
39.953480 116.373202 30326
39.954150 116.373150 30331
39.954965 116.373162 30336
39.955865 116.373148 30341
39.956738 116.373142 30346
39.957563 116.373182 30351
39.958337 116.373232 30356
39.959090 116.373305 30361
39.959810 116.373390 30366
39.960535 116.373468 30371
39.961307 116.373563 30376
39.961635 116.373607 30378
39.962127 116.373672 30381
39.962958 116.373785 30386
39.963765 116.373880 30391
39.964592 116.373965 30396
39.965440 116.374085 30401
39.966280 116.374213 30406
39.966608 116.374251 30408
39.967100 116.374308 30411
39.967853 116.374418 30416
39.968572 116.374488 30421
39.969265 116.374577 30426
39.969978 116.374685 30431
39.970442 116.374738 30436
39.970672 116.374753 30440
39.970785 116.374747 30443
39.970887 116.374748 30446
39.970988 116.374757 30449
39.971098 116.374763 30452
39.971342 116.374785 30457
39.971608 116.374813 30461
39.971880 116.374858 30465
39.971947 116.374868 30466
39.972148 116.374898 30469
39.972412 116.374937 30473
39.972848 116.374977 30478
39.973330 116.375027 30483
39.973777 116.375082 30488
39.974050 116.375122 30492
39.974470 116.375200 30497
39.974565 116.375209 30498
39.974945 116.375247 30502
39.975442 116.375250 30507
39.975980 116.375222 30512
39.976533 116.375128 30517
39.976733 116.375080 30519
39.977032 116.375007 30522
39.977347 116.374920 30526
39.977590 116.374842 30530
39.977822 116.374773 30534
39.978062 116.374717 30538
39.978332 116.374648 30542
39.978730 116.374523 30547
39.979162 116.374373 30552
39.979482 116.374272 30556
39.979923 116.374143 30561
39.980435 116.374020 30566
39.980822 116.373905 30570
39.981113 116.373820 30574
39.981513 116.373687 30579
39.981716 116.373630 30581
39.982020 116.373545 30584
39.982650 116.373385 30589
39.983315 116.373198 30594
39.983918 116.373028 30599
39.984462 116.372895 30604
39.984998 116.372790 30609
39.985448 116.372697 30614
39.985772 116.372612 30618
39.986013 116.372563 30622
39.986103 116.372542 30624
39.986353 116.372480 30629
39.986693 116.372358 30633
39.986955 116.372295 30638
39.987068 116.372278 30641
39.987177 116.372282 30644
39.987272 116.372320 30647
39.987362 116.372372 30651
39.987387 116.372366 30652
39.987462 116.372350 30655
39.987683 116.372390 30660
39.987975 116.372407 30664
39.988202 116.372427 30669
39.988405 116.372363 30673
39.988613 116.372243 30677
39.988733 116.372052 30681
39.988852 116.371951 30684
39.988892 116.371917 30685
39.989070 116.371788 30690
39.989437 116.371648 30695
39.989947 116.371438 30700
39.990555 116.371172 30705
39.991092 116.370892 30710
39.991578 116.370653 30715
39.991830 116.370511 30718
39.991998 116.370417 30720
39.992205 116.370262 30724
39.992568 116.369980 30729
39.993155 116.369525 30734
39.993805 116.369042 30739
39.994433 116.368525 30744
39.995055 116.368030 30749
39.995265 116.367855 30752
39.995453 116.367953 30757
39.995550 116.368368 30762
39.995638 116.368952 30767
39.995758 116.369602 30772
39.995832 116.370268 30777
39.995888 116.370853 30782
39.995898 116.371099 30784
39.995913 116.371468 30787
39.995957 116.372080 30792
39.995993 116.372598 30797
39.995988 116.372970 30802
