235755
235755
244493
244493
244493
244493
244493
244493
244493
244493
244493
244493
244493
244493
244493
244493
244493
244493
244495
244495
244495
244403
241514
241514
247455
247455
247455
247455
247455
247455
247455
236936
236936
236936
236936
236936
236936
236936
236936
236936
236942
236938
236938
236598
235844
235844
236995
235844
236991
236991
236991
236989
236989
236989
228966
236584
236584
236494
238739
236469
248875
236495
234295
234295
234295
234295
234295
229534
0
0
0
0
0
0
238753
238753
236602
238753
238753
238755
238757
238759
245861
245861
245861
245861
245863
245863
245863
245863
245863
0
0
0
0
0
0
224859
224859
224859
236576
236576
236471
224859
224859
224859
224859
236609
236609
236609
236611
236607
236607
236607
236607
236607
236607
236607
236607
236611
236611
236611
241587
241587
241587
241587
241589
241589
241589
241589
241589
0
0
0
0
0
0
0
0
0
236508
236508
241588
241589
241588
0
0
0
0
296977
296977
296977
296977
296977
297969
297969
297969
298384
298384
298384
298384
298394
298394
0
206526
206526
206526
206526
201448
201448
201448
201448
201448
0
0
0
206464
206461
206457
206455
206457
206457
206457
219903
0
0
0
241589
241589
241589
241587
241587
241587
236611
236611
236611
236611
236607
236607
236607
236607
236607
236607
236607
236607
236611
236609
236609
236609
224859
224859
224859
236471
236471
236576
224859
224859
224859
0
0
0
0
245863
245863
245863
233445
245861
245861
245861
245861
245861
238757
238757
238753
238753
236602
238753
238753
238753
0
0
0
0
229534
229534
229534
234295
234295
234295
234295
234295
234295
248875
236469
238739
236494
236494
236584
236584
228966
228966
228966
236989
236989
236989
236989
236989
236991
236991
236991
236991
236991
236991
235844
236995
235844
235844
235844
236598
236938
236938
236942
236936
236936
236936
236936
236936
236936
236936
236936
236936
236936
236936
236936
0
0
0
0
0
0
0
241514
241514
241514
241514
244403
244403
244403
244403
0
0
0
0
0
0
244493
244493
244493
244493
244493
244493
244493
244493
235755
235755
235995
235995
235995
235995
235995
235995
236605
236924
235997
235997
235997
235997
235997
235997
235997
235997
235997
235997
235997
245837
245837
236163
236163
236163
307090
307090
307090
307090
307090
307090
307090
307090
307092
307084
307080
307080
308157
308286
308285
306325
306325
306325
306407
306407
306407
306407
306407
306407
306407
306407
306407
306407
306407
306407
306407
306407
306407
306407
306411
306409
306409
306401
306401
306401
306401
306401
306401
306401
306401
306401
306401
306401
306401
306401
306405
306405
309407
309406
309406
310488
310488
310488
310488
310488
310488
310488
310488
310488
310488
310488
310488
0
0
0
0
0
0
0
0
0
311257
311257
311257
311257
311260
311260
311260
311260
0
0
0
0
0
0
0
0
0
0
0
0
0
0
0
0
0
0
0
0
0
0
0
0
0
0
0
0
310380
310380
310380
310380
301018
297988
296999
296999
296999
296999
292494
292479
292489
292489
292491
292491
292491
292488
297094
292477
292477
297092
297078
297078
297084
297074
298346
298279
298338
298336
298339
298339
298339
298339
0
0
0
0
0
0
0
0
0
0
0
0
309392
309392
309392
309392
309400
309400
308073
309402
309402
309362
309362
309362
309350
309350
309350
309350
309350
0
0
309372
309372
309372
309372
309372
309372
307969
307969
307969
307969
307969
307969
307969
307969
307969
307969
307969
307969
307947
303797
303800
303885
303885
303885
303885
303792
306981
306981
306981
306981
306981
306981
306981
306981
306981
306981
306981
306981
306981
306981
306981
306981
306981
306983
306983
306983
306983
306983
306983
306983
306983
306983
306983
306983
306983
306983
306983
306983
306981
306997
306997
306997
306997
306997
306997
306997
306997
306997
306997
306997
306997
306997
0
0
0
0
0
0
0
0
0
0
0
0
0
0
0
0
0
0
0
0
0
0
0
0
0
0
0
0
308010
308010
308010
309761
308006
308010
308010
0
0
0
0
0
0
0
0
0
0
0
0
0
0
0
0
0
0
0
0
0
309106
309106
309097
304626
309097
0
0
0
0
0
0
0
0
0
0
0
0
0
0
0
0
0
0
0
0
0
0
0
0
0
0
0
0
0
0
0
304807
304807
304807
304807
304807
304805
311456
309557
304809
304809
0
0
0
0
0
0
0
0
0
0
0
0
0
0
0
0
0
0
0
0
0
0
0
0
0
0
0
0
0
0
0
0
310501
310501
310501
310501
310501
310501
0
0
310552
310552
310552
310552
310552
310552
0
0
0
0
0
310509
310509
310509
310509
310509
310509
310509
310509
310509
310509
310509
310509
310509
310509
310509
310515
310515
310515
310515
310515
310515
310515
310515
310515
310515
310515
310523
310523
310523
310523
0
0
0
0
0
0
0
0
0
0
310548
310548
310548
310527
310527
310527
310540
310540
310540
310540
310540
310540
310529
310529
310529
310529
310529
0
0
0
0
0
310304
310304
310304
310304
310305
306157
306157
306157
306157
306157
309663
309663
309663
309663
309663
309663
309663
309663
309663
309663
309663
309663
309663
309663
309663
309663
309663
309663
309663
308924
308924
308924
308924
308924
308924
308924
308924
308924
308924
0
0
0
308677
308677
308677
308677
308677
308677
308695
308695
308695
308695
308695
308695
308695
308695
308695
308695
308695
308695
308693
308693
308693
308693
308693
308693
308707
308707
308707
308707
308707
308703
308703
308720
308720
308703
308720
308720
0
0
0
0
0
0
0
0
0
0
0
0
0
0
0
0
0
0
0
0
0
0
0
0
0
0
0
0
0
0
303021
303021
303624
303624
306125
303624
303624
303624
303624
302891
302891
302891
302986
302986
302986
305397
305395
305395
305395
305395
305395
305395
305395
305395
305395
305395
305395
305395
305395
305395
305395
305395
305395
305395
302984
302984
302984
302984
302984
0
0
0
0
0
0
0
0
0
0
0
0
0
0
0
0
305389
305389
305389
305389
305389
305389
305389
305389
305389
305389
305389
305389
0
0
310585
310585
310585
310585
310585
310585
310585
310585
310585
310585
310585
0
0
0
0
0
0
0
0
0
0
302681
302681
302681
302681
302681
302681
302681
302681
302681
302681
302681
302681
302681
0
0
0
0
310583
310583
310583
310583
310583
310583
310583
310583
310583
303622
303622
303622
0
305897
305897
305897
305897
305897
305897
305897
305897
305897
305897
305897
305901
305901
0
0
302978
302978
302978
302978
302978
302978
302978
302978
302978
302978
0
0
0
0
0
0
0
0
0
0
310286
310286
310286
310286
310286
310286
310286
310286
310286
310286
0
0
0
0
0
0
0
0
0
0
0
0
0
0
0
0
0
0
0
0
0
0
0
0
0
0
0
0
0
0
0
0
0
0
0
0
0
0
0
0
0
0
0
0
0
0
0
0
0
0
0
0
0
0
0
0
0
0
0
0
0
0
0
0
0
0
0
0
0
0
0
0
0
0
0
0
0
0
0
0
0
0
0
0
0
0
0
0
0
0
0
0
0
0
0
0
0
0
0
0
0
0
0
0
303616
303616
303616
303616
303616
303616
303616
303616
303616
303616
303616
303616
303616
0
0
0
0
0
0
302729
302729
302729
302729
302729
302729
302729
0
302725
302725
302725
302725
302645
302645
302645
302645
302645
302723
302641
302641
302641
302641
302641
302635
302635
310765
310765
310765
310765
310765
302631
302631
302631
302631
0
0
0
0
0
0
310151
310151
310151
310151
310151
310151
310151
310151
0
0
0
0
0
0
0
0
0
0
0
0
0
0
0
0
0
0
0
0
0
0
0
0
0
0
0
0
0
0
0
0
0
0
0
0
0
0
0
0
0
0
0
0
0
0
0
0
0
0
0
0
0
0
0
0
0
0
0
0
0
0
0
0
0
0
0
0
304530
304530
304530
304530
304530
0
0
0
0
0
0
0
0
0
310109
310109
310109
310109
310109
310109
0
0
0
0
0
0
0
0
0
0
0
0
0
0
0
0
0
0
0
0
0
0
0
0
0
0
0
0
0
0
0
0
0
0
0
0
0
0
0
0
0
0
0
0
0
0
0
0
0
0
307637
307637
307637
307637
307637
0
0
0
0
0
0
0
0
0
0
0
0
0
0
0
0
0
0
0
0
0
0
302609
302609
302609
302609
302609
307631
307631
307631
307631
307631
307631
307627
307627
307627
307627
307627
307627
307627
307627
307627
307627
307627
307627
307627
307627
307627
307623
307623
307623
0
0
0
0
0
0
0
0
0
0
0
0
0
0
0
0
0
0
0
0
0
0
0
0
0
0
0
0
0
0
0
0
0
338158
338158
338158
338158
338158
338158
0
0
0
0
0
0
0
0
0
0
0
0
0
0
0
0
0
0
0
0
0
0
0
0
0
0
0
0
0
0
0
0
0
0
0
0
0
0
0
0
0
0
0
0
0
0
0
0
0
0
0
0
0
0
0
0
0
0
0
0
0
0
0
0
0
0
0
0
0
0
0
0
0
0
0
0
0
0
0
0
0
0
0
0
0
0
0
0
0
0
0
0
0
0
0
0
0
0
0
0
0
0
0
0
335320
335320
335320
335320
335320
0
0
0
0
0
0
0
0
0
0
0
0
0
0
0
0
335402
335402
335402
335402
335402
0
0
0
0
0
336605
336607
336607
336607
336607
336607
336623
334353
334762
334762
334758
334758
0
0
0
0
0
0
0
0
0
0
0
0
0
0
0
0
0
0
0
0
0
0
0
0
0
0
338799
338799
338799
338799
0
0
0
0
0
0
0
0
0
0
0
0
0
0
0
0
0
0
0
0
0
0
0
0
0
0
0
0
0
0
0
0
0
0
0
0
0
0
0
0
0
0
0
0
0
0
0
0
0
0
0
0
0
0
0
0
0
0
0
338785
338785
338785
338785
0
0
0
0
0
0
0
0
0
0
0
0
0
0
0
0
0
338777
338777
338777
338777
0
0
0
0
0
0
0
0
0
0
0
0
0
0
0
0
0
0
0
0
0
0
0
0
0
0
0
0
0
0
0
336369
336369
336369
336369
336369
336367
336363
336363
335192
335194
335194
335194
336373
336373
336373
337337
337337
337337
337337
337337
337337
338839
338839
338839
338839
338839
0
0
0
338845
338845
338845
338845
338845
338845
0
334381
334381
334381
334381
334381
0
334407
334407
334407
334388
334395
334395
334395
334395
334395
0
0
0
0
0
0
0
0
0
0
0
0
0
0
0
0
0
0
0
0
0
0
0
0
0
338825
338825
338825
338825
338825
0
0
0
0
0
0
0
0
0
336389
336389
336389
336389
336389
0
0
335198
335198
335198
335198
335198
0
0
0
0
0
0
0
0
0
0
0
341575
341575
341575
341575
341575
0
0
341583
341583
341583
341585
341583
0
0
0
341695
341695
341695
341695
341695
341695
341695
341695
341695
341695
0
0
0
0
0
0
0
0
0
0
0
0
0
0
0
0
0
0
0
0
0
0
0
0
0
0
0
0
0
0
0
343191
343191
343191
343191
343191
343191
343191
0
0
0
0
0
341785
341785
341785
341785
341781
341779
341779
0
0
0
0
339892
339892
339892
339888
339888
339888
339888
339888
339888
339468
339888
0
0
0
0
0
0
0
0
0
0
0
0
0
0
0
0
0
0
0
0
0
0
0
0
0
0
0
341925
341925
341925
341925
0
0
0
0
0
0
0
0
0
0
0
0
0
0
0
0
0
0
0
0
0
0
0
0
0
0
0
0
0
0
0
0
0
0
0
0
0
0
0
0
0
0
0
0
0
0
0
0
0
0
0
0
0
0
0
0
0
0
0
0
0
0
0
0
0
0
0
0
0
0
0
0
0
0
0
0
0
0
341660
341660
341660
341660
341660
341660
341660
341660
341660
341660
341660
341660
341660
341660
341660
341660
341660
341660
341660
341660
341660
341660
341660
341660
341660
341660
341660
341660
341660
341660
341660
341660
341660
341660
341660
341660
341660
341660
341660
341660
341660
341660
341660
341660
341660
341660
341660
341660
341660
341660
341660
341660
341660
341660
341660
341660
341660
341653
341653
341653
341653
0
0
0
0
0
0
339848
339848
339848
339848
339848
339848
339848
339848
0
0
0
0
0
0
0
0
0
0
0
0
0
0
0
0
0
0
0
0
0
0
0
0
0
0
0
0
0
0
0
0
0
0
0
0
0
0
0
0
0
0
343231
343231
343231
343231
0
0
0
0
0
0
0
0
0
0
0
0
0
0
0
343231
0
0
0
0
0
0
0
0
0
0
0
0
0
0
0
0
343231
0
343233
343233
343233
343233
343231
0
0
0
0
0
0
0
0
0
0
0
0
0
0
0
0
0
0
0
0
0
0
0
0
0
0
0
339848
339848
339848
339848
339848
339848
339848
0
0
0
0
0
341653
341653
341653
341653
341660
341660
341660
341661
341661
341661
341661
341661
341661
341661
341661
341661
341661
341661
341661
341661
341661
341661
341661
341661
341653
341653
341653
341653
341653
341653
341653
341653
341925
341653
341653
341653
341653
341653
341653
341653
341653
341653
341653
341653
341927
341927
341927
0
0
0
0
0
0
0
0
0
0
0
0
0
0
0
0
0
0
0
0
0
0
0
0
0
0
339794
339794
339794
339794
339794
339794
339790
339790
339790
339790
339790
339790
339790
0
0
0
0
0
0
0
0
0
0
0
0
0
0
0
0
0
0
0
0
0
0
0
0
0
0
341655
341655
341655
341655
341662
341662
341655
0
0
0
0
0
0
0
0
0
0
0
0
0
0
0
0
0
0
341785
341785
341785
341785
341785
341785
341783
341783
341783
341783
341783
341783
341783
339808
339808
339814
339814
339814
339814
339814
339814
339814
339814
339814
339814
339814
339814
339814
339814
339814
339814
339814
339812
343209
343209
343209
343209
343209
343209
343209
343209
343209
343209
343209
0
0
0
0
0
0
0
0
0
0
0
0
0
0
0
0
0
0
0
0
0
0
0
0
0
0
0
0
0
0
0
0
0
0
0
0
0
0
341735
341735
341735
341732
341732
341732
341732
341732
0
0
0
0
0
0
0
0
0
0
0
0
0
0
0
0
0
0
0
0
0
0
0
339832
339832
339832
339832
339832
339832
0
0
0
0
0
0
0
0
0
0
0
339840
339840
339840
339840
341821
341821
341821
341821
341038
341038
341038
341038
341038
0
341831
341831
341831
341831
341831
341835
341835
341835
0
0
0
0
0
0
0
341839
341839
341839
341839
341839
341839
341839
341839
341839
340104
340104
340104
340104
340104
341687
341006
341006
341010
341010
341010
341010
341010
0
0
0
0
0
0
0
0
0
0
0
0
0
0
0
0
0
0
0
0
0
0
0
0
0
0
0
0
0
0
0
0
0
340135
340135
340135
340135
340135
340135
340135
340135
340135
340135
0
0
0
0
0
0
0
0
0
0
0
0
0
0
0
0
0
0
0
0
0
0
0
0
0
0
0
0
0
0
0
0
0
0
0
0
0
0
0
0
0
340139
340139
340139
0
0
0
0
0
0
0
0
0
0
0
340175
340175
340175
340175
340175
340175
0
0
340173
340173
340173
340173
340173
340177
340177
340177
340177
340177
0
0
0
0
0
0
0
0
0
0
0
0
0
0
0
0
0
0
0
0
0
0
0
0
0
0
0
0
0
0
0
0
0
0
0
0
342700
342700
342700
342700
342700
342700
342700
342700
342663
342663
342663
342663
342663
0
0
0
0
0
0
0
0
0
0
0
0
0
0
0
0
0
0
0
0
0
0
0
0
0
0
0
0
0
0
0
339557
339557
339557
339557
339557
339557
339557
339557
339557
0
0
0
0
0
0
0
0
0
0
0
0
0
0
341066
341066
341066
341066
341066
0
0
0
0
0
0
0
0
0
0
0
0
0
0
0
0
0
0
0
0
0
0
0
0
0
0
0
0
0
0
0
0
0
0
0
0
0
0
0
0
0
0
0
0
0
0
0
312072
312070
312072
312072
312073
315599
315599
315599
0
0
0
0
312480
312480
312480
312480
312480
312480
312480
312480
312480
312480
312480
312480
312480
314377
0
0
0
316827
316827
316827
316827
316827
316827
316827
316827
0
0
0
0
0
0
0
316835
316837
312943
312943
314385
312943
312943
312943
312943
312943
312943
312945
312945
312945
312945
312945
312945
312945
312949
312945
0
0
0
0
0
0
0
0
0
0
0
0
0
312981
312981
312981
312981
312981
312981
312998
313007
313006
313006
313007
313000
313000
313007
313000
0
0
0
0
0
0
0
0
0
0
0
0
0
0
0
0
0
0
0
0
0
0
0
0
0
0
0
0
0
0
0
315624
315624
315624
315624
315624
315624
315624
0
0
0
0
0
0
0
0
0
0
0
0
0
0
0
0
0
0
0
0
0
0
0
0
0
0
0
0
0
0
0
0
0
0
0
0
0
0
0
0
0
0
0
0
0
0
0
313893
313893
313893
313893
313893
313893
317687
317687
317687
317687
317687
317687
317687
0
0
0
0
0
0
0
0
0
0
0
0
0
0
0
0
0
0
0
0
0
0
0
0
0
0
0
0
0
0
0
317687
317687
317687
317687
317687
317687
317687
317687
313893
313893
313893
313893
313893
313893
313893
0
0
0
0
0
0
0
0
0
0
0
0
0
0
0
0
0
0
0
0
0
0
0
0
0
0
0
0
0
0
0
0
0
0
0
0
0
0
0
0
0
0
0
0
0
315624
315624
315624
315624
315624
315624
315624
0
0
0
0
0
0
0
0
0
0
0
0
0
0
0
0
0
0
0
0
0
0
0
0
0
0
0
0
0
0
0
0
0
313007
313007
313007
313000
313007
313007
313007
313007
313007
313011
313011
313011
313011
313011
0
0
0
0
0
0
0
0
0
0
0
0
0
312949
312949
312949
312945
312945
312945
312945
312945
312949
312949
312949
312949
312949
312949
312949
312949
312949
316837
316837
314383
316837
316837
316837
316837
316835
316835
316835
316835
316835
0
0
0
316827
316827
316827
316827
316827
316827
316827
316827
316827
316827
0
0
0
0
0
0
312480
312480
312480
312480
312480
312480
312480
312480
312480
312480
312480
312480
312480
312480
312480
312068
315599
315599
315599
312070
312072
312070
312070
312072
0
0
0
0
0
0
0
0
0
0
0
0
0
0
0
0
0
0
0
0
0
0
0
0
0
0
0
0
0
0
0
0
0
0
0
0
0
0
0
0
0
0
0
0
0
0
341066
341066
341066
341066
341066
0
0
0
0
0
0
0
0
0
0
0
0
0
0
0
0
0
0
0
0
0
0
0
0
0
0
0
0
0
0
0
0
0
0
0
0
0
0
0
0
0
0
0
0
0
0
0
342663
342663
342663
342663
342663
342663
342663
342663
342663
342663
342663
342663
342663
342663
342663
342663
342663
342663
342663
342663
342663
342663
342665
342665
342665
342665
342665
342665
342680
342680
342680
342680
342680
342680
342680
343747
343747
343747
343747
343747
343747
343747
343747
343747
343749
343749
343749
343749
343749
343749
343749
343749
342715
342715
342715
342715
342715
342715
342715
342715
342715
342715
342715
342715
342717
342717
342793
342793
342787
342787
342787
342787
342787
342787
342787
342787
342787
342787
342787
342787
342787
342787
342787
342787
342787
342787
342787
342789
342789
342789
342789
342789
342789
342789
342789
342789
342789
342789
342789
342789
342789
342789
342789
342789
342789
342675
342675
342677
342677
342677
342677
342677
342677
342677
342677
342677
342677
342677
342677
342677
342677
342677
342677
342677
343016
343016
343020
343020
343020
343020
343020
343020
343020
343022
343018
343018
343018
343018
343018
343018
343018
343018
343018
343018
343018
343018
343018
343018
343018
343018
343018
343018
343015
343015
340426
340426
340426
340426
340426
340426
340426
340426
340426
340426
340426
340426
340426
340426
340426
340426
340426
342954
340428
340428
340428
0
0
0
0
0
0
0
0
0
0
0
0
0
0
0
0
0
0
0
0
0
0
0
0
0
0
340421
340424
340424
340421
340421
340422
340422
340422
340422
340422
340422
340422
340422
340422
340422
340422
339525
339525
341131
341131
341131
341131
341131
341131
341131
341131
341131
341131
341131
341131
341134
341132
341132
341132
341132
341132
341132
341132
341132
341132
341132
341132
341132
341132
341132
340512
340851
341132
341132
341132
341132
341132
340512
340512
340512
340507
340507
340507
340511
340511
340511
340511
340511
340511
340515
340515
340515
340511
340511
340499
340499
340499
340499
341144
341144
341144
341144
341144
342966
342966
342966
342958
342958
342958
342958
342958
342958
342958
341086
341086
0
0
0
0
0
342607
342607
342607
342601
342601
342601
342601
0
0
0
0
0
0
0
0
0
0
0
0
0
0
0
0
0
0
0
0
0
0
0
0
0
0
0
342935
342935
342935
342935
342935
342929
342929
342929
342929
0
0
0
0
0
0
0
0
0
0
342925
342925
342925
342925
342925
342925
0
0
0
0
0
0
0
0
0
0
0
0
0
0
0
0
0
0
0
0
0
341004
341004
341004
341004
340982
340982
340982
340954
340982
0
0
0
0
0
0
0
0
0
0
0
0
0
0
0
0
0
0
0
0
0
0
0
0
0
0
0
0
0
0
0
0
0
0
0
0
0
0
0
0
0
0
0
0
0
0
0
0
0
0
0
0
0
343247
343247
343247
343247
343247
342105
342105
342105
342105
0
0
0
0
0
0
0
0
0
0
0
0
342111
342111
342111
342111
342111
342111
342111
0
0
0
0
0
0
0
0
0
0
0
0
0
0
0
0
0
0
0
0
0
0
0
0
0
0
0
0
0
0
0
0
0
0
0
0
0
0
0
0
0
0
0
0
0
0
0
0
0
0
0
0
0
0
0
0
0
0
0
0
0
0
0
0
0
0
0
0
0
0
0
0
0
0
0
0
0
0
0
0
0
0
0
0
0
0
341660
341660
341660
341660
341651
341651
341651
341651
0
0
0
343551
343551
343551
343551
343551
343551
343551
343551
343551
0
0
0
0
0
0
0
0
0
0
0
0
0
0
0
0
0
0
0
0
0
0
0
0
0
343551
343551
343551
343551
343551
343551
343551
343551
0
0
341651
341651
341651
341651
341651
341660
341660
341660
341660
341660
341660
341660
341660
341660
341660
341660
341660
341660
341660
341660
341660
341660
341660
341660
341660
341660
341660
341660
341660
341660
341660
341660
341660
341660
341660
341660
341660
341660
341660
341660
341660
341660
341660
341660
341660
341660
341660
341660
341660
341660
341660
341660
341660
341660
341660
341660
341660
341660
341660
341660
341660
341653
341653
341653
341653
0
0
0
0
0
339848
339848
339848
339848
339848
339848
339848
0
0
0
0
0
0
0
0
0
0
0
0
0
0
0
0
0
0
0
0
0
0
0
0
0
0
0
0
0
0
0
0
343229
343229
0
0
0
0
0
343229
0
0
0
0
0
0
0
343233
343233
343229
343229
343229
343229
343229
343231
343229
343229
343229
343229
343229
343229
343229
343229
343229
343229
343229
343229
343229
343229
343233
343233
343233
339880
0
0
0
0
0
0
0
0
0
0
0
0
0
0
0
0
0
0
0
0
0
0
0
0
0
0
339864
339864
339864
339876
339876
339872
339872
339872
339872
339872
339790
339872
0
0
0
0
0
0
0
0
0
0
0
0
0
0
0
0
0
0
0
0
0
0
0
0
0
0
0
0
0
0
0
0
0
0
0
0
0
0
0
0
0
0
0
0
0
0
0
0
341566
0
0
0
0
0
338831
336739
336739
0
0
0
0
0
0
0
0
0
0
0
0
0
0
0
0
0
0
0
0
0
0
0
0
0
336752
336753
336753
0
0
0
0
0
0
0
0
0
0
0
0
0
0
0
0
0
0
0
0
0
0
0
0
0
0
0
336329
336331
336329
336329
336329
335176
335176
0
0
0
0
0
0
0
0
0
341653
341653
341653
341653
341660
341660
341660
341660
341660
341660
341660
341660
341660
341660
341660
341660
341660
341660
341660
341660
341651
341651
341651
341651
341660
341660
341660
341651
341651
341651
341651
341651
341651
341651
341651
341651
341651
341651
341660
341660
341660
341660
341660
341660
341660
341660
341660
341660
341660
341660
341660
341660
341660
341660
341660
341660
341660
341660
341660
0
0
0
0
0
0
0
0
0
0
0
0
0
0
0
0
0
0
0
0
0
0
0
0
0
0
0
0
0
0
0
0
0
0
0
0
0
0
0
0
0
0
0
0
0
0
0
0
0
0
0
0
0
0
0
0
0
0
0
0
0
0
0
0
0
341925
341925
341925
341925
0
0
0
0
0
0
0
0
0
0
0
0
0
0
0
0
0
0
0
0
0
339888
339888
339888
339888
339888
339892
339892
339892
0
0
341779
341779
341781
341785
341785
0
0
0
0
343191
343191
343191
343191
343191
0
0
0
0
0
0
0
0
0
0
0
0
0
0
0
0
0
0
0
0
0
0
0
341695
341695
341695
0
0
0
0
0
0
341583
341583
341583
0
341575
341575
341575
341575
0
0
0
0
0
0
0
0
335198
335198
335198
335198
0
0
336389
336389
336389
336389
0
0
0
0
0
0
336391
336391
336391
338825
338825
338825
0
0
0
0
0
0
0
0
0
0
0
0
0
0
0
0
0
0
0
0
0
0
0
334395
334395
334395
334395
334395
334388
334388
334407
334407
334407
0
0
334381
334381
334381
334381
334381
334381
334381
0
0
0
0
0
0
0
0
0
0
0
0
0
0
0
0
0
338843
338843
338843
338843
338843
338843
0
0
0
0
0
0
0
0
0
0
0
0
0
0
0
0
0
0
0
0
0
0
336361
336361
336361
336361
336361
336361
336361
336361
336359
336359
336359
335192
336363
336363
336363
336363
336363
0
0
336369
336369
0
0
0
0
0
0
0
0
0
0
0
0
0
0
0
0
0
0
0
0
0
0
0
0
0
0
0
0
0
0
0
338777
338777
338777
0
0
0
0
0
0
0
0
0
0
0
0
0
338785
338785
338785
338785
0
0
0
0
0
0
0
0
0
0
0
0
0
0
0
0
0
0
0
0
0
0
0
0
0
0
0
0
0
0
0
0
0
0
0
0
0
0
0
0
0
0
0
0
0
0
338799
338799
338799
0
0
0
0
0
0
0
0
0
0
0
0
0
0
0
0
0
0
0
0
0
0
0
334758
334758
334762
334353
336623
336607
336607
336607
336607
336605
336605
0
0
0
0
335402
335402
335402
0
0
0
0
0
0
0
0
0
0
0
0
0
335320
335320
335320
335320
0
0
0
0
0
0
0
0
0
0
0
0
0
0
0
0
0
0
0
0
0
0
0
0
0
0
0
0
0
0
0
0
0
0
0
0
0
0
0
0
0
0
0
0
0
0
0
0
0
0
0
0
0
0
0
0
0
0
0
0
0
0
0
0
0
0
0
0
0
0
0
0
0
0
0
338158
338158
338158
338158
338158
0
0
0
0
0
0
0
0
0
0
0
0
0
0
0
0
0
0
0
0
0
0
0
0
0
0
0
0
307623
307623
307623
307623
307623
307627
307627
307627
307627
307627
307627
307627
307627
307627
307627
307631
307631
307631
307631
307631
307631
302609
302609
0
0
0
0
0
0
0
0
0
0
0
0
0
0
0
0
307637
307637
307637
0
0
0
0
0
0
0
0
0
0
0
0
0
0
0
0
0
0
0
0
0
0
0
0
0
0
0
0
0
0
0
0
0
0
0
0
0
0
0
0
0
0
0
0
0
310109
310109
310109
310109
310109
0
0
0
0
0
0
0
0
304530
304530
304530
304530
0
0
0
0
0
0
0
0
0
0
0
0
0
0
0
0
0
0
0
0
0
0
0
0
0
0
0
0
0
0
0
0
0
0
0
0
0
0
0
310151
310151
310151
310151
310151
310151
310151
0
0
0
0
302631
302631
302631
310765
310765
310765
302635
302641
302641
302641
302723
302645
302645
302725
302725
302725
0
302729
302729
302729
302729
0
0
303616
303616
303616
303616
303616
303616
0
0
0
0
0
0
0
0
0
0
0
0
0
0
0
0
0
0
0
0
0
0
0
0
0
0
0
0
0
0
0
0
0
0
0
0
0
0
0
0
310599
310599
310599
310599
310599
310599
310599
310599
0
0
0
0
0
0
0
0
0
0
0
0
0
0
0
0
0
0
310286
310286
310286
310286
310286
310286
0
0
0
0
0
0
0
302978
302978
302978
302978
0
305901
305897
305897
305897
305897
305897
0
310583
310583
310583
310583
310583
310583
0
0
302681
302681
302681
302681
302681
302681
0
0
310585
310585
310585
310585
310585
0
0
305389
305389
305389
0
0
0
0
0
0
0
0
0
0
0
305395
305395
305395
305395
305395
305395
305395
0
302986
302986
302986
302986
305397
302986
302891
302891
302882
306125
303624
303624
303624
303624
303624
308705
308705
308705
308705
308705
308705
308705
308705
308705
308705
308701
308701
308701
308701
308701
308707
308701
308707
0
0
0
0
0
0
0
0
0
0
0
0
0
0
0
0
0
302709
302709
302709
302709
302709
302709
302744
302709
305067
305067
305067
305067
305067
305067
305067
305067
305067
305067
302711
302713
302711
302713
302713
302713
302713
302713
0
0
0
0
0
0
0
0
0
0
0
0
0
0
0
0
0
0
0
0
0
0
0
0
0
0
0
0
0
0
0
0
0
0
0
0
0
0
0
0
0
0
0
0
0
0
0
0
0
244052
244052
244052
244037
244050
244050
244050
0
0
0
0
0
0
0
0
0
0
0
0
0
0
0
0
0
0
0
0
0
0
0
0
0
0
0
0
0
0
0
226907
244220
244220
226907
226907
226907
226586
226586
236862
248839
236871
226896
226896
226870
226870
226870
226868
229493
229491
229491
226878
226878
226878
226878
226878
226882
226876
226882
226882
226882
226882
226880
226880
226882
226884
226884
226884
226884
226884
226886
226886
226886
226886
226886
0
0
0
0
0
0
234438
234438
234438
234442
234442
234442
234438
226495
226495
226495
244881
244881
244881
226578
246234
226591
226591
234445
234445
246234
246234
246234
246234
246234
246234
246234
246234
246234
246234
246234
246234
246234
246234
246231
246231
246231
247589
247589
247589
247589
247589
246232
246232
246232
246232
246232
246232
242964
242964
247770
247770
247770
0
0
0
0
0
0
0
0
0
0
0
0
0
0
0
0
0
0
0
0
0
0
0
0
0
0
0
0
0
0
0
226653
225508
226653
226653
226973
225678
225678
225678
225678
0
0
0
0
0
0
0
0
0
0
0
0
0
0
0
0
0
0
0
0
0
0
0
0
0
0
0
0
0
0
0
0
0
0
0
0
0
0
0
0
0
0
0
0
0
0
0
0
0
0
0
244134
244134
244134
244130
244130
244130
244130
244130
0
0
0
0
0
243148
243148
243148
243148
243148
243148
243148
243148
243148
243148
0
0
0
0
243148
243148
243150
243150
243150
243150
243150
243150
243150
243150
0
0
0
0
0
0
0
0
0
0
248454
244130
244130
244130
244134
244134
244134
244134
0
0
0
0
0
0
0
0
0
0
0
0
0
0
0
0
0
0
0
0
0
0
0
0
0
0
0
0
0
0
0
0
0
0
0
0
0
0
0
0
0
0
0
0
0
0
0
0
0
0
0
0
0
0
0
0
0
0
0
0
0
0
0
0
0
0
0
0
0
0
0
0
0
0
0
0
0
0
0
0
0
0
0
0
0
0
0
0
0
0
0
0
225678
225678
225678
225678
226973
225518
226653
226653
0
0
0
0
0
0
0
0
0
0
0
0
0
0
0
0
0
0
0
0
0
0
0
0
0
0
0
0
0
242964
242964
242964
246232
246232
246232
246232
246232
246232
246232
246232
247589
247589
246231
246234
246234
246234
246234
246234
246234
246234
246234
246234
246234
246234
234445
226578
226582
226578
244881
244881
244881
226495
226495
234438
234442
234442
234442
234444
234444
234434
234434
234434
234434
234434
234434
229501
242034
234430
234430
234428
234428
234428
239158
239158
229497
239158
239158
239157
236871
236871
236862
248839
248839
226586
226586
226586
226907
226907
226907
226907
226907
226907
0
0
0
0
0
0
0
0
0
0
0
0
0
0
0
0
0
0
0
0
0
0
0
0
0
0
0
244052
244054
244054
244052
244052
244052
244052
244052
0
0
0
0
0
0
0
0
0
0
0
0
0
0
0
0
0
0
0
0
0
0
0
0
0
0
0
0
0
0
0
0
0
0
0
0
0
0
0
302713
302713
302713
302713
302713
302713
302713
302713
302711
302711
305067
305067
305067
305067
305067
305067
305067
305067
305067
302744
302709
302744
302744
302744
0
0
0
0
0
0
0
0
0
0
0
0
0
0
0
0
0
0
308720
308720
308720
308703
308705
308705
308705
308705
308705
308705
308705
0
0
0
0
0
0
0
0
303624
303624
303624
302882
303624
302891
302986
302986
302986
305397
305395
305395
305395
305395
305395
305395
305395
305395
302984
302984
0
0
0
0
0
0
0
0
0
305389
305389
305389
305389
305389
0
0
310585
310585
310585
310585
310585
0
0
0
0
302681
302681
302681
302681
302681
302681
0
310583
310583
310583
310583
310583
310583
0
305897
305897
305897
305897
305897
305901
0
302978
302978
302978
0
0
0
0
0
0
310286
310286
310286
310286
0
0
0
0
0
0
0
0
0
0
0
0
0
0
0
0
0
0
0
0
0
0
0
0
0
0
0
0
0
0
0
0
0
0
0
0
0
0
0
0
0
0
0
0
0
0
0
0
0
0
0
0
0
0
0
0
0
0
0
0
0
0
0
0
0
0
303616
303616
303616
303616
303616
303616
303616
0
0
0
302729
302729
302729
302729
0
302725
302725
302725
302645
302645
302723
302641
302641
302641
302635
310765
310765
310765
302631
302631
302631
0
0
0
0
310151
310151
310151
310151
310151
0
0
0
0
0
0
0
0
0
0
0
0
0
0
0
0
0
0
0
0
0
0
0
0
0
0
0
0
0
0
0
0
0
0
0
0
0
304530
304530
304530
0
0
0
0
0
0
0
310109
310109
310109
0
0
0
0
0
0
0
0
0
0
0
0
0
0
0
0
0
0
0
0
0
0
0
0
0
0
0
0
0
0
0
0
0
0
0
0
307637
307637
307637
0
0
0
0
0
0
0
0
0
0
0
0
0
0
302609
302609
302609
307631
307631
307631
307631
307627
307627
307627
307627
307627
307627
307627
307627
307627
307627
307623
307623
0
0
0
0
0
0
0
0
0
0
0
0
0
0
0
0
0
0
0
0
0
0
338158
338158
338158
338158
338158
0
0
0
0
0
0
0
0
0
0
0
0
0
0
0
0
0
0
0
0
0
0
0
0
0
0
0
0
0
0
0
0
0
0
0
0
0
0
0
0
0
0
0
0
0
0
0
0
0
0
0
0
0
0
0
0
0
0
0
0
0
0
0
0
0
0
0
0
0
0
0
335320
335320
335320
0
0
0
0
0
0
0
0
0
0
0
0
335402
335402
335402
0
0
0
0
0
336605
336607
336607
336607
336607
336623
334353
334762
334758
334758
0
0
0
0
0
0
0
0
0
0
0
0
0
0
0
0
0
0
0
0
338799
338799
338799
0
0
0
0
0
0
0
0
0
0
0
0
0
0
0
0
0
0
0
0
0
0
0
0
0
0
0
0
0
0
0
0
0
0
0
0
0
0
0
0
0
0
0
338785
338785
338785
0
0
0
0
0
0
0
0
0
0
0
0
338777
338777
338777
338777
0
0
0
0
0
0
0
0
0
0
0
0
0
0
0
0
0
0
0
0
0
0
0
0
0
0
0
336369
336369
336369
336369
336367
336363
336363
335192
335194
335194
336373
336373
337331
337337
337337
337337
337337
337337
337337
338839
338839
338839
338839
0
0
0
0
338845
338845
338845
338845
338845
338845
0
334381
334381
334381
334381
334381
334407
334407
334407
334388
334395
334395
334395
334395
334395
0
0
0
0
0
0
0
0
0
0
0
0
0
0
0
0
0
0
0
0
0
338825
338825
338825
336391
0
0
0
0
0
0
0
0
336389
336389
336389
0
0
335198
335198
335198
0
0
0
0
0
0
0
0
341575
341575
341575
341575
0
341583
341583
341583
341583
0
0
0
0
341695
341695
341695
341695
341695
341695
0
0
0
0
0
0
0
0
0
0
0
0
0
0
0
0
0
0
0
0
0
0
0
0
0
343191
343191
343191
343191
343191
0
0
0
0
341785
341785
341785
341781
341779
341779
0
0
339892
339892
339892
339888
339888
339888
339888
339888
339888
0
0
0
0
0
0
0
0
0
0
0
0
0
0
0
0
0
0
0
0
0
0
341925
341925
341925
0
0
0
0
0
0
0
0
0
0
0
0
0
0
0
0
0
0
0
0
0
0
0
0
0
0
0
0
0
0
0
0
0
0
0
0
0
0
0
0
0
0
0
0
0
0
0
0
0
0
0
0
0
0
0
0
0
0
0
0
0
0
0
0
0
0
0
0
0
0
0
0
341660
341660
341660
341660
341660
341660
341660
341660
341660
341660
341660
341660
341660
341660
341660
341660
341660
341660
341660
341660
341660
341660
341660
341660
341660
341660
341660
341660
341660
341660
341660
341660
341660
341660
341660
341660
341660
341660
341660
341660
341660
341660
341660
341660
341660
341660
341660
341660
341660
341660
341660
341660
341660
341660
341660
341660
341660
341660
341660
341660
341660
341660
341660
341653
341653
341653
341653
0
0
0
0
0
0
0
339848
339848
339848
339848
339848
339848
339848
339848
0
0
0
0
0
0
0
0
0
0
0
0
0
0
0
0
0
0
0
0
0
0
0
0
0
0
0
0
0
0
0
0
0
0
0
0
343229
343233
343231
343231
343233
343233
343229
343233
343233
343233
343233
0
0
0
0
0
0
0
0
0
0
343231
343231
0
0
343229
343233
343233
343233
343233
343233
343233
343231
