39.976041 116.339104
39.975078 116.339173
39.975148 116.339028
0.000000 0.000000
39.975136 116.339053
39.976041 116.339104
39.975193 116.338937
39.975181 116.338961
39.975143 116.339039
39.975113 116.339100
39.975073 116.339182
39.975058 116.339213
39.975026 116.339278
39.975002 116.339327
39.974681 116.339176
39.974678 116.339187
39.974982 116.339369
0.000000 0.000000
39.974679 116.339186
39.974994 116.339344
39.974998 116.339336
39.975083 116.339162
39.975069 116.339190
39.975008 116.339316
39.974947 116.339442
39.974873 116.339594
39.974789 116.339765
0.000000 0.000000
0.000000 0.000000
0.000000 0.000000
0.000000 0.000000
0.000000 0.000000
0.000000 0.000000
0.000000 0.000000
0.000000 0.000000
0.000000 0.000000
0.000000 0.000000
0.000000 0.000000
0.000000 0.000000
0.000000 0.000000
0.000000 0.000000
0.000000 0.000000
0.000000 0.000000
0.000000 0.000000
0.000000 0.000000
0.000000 0.000000
0.000000 0.000000
0.000000 0.000000
39.974645 116.343627
39.974688 116.343780
39.974726 116.343918
39.975038 116.343976
39.974903 116.343976
39.974742 116.343975
39.974579 116.344742
39.974628 116.344741
39.974627 116.344741
39.974597 116.344742
39.974142 116.345307
39.974145 116.345489
39.974496 116.345681
39.974493 116.345681
39.974156 116.345993
39.974160 116.346149
39.974163 116.346295
39.974166 116.346429
39.974169 116.346556
39.974172 116.346672
39.974176 116.346855
39.974179 116.346970
39.974179 116.346965
39.974177 116.346900
39.974176 116.346858
39.974176 116.346826
39.974175 116.346803
39.974175 116.346778
39.973572 116.346353
39.973518 116.346415
39.973462 116.346481
39.973400 116.346552
39.973337 116.346626
39.973274 116.346699
39.973212 116.346770
39.973149 116.346843
39.973050 116.346958
39.973050 116.346958
39.973050 116.346958
39.973050 116.346958
0.000000 0.000000
0.000000 0.000000
39.971936 116.346850
39.971947 116.347260
39.971936 116.346861
39.971937 116.346871
39.971781 116.347261
39.971636 116.347262
39.971437 116.347221
39.971316 116.347182
39.971197 116.347144
39.971083 116.347107
39.970962 116.347068
39.970840 116.347029
39.970707 116.346987
39.970584 116.346947
39.970461 116.346908
39.970346 116.346871
39.970226 116.346833
39.970189 116.346821
39.970189 116.346821
39.969830 116.347358
39.969717 116.347353
39.969556 116.347010
39.969556 116.347012
39.969564 116.347347
39.969564 116.347347
39.969556 116.347016
0.000000 0.000000
39.968707 116.346585
39.968652 116.346645
39.968593 116.346709
39.968536 116.346771
39.968476 116.346835
39.968415 116.346902
39.968355 116.346966
39.968299 116.347027
39.968237 116.347094
39.968183 116.347152
39.967852 116.346992
39.967852 116.346977
39.967724 116.346963
39.967575 116.346942
39.967449 116.346886
39.967449 116.346861
39.967448 116.346783
39.967446 116.346694
0.000000 0.000000
0.000000 0.000000
0.000000 0.000000
0.000000 0.000000
0.000000 0.000000
0.000000 0.000000
0.000000 0.000000
0.000000 0.000000
0.000000 0.000000
0.000000 0.000000
0.000000 0.000000
0.000000 0.000000
0.000000 0.000000
0.000000 0.000000
0.000000 0.000000
0.000000 0.000000
0.000000 0.000000
0.000000 0.000000
0.000000 0.000000
0.000000 0.000000
0.000000 0.000000
0.000000 0.000000
0.000000 0.000000
0.000000 0.000000
0.000000 0.000000
0.000000 0.000000
0.000000 0.000000
0.000000 0.000000
0.000000 0.000000
0.000000 0.000000
0.000000 0.000000
0.000000 0.000000
0.000000 0.000000
0.000000 0.000000
0.000000 0.000000
0.000000 0.000000
0.000000 0.000000
0.000000 0.000000
0.000000 0.000000
0.000000 0.000000
0.000000 0.000000
0.000000 0.000000
0.000000 0.000000
0.000000 0.000000
0.000000 0.000000
0.000000 0.000000
0.000000 0.000000
0.000000 0.000000
0.000000 0.000000
0.000000 0.000000
0.000000 0.000000
0.000000 0.000000
0.000000 0.000000
0.000000 0.000000
0.000000 0.000000
0.000000 0.000000
0.000000 0.000000
0.000000 0.000000
0.000000 0.000000
0.000000 0.000000
0.000000 0.000000
0.000000 0.000000
0.000000 0.000000
0.000000 0.000000
0.000000 0.000000
39.967411 116.343419
39.967411 116.343424
39.967411 116.343477
39.967411 116.343516
39.967411 116.343530
39.967411 116.343528
39.967411 116.343456
39.967411 116.343409
39.967411 116.343411
39.967411 116.343420
39.967411 116.343477
0.000000 0.000000
0.000000 0.000000
0.000000 0.000000
0.000000 0.000000
0.000000 0.000000
0.000000 0.000000
0.000000 0.000000
0.000000 0.000000
0.000000 0.000000
0.000000 0.000000
39.965802 116.339072
39.965832 116.339066
39.965864 116.339059
39.965909 116.339050
39.965943 116.339042
39.965980 116.339034
39.965997 116.339031
39.965981 116.339034
39.966021 116.339026
39.966030 116.339024
39.966021 116.339026
39.966004 116.339029
39.966010 116.339028
39.966029 116.339024
39.966064 116.339017
39.966105 116.339008
39.966148 116.338999
39.966249 116.338977
39.966272 116.338972
39.966247 116.338977
39.966233 116.338980
39.966183 116.338991
39.966153 116.338997
39.966135 116.339001
39.966119 116.339005
39.966080 116.339013
39.966045 116.339020
39.966045 116.339020
39.966038 116.339022
39.965991 116.339032
39.965949 116.339041
39.965927 116.339046
39.965923 116.339046
39.965941 116.339043
39.965984 116.339034
39.965979 116.339034
39.965990 116.339032
39.966018 116.339026
39.966042 116.339021
39.966008 116.339028
39.965984 116.339033
39.965977 116.339035
0.000000 0.000000
0.000000 0.000000
0.000000 0.000000
0.000000 0.000000
0.000000 0.000000
0.000000 0.000000
0.000000 0.000000
0.000000 0.000000
0.000000 0.000000
0.000000 0.000000
0.000000 0.000000
39.965508 116.339135
39.965382 116.339162
39.965289 116.339182
39.965332 116.339173
39.965397 116.339159
39.965462 116.339145
39.965451 116.339147
39.965399 116.339158
39.965399 116.339158
39.965408 116.339156
39.965413 116.339155
39.965415 116.339155
39.965420 116.339154
39.965423 116.339153
39.965424 116.339153
39.965424 116.339153
39.965423 116.339153
39.965473 116.339142
39.965474 116.339142
39.965474 116.339142
39.965477 116.339142
39.965478 116.339141
39.965475 116.339142
39.965472 116.339143
39.965472 116.339143
39.965475 116.339142
39.965477 116.339142
39.965476 116.339142
39.965476 116.339142
39.965481 116.339141
39.965527 116.339131
39.965623 116.339110
39.965632 116.339109
39.965636 116.339108
39.965636 116.339108
39.965636 116.339108
39.965635 116.339108
39.965651 116.339105
39.965622 116.339111
39.965622 116.339111
39.965645 116.339106
39.965645 116.339106
39.965645 116.339106
39.965650 116.339105
39.965650 116.339105
39.965663 116.339102
39.965663 116.339102
39.965663 116.339102
39.965674 116.339100
39.965759 116.339081
39.965889 116.339054
39.966020 116.339026
39.966118 116.339005
39.966267 116.338973
39.966376 116.338950
39.966500 116.338923
39.966621 116.338898
39.966746 116.338871
39.966864 116.338846
39.966988 116.338820
39.967115 116.338792
39.967246 116.338764
39.967391 116.338457
39.967477 116.338410
39.967611 116.338362
39.967790 116.338311
39.967791 116.338192
39.967791 116.338192
39.967791 116.338192
39.967791 116.338192
0.000000 0.000000
0.000000 0.000000
0.000000 0.000000
39.968698 116.337188
39.968805 116.337201
39.968909 116.337214
39.969012 116.337226
39.969112 116.337239
39.969215 116.337251
39.969315 116.337264
39.969416 116.337276
39.969525 116.337289
39.969631 116.337302
39.969741 116.337316
39.969965 116.336761
39.969966 116.336763
39.969970 116.336770
39.969974 116.336778
39.969977 116.336785
39.970872 116.336354
39.970867 116.336285
39.970860 116.336209
39.970853 116.336124
39.970846 116.336041
39.970818 116.335712
39.970818 116.335712
0.000000 0.000000
0.000000 0.000000
0.000000 0.000000
0.000000 0.000000
0.000000 0.000000
0.000000 0.000000
0.000000 0.000000
0.000000 0.000000
0.000000 0.000000
0.000000 0.000000
39.973106 116.333930
39.973203 116.333926
39.973350 116.333919
39.973512 116.333912
39.973610 116.333907
39.973702 116.333903
39.973815 116.333898
39.973950 116.333892
39.974060 116.333887
39.974152 116.333883
39.974250 116.333878
39.974349 116.333874
39.974444 116.333870
39.974609 116.333863
39.974726 116.333858
39.974825 116.333853
39.974939 116.333848
39.975017 116.333845
39.975092 116.333842
39.975163 116.333839
39.975265 116.333834
39.975309 116.333832
39.975320 116.333832
39.975320 116.333832
39.975320 116.333832
39.975336 116.333831
39.975336 116.333831
39.975342 116.333831
39.975357 116.333830
39.975386 116.333829
39.975511 116.333824
39.975647 116.333818
39.975742 116.333813
39.975841 116.333809
39.975978 116.333803
39.976123 116.333797
39.976265 116.333594
39.976435 116.333650
39.976597 116.333578
39.976758 116.333571
39.976941 116.333564
39.977141 116.333556
39.977308 116.333484
39.977478 116.333518
39.977683 116.333535
39.977857 116.333531
39.978041 116.333526
39.978228 116.333521
39.978405 116.333515
39.978595 116.333450
39.978769 116.333449
39.978950 116.333449
39.979124 116.333448
39.979306 116.333448
39.979489 116.333447
39.979677 116.333442
39.979852 116.333433
39.980042 116.333424
39.980211 116.333416
39.980385 116.333407
39.980548 116.333400
39.981054 116.332778
39.981053 116.332758
39.981053 116.332735
39.981052 116.332712
39.981051 116.332691
39.981051 116.332673
0.000000 0.000000
0.000000 0.000000
0.000000 0.000000
0.000000 0.000000
39.982651 116.332562
39.982651 116.332562
39.982644 116.332462
39.982644 116.332454
39.982705 116.332625
39.982774 116.332705
39.982840 116.332781
0.000000 0.000000
0.000000 0.000000
0.000000 0.000000
0.000000 0.000000
0.000000 0.000000
39.984188 116.331878
39.984284 116.331974
39.984319 116.332008
39.984319 116.332008
39.984838 116.332054
39.984819 116.332152
39.984866 116.332018
39.984961 116.331895
39.984968 116.331886
39.985727 116.332011
39.985727 116.331992
39.985726 116.331976
39.985938 116.331953
39.986157 116.331935
39.986215 116.331926
39.986215 116.331915
39.986214 116.331904
0.000000 0.000000
0.000000 0.000000
0.000000 0.000000
0.000000 0.000000
0.000000 0.000000
0.000000 0.000000
39.988126 116.331806
39.988126 116.331796
39.988126 116.331789
39.988126 116.331786
39.988854 116.331635
39.988854 116.331635
39.988854 116.331635
39.988906 116.331798
39.989120 116.331624
39.989325 116.331776
39.989454 116.331612
39.989619 116.331605
39.989714 116.331563
39.989761 116.331532
39.989761 116.331532
0.000000 0.000000
0.000000 0.000000
0.000000 0.000000
0.000000 0.000000
0.000000 0.000000
39.991188 116.331455
39.991188 116.331455
39.991188 116.331455
39.991188 116.331455
39.991297 116.331402
39.991420 116.331342
39.991542 116.331284
39.991635 116.331238
39.991722 116.331196
39.991810 116.331153
39.991905 116.331107
39.991944 116.331089
39.991858 116.331130
39.991811 116.331153
39.991813 116.331152
39.991836 116.331141
39.991870 116.331124
39.991875 116.331122
39.991892 116.331114
39.991904 116.331108
39.991978 116.331072
39.992082 116.331022
39.992522 116.331556
39.992520 116.331607
39.992520 116.331597
39.992650 116.331593
39.992764 116.331594
39.992794 116.331605
39.993212 116.331734
39.993212 116.331734
39.993306 116.331704
39.993466 116.331653
39.993612 116.331607
39.993800 116.331599
39.993952 116.331541
39.994128 116.331535
39.994324 116.331593
39.994482 116.331668
39.994654 116.331642
39.994833 116.331613
39.995003 116.331583
39.995164 116.331555
39.995334 116.331525
39.995509 116.331494
39.995684 116.331470
39.995853 116.331447
39.995962 116.331432
39.996338 116.331577
39.996386 116.331549
39.996534 116.331461
39.996684 116.331373
39.996830 116.331287
39.996975 116.331201
39.997119 116.331116
39.997487 116.331492
39.997647 116.331809
39.997815 116.331763
39.997980 116.331717
39.998145 116.331672
39.998312 116.331627
39.998423 116.331596
39.998423 116.331596
39.998423 116.331596
39.999100 116.331883
39.999237 116.331476
39.999265 116.331392
39.999293 116.331309
39.999321 116.331227
0.000000 0.000000
0.000000 0.000000
0.000000 0.000000
0.000000 0.000000
0.000000 0.000000
0.000000 0.000000
40.001084 116.331350
40.001101 116.331829
40.001085 116.331359
40.001297 116.331819
40.001467 116.331810
40.001632 116.331801
40.001805 116.331791
40.001970 116.331783
40.002129 116.331774
40.002291 116.331766
40.002459 116.331757
40.002585 116.331289
40.002602 116.331749
40.002586 116.331303
0.000000 0.000000
40.003639 116.331333
40.003639 116.331333
40.003643 116.331333
40.003810 116.331322
40.003981 116.331312
40.004148 116.331301
40.004318 116.331291
40.004495 116.331280
40.004678 116.331268
40.004789 116.331261
40.004789 116.331261
40.004789 116.331261
0.000000 0.000000
0.000000 0.000000
0.000000 0.000000
0.000000 0.000000
0.000000 0.000000
40.006645 116.331000
40.006344 116.330429
40.006643 116.330941
40.006642 116.330905
40.006837 116.330405
40.006996 116.330399
40.007149 116.330393
40.007273 116.330388
40.007419 116.330383
40.007555 116.330377
40.007694 116.330372
40.007820 116.330367
40.007993 116.330198
40.007992 116.330101
40.008188 116.330354
40.008320 116.330350
40.008430 116.330347
0.000000 0.000000
40.009053 116.329528
40.009048 116.329426
40.009042 116.329315
40.009036 116.329203
40.009030 116.329089
40.009190 116.328781
40.009308 116.328773
40.009409 116.328766
40.009529 116.328758
40.009666 116.328748
40.009810 116.328738
40.010075 116.327831
40.010107 116.327864
40.010133 116.327890
40.010154 116.327912
40.010386 116.327022
40.010544 116.326992
40.010694 116.326963
40.010839 116.326936
40.010989 116.326907
40.011134 116.326879
40.011284 116.326851
40.011442 116.326329
40.011508 116.326372
40.011572 116.326414
40.011641 116.326460
40.012130 116.325523
40.012180 116.325566
40.012253 116.325559
40.012309 116.325603
40.012362 116.325646
0.000000 0.000000
40.013210 116.324890
40.013204 116.324747
40.013199 116.324611
40.013194 116.324479
40.013303 116.324332
40.013299 116.324188
40.013295 116.324053
0.000000 0.000000
40.014069 116.323231
40.014190 116.323426
40.014183 116.323415
40.014186 116.323421
40.014428 116.323163
40.014423 116.323154
40.014698 116.322837
40.014737 116.322870
40.014778 116.322904
40.014823 116.322942
0.000000 0.000000
0.000000 0.000000
0.000000 0.000000
0.000000 0.000000
0.000000 0.000000
0.000000 0.000000
0.000000 0.000000
0.000000 0.000000
0.000000 0.000000
0.000000 0.000000
0.000000 0.000000
40.016645 116.320221
40.016681 116.320220
40.016813 116.320214
40.016949 116.320209
40.017137 116.320291
40.017219 116.320195
40.017360 116.320183
40.017511 116.320170
40.017653 116.320154
40.017675 116.320152
40.018327 116.319595
40.018321 116.319536
40.018317 116.319496
40.018313 116.319457
40.018310 116.319426
40.018761 116.319291
40.018760 116.319286
40.018889 116.319238
40.018888 116.319233
40.018887 116.319229
40.019674 116.318946
40.019676 116.318953
40.019676 116.318955
40.019675 116.318950
40.019676 116.318955
40.019676 116.318953
0.000000 0.000000
0.000000 0.000000
0.000000 0.000000
0.000000 0.000000
40.021102 116.318479
40.021098 116.318429
40.021094 116.318375
40.021091 116.318337
40.021087 116.318283
40.021084 116.318245
0.000000 0.000000
40.022181 116.318033
40.022178 116.317996
40.022175 116.317954
40.022172 116.317912
40.022170 116.317876
40.022167 116.317839
40.022999 116.317696
40.022996 116.317660
40.022994 116.317628
40.022991 116.317587
40.022988 116.317547
40.023901 116.317386
40.023898 116.317349
40.023894 116.317310
40.023891 116.317271
40.023888 116.317233
40.023885 116.317200
0.000000 0.000000
0.000000 0.000000
0.000000 0.000000
0.000000 0.000000
0.000000 0.000000
0.000000 0.000000
0.000000 0.000000
0.000000 0.000000
0.000000 0.000000
0.000000 0.000000
0.000000 0.000000
0.000000 0.000000
0.000000 0.000000
0.000000 0.000000
0.000000 0.000000
0.000000 0.000000
0.000000 0.000000
40.026988 116.315506
40.027144 116.315509
40.027295 116.315512
40.027541 116.315855
40.027537 116.315815
40.027766 116.315748
40.027677 116.315563
40.027677 116.315563
0.000000 0.000000
0.000000 0.000000
0.000000 0.000000
0.000000 0.000000
40.029162 116.315281
40.029162 116.315281
40.029162 116.315281
40.029220 116.315255
40.029353 116.315194
40.029412 116.315060
40.029429 116.315159
40.029429 116.315159
0.000000 0.000000
0.000000 0.000000
0.000000 0.000000
40.030693 116.314758
40.030695 116.314703
40.030675 116.315170
40.030700 116.314591
40.030736 116.314536
40.030740 116.314546
40.030982 116.314375
40.031016 116.314421
40.031053 116.314472
40.031089 116.314521
40.031114 116.314556
40.031148 116.314604
40.031888 116.313957
40.031888 116.313957
40.031888 116.313957
40.031900 116.313953
40.032015 116.313917
40.032112 116.313886
40.032221 116.313851
40.032247 116.313843
40.032247 116.313843
40.032247 116.313843
40.032247 116.313843
40.032247 116.313843
40.032247 116.313843
0.000000 0.000000
40.032247 116.313843
40.032348 116.313595
0.000000 0.000000
40.032355 116.313593
40.032365 116.313590
40.032253 116.313890
40.032247 116.313843
40.032648 116.313841
40.032654 116.313865
40.032869 116.313774
40.032866 116.313763
40.032938 116.313379
40.033065 116.313331
40.033275 116.313572
40.033389 116.313530
40.033323 116.313236
40.033748 116.313344
40.033745 116.313330
40.033741 116.313313
40.033738 116.313297
40.033735 116.313283
0.000000 0.000000
0.000000 0.000000
0.000000 0.000000
0.000000 0.000000
0.000000 0.000000
0.000000 0.000000
0.000000 0.000000
0.000000 0.000000
0.000000 0.000000
0.000000 0.000000
0.000000 0.000000
0.000000 0.000000
0.000000 0.000000
0.000000 0.000000
0.000000 0.000000
0.000000 0.000000
0.000000 0.000000
40.036471 116.311688
40.036372 116.311188
40.036455 116.311578
40.036447 116.311517
40.036584 116.311410
40.036573 116.311369
40.036900 116.311400
40.036954 116.311282
40.037007 116.311166
40.037064 116.311041
40.037132 116.310893
40.037187 116.310773
40.037264 116.310606
40.037412 116.310561
40.037384 116.310345
40.037542 116.310088
40.037649 116.310025
40.037831 116.310051
40.037933 116.309990
40.037988 116.309828
40.038106 116.309761
40.038228 116.309691
40.038290 116.309462
40.038410 116.309392
40.038539 116.309316
40.038673 116.309234
40.038813 116.309150
40.038878 116.308744
40.038997 116.308703
40.039147 116.308629
40.039250 116.308508
40.039266 116.308571
40.039713 116.308608
40.039965 116.308456
40.040215 116.308306
40.040444 116.308168
40.040568 116.307711
40.040568 116.307712
40.040896 116.307901
40.041038 116.307820
40.041067 116.307119
40.041236 116.307100
40.041351 116.307087
40.041351 116.307087
40.041855 116.307056
40.041834 116.306994
40.041895 116.306876
40.042225 116.307148
40.042374 116.307066
40.042523 116.306984
40.042561 116.306562
40.042813 116.306820
40.042949 116.306742
40.042984 116.306110
40.043018 116.306209
40.043169 116.306119
40.043292 116.306123
40.043423 116.305896
40.043457 116.305757
40.043492 116.305615
40.044004 116.306124
40.044006 116.305183
40.044117 116.305326
40.044210 116.305194
40.044344 116.305201
40.044520 116.304964
40.044605 116.305018
40.044652 116.304573
40.044978 116.304720
40.044989 116.304586
40.045278 116.304451
40.045374 116.304382
40.045558 116.304219
40.045497 116.304161
40.045497 116.304161
40.046110 116.303577
40.046174 116.303769
40.046236 116.303503
40.046412 116.303573
40.046578 116.303490
40.046700 116.303524
40.046907 116.303199
40.046898 116.303172
40.046889 116.303147
0.000000 0.000000
0.000000 0.000000
0.000000 0.000000
0.000000 0.000000
0.000000 0.000000
0.000000 0.000000
0.000000 0.000000
0.000000 0.000000
0.000000 0.000000
0.000000 0.000000
40.049246 116.301671
40.049243 116.301659
40.049212 116.301170
40.049236 116.301633
40.049319 116.301592
40.049344 116.301118
40.049445 116.301079
40.049544 116.301040
40.049652 116.300998
40.049751 116.300959
40.049846 116.300922
40.049939 116.300885
40.050096 116.300823
40.050194 116.300785
40.050399 116.300966
40.050399 116.300965
40.050493 116.300664
40.050686 116.300585
40.050737 116.300565
40.050697 116.300581
40.050696 116.300581
40.050648 116.300601
40.050622 116.300611
40.050576 116.300630
40.050557 116.300638
40.050416 116.301013
40.050911 116.300844
40.050921 116.300785
40.050935 116.300705
40.051075 116.300428
40.051189 116.300383
40.051302 116.300338
40.051435 116.300286
40.051586 116.300227
40.051740 116.300167
40.051898 116.300105
40.052063 116.300040
40.052244 116.300003
40.052393 116.300030
40.052581 116.300065
40.052780 116.300102
40.053042 116.299479
40.053127 116.299547
40.053218 116.299620
40.053429 116.299789
40.053851 116.298870
40.053916 116.298934
40.053981 116.298997
40.054055 116.299070
40.054123 116.299136
40.054194 116.299206
40.054666 116.298661
40.054768 116.298622
40.054786 116.298659
40.054801 116.298690
0.000000 0.000000
0.000000 0.000000
0.000000 0.000000
0.000000 0.000000
0.000000 0.000000
0.000000 0.000000
0.000000 0.000000
0.000000 0.000000
0.000000 0.000000
0.000000 0.000000
0.000000 0.000000
0.000000 0.000000
0.000000 0.000000
0.000000 0.000000
0.000000 0.000000
0.000000 0.000000
0.000000 0.000000
0.000000 0.000000
0.000000 0.000000
0.000000 0.000000
0.000000 0.000000
0.000000 0.000000
0.000000 0.000000
0.000000 0.000000
0.000000 0.000000
0.000000 0.000000
0.000000 0.000000
40.059698 116.296000
40.059695 116.295992
40.059694 116.295989
40.059697 116.295999
40.059697 116.296000
40.059696 116.295997
0.000000 0.000000
0.000000 0.000000
0.000000 0.000000
0.000000 0.000000
40.060667 116.294793
40.060810 116.294745
40.060952 116.294698
40.061093 116.294652
40.061231 116.294606
40.061369 116.294560
40.061509 116.294514
40.061644 116.294469
40.061786 116.294422
40.061928 116.294375
40.062073 116.294327
40.062226 116.294276
40.062383 116.294224
40.062542 116.294171
40.062702 116.294118
40.062856 116.294067
40.063013 116.294015
40.063164 116.293965
40.063269 116.293396
40.063277 116.293416
40.063694 116.293680
40.063825 116.293577
40.063951 116.293477
40.064078 116.293377
40.064204 116.293278
40.064334 116.293174
40.071627 116.302574
40.071218 116.303097
0.000000 0.000000
0.000000 0.000000
0.000000 0.000000
0.000000 0.000000
0.000000 0.000000
0.000000 0.000000
0.000000 0.000000
0.000000 0.000000
0.000000 0.000000
0.000000 0.000000
0.000000 0.000000
0.000000 0.000000
0.000000 0.000000
0.000000 0.000000
0.000000 0.000000
0.000000 0.000000
0.000000 0.000000
0.000000 0.000000
0.000000 0.000000
0.000000 0.000000
0.000000 0.000000
0.000000 0.000000
0.000000 0.000000
0.000000 0.000000
0.000000 0.000000
0.000000 0.000000
0.000000 0.000000
0.000000 0.000000
0.000000 0.000000
0.000000 0.000000
0.000000 0.000000
0.000000 0.000000
0.000000 0.000000
0.000000 0.000000
0.000000 0.000000
0.000000 0.000000
0.000000 0.000000
0.000000 0.000000
0.000000 0.000000
0.000000 0.000000
0.000000 0.000000
0.000000 0.000000
0.000000 0.000000
0.000000 0.000000
0.000000 0.000000
0.000000 0.000000
0.000000 0.000000
0.000000 0.000000
0.000000 0.000000
0.000000 0.000000
0.000000 0.000000
0.000000 0.000000
0.000000 0.000000
0.000000 0.000000
0.000000 0.000000
0.000000 0.000000
0.000000 0.000000
0.000000 0.000000
0.000000 0.000000
0.000000 0.000000
0.000000 0.000000
0.000000 0.000000
0.000000 0.000000
0.000000 0.000000
0.000000 0.000000
0.000000 0.000000
0.000000 0.000000
0.000000 0.000000
0.000000 0.000000
0.000000 0.000000
40.070028 116.313602
40.070028 116.313602
0.000000 0.000000
0.000000 0.000000
0.000000 0.000000
0.000000 0.000000
0.000000 0.000000
0.000000 0.000000
40.069565 116.315533
40.069565 116.315533
40.069574 116.315693
40.069588 116.315928
40.069943 116.316068
40.069680 116.316477
40.070032 116.316740
40.069946 116.316835
40.069953 116.317075
40.069972 116.317357
40.069987 116.317620
40.069907 116.317682
40.070066 116.318157
40.069950 116.318243
40.070079 116.318417
40.070091 116.318642
40.070102 116.318865
40.070114 116.319087
40.069931 116.319391
40.069851 116.319453
40.070128 116.319768
40.070130 116.319996
40.070133 116.320231
40.070135 116.320467
40.070138 116.320702
40.070140 116.320943
40.070143 116.321179
40.069871 116.321619
40.069813 116.321634
40.070145 116.321914
40.070144 116.322149
40.070143 116.322404
40.070142 116.322644
40.070141 116.322880
40.070140 116.323123
40.070139 116.323354
40.069443 116.323586
40.069443 116.323586
40.069441 116.323587
0.000000 0.000000
40.069206 116.324571
40.069229 116.324793
40.069569 116.324956
40.069244 116.324947
40.069535 116.324955
40.069538 116.326119
40.069051 116.325939
40.069469 116.326126
40.069067 116.326361
40.069070 116.326584
40.069074 116.326805
40.069077 116.327000
40.069132 116.327317
40.069166 116.327510
40.069200 116.327704
40.069414 116.327902
40.069394 116.327903
40.069160 116.328173
40.069156 116.328345
40.069153 116.328515
40.069150 116.328664
40.069345 116.328892
40.069339 116.328893
40.069145 116.328896
40.069145 116.328896
0.000000 0.000000
0.000000 0.000000
0.000000 0.000000
0.000000 0.000000
0.000000 0.000000
0.000000 0.000000
0.000000 0.000000
0.000000 0.000000
0.000000 0.000000
0.000000 0.000000
0.000000 0.000000
0.000000 0.000000
0.000000 0.000000
0.000000 0.000000
0.000000 0.000000
0.000000 0.000000
0.000000 0.000000
40.069545 116.331123
40.069545 116.331123
40.069545 116.331123
40.069545 116.331123
40.069545 116.331224
40.069545 116.331416
40.069544 116.331610
40.069542 116.331819
40.069541 116.332041
40.069540 116.332254
40.069576 116.332427
40.069539 116.332428
40.069580 116.333035
40.069512 116.333175
40.069376 116.333302
40.069289 116.333415
40.069182 116.333555
0.000000 0.000000
40.069476 116.334859
40.069471 116.334859
40.069455 116.334859
40.069424 116.334954
40.069183 116.335503
40.069241 116.335678
40.069301 116.335863
40.069362 116.336049
40.069422 116.336231
40.069369 116.336476
40.069418 116.336674
40.069467 116.336874
40.069519 116.337083
40.069572 116.337299
40.069560 116.337708
40.069501 116.337897
40.069442 116.338085
40.069381 116.338281
40.069321 116.338471
40.069261 116.338663
40.069201 116.338855
40.069335 116.339151
40.069197 116.339390
40.069222 116.339621
40.069256 116.339816
40.069289 116.340011
40.069324 116.340209
40.069357 116.340404
40.069315 116.340711
40.069402 116.340850
40.069392 116.341050
40.069381 116.341252
40.069370 116.341448
40.069360 116.341640
40.069350 116.341829
40.069346 116.341896
40.069346 116.341896
40.069861 116.342438
40.069854 116.342624
40.069847 116.342805
40.069840 116.342982
40.069834 116.343156
40.069827 116.343325
40.069821 116.343487
40.069814 116.343661
40.069808 116.343835
40.069801 116.344008
40.069794 116.344184
40.069788 116.344337
40.069782 116.344507
40.069775 116.344685
40.069768 116.344865
40.069762 116.345041
40.069758 116.345135
40.069758 116.345135
40.069758 116.345135
40.069431 116.345223
0.000000 0.000000
0.000000 0.000000
0.000000 0.000000
0.000000 0.000000
0.000000 0.000000
0.000000 0.000000
0.000000 0.000000
0.000000 0.000000
0.000000 0.000000
0.000000 0.000000
0.000000 0.000000
0.000000 0.000000
0.000000 0.000000
0.000000 0.000000
0.000000 0.000000
0.000000 0.000000
0.000000 0.000000
0.000000 0.000000
0.000000 0.000000
0.000000 0.000000
0.000000 0.000000
0.000000 0.000000
0.000000 0.000000
0.000000 0.000000
0.000000 0.000000
0.000000 0.000000
0.000000 0.000000
0.000000 0.000000
0.000000 0.000000
0.000000 0.000000
0.000000 0.000000
0.000000 0.000000
0.000000 0.000000
0.000000 0.000000
0.000000 0.000000
0.000000 0.000000
0.000000 0.000000
0.000000 0.000000
0.000000 0.000000
0.000000 0.000000
40.068710 116.353802
40.068764 116.353895
40.068806 116.353967
40.068853 116.354047
40.068935 116.354189
40.069011 116.354319
40.069079 116.354435
40.069138 116.354536
40.069187 116.354621
40.069243 116.354717
40.069290 116.354798
40.069310 116.354831
40.069309 116.354831
40.069315 116.354840
40.069315 116.354840
40.069316 116.354843
40.069319 116.354847
40.069317 116.354844
40.069315 116.354841
40.069315 116.354841
40.069318 116.354845
40.069319 116.354848
0.000000 0.000000
0.000000 0.000000
0.000000 0.000000
0.000000 0.000000
0.000000 0.000000
0.000000 0.000000
40.068995 116.356728
40.068995 116.356728
40.068995 116.356728
40.068951 116.356801
40.068858 116.356954
40.068766 116.357104
0.000000 0.000000
40.068555 116.357914
40.068829 116.358281
40.068913 116.358421
40.068992 116.358572
40.069084 116.358707
40.068956 116.358975
40.069245 116.358975
40.068929 116.358975
40.069187 116.360139
40.069102 116.360238
40.069020 116.360334
40.068938 116.360428
40.068854 116.360525
40.069058 116.360982
40.068975 116.361116
40.068889 116.361255
40.068804 116.361393
40.068787 116.361420
40.068787 116.361420
0.000000 0.000000
0.000000 0.000000
0.000000 0.000000
40.068699 116.363160
40.068664 116.363161
40.068617 116.363161
40.068576 116.363161
40.068539 116.363161
40.068496 116.363162
0.000000 0.000000
0.000000 0.000000
0.000000 0.000000
0.000000 0.000000
0.000000 0.000000
0.000000 0.000000
0.000000 0.000000
0.000000 0.000000
0.000000 0.000000
0.000000 0.000000
0.000000 0.000000
0.000000 0.000000
0.000000 0.000000
0.000000 0.000000
0.000000 0.000000
0.000000 0.000000
0.000000 0.000000
0.000000 0.000000
0.000000 0.000000
0.000000 0.000000
0.000000 0.000000
0.000000 0.000000
0.000000 0.000000
0.000000 0.000000
0.000000 0.000000
0.000000 0.000000
0.000000 0.000000
0.000000 0.000000
0.000000 0.000000
0.000000 0.000000
0.000000 0.000000
0.000000 0.000000
0.000000 0.000000
0.000000 0.000000
0.000000 0.000000
0.000000 0.000000
0.000000 0.000000
0.000000 0.000000
0.000000 0.000000
0.000000 0.000000
40.065515 116.371584
40.065505 116.371579
40.065483 116.371568
40.065471 116.371562
40.065458 116.371555
40.064927 116.372233
40.064964 116.372356
40.064999 116.372471
40.065035 116.372590
40.065073 116.372715
40.065107 116.372829
40.064616 116.373112
40.064616 116.373112
40.064616 116.373112
40.064387 116.373959
40.064387 116.373959
40.064387 116.373959
40.064387 116.373959
40.064084 116.374661
40.064084 116.374661
40.064090 116.374728
40.064106 116.374906
40.064008 116.375125
40.063890 116.375263
40.063768 116.375405
40.063644 116.375549
40.063528 116.375684
40.063409 116.375823
40.063293 116.375959
40.063235 116.376709
40.063235 116.376709
40.063240 116.376855
40.063246 116.377041
40.063252 116.377229
40.063258 116.377414
40.063263 116.377600
40.063269 116.377783
40.062811 116.378497
40.062724 116.378502
40.062635 116.378508
40.062539 116.378515
40.062454 116.378521
40.062030 116.378997
40.062044 116.379175
40.062058 116.379353
40.062072 116.379530
40.062087 116.379712
40.062006 116.379904
40.062019 116.380068
40.061674 116.380218
40.061644 116.380418
40.061614 116.380614
40.061584 116.380811
40.061555 116.380999
40.061524 116.381201
40.061312 116.381381
40.061351 116.381504
40.061437 116.381771
40.061437 116.381771
40.060793 116.382148
40.060810 116.382320
40.060822 116.382435
40.060822 116.382435
40.060822 116.382435
0.000000 0.000000
0.000000 0.000000
0.000000 0.000000
0.000000 0.000000
0.000000 0.000000
40.059828 116.384179
40.059861 116.384320
40.059895 116.384464
40.059927 116.384603
40.059896 116.384776
40.059789 116.384798
40.059996 116.385097
40.059406 116.384989
40.059284 116.385132
40.059513 116.386033
40.059417 116.386053
40.059317 116.386074
40.059217 116.386095
40.059121 116.386115
40.059020 116.386135
0.000000 0.000000
0.000000 0.000000
0.000000 0.000000
0.000000 0.000000
0.000000 0.000000
0.000000 0.000000
0.000000 0.000000
0.000000 0.000000
0.000000 0.000000
0.000000 0.000000
0.000000 0.000000
0.000000 0.000000
0.000000 0.000000
0.000000 0.000000
0.000000 0.000000
0.000000 0.000000
40.057822 116.390330
40.057733 116.390335
40.057636 116.390340
40.057544 116.390346
40.057454 116.390351
40.057370 116.390356
40.056863 116.391012
40.056881 116.391181
40.056899 116.391348
40.056916 116.391513
40.056935 116.391689
40.056953 116.391857
40.056972 116.392030
40.056991 116.392200
40.057009 116.392366
40.057028 116.392540
40.056496 116.393376
40.056420 116.393371
40.056344 116.393367
40.056272 116.393362
40.056198 116.393358
40.056122 116.393353
40.056055 116.393349
0.000000 0.000000
0.000000 0.000000
0.000000 0.000000
0.000000 0.000000
0.000000 0.000000
0.000000 0.000000
0.000000 0.000000
0.000000 0.000000
0.000000 0.000000
0.000000 0.000000
0.000000 0.000000
0.000000 0.000000
0.000000 0.000000
0.000000 0.000000
40.054957 116.397076
40.054848 116.397119
40.054739 116.397162
40.054634 116.397203
40.054530 116.397244
40.054431 116.397283
40.054327 116.397324
40.054226 116.397363
0.000000 0.000000
0.000000 0.000000
0.000000 0.000000
0.000000 0.000000
0.000000 0.000000
0.000000 0.000000
0.000000 0.000000
0.000000 0.000000
0.000000 0.000000
0.000000 0.000000
0.000000 0.000000
0.000000 0.000000
0.000000 0.000000
0.000000 0.000000
0.000000 0.000000
0.000000 0.000000
0.000000 0.000000
0.000000 0.000000
0.000000 0.000000
0.000000 0.000000
0.000000 0.000000
0.000000 0.000000
0.000000 0.000000
0.000000 0.000000
0.000000 0.000000
0.000000 0.000000
0.000000 0.000000
0.000000 0.000000
0.000000 0.000000
0.000000 0.000000
0.000000 0.000000
0.000000 0.000000
0.000000 0.000000
0.000000 0.000000
0.000000 0.000000
0.000000 0.000000
0.000000 0.000000
0.000000 0.000000
40.051529 116.404922
40.051434 116.404924
40.051346 116.404925
40.051256 116.404927
40.051144 116.404929
40.051073 116.404930
40.051072 116.404930
40.051073 116.404930
40.051080 116.404930
40.051091 116.404930
40.051109 116.404929
40.051109 116.404929
40.051114 116.404929
40.051113 116.404929
40.051110 116.404929
40.051109 116.404929
40.051118 116.404929
40.051121 116.404929
40.051121 116.404929
40.051116 116.404929
40.051100 116.404930
40.051082 116.404930
40.051061 116.404930
40.051061 116.404930
40.051059 116.404930
40.051096 116.404930
40.051173 116.404928
40.051254 116.404927
40.051279 116.404926
40.051264 116.404927
0.000000 0.000000
0.000000 0.000000
0.000000 0.000000
0.000000 0.000000
0.000000 0.000000
0.000000 0.000000
0.000000 0.000000
0.000000 0.000000
0.000000 0.000000
0.000000 0.000000
0.000000 0.000000
0.000000 0.000000
0.000000 0.000000
0.000000 0.000000
0.000000 0.000000
0.000000 0.000000
0.000000 0.000000
0.000000 0.000000
40.053835 116.407498
40.053874 116.407400
40.053906 116.407322
40.053937 116.407244
40.053971 116.407160
40.054507 116.407446
40.054534 116.407381
40.054585 116.407258
40.054650 116.407103
40.055534 116.407135
40.055534 116.407135
40.055569 116.407174
40.055683 116.407300
40.056089 116.407165
40.056138 116.407260
40.056189 116.407359
40.056249 116.407475
0.000000 0.000000
0.000000 0.000000
0.000000 0.000000
40.057809 116.407050
40.057811 116.407072
40.057814 116.407092
40.057815 116.407107
40.057817 116.407125
0.000000 0.000000
0.000000 0.000000
0.000000 0.000000
0.000000 0.000000
0.000000 0.000000
0.000000 0.000000
0.000000 0.000000
0.000000 0.000000
0.000000 0.000000
0.000000 0.000000
0.000000 0.000000
0.000000 0.000000
40.060875 116.406864
40.060875 116.406855
40.060875 116.406837
40.060875 116.406822
40.060875 116.406796
0.000000 0.000000
0.000000 0.000000
0.000000 0.000000
0.000000 0.000000
40.062075 116.406166
40.062157 116.406167
40.062302 116.406169
40.062433 116.406171
40.062556 116.406172
40.062680 116.406174
40.062804 116.406175
40.062923 116.406177
40.063037 116.406178
40.063148 116.406180
40.063257 116.406181
40.063369 116.406183
40.063484 116.406184
40.063585 116.406186
40.063686 116.406187
40.063788 116.406188
40.063887 116.406189
40.063983 116.406191
40.064075 116.406192
40.064232 116.406194
40.064362 116.406196
40.064478 116.406197
40.064577 116.406198
40.064708 116.406555
40.064708 116.406553
40.064892 116.406205
40.064938 116.406206
40.064708 116.406511
40.064948 116.406206
40.064708 116.406552
40.064708 116.406648
40.064708 116.406648
40.064708 116.406640
40.064708 116.406661
40.064708 116.406653
40.064708 116.406639
40.064708 116.406610
40.064708 116.406648
40.064708 116.406560
40.064708 116.406546
40.064708 116.406439
40.064470 116.406197
40.064421 116.406196
40.064364 116.406196
40.064297 116.406195
40.064239 116.406194
40.064203 116.406193
40.064141 116.406193
40.064063 116.406192
40.063996 116.406191
40.063944 116.406190
40.063879 116.406189
40.063822 116.406189
40.063758 116.406188
40.063697 116.406187
40.063624 116.406186
40.063556 116.406185
40.063496 116.406184
40.063441 116.406184
40.063395 116.406183
40.063362 116.406183
40.063320 116.406182
40.063304 116.406182
40.063366 116.406183
40.063369 116.406183
40.063433 116.406184
40.063506 116.406184
40.063572 116.406185
40.063631 116.406186
40.063710 116.406187
40.063784 116.406188
40.063854 116.406189
40.063928 116.406190
40.063963 116.406190
40.064024 116.406191
40.064131 116.406193
40.064190 116.406193
40.064297 116.406195
40.064347 116.406195
40.064362 116.406196
40.064418 116.406196
40.064469 116.406197
40.064523 116.406198
40.064590 116.406198
40.064680 116.406200
40.064722 116.406200
40.064807 116.406203
40.064885 116.406205
40.064943 116.406206
40.065002 116.406207
40.065080 116.406209
40.065138 116.406211
40.065213 116.406213
40.065262 116.406214
40.065329 116.406216
40.065386 116.406217
40.065455 116.406219
40.065501 116.406220
40.065580 116.406222
40.065613 116.406223
40.065661 116.406224
40.065739 116.406226
40.065780 116.406227
40.065815 116.406228
40.065863 116.406229
40.065914 116.406231
0.000000 0.000000
0.000000 0.000000
0.000000 0.000000
0.000000 0.000000
0.000000 0.000000
0.000000 0.000000
0.000000 0.000000
0.000000 0.000000
0.000000 0.000000
