2
24
34
37
41
48
65
79
82
100
104
106
109
110
120
125
130
140
147
152
155
159
164
170
172
183
184
187
193
194
207
209
222
223
230
232
239
240
243
261
272
273
275
276
292
301
305
311
329
332
338
341
343
349
354
358
367
371
394
399
400
412
418
432
439
442
453
458
463
472
482
491
494
502
519
520
524
525
533
535
539
553
554
559
563
564
565
569
578
579
588
590
593
597
614
624
625
628
633
635
647
653
654
661
664
665
667
672
676
680
684
685
686
691
693
698
702
703
710
711
723
731
734
736
745
746
751
753
756
774
777
780
782
788
789
792
794
797
798
799
803
804
806
808
815
822
824
825
833
834
836
841
855
857
859
868
869
871
872
881
882
892
899
913
914
917
924
926
934
935
939
949
956
958
959
967
975
980
981
982
986
992
993
996
999
1002
1003
1008
1009
1012
1013
1014
1016
1017
1021
1022
1027
1028
1033
1036
1038
1040
1042
1045
1050
1052
1054
1066
1068
1070
1076
1079
1083
1091
1092
1095
1112
1117
1118
1121
1123
1124
1132
1150
1152
1155
1160
1163
1172
1173
1180
1182
1203
1206
1212
1221
1236
1249
1251
1252
1266
1271
1277
1282
1286
1291
1301
1303
1308
1309
1310
1318
1324
1334
1339
1341
1342
1350
1351
1358
1361
1365
1368
1372
1376
1392
1393
1401
1402
1403
1413
1415
1416
1420
1421
1436
1439
1443
1444
1455
1456
1461
1464
1465
1469
1471
1484
1487
1488
1490
1491
1493
1499
1546
1562
1563
1567
1568
1569
1584
1585
1604
1631
1632
1636
1640
1646
1650
1664
1676
1680
1683
1685
1687
1693
1706
1716
1717
1728
1731
1737
1739
1745
1748
1750
1757
1758
1759
1762
1764
1767
1786
1788
1790
1793
1794
1802
1808
1820
1821
1834
1842
1843
1847
1855
1856
1864
1868
1874
1887
1900
1903
1908
1912
1950
1961
1973
1978
1980
1985
2003
2007
2012
2021
2025
2032
2037
2040
2046
2060
2062
2069
2071
2080
2081
2083
2084
2089
2093
2099
2115
2116
2119
2120
2128
2129
2132
2135
2143
2149
2153
2154
2156
2157
2158
2162
2169
2171
2172
2197
2206
2213
2216
2217
2221
2222
2223
2224
2230
2238
2243
2260
2263
2284
2292
2296
2298
2300
2305
2322
2331
2354
2369
2373
2375
2376
2395
2397
2398
2403
2418
2419
2420
2421
2425
2450
2465
2467
2484
2487
2493
2500
2503
2507
2508
2511
2515
2525
2534
2549
2556
2557
2570
2576
2584
2589
2591
2595
2596
2598
2602
2603
2606
2607
2609
2614
2615
2619
2621
2622
2634
2635
2637
2638
2640
2641
2656
2669
2675
2678
2688
2690
2691
2692
2704
2708
2709
2710
2717
2721
2723
2727
2743
2751
2754
2759
2761
2776
2779
2780
2794
2797
2798
2799
2801
2806
2809
2836
2840
2841
2844
2849
2850
2851
2855
2866
2868
2875
2885
2890
2891
2903
2906
2909
2911
2925
2931
2934
2944
2947
2955
2963
2964
2965
2966
2970
2980
2982
2983
2989
2994
3002
3004
3022
3034
3039
3042
3048
3049
3056
3061
3062
3064
3071
3074
3075
3079
3081
3085
3087
3103
3106
3108
3109
3115
3116
3121
3125
3137
3139
3141
3142
3145
3146
3153
3159
3160
3163
3165
3167
3171
3172
3173
3177
3179
3182
3186
3190
3191
3192
3193
3204
3208
3209
3210
3222
3223
3228
3240
3242
3243
3244
3246
3247
3248
3249
3250
3251
3260
3277
3286
3287
3288
3307
3315
3320
3328
3329
3330
3331
3336
3344
3345
3357
3358
3360
3362
3363
3377
3390
3391
3400
3406
3407
3413
3436
3444
3454
3456
3457
3468
3473
3474
3481
3482
3483
3498
3501
3503
3507
3510
3514
3535
3538
3556
3560
3562
3565
3566
3576
3581
3586
3596
3603
3608
3611
3615
3620
3626
3628
3639
3640
3643
3649
3650
3663
3665
3678
3679
3686
3688
3695
3696
3699
3717
3728
3729
3731
3732
3748
3757
3761
3767
3785
3788
3794
3797
3799
3805
3810
3814
3823
3827
3850
3855
3856
3868
3874
3888
3895
3898
3909
3914
3919
3928
3938
3947
3950
3958
3975
3976
3980
3981
3989
3991
3995
4009
4010
4015
4019
4020
4021
4025
4034
4035
4044
4046
4049
4053
4070
4080
4081
4084
4089
4091
4103
4109
4110
4117
4120
4121
4123
4131
4133
4141
4144
4155
4160
4171
4195
4205
4212
4216
4218
4221
4225
4229
4231
4236
4241
4245
4261
4272
4284
4285
4291
4304
4305
4313
4318
4319
4322
4327
4333
4336
4347
4351
4352
4353
4357
4362
4366
4367
4370
4372
4374
4377
4382
4383
4384
4399
4403
4404
4405
4413
4419
4420
4427
4440
4441
4442
4444
4448
4455
4464
4465
4473
4478
4481
4483
4485
4490
4491
4500
4502
4505
4512
4514
4519
4520
4525
4529
4530
4531
4532
4533
4534
4535
4544
4550
4553
4567
4569
4581
4584
4586
4589
4591
4592
4594
4595
4599
4600
4603
4606
4614
4615
4632
4633
4643
4644
4649
4652
4680
4683
4685
4688
4705
4706
4721
4729
4735
4746
4748
4757
4758
4760
4768
4769
4771
4772
4773
4779
4780
4819
4824
4826
4830
4841
4844
4859
4867
4875
4876
4877
4878
4883
4886
4887
4888
4889
4898
4902
4914
4919
4925
4926
4936
4938
4939
4940
4943
4945
4946
4952
4956
4959
4964
4976
4978
4979
4987
4988
4989
4997
4998
5009
5018
5020
5023
5025
5036
5044
5048
5050
5051
5054
5055
5057
5069
5073
5081
5084
5092
5093
5097
5114
5117
5119
5120
5126
5134
5136
5138
5139
5151
5152
5153
5155
5164
5165
5173
5186
5189
5190
5194
5199
5212
5213
5240
5246
5272
5275
5276
5285
5294
5301
5302
5316
5319
5320
5331
5332
5333
5354
5371
5372
5377
5383
5390
5393
5394
5409
5419
5431
5432
5433
5436
5437
5448
5449
5451
5452
5454
5458
5461
5466
5469
5474
5483
5487
5505
5519
5520
5523
5525
5536
5538
5541
5547
5558
5561
5572
5574
5580
5589
5592
5603
5619
5623
5624
5630
5631
5636
5644
5651
5663
5683
5689
5694
5702
5704
5726
5736
5743
5751
5763
5764
5768
5775
5776
5786
5793
5801
5805
5831
5853
5867
5877
5885
5888
5890
5891
5892
5893
5897
5898
5902
5904
5906
5909
5925
5930
5932
5935
5948
5972
5974
5975
5994
5998
6007
6008
6009
6018
6042
6046
6054
6055
6063
6068
6069
6072
6073
6077
6078
6080
6087
6088
6092
6094
6095
6100
6116
6117
6124
6127
6135
6140
6141
6152
6158
6160
6166
6167
6168
6170
6176
6183
6184
6192
6193
6211
6212
6214
6216
6221
6224
6237
6243
6254
6268
6273
6275
6276
6278
6287
6289
6291
6293
6296
6297
6300
6326
6336
6352
6359
6375
6386
6409
6414
6426
6428
6429
6431
6434
6439
6440
6453
6470
6473
6475
6476
6477
6488
6489
6505
6509
6512
6513
6523
6533
6545
6547
6548
6551
6572
6580
6585
6587
6588
6592
6598
6601
6607
6616
6617
6624
6625
6626
6627
6629
6640
6646
6659
6679
6680
6688
6699
6708
6710
6734
6735
6739
6747
6750
6755
6756
6759
6763
6766
6771
6778
6790
6791
6793
6795
6800
6816
6820
6839
6840
6843
6846
6852
6856
6867
6868
6870
6876
6891
6899
6900
6905
6906
6911
6916
6922
6936
6939
6940
6941
6945
6952
6954
6956
6960
6983
6995
6996
7008
7015
7020
7026
7027
7034
7035
7038
7045
7054
7058
7069
7085
7086
7093
7099
7100
7109
7111
7114
7118
7123
7124
7126
7134
7135
7136
7154
7161
7163
7164
7177
7178
7196
7202
7204
7212
7213
7214
7222
7223
7226
7235
7241
7244
7249
7277
7278
7287
7289
7297
7303
7304
7307
7312
7319
7320
7322
7326
7341
7345
7350
7355
7362
7373
7376
7385
7413
7415
7431
7439
7441
7444
7451
7456
7465
7483
7484
7514
7528
7530
7531
7536
7540
7546
7548
7553
7555
7562
7563
7573
7574
7596
7599
7600
7607
7609
7610
7611
7615
7618
7625
7633
7634
7635
7638
7648
7651
7653
7656
7669
7671
7676
7680
7697
7701
7703
7706
7707
7710
7712
7713
7718
7719
7720
7739
7747
7748
7750
7756
7757
7758
7765
7767
7770
7772
7775
7783
7787
7789
7801
7807
7816
7819
7824
7833
7850
7851
7855
7857
7858
7875
7880
7886
7889
7890
7891
7900
7906
7908
7910
7914
7917
7922
7923
7929
7931
7932
7935
7936
7937
7939
7946
7951
7952
7957
7958
7961
7962
7966
7983
7984
7995
7997
8001
8004
8008
8013
8019
8026
8030
8031
8032
8033
8034
8047
8050
8054
8059
8061
8062
8064
8065
8075
8076
8088
8091
8124
8125
8135
8143
8156
8163
8165
8173
8174
8178
8179
8184
8193
8201
8211
8214
8219
8224
8225
8229
8241
8244
8245
8250
8261
8266
8282
8303
8318
8361
8375
8378
8382
8385
8394
8413
8441
8453
8454
8456
8458
8460
8464
8466
8470
8485
8491
8494
8508
8513
8516
8518
8523
8528
8531
8533
8555
8561
8568
8571
8578
8580
8583
8584
8590
8592
8593
8594
8599
8620
8622
8625
8628
8631
8641
8643
8644
8656
8661
8671
8673
8674
8678
8680
8695
8697
8704
8711
8712
8720
8724
8742
8744
8758
8760
8762
8768
8770
8778
8781
8783
8786
8798
8812
8815
8842
8855
8882
8883
8891
8898
8901
8902
8904
8907
8910
8922
8925
8930
8932
8943
8944
8947
8955
8958
8965
8966
8977
8987
8988
8993
8998
8999
9001
9002
9004
9007
9009
9019
9022
9025
9029
9030
9032
9045
9053
9055
9058
9060
9061
9062
9063
9077
9079
9084
9086
9092
9094
9095
9104
9107
9110
9111
9116
9124
9130
9131
9135
9137
9140
9143
9152
9154
9164
9168
9190
9193
9195
9198
9204
9205
9209
9213
9230
9236
9238
9244
9249
9250
9252
9254
9256
9258
9261
9271
9272
9283
9286
9290
9291
9296
9297
9304
9307
9308
9311
9312
9318
9331
9332
9335
9336
9338
9339
9340
9345
9355
9356
9361
9362
9367
9373
9375
9376
9379
9381
9387
9392
9395
9396
9397
9399
9401
9402
9403
9404
9409
9412
9417
9422
9423
9437
9441
9442
9446
9448
9449
9451
9458
9461
9465
9466
9468
9473
9475
9482
9483
9487
9488
9489
9493
9494
9496
9497
9498
9500
9504
9506
9510
9511
9512
9518
9520
9522
9525
9526
9528
9530
9538
9547
9548
9552
9553
9554
9555
9557
9561
9566
9578
9590
9597
9598
9605
9606
9612
9617
9635
9638
9641
9642
9644
9668
9673
9676
9680
9682
9688
9689
9704
9708
9710
9716
9732
9754
9764
9765
9777
9778
9786
9787
9788
9803
9808
9813
9819
9821
9822
9825
9828
9837
9846
9847
9851
9853
9855
9856
9859
9864
9874
9875
9883
9884
9888
9889
9896
9898
9899
9900
9901
9902
9903
9905
9909
9912
9918
9921
9922
9927
9930
9931
9942
9954
9955
9956
9960
9965
9982
9986
9990
9992
10023
10028
10031
10034
10036
10040
10041
10042
10056
10075
10077
10080
10093
10095
10096
10097
10098
10099
10106
10107
10108
10110
10121
10127
10137
10138
10141
10144
10146
10148
10167
10168
10169
10170
10173
10174
10181
10183
10184
10187
10204
10205
10206
10213
10221
10222
10224
10229
10230
10236
10237
10238
10239
10254
10256
10258
10259
10268
10269
10273
10274
10275
10277
10291
10293
10294
10309
10313
10317
10318
10325
10331
10332
10335
10336
10338
10350
10351
10355
10365
10366
10368
10372
10379
10391
10393
10398
10401
10416
10417
10419
10425
10427
10437
10449
10450
10458
10461
10473
10474
10478
10479
10482
10486
10487
10490
10491
10497
10502
10507
10513
10519
10527
10528
10542
10545
10546
10552
10553
10555
10556
10557
10559
10569
10574
10580
10588
10590
10611
10613
10628
10630
10644
10659
10660
10663
10667
10678
10686
10690
10692
10698
10699
10701
10707
10709
10711
10715
10725
10730
10732
10734
10740
10744
10746
10747
10749
10750
10763
10765
10774
10779
10780
10781
10782
10789
10790
10793
10795
10801
10805
10811
10812
10814
10816
10821
10824
10828
10829
10836
10854
10864
10869
10872
10878
10886
10894
10895
10898
10900
10904
10905
10908
10912
10919
10925
10930
10939
10944
10958
10959
10961
10962
10964
10966
10967
10973
10974
10981
10984
10988
10994
10999
11000
11001
11008
11013
11014
11019
11030
11033
11037
11040
11042
11051
11060
11061
11071
11080
11083
11087
11096
11097
11098
11106
11111
11116
11117
11122
11137
11153
11156
11164
11171
11173
11174
11176
11187
11194
11206
11217
11219
11226
11231
11235
11246
11247
11251
11258
11269
11271
11276
11291
11296
11300
11301
11317
11318
11321
11322
11329
11332
11337
11338
11341
11344
11349
11350
11352
11353
11355
11365
11377
11378
11387
11393
11398
11403
11405
11415
11418
11434
11443
11447
11450
11451
11452
11453
11457
11471
11472
11474
11486
11488
11509
11510
11529
11537
11544
11545
11550
11553
11557
11559
11580
11582
11583
11599
11600
11601
11607
11610
11614
11620
11626
11630
11636
11638
11639
11644
11647
11651
11662
11666
11671
11672
11675
11677
11684
11698
11703
11706
11723
11729
11731
11733
11736
11743
11760
11769
11802
11805
11807
11813
11817
11818
11822
11824
11828
11832
11833
11836
11837
11839
11846
11848
11850
11853
11854
11861
11862
11869
11878
11880
11884
11885
11886
11900
11908
11923
11928
11938
11943
11949
11957
11967
11973
11974
11977
11984
11988
11993
11994
11996
11997
11998
12002
12008
12011
12012
12020
12025
12027
12033
12042
12043
12049
12050
12054
12059
12062
12068
12079
12080
12086
12099
12103
12108
12113
12114
12122
12125
12133
12135
12136
12137
12144
12151
12155
12158
12161
12162
12166
12168
12169
12176
12182
12184
12185
12186
12190
12191
12196
12204
12210
12214
12219
12222
12230
12234
12254
12259
12260
12266
12277
12282
12283
12285
12288
12295
12298
12302
12308
12311
12315
12318
12328
12329
12338
12341
12343
12348
12355
12370
12374
12375
12376
12380
12385
12390
12392
12403
12415
12417
12419
12424
12428
12432
12436
12446
12449
12450
12464
12474
12475
12482
12499
12504
12513
12527
12530
12531
12534
12535
12538
12540
12545
12546
12563
12567
12576
12582
12589
12628
12638
12645
12646
12650
12653
12654
12655
12659
12662
12675
12678
12684
12698
12700
12704
12707
12734
12738
12740
12749
12764
12767
12768
12769
12771
12772
12780
12781
12782
12784
12792
12795
12809
12814
12815
12819
12822
12828
12842
12849
12854
12856
12868
12887
12899
12901
12902
12914
12915
12920
12921
12925
12937
12938
12941
12942
12946
12951
12961
12964
12968
12969
12974
12997
13006
13012
13013
13014
13022
13037
13040
13053
13054
13055
13064
13075
13076
13078
13092
13107
13108
13110
13118
13130
13132
13142
13143
13144
13148
13154
13157
13164
13168
13169
13184
13185
13188
13189
13191
13193
13197
13217
13219
13225
13230
13235
13243
13244
13246
13250
13251
13271
13274
13278
13286
13289
13296
13303
13307
13309
13315
13326
13327
13328
13329
13331
13333
13334
13345
13357
13358
13361
13363
13368
13369
13370
13371
13372
13373
13374
13375
13376
13377
13378
13379
13380
13381
13383
13390
13400
13401
13402
13405
13406
13415
13425
13426
13427
13433
13437
13442
13444
13445
13453
13459
13486
13490
13494
13501
13508
13514
13517
13529
13548
13561
13562
13563
13584
13585
13586
13587
13621
13638
13640
13648
13685
13686
13714
13721
13726
13734
13736
13744
13745
13747
13748
13749
13753
13771
13773
13780
13783
13785
13792
13796
13797
13800
13804
13812
13813
13821
13828
13832
13839
13856
13860
13870
13871
13879
13880
13881
13882
13890
13938
13942
13955
13959
13962
13966
13971
13975
13976
13978
13985
13989
13993
13995
13996
14008
14009
14015
14017
14024
14025
14027
14028
14029
14030
14031
14032
14033
14035
14049
14051
14056
14068
14073
14086
14093
14134
14136
14138
14142
14146
14147
14152
14153
14156
14157
14158
14161
14162
14163
14164
14168
14171
14174
14180
14184
14186
14187
14188
14192
14193
14202
14209
14219
14220
14224
14227
14236
14245
14246
14249
14250
14255
14261
14262
14269
14270
14273
14274
14279
14285
14286
14293
14295
14298
14300
14303
14306
14308
14310
14311
14316
14317
14326
14331
14333
14334
14335
14338
14341
14342
14347
14369
14393
14396
14398
14399
14400
14401
14404
14421
14429
14431
14433
14462
14469
14470
14492
14493
14495
14503
14521
14523
14524
14533
14546
14547
14548
14549
14557
14570
14574
14579
14580
14582
14587
14594
14598
14603
14618
14620
14629
14632
14636
14640
14642
14644
14645
14646
14647
14650
14652
14660
14661
14662
14665
14672
14674
14686
14687
14688
14692
14708
14710
14711
14715
14718
14723
14724
14726
14734
14735
14736
14739
14749
14755
14757
14760
14772
14777
14788
14790
14792
14795
14806
14814
14823
14827
14836
14838
14868
14869
14887
14889
14890
14895
14900
14903
14912
14913
14925
14928
14931
14936
14937
14942
14952
14954
14962
14984
14987
15006
15007
15025
15040
15045
15046
15075
15079
15081
15084
15089
15090
15097
15098
15105
15141
15144
15145
15147
15158
15163
15178
15179
15182
15183
15191
15203
15208
15209
15215
15218
15223
15232
15244
15261
15264
15265
15266
15270
15273
15287
15303
15306
15311
15316
15322
15337
15343
15359
15366
15370
15372
15374
15381
15382
15395
15416
15418
15431
15434
15438
15440
15443
15452
15454
15461
15467
15469
15483
15484
15493
15496
15508
15509
15523
15535
15547
15554
15557
15574
15577
15588
15604
15607
15612
15622
15629
15633
15634
15636
15637
15640
15644
15645
15667
15681
15694
15707
15708
15714
15741
15755
15759
15764
15767
15773
15788
15790
15793
15800
15803
15827
15835
15838
15847
15852
15856
15857
15861
15862
15864
15872
15876
15879
15897
15900
15905
15925
15926
15927
15929
15933
15944
15947
15950
15951
15952
15954
15960
15970
15972
15976
15980
15988
15993
15995
15999
16005
16011
16013
16016
16018
16019
16020
16026
16037
16048
16074
16077
16097
16100
16101
16106
16110
16117
16119
16125
16136
16137
16151
16159
16163
16175
16178
16183
16185
16188
16193
16213
16218
16220
16222
16224
16241
16244
16250
16263
16265
16271
16272
16274
16278
16279
16285
16291
16292
16308
16309
16315
16328
16329
16330
16336
16349
16352
16353
16354
16380
16381
16390
16395
16405
16406
16407
16411
16413
16427
16429
16434
16443
16446
16448
16449
16450
16451
16459
16464
16465
16467
16468
16469
16470
16472
16477
16483
16496
16506
16511
16512
16515
16525
16533
16535
16536
16537
16541
16543
16544
16551
16552
16553
16554
16555
16556
16558
16561
16562
16571
16574
16575
16578
16589
16594
16603
16604
16605
16607
16611
16622
16631
16632
16636
16649
16674
16682
16687
16691
16693
16696
16701
16702
16705
16714
16731
16734
16740
16741
16758
16762
16765
16766
16768
16771
16777
16786
16787
16809
16810
16814
16815
16816
16817
16820
16821
16822
16824
16827
16831
16832
16835
16838
16843
16844
16846
16854
16861
16862
16865
16866
16871
16873
16875
16880
16882
16889
16890
16901
16908
16910
16913
16921
16922
16929
16935
16936
16943
16946
16957
16971
16973
16976
16979
16981
16991
16999
17001
17008
17009
17010
17018
17021
17024
17028
17035
17038
17042
17046
17050
17051
17054
17062
17068
17070
17082
17097
17102
17108
17109
17111
17113
17115
17120
17123
17128
17129
17135
17140
17143
17144
17153
17154
17155
17163
17169
17173
17178
17179
17182
17190
17194
17196
17209
17212
17227
17238
17241
17243
17249
17251
17253
17269
17272
17280
17282
17295
17296
17308
17315
17333
17334
17344
17350
17352
17357
17358
17364
17366
17372
17379
17398
17401
17411
17415
17422
17427
17430
17434
17435
17442
17450
17455
17465
17469
17477
17478
17498
17501
17502
17509
17521
17522
17529
17530
17532
17540
17543
17544
17552
17557
17567
17579
17583
17584
17587
17589
17599
17602
17610
17616
17618
17628
17634
17641
17645
17648
17650
17656
17678
17682
17690
17693
17703
17717
17728
17735
17758
17763
17765
17766
17772
17776
17783
17785
17787
17788
17792
17802
17803
17804
17812
17816
17817
17818
17826
17833
17834
17835
17836
17864
17868
17869
17871
17872
17873
17876
17878
17879
17880
17892
17893
17899
17904
17908
17909
17910
17919
17931
17933
17943
17948
17953
17958
17959
17962
17970
17975
17978
17990
18003
18004
18005
18007
18012
18018
18020
18024
18031
18036
18042
18050
18052
18062
18064
18067
18068
18091
18094
18097
18104
18108
18111
18112
18149
18151
18153
18169
18174
18177
18195
18211
18214
18221
18222
18255
18269
18275
18280
18291
18292
18327
18332
18342
18347
18359
18371
18378
18379
18386
18387
18393
18398
18416
18419
18422
18423
18425
18431
18435
18436
18439
18442
18447
18458
18478
18492
18493
18494
18497
18503
18504
18505
18506
18516
18517
18520
18525
18534
18547
18551
18553
18560
18565
18583
18584
18585
18587
18589
18600
18601
18606
18607
18608
18625
18643
18646
18647
18648
18649
18656
18658
18660
18673
18677
18680
18688
18691
18692
18694
18696
18710
18716
18726
18731
18736
18744
18745
18782
18784
18788
18789
18792
18802
18805
18807
18808
18809
18817
18821
18827
18828
18833
18839
18841
18842
18844
18851
18855
18860
18861
18876
18878
18881
18882
18884
18887
18895
18896
18905
18913
18936
18951
18964
18973
18976
18977
18978
18986
18999
19003
19004
19007
19011
19014
19033
19038
19039
19040
19055
19075
19084
19085
19089
19108
19123
19128
19129
19136
19137
19151
19152
19157
19158
19163
19167
19194
19204
19210
19227
19234
19240
19247
19248
19251
19263
19269
19271
19273
19280
19296
19298
19304
19305
19311
19314
19318
19321
19325
19330
19334
19336
19338
19343
19347
19352
19404
19409
19410
19421
19427
19430
19432
19438
19456
19457
19458
19473
19475
19478
19484
19485
19488
19489
19490
19493
19496
19501
19506
19508
19509
19511
19516
19518
19530
19532
19545
19547
19553
19554
19559
19562
19565
19577
19581
19584
19587
19588
19592
19593
19595
19596
19598
19599
19600
19604
19605
19611
19615
19620
19621
19623
19624
19625
19626
19627
19634
19639
19642
19643
19644
19647
19651
19652
19663
19674
19679
19683
19684
19685
19687
19690
19692
19696
19697
19698
19699
19700
19701
19709
19715
19726
19730
19732
19733
19734
19742
19744
19745
19746
19747
19748
19749
19753
19756
19757
19758
19760
19761
19764
19765
19769
19776
19789
19791
19793
19795
19796
19798
19799
19800
19801
19808
19809
19815
19825
19826
19830
19831
19837
19839
19842
19847
19848
19849
19850
19851
19854
19856
19865
19867
19870
19871
19873
19874
19895
19896
19897
19898
19899
19905
19907
19912
19913
19915
19917
19923
19926
19929
19931
19932
19939
19941
19944
19945
19946
19947
19948
19955
19958
19961
19962
19963
19964
19970
19971
19973
19975
19976
19977
19978
19980
19984
19987
19988
19995
19996
20007
20011
20016
20021
20029
20035
20042
20048
20049
20050
20056
20059
20060
20061
20068
20081
20085
20086
20092
20094
20095
20096
20097
20110
20132
20139
20146
20150
20151
20159
20165
20168
20170
20171
20172
20173
20174
20179
20180
20181
20182
20183
20184
20185
20186
20195
20196
20200
20201
20202
20203
20204
20207
20219
20220
20223
20224
20239
20240
20241
20242
20245
20246
20254
20255
20259
20261
20262
20265
20276
20278
20279
20280
20281
20282
20283
20288
20290
20291
20292
20294
20296
20297
20298
20321
20322
20323
20328
20329
20332
20334
20335
20336
20337
20338
20340
20341
20342
20347
20348
20351
20352
20357
20358
20360
20361
20363
20365
20368
20372
20373
20376
20385
20387
20388
20389
20390
20402
20403
20404
20406
20409
20414
20415
20418
20419
20421
20423
20424
20426
20434
20435
20443
20444
20445
20446
20447
20451
20452
20453
20454
20455
20458
20466
20473
20476
20483
20484
20490
20504
20509
20514
20518
20523
20532
20535
20551
20565
20567
20569
20571
20572
20573
20575
20579
20586
20597
20599
20603
20604
20605
20607
20608
20610
20619
20627
20636
20640
20645
20649
20653
20654
20659
20661
20675
20679
20686
20687
20689
20690
20697
20704
20705
20706
20713
20714
20718
20721
20722
20723
20724
20725
20727
20738
20739
20744
20745
20746
20747
20748
20752
20755
20759
20760
20761
20762
20763
20769
20770
20782
20786
20788
20811
20816
20817
20822
20826
20829
20836
20838
20850
20854
20857
20859
20868
20883
20888
20891
20895
20900
20902
20906
20910
20915
20931
20932
20940
20944
20956
20957
20960
20963
20972
20982
20983
20999
21012
21015
21030
21038
21042
21057
21067
21080
21094
21099
21101
21108
21114
21119
21124
21133
21134
21139
21142
21151
21159
21169
21181
21184
21185
21188
21194
21205
21209
21217
21218
21221
21222
21239
21246
21259
21260
21277
21285
21290
21291
21293
21301
21312
21314
21324
21326
21330
21332
21335
21338
21362
21367
21372
21378
21383
21385
21388
21389
21390
21391
21402
21409
21410
21413
21437
21442
21443
21445
21453
21456
21469
21495
21501
21504
21508
21520
21522
21537
21546
21548
21549
21550
21551
21565
21570
21580
21588
21589
21601
21604
21609
21613
21616
21620
21623
21644
21646
21658
21660
21661
21666
21667
21669
21672
21673
21676
21686
21698
21699
21700
21701
21711
21713
21717
21718
21720
21731
21735
21741
21751
21761
21771
21775
21777
21784
21787
21799
21804
21812
21822
21830
21833
21834
21843
21853
21857
21858
21863
21873
21884
21885
21898
21902
21915
21916
21921
21922
21923
21930
21949
21960
21963
21964
21965
21966
21968
21979
21984
21985
21991
21992
22000
22004
22006
22009
22014
22025
22027
22032
22034
22038
22041
22052
22055
22072
22075
22077
22079
22090
22097
22098
22110
22112
22130
22132
22142
22151
22153
22156
22163
22165
22166
22186
22196
22208
22210
22212
22214
22215
22217
22219
22222
22230
22232
22243
22244
22245
22248
22249
22253
22255
22262
22264
22265
22266
22273
22282
22283
22287
22296
22306
22309
22313
22316
22320
22324
22326
22329
22330
22331
22336
22343
22353
22357
22364
22369
22372
22376
22379
22381
22382
22389
22394
22399
22401
22407
22410
22411
22419
22420
22426
22427
22434
22445
22447
22449
22451
22454
22464
22465
22473
22490
22512
22518
22521
22523
22525
22531
22536
22539
22546
22554
22560
22563
22566
22573
22576
22577
22581
22584
22590
22597
22633
22634
22638
22639
22659
22676
22677
22706
22707
22709
22710
22717
22718
22720
22735
22740
22741
22748
22762
22766
22768
22773
22793
22798
22808
22810
22811
22821
22823
22824
22828
22831
22842
22851
22861
22887
22888
22889
22894
22905
22906
22931
22952
22968
22969
22970
23005
23011
23012
23014
23015
23017
23028
23030
23035
23041
23050
23052
23053
23056
23073
23101
23121
23143
23163
23169
23170
23176
23185
23196
23204
23207
23209
23211
23215
23232
23256
23260
23261
23269
23274
23277
23278
23280
23285
23291
23304
23308
23320
23327
23339
23340
23348
23351
23356
23365
23368
23371
23381
23382
23383
23389
23392
23394
23397
23398
23399
23400
23404
23405
23407
23409
23410
23411
23416
23419
23420
23431
23438
23440
23446
23447
23448
23453
23461
23464
23469
23477
23478
23487
23488
23491
23493
23499
23518
23520
23531
23532
23537
23538
23568
23575
23583
23584
23596
23598
23604
23608
23616
23623
23626
23631
23633
23637
23640
23648
23650
23655
23666
23670
23673
23680
23697
23715
23724
23739
23742
23757
23774
23789
23796
23802
23803
23804
23806
23810
23836
23837
23838
23840
23848
23852
23856
23865
23888
23898
23900
23901
23904
23906
23909
23910
23920
23926
23933
23937
23945
23965
23979
23980
23994
23996
24018
24023
24024
24026
24035
24038
24048
24054
24060
24062
24090
24099
24102
24110
24111
24122
24123
24126
24141
24143
24146
24152
24158
24179
24183
24193
24214
24224
24225
24226
24236
24238
24242
24264
24270
24281
24292
24308
24311
24312
24335
24340
24348
24357
24367
24370
24375
24385
24386
24394
24396
24397
24399
24416
24441
24450
24451
24470
24473
24475
24487
24490
24491
24498
24508
24523
24532
24534
24538
24541
24545
24576
24577
24580
24581
24597
24600
24601
24603
24615
24618
24620
24621
24634
24643
24646
24648
24653
24660
24670
24672
24678
24689
24693
24711
24714
24717
24722
24724
24749
24751
24757
24764
24767
24772
24809
24814
24825
24829
24832
24835
24839
24860
24864
24870
24873
24875
24882
24884
24892
24896
24902
24907
24909
24910
24918
24921
24922
24934
24941
24951
24958
24962
24963
24978
24979
24983
24988
24999
25003
25007
25015
25016
25034
25040
25051
25053
25060
25064
25065
25069
25072
25074
25092
25093
25095
25099
25101
25102
25104
25106
25108
25110
25111
25119
25120
25122
25123
25124
25127
25130
25134
25135
25136
25141
25142
25146
25147
25148
25150
25156
25171
25173
25185
25186
25195
25198
25207
25209
25210
25216
25219
25221
25222
25225
25230
25241
25245
25247
25252
25261
25270
25275
25287
25289
25290
25292
25296
25298
25304
25306
25313
25314
25321
25333
25344
25349
25358
25368
25398
25399
25400
25410
25413
25414
25425
25429
25436
25446
25448
25454
25459
25460
25485
25486
25488
25495
25496
25504
25515
25516
25520
25527
25540
25546
25547
25549
25552
25553
25556
25557
25579
25585
25589
25591
25592
25593
25599
25600
25605
25630
25631
25633
25635
25636
25648
25649
25651
25658
25659
25664
25684
25712
25714
25715
25717
25720
25729
25733
25735
25748
25759
25761
25765
25770
25782
25786
25790
25792
25793
25794
25800
25801
25803
25809
25811
25815
25816
25822
25830
25839
25840
25842
25849
25853
25861
25862
25863
25864
25865
25867
25876
25905
25923
25928
25929
25935
25940
25941
25943
25965
25987
25996
26003
26015
26017
26027
26032
26034
26036
26039
26044
26046
26048
26062
26076
26077
26083
26086
26092
26093
26102
26103
26112
26119
26120
26133
26135
26143
26158
26160
26175
26193
26198
26200
26204
26220
26227
26237
26238
26241
26256
26258
26259
26265
26266
26270
26271
26272
26273
26279
26285
26296
26298
26306
26311
26313
26314
26318
26338
26341
26351
26384
26392
26408
26427
26429
26434
26461
26467
26482
26488
26491
26493
26506
26517
26524
26534
26535
26536
26543
26563
26567
26569
26574
26576
26577
26578
26580
26592
26594
26595
26603
26617
26624
26626
26627
26628
26635
26637
26638
26651
26659
26660
26669
26678
26682
26683
26701
26702
26709
26718
26732
26740
26743
26760
26775
26781
26786
26796
26802
26807
26817
26834
26836
26837
26839
26845
26846
26848
26859
26863
26869
26870
26873
26875
26878
26885
26888
26889
26894
26900
26906
26912
26919
26924
26926
26927
26928
26930
26931
26932
26935
26952
26957
26961
26962
26967
26976
26977
26982
26990
27004
27010
27024
27028
27031
27032
27035
27039
27041
27045
27049
27052
27053
27056
27060
27062
27066
27081
27082
27087
27094
27101
27105
27111
27117
27122
27128
27129
27134
27145
27146
27148
27158
27159
27160
27161
27166
27169
27179
27180
27181
27194
27203
27209
27210
27211
27212
27214
27224
27227
27233
27235
27240
27246
27248
27254
27297
27298
27302
27303
27312
27323
27326
27327
27331
27332
27336
27338
27389
27396
27408
27447
27451
27461
27463
27464
27475
27481
27484
27486
27488
27500
27508
27510
27512
27513
27517
27547
27549
27550
27560
27562
27572
27580
27582
27588
27589
27596
27618
27654
27656
27660
27665
27667
27670
27684
27685
27693
27694
27701
27706
27719
27720
27729
27730
27764
27769
27776
27785
27787
27794
27795
27798
27816
27841
27843
27846
27847
27848
27859
27871
27873
27879
27883
27897
27898
27900
27904
27905
27908
27914
27916
27921
27933
27936
27937
27939
27941
27946
27951
27957
27963
27969
27970
27971
27982
27984
27990
28002
28010
28011
28012
28020
28027
28029
28034
28042
28044
28045
28071
28073
28080
28090
28103
28114
28116
28117
28129
28130
28140
28142
28143
28144
28151
28167
28192
28196
28199
28207
28208
28209
28212
28213
28232
28244
28253
28259
28268
28272
28273
28283
28287
28292
28293
28297
28298
28301
28303
28314
28316
28318
28326
28328
28330
28347
28349
28352
28364
28367
28368
28383
28386
28387
28400
28401
28406
28414
28419
28422
28424
28426
28427
28436
28450
28455
28457
28472
28476
28477
28485
28493
28494
28499
28503
28505
28509
28511
28526
28531
28550
28556
28558
28559
28579
28581
28582
28594
28595
28598
28611
28616
28624
28631
28634
28653
28655
28657
28665
28671
28678
28679
28698
28710
28711
28718
28722
28723
28735
28744
28746
28772
28779
28786
28788
28792
28826
28829
28831
28834
28835
28846
28851
28852
28857
28863
28867
28873
28875
28882
28885
28890
28897
28904
28907
28908
28925
28939
28956
28957
28958
28961
28971
28984
28985
28990
28997
29004
29013
29015
29028
29032
29036
29039
29045
29051
29056
29070
29083
29091
29096
29097
29100
29101
29118
29120
29138
29148
29149
29152
29155
29165
29168
29181
29184
29199
29203
29217
29229
29231
29236
29240
29253
29254
29255
29258
29269
29271
29272
29274
29282
29290
29296
29302
29316
29322
29324
29326
29329
29330
29331
29332
29341
29347
29356
29368
29369
29373
29379
29380
29381
29383
29384
29390
29394
29397
29399
29402
29403
29409
29413
29425
29433
29434
29444
29452
29453
29468
29476
29479
29480
29490
29493
29497
29498
29499
29501
29506
29512
29514
29530
29531
29535
29537
29538
29545
29554
29556
29557
29565
29580
29584
29592
29601
29609
29610
29613
29618
29641
29643
29646
29652
29654
29669
29696
29707
29709
29710
29714
29726
29732
29733
29734
29735
29746
29753
29756
29773
29775
29782
29783
29792
29804
29809
29818
29827
29828
29835
29841
29847
29849
29907
29913
29914
29923
29939
29941
29953
29954
29964
29968
29972
29973
29984
29985
29989
29990
29995
29998
30015
30020
30028
30042
30059
30076
30080
30085
30115
30127
30134
30137
30138
30165
30186
30187
30189
30190
30192
30193
30204
30223
30224
30227
30237
30238
30256
30263
30289
30297
30319
30336
30347
30373
30398
30401
30406
30415
30431
30432
30437
30446
30452
30457
30471
30476
30492
30495
30496
30505
30508
30525
30548
30549
30550
30584
30590
30623
30645
30646
30651
30661
30667
30669
30686
30706
30724
30765
30766
30782
30797
30803
30830
30835
30841
30851
30852
30853
30854
30888
30897
30898
30930
30956
30962
30974
30981
31010
31037
31051
31076
31087
31090
31098
31099
31101
31110
31139
31156
31157
31159
31162
31172
31184
31210
31215
31225
31248
31251
31275
31291
31318
31320
31327
31331
31389
31390
31391
31419
31423
31425
31427
31434
31447
31462
31465
31469
31470
31471
31483
31491
31496
31504
31526
31532
31575
31590
31607
31611
31615
31620
31629
31636
31639
31640
31654
31677
31678
31685
31687
31690
31692
31705
31716
31734
31735
31760
31767
31788
31789
31792
31796
31831
31835
31838
31841
31849
31856
31857
31879
31885
31894
31898
31902
31904
31920
31927
31929
31930
31932
31937
31941
31950
31981
31982
31984
31991
31994
31995
32010
32013
32017
32023
32027
32037
32043
32046
32047
32059
32083
32086
32090
32094
32095
32096
32105
32111
32123
32124
32133
32152
32163
32168
32171
32172
32176
32180
32193
32197
32203
32208
32211
32216
32218
32220
32226
32240
32242
32247
32250
32254
32268
32273
32279
32281
32289
32294
32295
32298
32308
32309
32311
32323
32342
32349
32351
32354
32361
32378
32388
32389
32398
32411
32419
32429
32434
32439
32457
32459
32460
32464
32465
32468
32473
32487
32490
32491
32493
32495
32500
32504
32509
32522
32528
32531
32545
32546
32553
32560
32562
32564
32570
32571
32580
32608
32616
32618
32620
32625
32627
32630
32641
32642
32647
32653
32654
32658
32669
32670
32675
32676
32678
32679
32680
32682
32690
32691
32696
32699
32732
32735
32744
32782
32786
32789
32792
32793
32794
32795
32801
32809
32817
32821
32823
32836
32847
32850
32852
32863
32864
32868
32877
32878
32881
32882
32903
32913
32919
32930
32932
32940
32941
32942
32945
32946
32964
32967
32968
32970
32974
32990
32999
33003
33004
33028
33029
33046
33047
33056
33075
33078
33079
33094
33095
33100
33108
33127
33129
33137
33141
33144
33146
33156
33164
33165
33179
33188
33194
33198
33206
33215
33227
33247
33250
33258
33272
33278
33279
33285
33288
33301
33302
33303
33305
33309
33312
33318
33319
33320
33324
33325
33328
33331
33335
33336
33341
33343
33344
33357
33365
33368
33371
33373
33377
33380
33386
33400
33403
33404
33405
33418
33419
33422
33425
33427
33442
33445
33459
33460
33463
33471
33475
33477
33489
33494
33495
33506
33511
33521
33530
33534
33537
33551
33552
33570
33577
33591
33599
33606
33608
33613
33650
33653
33654
33688
33692
33714
33722
33726
33728
33729
33741
33742
33750
33753
33754
33764
33769
33771
33778
33781
33786
33788
33789
33790
33793
33794
33796
33813
33817
33824
33830
33836
33845
33848
33850
33865
33866
33874
33877
33883
33884
33885
33891
33892
33908
33917
33920
33929
33934
33938
33939
33942
33954
33966
33967
33973
33974
33981
33989
33990
33993
33996
34004
34007
34008
34009
34013
34031
34035
34048
34054
34068
34084
34088
34091
34097
34101
34103
34116
34119
34120
34125
34129
34131
34132
34138
34139
34141
34142
34167
34169
34171
34175
34178
34182
34183
34209
34213
34216
34221
34230
34250
34273
34277
34292
34305
34316
34327
34336
34344
34351
34358
34360
34376
34378
34401
34405
34408
34412
34428
34434
34446
34451
34453
34454
34459
34463
34466
34476
34496
34511
34519
34527
34528
34533
34534
34544
34546
34555
34556
34558
34565
34566
34576
34585
34590
34614
34616
34623
34625
34634
34636
34642
34643
34644
34646
34652
34653
34660
34662
34683
34684
34688
34692
34700
34703
34719
34720
34722
34725
34732
34742
34745
34746
34757
34761
34765
34778
34783
34787
34794
34803
34805
34806
34811
34815
34822
34834
34836
34856
34857
34863
34868
34869
34879
34886
34889
34891
34894
34897
34901
34910
34916
34921
34922
34937
34943
34944
34951
34953
34957
34968
34969
34973
34981
34991
34996
34998
35004
35005
35013
35014
35040
35047
35048
35055
35070
35074
35079
35082
35084
35090
35093
35096
35103
35109
35111
35112
35119
35120
35127
35128
35129
35133
35136
35137
35139
35148
35152
35153
35156
35158
35166
35170
35171
35172
35177
35189
35197
35205
35211
35214
35223
35235
35236
35247
35250
35256
35257
35258
35265
35266
35272
35274
35277
35286
35299
35307
35308
35311
35314
35322
35325
35326
35327
35331
35349
35353
35366
35369
35376
35378
35382
35386
35388
35389
35390
35392
35395
35398
35403
35406
35408
35413
35415
35416
35417
35421
35432
35437
35442
35445
35447
35449
35451
35453
35457
35458
35460
35461
35467
35477
35482
35483
35498
35502
35506
35509
35512
35517
35520
35523
35527
35533
35540
35541
35543
35545
35550
35554
35562
35565
35568
35569
35575
35582
35583
35585
35599
35602
35610
35616
35618
35619
35620
35631
35642
35647
35649
35653
35655
35661
35663
35675
35677
35691
35692
35701
35704
35735
35737
35738
35743
35747
35750
35767
35773
35776
35779
35784
35785
35788
35789
35795
35805
35808
35814
35835
35843
35848
35849
35853
35855
35873
35876
35877
35880
35881
35894
35899
35900
35911
35915
35930
35931
35934
35938
35939
35946
35951
35953
35954
35955
35957
35958
35961
35963
35969
35971
35975
35998
36000
36001
36010
36015
36017
36019
36020
36027
36028
36031
36032
36037
36038
36041
36051
36055
36058
36059
36063
36064
36071
36072
36076
36080
36087
36089
36090
36094
36098
36109
36110
36111
36118
36122
36124
36127
36131
36136
36139
36141
36148
36151
36156
36157
36162
36168
36169
36171
36175
36190
36194
36202
36203
36208
36215
36217
36221
36223
36224
36225
36227
36231
36238
36244
36252
36259
36261
36262
36263
36266
36267
36281
36282
36288
36294
36295
36301
36308
36309
36314
36318
36320
36322
36323
36324
36328
36331
36336
36337
36350
36355
36368
36380
36381
36385
36386
36394
36395
36396
36401
36404
36406
36411
36413
36416
36424
36425
36431
36432
36436
36437
36441
36449
36453
36456
36457
36460
36461
36462
36464
36466
36476
36478
36479
36491
36493
36496
36497
36498
36512
36515
36522
36530
36539
36541
36544
36547
36554
36555
36556
36558
36561
36567
36574
36575
36578
36582
36584
36585
36594
36599
36601
36614
36616
36621
36625
36630
36639
36640
36642
36645
36647
36651
36652
36656
36659
36665
36670
36672
36680
36684
36685
36693
36700
36705
36710
36711
36713
36724
36730
36732
36739
36741
36743
36745
36746
36753
36756
36758
36761
36767
36770
36772
36776
36777
36778
36781
36794
36796
36797
36805
36807
36820
36821
36824
36830
36832
36838
36842
36844
36850
36853
36854
36865
36879
36880
36896
36900
36912
36913
36928
36931
36932
36939
36941
36942
36943
36947
36950
36957
36965
36966
36967
36970
36980
36983
36985
36988
37001
37003
37008
37012
37029
37037
37040
37041
37042
37044
37050
37051
37053
37054
37058
37059
37060
37079
37108
37109
37112
37116
37117
37120
37136
37141
37143
37148
37150
37152
37156
37160
37167
37168
37171
37172
37173
37179
37195
37199
37206
37211
37212
37222
37226
37231
37232
37236
37237
37240
37242
37253
37255
37257
37266
37273
37278
37288
37297
37298
37316
37327
37331
37332
37334
37336
37337
37339
37344
37375
37376
37378
37381
37384
37387
37390
37391
37393
37402
37404
37407
37408
37409
37414
37419
37422
37424
37430
37431
37432
37436
37440
37443
37446
37451
37453
37455
37460
37461
37464
37470
37474
37475
37476
37477
37480
37483
37484
37488
37489
37491
37492
37493
37495
37499
37500
37501
37503
37504
37517
37518
37528
37532
37550
37551
37552
37553
37554
37558
37559
37560
37570
37571
37592
37594
37602
37609
37614
37615
37619
37625
37627
37630
37632
37633
37634
37637
37638
37639
37640
37642
37643
37644
37646
37649
37650
37653
37656
37658
37661
37664
37670
37674
37677
37678
37679
37680
37683
37685
37688
37696
37698
37701
37705
37707
37711
37712
37716
37717
37718
37726
37727
37728
37733
37735
37736
37737
37739
37742
37743
37748
37749
37755
37760
37761
37767
37769
37779
37783
37787
37792
37813
37816
37817
37828
37830
37832
37833
37840
37847
37849
37853
37859
37861
37862
37867
37868
37872
37874
37878
37883
37890
37892
37902
37919
37922
37926
37927
37935
37936
37948
37952
37962
37965
37967
37973
37976
37983
37988
37991
38002
38006
38009
38010
38017
38023
38024
38025
38035
38038
38051
38052
38059
38061
38094
38096
38097
38111
38123
38130
38136
38147
38148
38149
38150
38152
38172
38173
38176
38184
38192
38193
38194
38199
38204
38206
38219
38237
38255
38261
38279
38280
38295
38296
38345
38365
38367
38372
38373
38376
38381
38382
38384
38396
38398
38403
38415
38420
38445
38450
38454
38455
38457
38460
38468
38472
38480
38482
38485
38489
38493
38494
38504
38506
38511
38520
38522
38529
38532
38539
38547
38549
38553
38557
38558
38559
38564
38569
38585
38589
38590
38611
38623
38633
38644
38648
38657
38669
38674
38676
38681
38689
38691
38692
38702
38709
38711
38714
38722
38724
38729
38731
38735
38742
38748
38752
38756
38760
38761
38763
38764
38766
38769
38771
38776
38780
38784
38785
38795
38796
38797
38803
38805
38807
38816
38817
38824
38826
38831
38832
38840
38845
38850
38859
38861
38862
38870
38887
38889
38892
38896
38901
38903
38912
38917
38927
38928
38938
38940
38943
38945
38946
38948
38949
38953
38975
38976
38983
38984
38989
38990
38991
38992
38994
38996
38997
39001
39009
39010
39014
39015
39022
39025
39033
39034
39035
39039
39041
39051
39053
39055
39056
39067
39070
39076
39077
39079
39080
39087
39100
39105
39119
39120
39128
39131
39133
39137
39140
39141
39142
39144
39146
39153
39154
39157
39160
39161
39163
39165
39175
39181
39182
39189
39195
39196
39215
39219
39230
39237
39238
39241
39243
39262
39266
39274
39282
39284
39304
39306
39311
39314
39321
39325
39331
39337
39351
39362
39372
39387
39391
39393
39396
39402
39403
39404
39405
39438
39449
39450
39452
39454
39460
39480
39484
39489
39500
39505
39519
39557
39576
39583
39602
39605
39614
39617
39649
39660
39663
39669
39671
39672
39673
39674
39675
39681
39687
39696
39699
39710
39714
39716
39740
39741
39750
39763
39775
39781
39782
39788
39791
39804
39805
39806
39808
39812
39815
39821
39822
39823
39827
39828
39831
39834
39838
39839
39844
39846
39847
39860
39864
39866
39871
39873
39875
39878
39885
39886
39889
39891
39896
39900
39906
39917
39922
39927
39928
39935
39945
39947
39955
39958
39961
39967
39969
39971
39972
39974
39981
39987
39992
39997
40000
40003
40005
40007
40011
40012
40014
40016
40017
40018
40019
40021
40025
40026
40030
40037
40040
40041
40042
40046
40050
40053
40058
40065
40068
40075
40093
40100
40102
40112
40113
40116
40119
40122
40127
40131
40134
40135
40141
40145
40168
40169
40170
40181
40189
40191
40197
40201
40202
40206
40213
40214
40221
40223
40226
40236
40239
40242
40243
40250
40262
40263
40270
40274
40275
40276
40279
40284
40289
40300
40304
40305
40310
40318
40320
40328
40338
40341
40342
40345
40346
40347
40348
40349
40352
40355
40368
40371
40372
40375
40379
40382
40383
40394
40395
40397
40404
40407
40408
40411
40412
40413
40421
40422
40429
40443
40447
40448
40456
40458
40459
40461
40463
40464
40465
40466
40467
40468
40473
40474
40477
40479
40481
40482
40483
40484
40487
40490
40494
40495
40497
40498
40500
40503
40517
40521
40528
40529
40530
40534
40536
40539
40540
40541
40542
40543
40544
40545
40552
40558
40561
40562
40565
40567
40573
40574
40575
40579
40580
40581
40582
40584
40585
40589
40595
40596
40599
40600
40602
40603
40604
40605
40608
40615
40616
40618
40619
40623
40628
40648
40649
40652
40655
40657
40659
40666
40679
40680
40685
40686
40688
40689
40691
40694
40695
40696
40707
40712
40715
40717
40718
40721
40723
40726
40736
40743
40745
40746
40748
40756
40759
40764
40765
40769
40775
40776
40779
40782
40786
40788
40793
40794
40796
40802
40803
40804
40805
40808
40809
40810
40817
40819
40821
40828
40829
40835
40837
40840
40842
40843
40845
40847
40851
40853
40855
40861
40863
40864
40879
40888
40891
40915
40916
40921
40927
40940
40961
40977
40979
40984
40987
40995
40998
40999
41001
41002
41004
41009
41020
41022
41023
41026
41031
41034
41037
41045
41046
41050
41053
41056
41058
41074
41078
41100
41104
41108
41109
41114
41117
41121
41122
41123
41126
41127
41147
41155
41158
41159
41166
41167
41170
41173
41174
41177
41183
41190
41191
41195
41196
41199
41200
41202
41211
41223
41227
41230
41231
41237
41239
41243
41244
41246
41247
41249
41251
41252
41255
41264
41267
41268
41271
41293
41296
41297
41298
41299
41302
41306
41317
41323
41326
41332
41335
41338
41342
41352
41360
41362
41375
41376
41385
41386
41387
41389
41397
41404
41413
41414
41431
41435
41444
41456
41469
41473
41478
41479
41497
41509
41512
41514
41517
41519
41524
41526
41539
41547
41569
41570
41580
41583
41587
41590
41591
41595
41598
41600
41601
41607
41609
41610
41612
41613
41629
41633
41634
41639
41656
41660
41663
41667
41678
41679
41681
41688
41695
41697
41707
41724
41729
41733
41734
41735
41740
41741
41746
41747
41751
41753
41755
41759
41771
41778
41782
41785
41794
41797
41807
41824
41826
41832
41839
41846
41849
41856
41864
41866
41871
41877
41897
41909
41912
41915
41920
41927
41934
41937
41941
41945
41947
41952
41963
41976
41982
41984
41985
41992
41994
41996
42004
42006
42009
42023
42025
42028
42032
42034
42038
42045
42049
42050
42055
42063
42064
42069
42071
42073
42076
42077
42081
42088
42094
42097
42099
42100
42111
42113
42114
42115
42118
42126
42131
42135
42136
42137
42138
42141
42142
42147
42150
42153
42154
42159
42168
42171
42172
42182
42187
42193
42197
42198
42199
42213
42225
42226
42230
42237
42238
42239
42242
42247
42252
42255
42259
42264
42275
42281
42292
42298
42300
42301
42309
42312
42314
42317
42318
42320
42323
42326
42351
42358
42360
42362
42368
42377
42381
42382
42385
42387
42398
42405
42410
42417
42424
42428
42432
42433
42434
42439
42457
42460
42464
42476
42480
42484
42486
42488
42491
42493
42495
42503
42506
42507
42520
42521
42533
42535
42540
42543
42547
42548
42552
42562
42563
42567
42589
42590
42596
42600
42601
42605
42607
42610
42615
42624
42625
42630
42632
42633
42639
42640
42643
42645
42652
42656
42664
42666
42672
42675
42697
42704
42708
42716
42718
42723
42724
42726
42733
42736
42741
42750
42755
42758
42759
42768
42772
42788
42794
42805
42811
42812
42815
42834
42838
42840
42847
42850
42855
42860
42862
42867
42874
42884
42886
42887
42888
42891
42894
42895
42897
42899
42911
42915
42919
42923
42925
42929
42939
42945
42949
42952
42955
42957
42959
42960
42961
42972
42976
42983
42985
42986
42987
42990
42991
42993
43000
43001
43003
43005
43008
43010
43011
43015
43016
43017
43018
43027
43028
43029
43030
43031
43032
43033
43035
43041
43049
43054
43063
43064
43068
43072
43074
43082
43085
43086
43087
43089
43092
43093
43095
43098
43101
43103
43121
43125
43131
43138
43153
43159
43178
43182
43185
43189
43191
43192
43193
43194
43196
43197
43198
43201
43202
43213
43221
43226
43231
43241
43242
43253
43254
43257
43275
43283
43293
43300
43313
43316
43320
43321
43328
43329
43332
43334
43335
43341
43344
43345
43346
43350
43352
43356
43362
43363
43367
43378
43394
43395
43396
43398
43404
43416
43422
43428
43435
43436
43439
43440
43444
43445
43458
43465
43469
43473
43474
43479
43494
43496
43498
43509
43513
43515
43520
43521
43527
43530
43531
43532
43534
43540
43542
43550
43553
43556
43563
43566
43576
43577
43581
43587
43592
43600
43603
43605
43607
43615
43616
43620
43625
43634
43636
43645
43646
43653
43654
43657
43672
43676
43679
43687
43694
43697
43700
43711
43730
43731
43742
43752
43754
43755
43757
43760
43772
43788
43795
43797
43803
43804
43805
43825
43826
43827
43829
43830
43831
43832
43837
43858
43860
43862
43869
43881
43895
43898
43899
43912
43923
43929
43930
43933
43938
43941
43950
43953
43962
43973
43974
43976
43981
43990
43991
44000
44007
44010
44017
44023
44028
44037
44040
44043
44049
44060
44064
44069
44070
44083
44093
44096
44097
44101
44110
44112
44115
44122
44123
44124
44128
44129
44131
44150
44151
44153
44154
44160
44164
44165
44174
44178
44198
44207
44209
44210
44212
44217
44223
44228
44229
44233
44238
44241
44247
44249
44256
44272
44279
44287
44296
44303
44306
44307
44309
44312
44316
44320
44321
44322
44335
44343
44345
44350
44351
44357
44359
44361
44368
44380
44388
44396
44399
44414
44415
44416
44433
44434
44435
44442
44448
44449
44458
44460
44463
44467
44475
44479
44481
44500
44516
44526
44527
44528
44530
44531
44541
44548
44550
44552
44558
44560
44561
44572
44577
44584
44585
44586
44597
44601
44604
44607
44609
44613
44614
44617
44621
44622
44623
44631
44637
44644
44646
44648
44651
44654
44659
44663
44664
44665
44675
44676
44678
44681
44689
44693
44697
44708
44710
44716
44732
44740
44747
44752
44753
44759
44761
44762
44765
44771
44778
44779
44785
44791
44813
44818
44822
44823
44836
44846
44849
44864
44869
44872
44874
44877
44883
44889
44896
44899
44903
44904
44906
44907
44915
44919
44921
44947
44953
44962
44964
44968
44969
44972
44977
44978
44979
44980
44990
44993
44999
45001
45005
45015
45019
45028
45031
45032
45033
45035
45036
45044
45045
45050
45051
45058
45065
45068
45078
45083
45086
45091
45099
45104
45106
45115
45120
45125
45137
45143
45149
45150
45151
45152
45154
45155
45162
45164
45165
45166
45170
45175
45185
45189
45190
45198
45202
45204
45205
45207
45208
45213
45215
45224
45225
45226
45230
45232
45236
45241
45246
45252
45258
45259
45262
45270
45276
45280
45283
45286
45289
45290
45297
45298
45308
45319
45324
45325
45327
45334
45337
45338
45340
45342
45351
45353
45357
45371
45376
45382
45385
45387
45394
45396
45397
45398
45399
45402
45403
45408
45409
45416
45418
45421
45429
45431
45432
45436
45442
45447
45450
45452
45459
45464
45466
45469
45471
45476
45480
45482
45487
45492
45493
45509
45513
45518
45519
45521
45522
45528
45529
45539
45541
45544
45550
45556
45560
45561
45562
45568
45578
45593
45594
45610
45612
45613
45617
45618
45621
45626
45629
45631
45633
45635
45638
45642
45645
45646
45647
45648
45652
45657
45686
45691
45692
45705
45710
45711
45742
45743
45749
45762
45769
45771
45773
45793
45799
45805
45816
45817
45825
45830
45846
45850
45851
45854
45859
45876
45892
45897
45899
45907
45923
45932
45940
45944
45945
45947
45950
45968
45972
45975
45990
46000
46008
46014
46017
46024
46026
46027
46032
46049
46065
46066
46089
46095
46096
46100
46106
46112
46113
46118
46120
46126
46127
46129
46135
46139
46140
46143
46147
46148
46155
46159
46160
46162
46168
46169
46181
46190
46200
46205
46211
46212
46219
46225
46227
46228
46231
46236
46239
46248
46255
46264
46265
46301
46308
46312
46318
46322
46324
46331
46349
46357
46365
46370
46377
46382
46386
46387
46390
46392
46399
46407
46413
46416
46430
46436
46445
46451
46455
46456
46475
46478
46482
46501
46508
46520
46536
46543
46547
46548
46549
46551
46557
46561
46566
46569
46589
46601
46602
46603
46609
46610
46617
46618
46620
46623
46625
46631
46634
46638
46641
46644
46647
46649
46662
46672
46675
46688
46689
46691
46696
46700
46703
46705
46706
46712
46714
46719
46726
46727
46736
46742
46745
46757
46758
46761
46768
46776
46778
46785
46787
46788
46789
46793
46798
46802
46803
46804
46806
46807
46818
46819
46822
46823
46824
46827
46831
46836
46840
46846
46857
46861
46865
46870
46878
46879
46884
46885
46889
46892
46896
46909
46912
46923
46926
46930
46939
46940
46941
46946
46953
46964
46965
46966
46968
46984
46985
46989
46990
46991
46992
47000
47010
47018
47019
47028
47029
47030
47041
47043
47049
47056
47059
47065
47067
47071
47075
47077
47091
47093
47102
47105
47110
47122
47128
47131
47133
47139
47144
47147
47153
47158
47159
47177
47178
47181
47186
47194
47211
47215
47217
47222
47224
47225
47228
47229
47237
47249
47252
47253
47254
47256
47262
47270
47272
47273
47278
47279
47280
47301
47303
47306
47307
47314
47316
47317
47324
47342
47349
47356
47357
47360
47361
47371
47376
47378
47385
47393
47413
47418
47422
47441
47446
47462
47463
47466
47469
47470
47472
47487
47488
47491
47502
47504
47508
47515
47518
47529
47535
47539
47541
47545
47547
47553
47560
47562
47567
47570
47572
47611
47614
47615
47616
47621
47631
47632
47647
47648
47651
47652
47665
47670
47677
47679
47687
47688
47690
47692
47714
47715
47716
47718
47719
47727
47728
47730
47733
47736
47741
47743
47752
47760
47763
47764
47773
47795
47803
47805
47808
47809
47811
47812
47820
47824
47828
47835
47836
47837
47838
47839
47840
47841
47842
47843
47844
47845
47846
47847
47848
47853
47854
47862
47869
47872
47875
47879
47885
47890
47911
47917
47918
47920
47923
47924
47925
47931
47933
47941
47960
47961
47963
47967
47985
47986
47990
47991
48014
48026
48029
48032
48037
48038
48042
48043
48072
48075
48076
48081
48083
48084
48085
48089
48091
48092
48094
48117
48121
48127
48134
48135
48143
48158
48175
48178
48198
48202
48217
48237
48248
48260
48263
48265
48270
48276
48286
48311
48336
48337
48347
48351
48356
48357
48361
48362
48365
48367
48378
48380
48382
48398
48422
48438
48439
48442
48452
48453
48462
48465
48472
48475
48477
48486
48492
48494
48497
48498
48518
48526
48529
48530
48536
48538
48541
48548
48552
48555
48562
48567
48583
48586
48588
48593
48596
48602
48606
48618
48623
48624
48626
48629
48630
48635
48644
48645
48649
48650
48664
48666
48669
48671
48672
48676
48677
48678
48681
48684
48687
48695
48702
48704
48707
48709
48711
48721
48730
48738
48739
48743
48749
48752
48753
48769
48777
48780
48781
48785
48790
48792
48793
48802
48803
48805
48816
48837
48838
48843
48845
48847
48853
48854
48855
48867
48870
48876
48878
48880
48882
48883
48884
48886
48890
48891
48892
48893
48898
48900
48901
48903
48904
48906
48910
48927
48930
48931
48932
48935
48938
48943
48944
48952
48953
48955
48960
48964
48969
48975
48985
48986
48989
48990
48995
48998
49000
49002
49004
49005
49031
49041
49043
49055
49056
49062
49063
49066
49067
49076
49077
49078
49083
49091
49094
49096
49097
49102
49105
49128
49134
49136
49138
49143
49144
49147
49149
49163
49170
49173
49181
49193
49195
49196
49197
49200
49210
49217
49220
49221
49222
49229
49233
49238
49251
49253
49265
49267
49271
49276
49277
49278
49283
49285
49286
49288
49289
49290
49292
49299
49303
49316
49317
49318
49321
49330
49331
49341
49342
49352
49356
49358
49364
49365
49377
49388
49391
49406
49408
49412
49414
49415
49428
49429
49431
49443
49444
49448
49449
49450
49454
49455
49458
49459
49463
49464
49470
49475
49477
49478
49479
49489
49491
49492
49493
49495
49498
49505
49510
49513
49520
49521
49522
49524
49525
49531
49537
49545
49547
49551
49553
49556
49557
49559
49561
49568
49570
49571
49573
49590
49593
49594
49602
49604
49608
49610
49615
49620
49629
49638
49639
49640
49642
49645
49650
49652
49655
49657
49659
49662
49673
49674
49675
49686
49690
49692
49695
49700
49710
49713
49714
49715
49723
49728
49731
49732
49734
49736
49741
49743
49744
49751
49754
49756
49757
49759
49762
49765
49768
49771
49779
49780
49787
49789
49790
49808
49810
49813
49829
49832
49836
49838
49845
49849
49855
49862
49867
49871
49872
49874
49889
49890
49893
49894
49898
49904
49906
49908
49910
49911
49920
49922
49926
49929
49931
49940
49942
49951
49954
49960
49962
49963
49966
49967
49980
49982
49989
49999
50001
50005
50007
50017
50020
50026
50031
50032
50036
50037
50044
50047
50048
50056
50062
50076
50088
50096
50097
50099
50108
50110
50118
50121
50122
50124
50130
50131
50134
50151
50163
50175
50176
50185
50186
50193
50224
50234
50236
50248
50251
50252
50260
50269
50273
50280
50281
50285
50295
50298
50300
50314
50315
50322
50323
50324
50328
50330
50333
50346
50351
50353
50362
50363
50373
50386
50390
50398
50401
50421
50427
50429
50437
50439
50440
50444
50452
50453
50459
50461
50464
50471
50477
50486
50488
50513
50515
50525
50527
50543
50548
50560
50561
50564
50577
50591
50592
50594
50596
50597
50611
50619
50623
50628
50640
50643
50648
50650
50654
50655
50660
50662
50674
50687
50688
50692
50698
50700
50701
50705
50711
50712
50716
50721
50723
50729
50730
50731
50733
50735
50736
50741
50750
50753
50756
50757
50758
50759
50760
50763
50765
50766
50769
50774
50780
50783
50793
50794
50796
50803
50805
50814
50815
50819
50821
50822
50830
50835
50839
50841
50847
50849
50852
50853
50854
50857
50858
50861
50863
50868
50869
50870
50871
50872
50881
50901
50907
50908
50916
50918
50919
50920
50928
50930
50935
50936
50946
50947
50953
50956
50972
50976
50983
50986
50996
51011
51021
51026
51041
51047
51052
51060
51070
51071
51085
51096
51105
51129
51130
51137
51147
51154
51161
51163
51169
51180
51181
51182
51187
51192
51194
51204
51206
51209
51233
51234
51267
51279
51284
51286
51291
51296
51311
51323
51329
51342
51344
51347
51360
51367
51369
51386
51393
51409
51416
51418
51432
51439
51449
51462
51473
51474
51481
51482
51484
51487
51496
51502
51522
51524
51528
51529
51536
51538
51545
51546
51547
51552
51566
51569
51577
51582
51583
51591
51592
51596
51602
51605
51607
51608
51609
51619
51634
51660
51661
51669
51709
51723
51728
51731
51737
51749
51755
51768
51797
51798
51799
51804
51819
51866
51878
51886
51890
51904
51922
51925
51929
51936
51939
51944
51946
51947
51960
51969
51978
52026
52034
52039
52046
52047
52049
52051
52052
52054
52055
52065
52075
52076
52080
52084
52085
52089
52097
52107
52108
52113
52114
52116
52117
52125
52127
52128
52144
52158
52169
52170
52178
52180
52183
52188
52190
52193
52200
52207
52209
52231
52247
52248
52257
52264
52266
52272
52273
52274
52276
52279
52283
52284
52303
52308
52313
52332
52333
52334
52341
52352
52353
52360
52368
52369
52372
52376
52392
52397
52398
52399
52415
52416
52417
52426
52438
52445
52464
52473
52475
52482
52509
52521
52524
52527
52533
52545
52548
52551
52553
52562
52566
52582
52593
52597
52599
52619
52632
52678
52685
52693
52695
52707
52714
52719
52727
52732
52735
52746
52753
52755
52760
52764
52771
52776
52777
52783
52795
52808
52812
52814
52815
52820
52834
52837
52845
52856
52860
52871
52872
52898
52901
52906
52927
52936
52938
52944
52950
52951
52954
52967
52971
52974
52980
52982
52989
52991
52995
53003
53013
53015
53016
53022
53039
53043
53055
53056
53057
53058
53063
53067
53068
53075
53082
53085
53087
53094
53105
53110
53118
53120
53121
53122
53135
53145
53150
53155
53167
53179
53183
53197
53199
53203
53208
53210
53211
53213
53217
53218
53228
53237
53319
53321
53322
53325
53326
53333
53335
53336
53338
53342
53343
53344
53346
53347
53349
53352
53359
53363
53367
53368
53369
53385
53448
53462
53463
53467
53477
53478
53484
53490
53493
53501
53502
53506
53548
53557
53567
53568
53579
53584
53590
53591
53596
53606
53615
53622
53627
53628
53630
53632
53634
53635
53641
53644
53657
53660
53671
53677
53689
53696
53701
53708
53721
53734
53741
53745
53764
53766
53767
53780
53802
53806
53811
53820
53824
53853
53856
53859
53861
53864
53866
53868
53871
53882
53883
53884
53895
53899
53901
53905
53918
53923
53925
53935
53954
53960
53965
53973
53983
53984
53998
54009
54013
54024
54025
54026
54032
54034
54042
54066
54067
54085
54092
54094
54096
54106
54127
54128
54135
54137
54149
54157
54158
54162
54168
54171
54173
54174
54175
54185
54200
54226
54227
54235
54287
54293
54295
54320
54324
54348
54354
54357
54362
54364
54365
54378
54387
54396
54398
54413
54432
54436
54441
54458
54459
54463
54474
54476
54479
54488
54490
54512
54529
54532
54534
54537
54543
54564
54566
54569
54573
54580
54583
54589
54594
54600
54606
54608
54612
54618
54623
54631
54632
54639
54647
54648
54653
54656
54664
54673
54676
54679
54686
54687
54690
54695
54703
54710
54712
54713
54719
54725
54733
54749
54751
54753
54754
54763
54769
54777
54780
54792
54793
54796
54797
54800
54818
54821
54823
54825
54826
54827
54831
54844
54849
54852
54854
54874
54876
54884
54885
54890
54891
54893
54896
54899
54907
54918
54924
54926
54927
54928
54940
54945
54948
54949
54950
54955
54958
54959
54963
54965
54969
54970
54973
54980
54982
54984
54990
54991
55000
55002
55003
55009
55010
55020
55023
55032
55035
55039
55061
55065
55069
55079
55080
55081
55095
55100
55102
55103
55104
55115
55120
55124
55125
55135
55139
55152
55156
55160
55169
55184
55187
55188
55193
55195
55203
55209
55212
55213
55214
55216
55225
55234
55237
55244
55245
55254
55257
55263
55270
55289
55290
55294
55298
55312
55319
55320
55322
55341
55354
55362
55363
55369
55371
55373
55388
55389
55394
55397
55416
55418
55426
55432
55434
55443
55459
55464
55466
55470
55476
55488
55496
55504
55520
55525
55529
55535
55537
55539
55540
55542
55543
55547
55548
55551
55555
55560
55566
55573
55578
55581
55583
55585
55586
55590
55592
55595
55604
55609
55610
55615
55617
55619
55624
55633
55648
55660
55664
55666
55677
55678
55683
55686
55687
55693
55705
55711
55728
55732
55743
55744
55749
55750
55752
55755
55769
55772
55776
55781
55782
55783
55785
55787
55788
55791
55793
55799
55802
55807
55809
55812
55816
55817
55818
55819
55824
55826
55827
55831
55834
55836
55837
55838
55839
55842
55843
55844
55845
55850
55857
55865
55868
55871
55872
55876
55880
55884
55885
55886
55889
55893
55900
55906
55907
55911
55912
55916
55917
55920
55932
55934
55938
55940
55942
55945
55947
55956
55958
55959
55963
55964
55965
55967
55968
55969
55974
55975
55983
55984
55998
55999
56001
56008
56012
56014
56016
56019
56021
56025
56029
56034
56037
56047
56051
56055
56057
56058
56062
56073
56074
56083
56086
56088
56089
56091
56094
56098
56108
56116
56124
56126
56134
56138
56139
56141
56142
56145
56147
56148
56149
56151
56152
56155
56158
56159
56163
56165
56167
56171
56172
56173
56174
56175
56177
56178
56180
56181
56188
56200
56203
56206
56207
56208
56212
56213
56215
56218
56223
56226
56227
56239
56243
56245
56246
56247
56248
56261
56265
56266
56268
56269
56270
56272
56273
56274
56276
56277
56278
56280
56281
56283
56286
56287
56292
56293
56295
56296
56303
56305
56307
56310
56320
56323
56327
56330
56334
56340
56341
56343
56344
56351
56359
56360
56361
56362
56365
56368
56370
56372
56373
56374
56376
56381
56384
56387
56390
56391
56394
56395
56397
56400
56402
56403
56405
56412
56415
56419
56420
56421
56422
56431
56433
56437
56438
56440
56444
56470
56474
56475
56477
56483
56484
56502
56503
56510
56513
56523
56526
56527
56530
56531
56532
56533
56534
56537
56540
56553
56556
56557
56560
56564
56567
56568
56579
56580
56582
56589
56592
56593
56596
56597
56598
56606
56607
56614
56628
56632
56633
56641
56643
56644
56646
56648
56649
56650
56651
56652
56653
56658
56659
56662
56663
56666
56667
56668
56670
56673
56690
56691
56692
56696
56698
56701
56702
56703
56704
56705
56706
56707
56714
56720
56723
56724
56727
56729
56735
56736
56737
56741
56742
56743
56744
56746
56747
56751
56757
56758
56761
56762
56764
56765
56766
56767
56770
56777
56778
56780
56781
56785
56790
56810
56812
56815
56816
56817
56821
56823
56824
56826
56833
56837
56838
56843
56844
56846
56847
56849
56852
56853
56854
56865
56870
56873
56875
56876
56879
56881
56884
56894
56901
56903
56904
56906
56914
56917
56922
56923
56925
56933
56934
56935
56936
56939
56940
56941
56948
56950
56952
56959
56960
56966
56968
56971
56973
56974
56976
56978
56980
56982
56987
56989
56990
56992
56997
57002
57003
57007
57015
57020
57022
57028
57029
57033
57034
57040
57043
57050
57059
57063
57066
57067
57072
57087
57090
57094
57101
57104
57105
57120
57123
57127
57131
57133
57137
57139
57141
57148
57151
57152
57153
57155
57156
57157
57165
57173
57178
57192
57200
57201
57209
57211
57214
57216
57217
57228
57234
57235
57239
57240
57243
57252
57262
57263
57273
57274
57290
57295
57303
57305
57307
57311
57316
57323
57331
57332
57342
57343
57350
57360
57362
57368
57391
57393
57403
57404
57406
57410
57411
57412
57421
57424
57427
57433
57439
57442
57445
57448
57451
57460
57464
57468
57473
57474
57479
57480
57484
57486
57488
57491
57494
57498
57499
57500
57502
57507
57508
57512
57514
57515
57523
57524
57528
57529
57531
57534
57537
57538
57539
57541
57542
57543
57545
57553
57560
57568
57571
57574
57576
57578
57583
57586
57588
57591
57594
57602
57611
57613
57616
57624
57627
57632
57633
57636
57643
57644
57648
57652
57657
57661
57672
57690
57698
57700
57711
57719
57722
57733
57735
57736
57741
57746
57752
57753
57754
57759
57766
57767
57770
57778
57781
57785
57786
57788
57790
57801
57809
57810
57818
57826
57828
57832
57835
57841
57848
57850
57852
57854
57861
57871
57873
57874
57877
57878
57881
57883
57889
57892
57893
57896
57898
57901
57902
57903
57911
57919
57924
57929
57931
57933
57935
57952
57954
57957
57959
57961
57962
57967
57969
57972
57974
57976
57978
57979
58003
58004
58005
58008
58010
58013
58017
58018
58019
58022
58027
58029
58030
58035
58038
58040
58043
58045
58047
58049
58051
58054
58063
58066
58072
58074
58079
58081
58084
58085
58087
58088
58089
58093
58095
58099
58100
58101
58109
58110
58111
58116
58118
58119
58120
58123
58124
58129
58130
58136
58141
58147
58149
58153
58157
58161
58178
