39.973471 116.329174
39.973460 116.329038
39.973471 116.329171
39.973471 116.329178
39.972941 116.328907
39.972681 116.328918
39.972169 116.328936
39.971629 116.328956
39.971145 116.328979
39.970761 116.329002
39.970424 116.329023
39.970082 116.329324
39.970085 116.329421
39.970088 116.329518
39.970090 116.329571
39.970092 116.329626
39.970095 116.329715
39.969148 116.329721
39.969150 116.329775
39.968544 116.329913
39.968040 116.330022
39.967602 116.330070
39.967173 116.330146
39.967528 116.327904
39.967388 116.327748
39.967069 116.327810
39.967069 116.327810
39.967068 116.327770
0.000000 0.000000
39.965757 116.327809
39.965757 116.327791
39.965555 116.328321
39.965337 116.328329
39.965280 116.328332
39.965266 116.328332
39.965197 116.328335
39.964482 116.327933
39.964482 116.327936
39.963471 116.328007
39.963400 116.327898
39.962835 116.328613
39.962762 116.327995
39.962198 116.328662
39.961852 116.328160
39.961853 116.328168
0.000000 0.000000
0.000000 0.000000
39.960408 116.328472
39.960405 116.328423
39.959530 116.328487
39.959559 116.328854
39.959526 116.328433
39.959526 116.328435
0.000000 0.000000
39.959526 116.328440
39.959526 116.328431
39.959095 116.328908
39.958550 116.328548
0.000000 0.000000
39.957192 116.328684
39.957191 116.328673
39.957114 116.328681
39.957113 116.328657
0.000000 0.000000
0.000000 0.000000
0.000000 0.000000
0.000000 0.000000
0.000000 0.000000
0.000000 0.000000
0.000000 0.000000
0.000000 0.000000
0.000000 0.000000
0.000000 0.000000
0.000000 0.000000
0.000000 0.000000
0.000000 0.000000
0.000000 0.000000
0.000000 0.000000
0.000000 0.000000
0.000000 0.000000
0.000000 0.000000
0.000000 0.000000
0.000000 0.000000
0.000000 0.000000
0.000000 0.000000
0.000000 0.000000
0.000000 0.000000
0.000000 0.000000
39.951859 116.329475
39.951453 116.329013
39.951168 116.329042
0.000000 0.000000
39.950873 116.329072
39.950874 116.329072
39.950869 116.329072
39.950865 116.329073
0.000000 0.000000
0.000000 0.000000
0.000000 0.000000
0.000000 0.000000
0.000000 0.000000
0.000000 0.000000
0.000000 0.000000
0.000000 0.000000
0.000000 0.000000
0.000000 0.000000
0.000000 0.000000
0.000000 0.000000
39.950473 116.324275
39.950470 116.324063
39.950515 116.324056
0.000000 0.000000
39.950445 116.321983
39.950445 116.321983
39.950375 116.321993
39.950445 116.321983
39.950400 116.321989
39.950421 116.321682
39.950385 116.321233
39.950345 116.320747
39.950598 116.320130
39.950249 116.319572
39.950213 116.319178
39.950165 116.318646
39.950137 116.318348
39.949891 116.318386
39.949472 116.318450
39.948996 116.318525
39.948840 116.318550
39.948192 116.318259
39.947403 116.318371
39.947403 116.318371
0.000000 0.000000
0.000000 0.000000
0.000000 0.000000
0.000000 0.000000
39.946014 116.318565
39.946014 116.318565
39.946019 116.318625
39.945861 116.318670
39.945861 116.318670
39.945860 116.318662
0.000000 0.000000
0.000000 0.000000
0.000000 0.000000
0.000000 0.000000
0.000000 0.000000
0.000000 0.000000
0.000000 0.000000
0.000000 0.000000
0.000000 0.000000
0.000000 0.000000
0.000000 0.000000
0.000000 0.000000
0.000000 0.000000
0.000000 0.000000
0.000000 0.000000
0.000000 0.000000
0.000000 0.000000
0.000000 0.000000
0.000000 0.000000
0.000000 0.000000
0.000000 0.000000
0.000000 0.000000
0.000000 0.000000
0.000000 0.000000
0.000000 0.000000
0.000000 0.000000
39.939743 116.319214
39.939463 116.319353
39.939077 116.319426
39.938630 116.319815
39.938147 116.319514
39.937758 116.319373
39.937467 116.319552
39.937295 116.319760
39.937294 116.319794
39.937112 116.320816
39.937073 116.320816
0.000000 0.000000
0.000000 0.000000
0.000000 0.000000
0.000000 0.000000
0.000000 0.000000
0.000000 0.000000
0.000000 0.000000
0.000000 0.000000
0.000000 0.000000
0.000000 0.000000
0.000000 0.000000
0.000000 0.000000
0.000000 0.000000
0.000000 0.000000
0.000000 0.000000
39.936888 116.325642
39.936834 116.325911
0.000000 0.000000
39.936951 116.327537
39.936731 116.327832
39.936771 116.328086
39.936952 116.328374
0.000000 0.000000
0.000000 0.000000
39.936867 116.329990
39.936867 116.329990
39.936867 116.329990
39.936865 116.330012
39.936654 116.330399
39.936964 116.330993
39.936953 116.331505
39.936958 116.331996
39.936970 116.332515
39.936700 116.333194
39.936989 116.333267
39.936369 116.334191
39.936446 116.334741
39.936518 116.335256
39.936581 116.335704
39.936643 116.336146
39.936695 116.336512
39.936708 116.336608
39.936701 116.336555
39.936695 116.336515
39.935767 116.336558
39.935767 116.336614
39.935768 116.336699
39.935769 116.336776
39.935769 116.336806
0.000000 0.000000
39.935592 116.337162
39.935609 116.337162
39.935593 116.337162
39.935580 116.337162
39.935770 116.336882
39.935771 116.336948
39.935414 116.337161
39.935229 116.337161
39.934957 116.337160
39.934408 116.337769
39.934151 116.337765
39.933821 116.337760
39.933652 116.337758
39.933574 116.337757
39.933498 116.337756
39.933447 116.337756
39.933235 116.337754
39.932907 116.337751
39.932495 116.337496
39.932114 116.337465
39.931733 116.337378
39.931538 116.337378
39.931455 116.337379
39.931191 116.337380
39.931478 116.337379
39.931463 116.337379
39.931191 116.337380
39.931472 116.337379
39.931465 116.337379
39.931473 116.337379
0.000000 0.000000
39.931470 116.337379
39.931436 116.337379
39.931313 116.337379
39.931023 116.337383
39.930717 116.337744
39.930387 116.337456
39.930016 116.337422
39.929642 116.337390
39.929217 116.337383
39.928873 116.337388
39.928553 116.337393
39.928278 116.337397
39.928013 116.337395
39.927798 116.337390
39.927665 116.337386
39.927582 116.337384
39.927565 116.337383
39.927560 116.337383
39.927473 116.337381
39.927094 116.337371
39.926833 116.337568
39.926299 116.337359
39.925879 116.337354
39.925486 116.337340
39.925074 116.337338
39.924658 116.337335
0.000000 0.000000
0.000000 0.000000
0.000000 0.000000
0.000000 0.000000
0.000000 0.000000
0.000000 0.000000
0.000000 0.000000
0.000000 0.000000
39.923279 116.338072
39.923157 116.338065
39.922867 116.338084
39.922866 116.338077
39.922867 116.338083
39.922868 116.338111
0.000000 0.000000
39.922867 116.338105
39.922867 116.338089
39.922867 116.338084
0.000000 0.000000
39.922867 116.338084
39.922866 116.338080
39.922867 116.338085
0.000000 0.000000
0.000000 0.000000
0.000000 0.000000
0.000000 0.000000
0.000000 0.000000
0.000000 0.000000
0.000000 0.000000
0.000000 0.000000
0.000000 0.000000
0.000000 0.000000
0.000000 0.000000
39.918318 116.338490
39.918318 116.338485
39.918317 116.338460
39.918317 116.338422
39.918317 116.338468
39.918317 116.338434
39.918316 116.338403
39.918316 116.338379
39.917408 116.338277
39.917381 116.338468
39.916443 116.338604
39.916442 116.338574
39.916186 116.338558
39.915605 116.338250
39.915298 116.338672
39.914881 116.338309
39.914598 116.338308
39.914154 116.338699
39.914154 116.338699
39.914154 116.338699
39.914154 116.338699
39.914154 116.338699
39.914154 116.338699
39.914154 116.338699
39.914071 116.338697
39.913926 116.338695
39.913674 116.338691
39.913370 116.338686
39.913112 116.338682
39.912991 116.338680
39.912986 116.338680
39.912977 116.338679
39.912956 116.338679
39.912612 116.339888
39.912850 116.338677
39.912683 116.338675
39.912811 116.338677
39.912848 116.338677
39.912859 116.338678
39.912832 116.338677
39.912603 116.338673
39.912179 116.338667
39.911822 116.338661
39.911225 116.338996
39.910766 116.339483
39.910331 116.338909
39.909888 116.338881
39.909365 116.338916
39.908981 116.338586
39.908595 116.338902
39.908009 116.338255
39.907643 116.338137
39.907519 116.338090
39.907201 116.338059
39.907042 116.337852
39.907201 116.338023
39.907037 116.337852
39.906908 116.337870
39.906717 116.337896
39.906534 116.337921
39.906344 116.337947
39.906165 116.337971
39.906119 116.337978
39.906146 116.337974
39.906160 116.337972
39.906222 116.337964
0.000000 0.000000
0.000000 0.000000
0.000000 0.000000
0.000000 0.000000
0.000000 0.000000
0.000000 0.000000
0.000000 0.000000
0.000000 0.000000
0.000000 0.000000
0.000000 0.000000
0.000000 0.000000
39.904413 116.336622
39.904480 116.336559
39.904447 116.336590
39.904525 116.336517
39.904519 116.336522
39.904455 116.336582
39.904394 116.336640
39.904364 116.336668
39.904350 116.336680
39.904336 116.336694
39.904331 116.336698
39.904301 116.336727
39.904248 116.336776
39.904250 116.336774
39.904249 116.336775
0.000000 0.000000
0.000000 0.000000
0.000000 0.000000
0.000000 0.000000
0.000000 0.000000
39.903212 116.335972
39.903207 116.335985
39.903207 116.335986
39.903194 116.336025
39.903186 116.336049
39.903338 116.335590
39.903203 116.335999
39.903228 116.335922
39.903266 116.335809
39.903406 116.335531
39.903505 116.335445
39.903338 116.335590
39.903404 116.335533
39.903194 116.335347
39.903126 116.335233
39.903052 116.335109
39.903024 116.335061
39.903494 116.335455
39.903631 116.335336
39.905068 116.336008
39.905072 116.336005
39.905108 116.335971
39.905072 116.336005
39.904076 116.334949
39.904079 116.334947
