39.975601 116.328635
39.975616 116.328635
39.975450 116.328633
39.975291 116.328040
39.975268 116.327357
39.975234 116.326223
39.975204 116.325402
39.975547 116.322559
39.975100 116.322149
39.975255 116.321174
39.975094 116.320714
39.974949 116.320251
39.974964 116.317856
39.975009 116.317838
0.000000 0.000000
0.000000 0.000000
0.000000 0.000000
39.972618 116.312128
39.972188 116.312117
39.971278 116.312656
39.969524 116.313374
39.969530 116.313450
39.969269 116.313076
39.969082 116.313099
39.968807 116.313715
39.968809 116.313740
39.968295 116.313846
39.968301 116.313927
39.967693 116.314108
39.967018 116.314428
39.966470 116.314743
39.966251 116.314852
39.965709 116.314911
39.963842 116.315460
39.963536 116.315580
39.962521 116.315783
39.959565 116.316363
39.959162 116.316370
39.956533 116.317217
39.956149 116.317230
39.953494 116.317209
39.952945 116.317158
39.953684 116.317222
39.953203 116.317189
39.952543 116.317102
39.952295 116.317067
39.951922 116.317015
39.950631 116.318279
39.948169 116.317988
0.000000 0.000000
39.946003 116.318355
39.945997 116.318221
39.945819 116.318156
0.000000 0.000000
0.000000 0.000000
39.939087 116.319317
39.938154 116.319210
39.938002 116.319222
39.937963 116.318850
39.937950 116.317911
0.000000 0.000000
39.938250 116.312128
39.938796 116.310522
39.940285 116.305462
0.000000 0.000000
39.941121 116.303815
0.000000 0.000000
39.943905 116.296316
0.000000 0.000000
39.946617 116.286948
39.946460 116.285001
39.946360 116.282771
39.945488 116.280617
39.945405 116.278256
39.945900 116.270890
39.945600 116.268538
39.945572 116.268409
39.945306 116.268383
39.944054 116.268263
39.943080 116.268170
39.942548 116.268144
39.941182 116.268131
39.940286 116.267833
39.936772 116.268179
0.000000 0.000000
0.000000 0.000000
0.000000 0.000000
0.000000 0.000000
0.000000 0.000000
39.924456 116.268565
39.924278 116.268150
39.924006 116.267418
39.924006 116.267418
0.000000 0.000000
0.000000 0.000000
0.000000 0.000000
39.918514 116.268526
39.917614 116.268718
39.917704 116.268810
0.000000 0.000000
0.000000 0.000000
39.910482 116.268036
39.910005 116.267852
0.000000 0.000000
0.000000 0.000000
39.905869 116.268480
39.905863 116.269313
39.906108 116.273819
39.906538 116.276562
39.906185 116.277160
39.905886 116.277296
39.902964 116.277123
0.000000 0.000000
39.900220 116.277267
39.900220 116.277367
39.900220 116.277367
0.000000 0.000000
0.000000 0.000000
39.900220 116.277183
39.900220 116.277333
0.000000 0.000000
39.904260 116.278036
39.904691 116.277840
39.905201 116.277608
39.905702 116.277380
39.905870 116.277303
39.906117 116.277191
0.000000 0.000000
0.000000 0.000000
0.000000 0.000000
0.000000 0.000000
0.000000 0.000000
0.000000 0.000000
0.000000 0.000000
39.937140 116.304287
39.939322 116.304365
39.939637 116.305219
39.939914 116.306085
39.938335 116.312434
0.000000 0.000000
39.937313 116.319201
0.000000 0.000000
0.000000 0.000000
0.000000 0.000000
0.000000 0.000000
