218567
218567
218567
218567
218567
218567
218567
218567
210165
199630
199630
199630
199630
199630
199630
199630
199630
199630
199630
199630
199630
199630
199630
199630
199630
199630
199630
199626
199630
199630
199630
199630
199630
199630
199630
199630
199630
199630
199630
199630
0
0
0
0
0
0
0
0
0
199627
199627
199627
199627
199627
199627
199627
199627
199030
199030
199030
199030
198292
198292
198292
198292
198292
198292
198292
198292
198290
199621
199624
199624
199624
207391
207391
207391
207391
207391
207391
207391
207391
207391
207728
207732
207732
207732
207732
207732
207732
207732
207732
207732
207732
207732
207732
207732
207732
207732
207728
207728
207728
207728
207722
207722
207722
207722
207722
207722
207722
207722
207722
207722
207722
207722
207722
207722
207722
207722
218590
218590
218590
218590
218590
218590
218590
219872
219872
219872
219872
219872
219872
219872
219872
219872
219872
219870
219870
219870
219870
0
0
0
0
0
0
0
0
218590
218590
218590
218590
218590
218590
218590
218590
218590
218590
218590
218590
218590
218590
218590
218590
218590
218590
218590
218590
0
0
0
0
220905
220905
220905
220905
220905
220905
220905
220905
220905
220905
220905
220905
220905
220905
220905
220905
0
0
0
216850
216850
216850
206342
206342
206342
216850
216850
216850
216850
206342
206342
206346
206346
206346
206346
206346
206346
206346
216854
216854
216854
216854
206346
216854
216854
216854
216854
216854
216854
206344
206344
206344
206344
206344
0
206344
206344
206344
206344
206344
206344
206344
0
0
0
0
0
200648
200648
200648
200648
200648
200648
200648
200648
200648
200648
200648
200648
200648
200648
200648
0
0
0
0
0
0
0
0
0
206960
206960
206960
206960
206960
206960
0
206960
206960
206960
206960
206960
206960
206960
206960
206960
206960
206960
206960
0
218772
218772
218772
218772
218772
218772
214390
218772
218772
218772
218772
220103
220103
220103
220103
220103
220103
218768
218768
218768
218768
218768
218768
218768
218768
218768
218768
218768
202333
202333
202333
202333
220968
199461
199461
199461
199461
199461
199461
199461
199461
199461
199461
199461
199461
199461
199461
199461
199461
199461
199461
199461
199461
199461
199461
199461
199461
199461
202334
202334
202334
0
202334
202333
202333
202333
202333
202333
202333
202333
202333
202333
218768
218768
218768
218768
218768
218768
218768
218768
218768
218768
220103
202333
200194
218768
200194
200194
200194
0
0
0
0
0
0
0
0
200194
200194
200194
200194
200194
200195
198679
201601
201601
201601
201601
214609
201601
201601
201601
201601
198679
200194
200194
200194
201579
201579
201579
201579
201579
201575
201577
201579
201579
201579
0
201579
201575
201579
201579
201579
201579
0
0
0
0
0
0
218790
218790
218790
218790
0
218790
218790
218790
218790
218790
218790
218790
218790
218790
218790
218790
218790
218790
218790
218790
218790
218790
218790
218790
218790
218790
0
0
0
0
0
0
0
207748
207748
207746
207746
207746
207748
207748
213507
213503
213503
213503
206956
206956
206956
213495
213495
213495
213495
213495
213495
213495
0
0
0
0
0
0
0
0
0
0
0
0
0
0
0
0
0
0
0
0
0
0
0
0
0
0
0
213491
213491
213491
213491
213491
213491
213491
213491
213491
213491
213491
213491
0
0
0
0
0
0
0
0
0
0
0
0
0
0
0
0
0
0
0
0
0
0
0
220131
0
0
0
214612
214612
214612
214612
214612
214612
214612
214612
214612
214612
214612
214612
214612
201688
201688
201684
199495
199497
199499
199499
199497
199497
199497
199499
199496
199499
199496
199496
199496
199497
199497
0
0
0
0
0
0
0
0
0
0
0
0
0
0
0
0
0
0
0
0
197042
198678
198678
197042
197042
197042
197042
197042
197042
197042
207960
207960
207960
207960
207960
207960
207960
207960
207960
207960
214611
214611
214611
214611
214611
214611
214611
214611
214611
214611
214611
214611
0
214611
214611
0
0
0
0
0
0
0
0
0
0
0
0
0
0
0
0
0
0
0
0
0
0
0
0
0
0
0
0
0
0
0
0
0
0
0
0
0
0
0
0
0
0
0
0
0
0
0
0
0
0
0
0
0
0
0
0
217187
217187
217187
217187
217187
217187
217187
217187
217187
217187
217187
217187
217187
217187
214437
214437
214437
214445
214439
214439
214439
214439
214445
214445
214445
214445
0
0
0
0
214433
214433
214433
214433
214433
214433
214433
214433
214433
214433
214433
214433
0
214433
214433
214433
214433
214433
214433
214433
214433
214433
214433
214433
214433
214433
214433
214433
214433
214433
0
0
0
214421
214421
214415
214415
214415
214415
214419
214415
214415
214415
214415
214415
214415
214415
214415
214415
214421
214413
218758
217174
217174
221344
221344
221344
221344
221344
201498
201498
201677
201677
201677
201677
201677
201677
201677
201677
201677
218750
218750
218750
214409
214409
214409
214409
214409
214409
214409
214409
214409
214409
214409
214409
214409
214409
214409
214409
214409
214409
201494
201494
201494
199484
201494
0
201496
201496
201675
201494
0
201675
201496
201496
0
201675
199484
199484
199484
201675
199484
201675
199484
201494
199484
199484
199484
199483
217168
217170
217170
201490
201490
201490
201490
201490
201490
201490
201490
201490
0
0
201492
201492
0
0
0
0
0
0
0
0
0
