39.985815 116.309701 35595
39.985748 116.309701 35600
39.985704 116.309680 35602
39.985694 116.309729 35606
39.985688 116.309741 35611
39.985686 116.309741 35616
39.985686 116.309742 35621
39.985683 116.309744 35626
39.985681 116.309744 35631
39.985641 116.309746 35636
39.985601 116.309746 35641
39.985583 116.309759 35646
39.985585 116.309759 35651
39.985586 116.309760 35656
39.985579 116.309759 35661
39.985575 116.309759 35666
39.985572 116.309759 35671
39.985540 116.309737 35676
39.985525 116.309760 35681
39.985516 116.309768 35686
39.985516 116.309778 35691
39.985524 116.309784 35696
39.985531 116.309790 35701
39.985538 116.309795 35706
39.985543 116.309797 35711
39.985547 116.309798 35716
39.985549 116.309795 35721
39.985553 116.309794 35726
39.985550 116.309797 35731
39.985551 116.309797 35736
39.985552 116.309797 35741
39.985552 116.309799 35746
39.985551 116.309799 35751
39.985552 116.309800 35756
39.985551 116.309801 35761
39.985551 116.309801 35766
39.985551 116.309800 35771
39.985551 116.309800 35776
39.985551 116.309799 35781
39.985552 116.309800 35786
39.985551 116.309799 35791
39.985545 116.309798 35796
39.985502 116.309826 35801
39.985409 116.309779 35805
39.985353 116.309760 35809
39.985302 116.309758 35814
39.985235 116.309757 35817
39.985176 116.309787 35820
39.985141 116.309829 35823
39.985025 116.309825 35827
39.984782 116.309825 35832
39.984542 116.309818 35837
39.984446 116.309647 35842
39.984290 116.309362 35847
39.984269 116.308932 35852
39.984335 116.308585 35857
39.984383 116.308373 35861
39.984388 116.308080 35866
39.984362 116.307639 35871
39.984383 116.307171 35876
39.984377 116.306946 35880
39.984379 116.306876 35883
39.984419 116.306867 35888
39.984421 116.306873 35893
39.984436 116.306854 35898
39.984455 116.306830 35903
39.984456 116.306828 35908
39.984456 116.306850 35913
39.984461 116.306846 35918
39.984482 116.306636 35923
39.984492 116.306059 35928
39.984448 116.305422 35933
39.984466 116.304673 35938
39.984417 116.303941 35943
39.984415 116.303275 35948
39.984441 116.302565 35953
39.984470 116.301947 35958
39.984425 116.301437 35963
39.984399 116.301125 35967
39.984404 116.300936 35971
39.984384 116.300798 35976
39.984374 116.300752 35981
39.984365 116.300735 35986
39.984363 116.300733 35991
39.984365 116.300735 35996
39.984367 116.300736 36001
39.984367 116.300733 36006
39.984369 116.300732 36011
39.984373 116.300733 36016
39.984377 116.300728 36021
39.984380 116.300734 36026
39.984387 116.300742 36031
39.984391 116.300752 36036
39.984392 116.300751 36041
39.984393 116.300744 36046
39.984396 116.300737 36051
39.984399 116.300722 36056
39.984403 116.300721 36061
39.984405 116.300721 36066
39.984407 116.300719 36071
39.984408 116.300724 36076
39.984410 116.300718 36081
39.984403 116.300674 36086
39.984438 116.300523 36091
39.984457 116.300271 36096
39.984539 116.299993 36101
39.984459 116.299828 36105
39.984417 116.299797 36108
39.984402 116.299786 36113
39.984400 116.299786 36118
39.984399 116.299786 36123
39.984399 116.299790 36128
39.984398 116.299789 36133
39.984398 116.299787 36138
39.984397 116.299787 36143
39.984397 116.299787 36148
39.984397 116.299785 36153
39.984397 116.299786 36158
39.984397 116.299783 36163
39.984397 116.299783 36168
39.984397 116.299784 36173
39.984397 116.299785 36178
39.984397 116.299785 36183
39.984396 116.299779 36188
