39.999895 116.327084 35640
39.999919 116.327019 35643
39.999930 116.326952 35646
39.999940 116.326886 35649
39.999951 116.326823 35652
39.999942 116.326750 35655
39.999936 116.326686 35658
39.999934 116.326622 35661
39.999933 116.326556 35664
39.999933 116.326493 35667
39.999933 116.326423 35670
39.999931 116.326363 35673
39.999906 116.326293 35676
39.999896 116.326234 35679
39.999886 116.326163 35683
39.999873 116.326103 35686
39.999869 116.326033 35690
39.999869 116.325970 35693
39.999896 116.325911 35697
39.999907 116.325838 35701
39.999931 116.325778 35705
39.999959 116.325729 35708
39.999995 116.325686 35711
40.000045 116.325653 35715
40.000090 116.325617 35719
40.000082 116.325558 35724
40.000120 116.325528 35728
40.000164 116.325519 35732
40.000219 116.325509 35736
40.000341 116.325544 35740
40.000412 116.325574 35743
40.000550 116.325603 35748
40.000650 116.325594 35752
40.000839 116.325605 35757
40.000941 116.325610 35761
40.001053 116.325612 35766
40.001108 116.325603 35769
40.001176 116.325600 35773
40.001221 116.325602 35776
40.001269 116.325529 35781
40.001290 116.325375 35786
40.001290 116.325232 35791
40.001290 116.325150 35794
40.001279 116.325080 35797
40.001281 116.325010 35800
40.001270 116.324934 35803
40.001272 116.324852 35806
40.001269 116.324793 35809
40.001264 116.324722 35812
40.001296 116.324597 35817
40.001318 116.324526 35821
40.001357 116.324509 35826
40.001405 116.324525 35831
40.001505 116.324521 35836
40.001695 116.324432 35841
40.001753 116.324419 35844
40.001849 116.324404 35849
40.001957 116.324410 35853
40.002051 116.324434 35857
40.002110 116.324459 35860
40.002171 116.324482 35863
40.002290 116.324479 35868
40.002389 116.324465 35873
40.002481 116.324441 35877
40.002586 116.324454 35881
40.002699 116.324431 35886
40.002808 116.324445 35890
40.002934 116.324421 35895
40.003042 116.324432 35900
40.003112 116.324425 35903
40.003175 116.324436 35906
40.003288 116.324436 35911
40.003377 116.324413 35916
40.003429 116.324410 35919
40.003525 116.324397 35924
40.003636 116.324406 35928
40.003756 116.324372 35932
40.003887 116.324350 35936
40.004017 116.324348 35940
40.004196 116.324347 35945
40.004357 116.324334 35949
40.004488 116.324338 35953
40.004604 116.324332 35957
40.004711 116.324315 35961
40.004823 116.324306 35965
40.004918 116.324294 35969
40.005012 116.324291 35973
40.005119 116.324283 35977
40.005227 116.324250 35982
40.005340 116.324255 35986
40.005461 116.324254 35990
40.005567 116.324262 35994
40.005679 116.324244 35999
40.005778 116.324240 36003
40.005880 116.324227 36008
40.005988 116.324198 36013
40.006097 116.324184 36017
40.006200 116.324146 36022
40.006293 116.324145 36026
40.006440 116.324240 36030
40.006542 116.324255 36034
40.006650 116.324189 36039
40.006682 116.324060 36043
40.006692 116.323929 36047
40.006687 116.323797 36051
40.006689 116.323638 36056
40.006692 116.323514 36060
40.006688 116.323368 36065
40.006678 116.323231 36069
40.006678 116.323101 36073
40.006690 116.322974 36077
40.006683 116.322845 36081
40.006678 116.322698 36085
40.006672 116.322553 36089
40.006667 116.322423 36093
40.006663 116.322304 36097
40.006653 116.322174 36101
40.006655 116.322041 36105
40.006658 116.321885 36110
40.006640 116.321714 36115
40.006626 116.321635 36118
40.006621 116.321499 36123
40.006625 116.321415 36126
40.006615 116.321353 36129
40.006623 116.321284 36132
40.006666 116.321246 36136
40.006714 116.321221 36141
40.006725 116.321203 36146
40.006752 116.321159 36151
40.006758 116.321166 36156
40.006785 116.321155 36161
40.006785 116.321156 36166
40.006777 116.321118 36171
40.006778 116.321124 36176
40.006787 116.321135 36181
40.006810 116.321134 36186
40.006824 116.321100 36191
40.006860 116.321055 36194
40.006870 116.320984 36199
40.006847 116.320973 36204
40.006838 116.320952 36209
40.006846 116.320936 36214
40.006861 116.320892 36219
40.006909 116.320861 36223
40.006911 116.320873 36228
40.006912 116.320875 36233
40.006952 116.320888 36238
