39.900728 116.268107 48918
39.901405 116.268129 48923
39.902097 116.268139 48928
39.902806 116.268133 48933
39.903535 116.268156 48938
39.904260 116.268169 48943
39.905082 116.268184 48948
39.906006 116.268232 48953
39.906892 116.268228 48958
39.907805 116.268220 48963
39.908736 116.268206 48968
39.909706 116.268238 48973
39.910652 116.268286 48978
39.911586 116.268347 48983
39.912493 116.268442 48988
39.913378 116.268539 48993
39.914252 116.268732 48998
39.915122 116.268917 49003
39.915967 116.269073 49008
39.916836 116.269191 49013
39.917797 116.269342 49018
39.918690 116.269442 49023
39.919517 116.269542 49028
39.920292 116.269570 49033
39.921067 116.269567 49038
39.921862 116.269567 49043
39.922657 116.269543 49048
39.923467 116.269502 49053
39.924326 116.269489 49058
39.925119 116.269471 49063
39.925860 116.269474 49068
39.926585 116.269474 49073
39.927267 116.269456 49078
39.927964 116.269426 49083
39.928665 116.269367 49088
39.929332 116.269329 49093
39.929880 116.269296 49098
39.930296 116.269296 49103
39.930731 116.269275 49108
39.931214 116.269207 49113
39.931779 116.269135 49118
39.932358 116.269052 49123
39.932953 116.268939 49128
39.933628 116.268844 49133
39.934274 116.268759 49138
39.934904 116.268719 49143
39.935421 116.268683 49148
39.935924 116.268644 49153
39.936443 116.268608 49158
39.936989 116.268600 49163
39.937630 116.268565 49168
39.938297 116.268521 49173
39.938963 116.268520 49178
39.939582 116.268552 49183
39.940067 116.268595 49188
39.940337 116.268641 49192
39.940412 116.268659 49194
39.940419 116.268640 49199
39.940418 116.268630 49204
39.940425 116.268615 49209
39.940607 116.268594 49214
39.940929 116.268575 49219
39.941328 116.268619 49224
39.941770 116.268704 49229
39.942281 116.268759 49234
39.942828 116.268859 49239
39.943371 116.269006 49244
39.943886 116.269152 49249
39.944391 116.269251 49254
39.944773 116.269304 49259
39.944982 116.269335 49263
39.945103 116.269358 49267
39.945161 116.269364 49270
39.945207 116.269368 49273
39.945222 116.269354 49278
39.945219 116.269349 49283
39.945212 116.269339 49288
39.945205 116.269326 49293
39.945201 116.269319 49298
39.945197 116.269312 49303
39.945194 116.269309 49308
39.945190 116.269305 49313
39.945188 116.269302 49318
39.945189 116.269308 49323
39.945191 116.269313 49328
39.945248 116.269318 49333
39.945381 116.269352 49337
39.945652 116.269399 49342
39.945995 116.269448 49347
39.946383 116.269525 49352
39.946825 116.269553 49357
39.947256 116.269522 49362
39.947741 116.269517 49367
39.948231 116.269534 49372
39.948716 116.269582 49377
39.949226 116.269625 49382
39.949766 116.269654 49387
39.950307 116.269710 49392
39.950841 116.269786 49397
39.951367 116.269866 49402
39.951872 116.269924 49407
39.952373 116.270004 49412
39.952880 116.270079 49417
39.953368 116.270148 49422
39.953746 116.270212 49427
39.953896 116.270223 49431
39.953913 116.270234 49435
39.953909 116.270237 49440
39.953975 116.270227 49445
39.954178 116.270189 49450
39.954510 116.270147 49455
39.954883 116.270086 49460
39.955345 116.270017 49465
39.955844 116.269969 49470
39.956333 116.269903 49475
39.956828 116.269796 49480
39.957370 116.269732 49485
39.957930 116.269633 49490
39.958554 116.269556 49495
39.959239 116.269465 49500
39.959970 116.269374 49505
39.960703 116.269263 49510
39.961449 116.269182 49515
