40.073876 116.406072 1881
40.073894 116.406105 1886
40.073913 116.406142 1891
40.073926 116.406166 1896
40.073927 116.406169 1901
40.073925 116.406171 1906
40.073908 116.406220 1911
40.073882 116.406306 1916
40.073874 116.406357 1921
40.073882 116.406378 1926
40.073855 116.406389 1931
40.073767 116.406288 1936
40.073350 116.406159 1941
40.072710 116.406094 1946
40.070201 116.406377 1951
40.068316 116.406435 1956
40.067585 116.406444 1961
40.066885 116.406412 1966
40.066238 116.406405 1971
40.065796 116.406402 1976
40.065532 116.406479 1981
40.065307 116.406578 1986
40.064153 116.406624 2041
40.063775 116.406521 2046
40.062887 116.406560 2051
40.061989 116.406624 2056
40.060968 116.406734 2061
40.059974 116.406803 2066
40.059029 116.406886 2071
40.058039 116.406977 2076
40.057183 116.407060 2081
40.056497 116.407131 2086
40.055874 116.407194 2091
40.055240 116.407200 2096
40.054623 116.407251 2101
40.054044 116.407287 2106
40.053517 116.407196 2111
40.053021 116.407048 2116
40.052572 116.406847 2121
40.052214 116.406651 2126
40.051983 116.406508 2131
40.051832 116.406405 2136
40.051807 116.406352 2141
40.051795 116.406349 2146
40.051760 116.406338 2151
40.051737 116.406330 2156
40.051734 116.406331 2161
40.051756 116.406319 2166
40.051786 116.406177 2171
40.051773 116.406145 2176
40.051810 116.406141 2181
40.051884 116.406139 2186
40.052004 116.406168 2191
40.052000 116.406164 2196
40.051900 116.406161 2201
40.051857 116.406125 2206
40.051839 116.406070 2211
40.051571 116.405737 2216
40.051080 116.405359 2221
40.050350 116.405197 2226
40.049336 116.405116 2231
40.048267 116.405004 2236
40.047164 116.404906 2241
40.046216 116.404938 2246
40.045288 116.405097 2251
40.044624 116.405489 2256
40.043945 116.406056 2261
40.043296 116.406593 2266
40.042689 116.406994 2271
40.042186 116.407284 2276
40.041729 116.407563 2281
40.041456 116.407901 2286
40.041161 116.408035 2291
40.040936 116.408099 2296
40.040866 116.408151 2301
40.040832 116.408168 2306
40.040825 116.408172 2311
40.040817 116.408177 2316
40.040796 116.408182 2321
40.040771 116.408192 2326
40.040760 116.408216 2331
40.040741 116.408214 2336
40.040728 116.408206 2341
40.040715 116.408200 2346
40.040637 116.408234 2351
40.040445 116.408322 2356
40.040204 116.408487 2361
40.039964 116.408727 2366
40.039553 116.408963 2371
40.038981 116.409208 2376
40.038367 116.409397 2381
40.037526 116.409545 2386
40.036744 116.409891 2391
40.036002 116.410266 2396
40.035255 116.410600 2401
40.034536 116.410864 2406
40.033797 116.411056 2411
40.032925 116.411234 2416
40.032086 116.411366 2421
40.031326 116.411567 2426
40.030700 116.411576 2431
40.030233 116.411601 2436
40.029907 116.411627 2441
40.029681 116.411629 2446
40.029563 116.411575 2451
40.029443 116.411530 2456
40.029314 116.411510 2461
40.029268 116.411456 2466
40.029241 116.411397 2471
40.029215 116.411343 2476
40.029246 116.411311 2481
