39.877997 116.271795 11119
39.877962 116.271688 11139
39.877962 116.271590 11142
39.877953 116.271477 11146
39.877932 116.271370 11150
39.877927 116.271275 11156
39.877972 116.271195 11202
39.878065 116.271147 11206
39.878158 116.271103 11211
39.878255 116.271078 11217
39.878387 116.271028 11221
39.878592 116.270927 11226
39.878692 116.270858 11229
39.878772 116.270785 11233
39.878858 116.270740 11350
39.878953 116.270762 11356
39.879002 116.270842 11362
39.878975 116.270942 11366
39.878937 116.271032 11370
39.878917 116.271125 11375
39.879002 116.271155 11382
39.879037 116.271070 11387
39.879058 116.270982 11497
39.879067 116.270885 11501
39.879047 116.270652 11506
39.879050 116.270422 11511
39.879058 116.270320 11515
39.879040 116.270215 11518
39.879022 116.270127 11521
39.878893 116.269965 11526
39.878702 116.270022 11531
39.878287 116.270140 11536
39.877745 116.270308 11541
39.877160 116.270482 11546
39.876598 116.270662 11551
39.876008 116.270792 11556
39.875363 116.270878 11561
39.874882 116.270948 11566
39.874598 116.270920 11570
39.874213 116.270667 11575
39.873782 116.270360 11580
39.873348 116.269985 11585
39.873047 116.269378 11590
39.872713 116.268707 11595
39.872412 116.268098 11600
39.872045 116.267398 11605
39.871650 116.266663 11610
39.871253 116.265883 11615
39.870848 116.265058 11620
39.870423 116.264168 11625
39.869998 116.263308 11630
39.869577 116.262453 11635
39.869215 116.261755 11640
39.868993 116.261348 11644
39.868803 116.260945 11649
39.868662 116.260613 11653
39.868512 116.260333 11657
39.868402 116.259953 11662
39.868508 116.259502 11667
39.868697 116.259073 11672
39.868870 116.258707 11677
39.869080 116.258570 11681
39.869370 116.258540 11685
39.869653 116.258543 11689
39.869950 116.258542 11693
39.870235 116.258553 11697
39.870490 116.258560 11701
