39.977149 116.330997 76023
39.977246 116.330962 76028
39.977427 116.331002 76032
39.977523 116.331014 76037
39.977560 116.331002 76042
39.977565 116.330978 76047
39.977535 116.330941 76052
39.977522 116.330947 76057
39.977479 116.330940 76062
39.977454 116.330984 76067
39.977455 116.330996 76071
39.977429 116.331008 76076
39.977399 116.331021 76081
39.977395 116.331031 76086
39.977405 116.331026 76091
39.977399 116.331019 76096
39.977364 116.330980 76101
39.977336 116.330949 76103
39.977337 116.330958 76108
39.977374 116.330943 76113
39.977365 116.330888 76118
39.977391 116.330867 76123
39.977365 116.330831 76128
39.977310 116.330826 76132
39.977231 116.330816 76137
39.977201 116.330822 76142
39.977250 116.330831 76147
39.977193 116.330826 76152
39.977098 116.330836 76157
39.977054 116.330849 76162
39.977034 116.330852 76167
39.977035 116.330836 76172
39.977055 116.330829 76177
39.977054 116.330838 76182
39.977008 116.330850 76187
39.977037 116.330844 76192
39.977093 116.330873 76197
39.977101 116.330899 76202
39.977092 116.330898 76203
39.977162 116.330872 76208
39.977253 116.330892 76209
39.977265 116.330896 76214
39.977248 116.330906 76218
39.977266 116.330944 76223
39.977305 116.330919 76228
39.977300 116.330940 76233
39.977494 116.330957 76238
39.977482 116.330957 76243
39.977481 116.330971 76248
39.977477 116.330977 76253
39.977368 116.330970 76258
39.977275 116.330920 76263
39.977254 116.330911 76264
39.977207 116.330928 76269
39.977195 116.330906 76271
39.977264 116.330893 76276
39.977302 116.330895 76281
39.977280 116.330913 76286
39.977282 116.330920 76291
39.977339 116.330909 76296
39.977270 116.330909 76301
39.977404 116.330911 76306
39.977419 116.330906 76311
39.977443 116.330929 76316
39.977322 116.330940 76321
39.977162 116.330900 76326
39.977023 116.330863 76331
39.976982 116.330818 76336
39.976896 116.330786 76341
39.976817 116.330787 76346
39.976785 116.330802 76348
39.976715 116.330828 76353
39.976829 116.330838 76358
39.976915 116.330861 76363
39.976932 116.330877 76368
39.976932 116.330897 76370
39.976937 116.330906 76375
39.976864 116.330896 76380
39.976836 116.330905 76385
39.977003 116.330892 76390
39.976995 116.330906 76395
39.976968 116.330898 76400
39.976894 116.330887 76405
39.976829 116.330882 76410
39.976848 116.330868 76415
39.976985 116.330870 76420
39.977056 116.330863 76425
39.977034 116.330854 76430
39.976966 116.330859 76435
39.976899 116.330860 76440
39.976851 116.330882 76445
39.976799 116.330886 76450
39.976740 116.330872 76455
39.976713 116.330860 76460
39.976666 116.330857 76465
39.976624 116.330867 76470
39.976610 116.330899 76475
39.976677 116.330929 76480
39.976772 116.330927 76485
39.976936 116.330901 76490
39.977080 116.330891 76495
39.977243 116.330894 76500
39.977244 116.330910 76505
39.977331 116.330919 76510
39.977275 116.330932 76515
39.977265 116.330921 76520
39.977261 116.330920 76525
39.977152 116.330930 76530
39.977046 116.330920 76535
39.977095 116.330900 76540
39.977095 116.330895 76545
39.977088 116.330886 76550
39.977087 116.330886 76555
39.977091 116.330884 76560
39.977097 116.330880 76565
39.977101 116.330873 76570
39.977100 116.330863 76575
39.977097 116.330843 76580
39.977097 116.330780 76585
39.977113 116.330750 76590
39.977149 116.330752 76595
39.977134 116.330746 76600
39.977127 116.330723 76605
39.977112 116.330721 76610
39.977072 116.330722 76615
39.976981 116.330707 76620
39.976795 116.330744 76625
