39.930481 116.497330 23561
39.930498 116.497220 23565
39.930482 116.497096 23569
39.930469 116.497022 23573
39.930624 116.497181 23578
39.930677 116.497162 23583
39.930703 116.497167 23587
39.930744 116.497173 23591
39.930767 116.497171 23595
39.930795 116.497189 23599
39.930826 116.497194 23603
39.930853 116.497145 23607
39.930919 116.497179 23611
39.930930 116.497143 23615
39.930995 116.497173 23619
39.931033 116.497144 23623
39.931055 116.497189 23627
39.931095 116.497204 23631
39.931145 116.497183 23635
39.931162 116.497176 23639
39.931190 116.497199 23643
39.931240 116.497200 23647
39.931294 116.497236 23651
39.931353 116.497271 23655
39.931446 116.497313 23659
39.931464 116.497291 23663
39.931497 116.497266 23667
39.931523 116.497283 23671
39.931534 116.497293 23675
39.931581 116.497282 23679
39.931609 116.497289 23683
39.931686 116.497301 23687
39.931757 116.497293 23691
39.931827 116.497281 23695
39.931874 116.497292 23699
39.931956 116.497297 23703
39.932026 116.497285 23707
39.932082 116.497266 23711
39.932121 116.497237 23715
39.932174 116.497216 23719
39.932200 116.497209 23723
39.932198 116.497209 23727
39.932184 116.497213 23731
39.932167 116.497216 23735
39.932159 116.497220 23737
39.932188 116.497274 23789
39.932266 116.497240 23793
39.932307 116.497242 23797
39.932298 116.497300 23801
39.932332 116.497272 23805
39.932371 116.497236 23809
39.932397 116.497197 23813
39.932383 116.497270 23817
39.932395 116.497290 23821
39.932398 116.497299 23825
39.932434 116.497289 23829
39.932480 116.497249 23833
39.932509 116.497184 23837
39.932531 116.497121 23841
39.932565 116.497056 23845
39.932594 116.497025 23849
39.932635 116.496964 23853
39.932663 116.496910 23857
39.932669 116.496866 23861
39.932688 116.496818 23865
39.932714 116.496747 23869
39.932749 116.496750 23873
39.932810 116.496758 23877
39.932867 116.496749 23881
39.932930 116.496721 23885
39.932956 116.496731 23889
39.932990 116.496705 23893
39.933025 116.496689 23897
39.933077 116.496650 23901
39.933150 116.496645 23905
39.933199 116.496622 23909
39.933228 116.496629 23913
39.933311 116.496645 23917
39.933386 116.496659 23921
39.933454 116.496659 23925
39.933463 116.496645 23929
39.933465 116.496640 23933
39.933478 116.496607 23937
39.933443 116.496581 23941
39.933407 116.496554 23945
39.933469 116.496650 23949
39.933486 116.496650 23953
39.933492 116.496657 23957
39.933520 116.496666 23961
39.933616 116.496718 23965
39.933667 116.496734 23969
39.933733 116.496716 23973
39.933797 116.496656 23977
39.933833 116.496647 23981
39.933846 116.496635 23985
39.933883 116.496671 23989
39.933940 116.496672 23993
39.934007 116.496666 23997
39.934059 116.496672 24001
39.934138 116.496665 24005
39.934201 116.496659 24009
39.934271 116.496625 24013
39.934320 116.496675 24017
39.934370 116.496677 24021
39.934432 116.496740 24025
39.934482 116.496730 24029
39.934532 116.496733 24033
39.934577 116.496711 24037
39.934620 116.496685 24041
39.934670 116.496687 24045
39.934739 116.496798 24049
39.934806 116.496771 24053
39.934837 116.496700 24057
39.934849 116.496615 24061
39.934850 116.496559 24065
39.934851 116.496499 24069
39.934842 116.496468 24073
39.934833 116.496423 24077
39.934757 116.496342 24081
39.934728 116.496270 24085
39.934720 116.496189 24089
39.934724 116.496106 24093
39.934702 116.496016 24097
39.934692 116.495917 24101
39.934689 116.495837 24105
39.934675 116.495758 24109
39.934694 116.495687 24113
39.934744 116.495697 24117
39.934787 116.495683 24121
39.934807 116.495653 24125
39.934816 116.495651 24129
39.934819 116.495654 24133
39.934860 116.495612 24137
39.934892 116.495563 24141
39.934911 116.495498 24145
39.934897 116.495462 24149
39.934886 116.495392 24153
39.934842 116.495332 24157
