39.992367 116.329546 16005
39.992416 116.329508 16010
39.992456 116.329482 16015
39.992509 116.329408 16020
39.992592 116.329319 16025
39.992664 116.329251 16030
39.992708 116.329248 16035
39.992716 116.329270 16040
39.992739 116.329299 16045
39.992766 116.329294 16050
39.992804 116.329292 16055
39.992832 116.329296 16060
39.992866 116.329268 16065
39.992885 116.329182 16070
39.992894 116.329102 16075
39.992923 116.329035 16080
39.992951 116.328969 16085
39.992985 116.328915 16090
39.993013 116.328881 16095
39.993025 116.328876 16110
39.992952 116.329065 16115
39.992909 116.329185 16120
39.992863 116.329244 16125
39.992859 116.329250 16130
39.992864 116.329259 16135
39.992893 116.329263 16140
39.992944 116.329248 16145
39.993024 116.329197 16155
39.993028 116.329200 16160
39.993033 116.329201 16165
39.993129 116.329162 16170
39.993206 116.329117 16175
39.993278 116.329077 16180
39.993358 116.329027 16185
39.993431 116.329038 16190
39.993567 116.328975 16195
39.993732 116.328819 16200
39.993840 116.328746 16205
39.993885 116.328738 16210
39.993917 116.328691 16215
39.993932 116.328643 16220
39.993957 116.328607 16225
39.993990 116.328576 16230
39.994012 116.328565 16235
39.994055 116.328507 16240
39.994097 116.328448 16245
39.994128 116.328399 16250
39.994158 116.328372 16255
39.994178 116.328337 16260
39.994191 116.328298 16265
39.994206 116.328291 16270
39.994238 116.328223 16275
39.994265 116.328191 16280
39.994310 116.328156 16285
39.994357 116.328127 16290
39.994398 116.328091 16295
39.994447 116.328065 16300
39.994508 116.327994 16305
39.994584 116.327947 16310
39.994650 116.327899 16315
39.994745 116.327802 16325
39.994742 116.327754 16330
39.994728 116.327741 16335
39.994740 116.327756 16340
39.994749 116.327755 16345
39.994732 116.327713 16350
39.994723 116.327645 16355
39.994720 116.327590 16360
39.994734 116.327571 16365
39.994760 116.327534 16370
39.994790 116.327495 16375
39.994801 116.327465 16380
39.994802 116.327467 16385
39.994810 116.327491 16390
39.994385 116.327800 16395
39.993809 116.328353 16400
39.993738 116.328547 16405
39.993741 116.328635 16410
39.993727 116.328675 16415
39.993696 116.328734 16420
39.993600 116.328846 16425
39.993539 116.328905 16430
39.993512 116.328980 16435
39.993427 116.329018 16440
39.993372 116.328985 16445
39.993365 116.328909 16450
39.993357 116.328870 16455
39.993352 116.328861 16460
39.993314 116.328879 16465
39.993278 116.328908 16470
39.993258 116.328921 16475
39.993252 116.328912 16480
39.993250 116.328908 16485
39.993252 116.328908 16490
39.993251 116.328906 16495
39.993254 116.328915 16500
39.993242 116.328933 16505
39.993244 116.328941 16510
39.993239 116.328934 16515
39.993239 116.328935 16520
39.993238 116.328935 16525
39.993236 116.328930 16530
39.993218 116.328892 16535
39.993256 116.328863 16540
39.993312 116.328848 16545
39.993335 116.328856 16550
39.993323 116.328882 16555
39.993255 116.328971 16560
39.993218 116.328993 16565
39.993212 116.328990 16570
39.993212 116.328999 16575
39.993214 116.329007 16580
39.993216 116.329015 16585
39.993220 116.329026 16590
39.993215 116.329022 16595
39.993209 116.329019 16600
