39.932404 116.432600 2880
39.932426 116.432597 2884
39.932454 116.432599 2888
39.932499 116.432666 2892
39.932483 116.432670 2896
39.932495 116.432662 2900
39.932496 116.432653 2904
39.932496 116.432651 2908
39.932498 116.432650 2912
39.932503 116.432653 2916
39.932514 116.432651 2920
39.932563 116.432653 2924
39.932609 116.432664 2928
39.932679 116.432681 2933
39.932649 116.432681 2938
39.932662 116.432695 2942
39.932657 116.432585 2946
39.932629 116.432562 2950
39.932557 116.432512 2954
39.932525 116.432465 2958
39.932487 116.432415 2962
39.932467 116.432370 2966
39.932458 116.432351 2970
39.932444 116.432353 2974
39.932412 116.432374 2978
39.932416 116.432374 2982
39.932421 116.432376 2986
39.932388 116.432314 2990
39.932341 116.432391 2994
39.932324 116.432331 2998
39.932295 116.432260 3002
39.932277 116.432195 3006
39.932242 116.432111 3010
39.932238 116.432039 3014
39.932238 116.431949 3018
39.932008 116.431693 3022
39.931980 116.431630 3026
39.931964 116.431571 3030
39.931978 116.431522 3034
39.931982 116.431493 3038
39.931989 116.431454 3042
39.931994 116.431414 3046
39.931992 116.431380 3050
39.931965 116.431339 3054
39.931963 116.431295 3058
39.931958 116.431224 3062
39.931949 116.431181 3066
39.931955 116.431139 3070
39.931958 116.431113 3074
39.931959 116.431095 3078
39.931900 116.431060 3082
39.931833 116.431112 3086
39.931823 116.431120 3090
39.931823 116.431118 3094
39.931825 116.431115 3098
39.931858 116.431114 3102
39.931901 116.431088 3106
39.931961 116.431091 3110
39.932009 116.431074 3114
39.932024 116.431041 3118
39.932047 116.431031 3122
39.932066 116.431002 3126
39.932109 116.430988 3130
39.932145 116.431019 3134
39.932169 116.431010 3138
39.932207 116.430989 3142
39.932227 116.430938 3146
39.932263 116.430914 3150
39.932324 116.430879 3154
39.932368 116.430793 3158
39.932411 116.430743 3162
39.932509 116.430703 3166
39.932614 116.430628 3170
39.932702 116.430574 3174
39.932796 116.430540 3178
39.932890 116.430466 3182
39.932957 116.430408 3186
39.933055 116.430350 3190
39.933159 116.430288 3194
39.933276 116.430281 3198
39.933351 116.430263 3202
39.933408 116.430230 3206
39.933415 116.430200 3210
39.933453 116.430146 3214
39.933490 116.430070 3218
39.933505 116.430058 3222
39.933523 116.430089 3226
39.933527 116.430105 3230
39.933557 116.430081 3234
39.933585 116.430084 3238
39.933627 116.430052 3242
39.933636 116.430036 3246
39.933665 116.430047 3250
39.933682 116.430061 3254
39.933686 116.430088 3258
39.933729 116.430187 3262
39.933771 116.430242 3266
39.933802 116.430262 3270
39.933829 116.430256 3274
39.933866 116.430232 3278
39.933863 116.430236 3282
39.933861 116.430238 3286
39.933863 116.430235 3290
39.933889 116.430233 3294
39.933936 116.430218 3298
39.933997 116.430184 3302
39.934150 116.429940 3306
39.934219 116.429824 3310
39.934219 116.429822 3314
39.934222 116.429826 3318
39.934232 116.429771 3322
39.934235 116.429771 3326
39.934235 116.429778 3330
39.934239 116.429779 3334
39.934244 116.429782 3338
39.934246 116.429789 3342
39.934252 116.429791 3346
39.934255 116.429793 3350
39.934256 116.429793 3354
39.934254 116.429793 3358
39.934250 116.429790 3362
39.934245 116.429787 3366
39.934241 116.429786 3370
39.934243 116.429781 3374
39.934257 116.429740 3378
39.934269 116.429744 3382
39.934247 116.429824 3386
39.934244 116.429830 3390
39.934240 116.429829 3394
39.934239 116.429822 3398
39.934242 116.429814 3402
39.934251 116.429808 3406
39.934275 116.429768 3410
39.934246 116.429861 3414
39.934222 116.430115 3418
39.934234 116.430141 3422
39.934193 116.430199 3426
39.934235 116.430233 3430
39.934292 116.430222 3434
39.934351 116.430216 3438
39.934371 116.430239 3442
39.934367 116.430278 3446
39.934417 116.430248 3450
39.934551 116.430138 3454
39.934604 116.430125 3458
39.934612 116.430129 3462
39.934610 116.430130 3466
39.934604 116.430144 3470
39.934613 116.430179 3474
39.934672 116.430259 3478
39.934649 116.430259 3480
