39.975166 116.325988 42243
39.968967 116.330198 42363
39.975371 116.328423 42368
39.975980 116.326404 42373
39.976010 116.326218 42378
39.975991 116.326225 42383
39.975931 116.326249 42388
39.975921 116.326243 42393
39.975750 116.326335 42398
39.975735 116.326227 42403
39.975701 116.325800 42408
39.975728 116.325646 42413
39.975797 116.325533 42418
39.975723 116.325527 42423
39.975706 116.325546 42428
39.975703 116.325613 42433
39.975685 116.325690 42438
39.975690 116.325761 42443
39.975683 116.325811 42448
39.975696 116.325862 42453
39.975711 116.325904 42458
39.975759 116.325972 42463
39.975807 116.326021 42468
39.975847 116.326064 42473
39.975845 116.326119 42478
39.975815 116.326173 42483
39.975809 116.326212 42488
39.975805 116.326240 42493
39.975686 116.326465 42498
39.975688 116.326571 42503
39.975702 116.326611 42508
39.975697 116.326666 42513
39.975638 116.326621 42518
39.975566 116.326602 42523
39.975614 116.326625 42528
39.975631 116.326768 42533
39.975668 116.326838 42538
39.975686 116.326876 42543
39.975665 116.326886 42548
39.975599 116.326898 42553
39.975575 116.326875 42558
39.975583 116.326859 42563
39.975582 116.326858 42568
39.975553 116.326854 42573
39.975519 116.326849 42578
39.975469 116.326806 42583
39.975597 116.327051 42588
39.975627 116.327166 42593
39.975527 116.327205 42598
39.975500 116.327248 42603
39.975615 116.327184 42608
39.975446 116.327145 42613
39.975430 116.327104 42618
39.975480 116.327061 42623
39.975516 116.327071 42628
39.975599 116.327045 42633
39.975619 116.327036 42638
39.975623 116.327033 42643
39.975626 116.327056 42648
39.975604 116.327064 42653
39.975598 116.327059 42658
39.975603 116.327064 42663
39.975609 116.327067 42668
39.975605 116.327070 42673
39.975670 116.327061 42678
39.975676 116.327087 42683
39.975623 116.327161 42688
39.975698 116.327171 42693
39.975670 116.327236 42698
39.975717 116.327277 42703
39.975695 116.327354 42708
39.975668 116.327447 42713
39.975628 116.327495 42718
39.975631 116.327592 42723
39.975596 116.327698 42728
39.975624 116.327771 42733
39.975660 116.327843 42738
39.975658 116.327919 42743
39.975679 116.327977 42748
39.975657 116.328063 42753
39.975632 116.328147 42758
39.975651 116.328171 42763
39.975684 116.328216 42768
39.975696 116.328278 42773
39.975727 116.328313 42778
39.975782 116.328411 42783
39.975814 116.328504 42788
39.975829 116.328548 42793
39.975789 116.328650 42798
39.975753 116.328725 42803
39.975801 116.328786 42808
39.975800 116.328858 42813
39.975814 116.328922 42818
39.975792 116.328963 42823
39.975803 116.329030 42828
39.975816 116.329134 42833
39.975807 116.329192 42838
39.975758 116.329281 42843
39.975711 116.329381 42848
39.975667 116.329473 42853
39.975663 116.329537 42858
39.975702 116.329563 42863
39.975702 116.329615 42868
39.975732 116.329698 42873
39.975716 116.329825 42878
39.975689 116.329901 42883
39.975706 116.329979 42888
39.975676 116.330079 42893
39.975692 116.330126 42898
39.975673 116.330185 42903
39.975669 116.330215 42908
39.975637 116.330234 42913
39.975641 116.330258 42918
39.975603 116.330248 42923
39.975546 116.330241 42928
39.975541 116.330252 42933
39.975563 116.330271 42938
39.975601 116.330287 42943
39.975636 116.330320 42948
39.975672 116.330349 42953
