39.965804 116.325475 15132
39.966208 116.325695 15172
39.965784 116.326512 15177
39.965796 116.326473 15182
39.965863 116.326459 15187
39.965966 116.326338 15192
39.965969 116.326322 15197
39.965990 116.326334 15202
39.966019 116.326352 15207
39.966038 116.326385 15212
39.966020 116.326390 15217
39.965524 116.326581 15222
39.965540 116.326579 15227
39.965794 116.326684 15232
39.965874 116.326721 15237
39.965865 116.326734 15242
39.965888 116.326772 15247
39.965884 116.326799 15252
39.965872 116.326843 15257
39.965878 116.326924 15262
39.965901 116.326988 15267
39.965885 116.327028 15272
39.965883 116.327105 15277
39.965886 116.327149 15282
39.965905 116.327175 15287
39.965907 116.327219 15292
39.965897 116.327312 15297
39.965893 116.327380 15302
39.965893 116.327444 15307
39.965895 116.327586 15312
39.965854 116.327685 15317
39.965846 116.327779 15322
39.965849 116.327859 15327
39.965862 116.327897 15332
39.965881 116.327888 15337
39.965891 116.327888 15342
39.965894 116.327880 15347
39.965897 116.327869 15352
39.965885 116.327880 15357
39.965895 116.327877 15362
39.965898 116.327929 15367
39.965900 116.328013 15372
39.965913 116.328085 15377
39.965933 116.328156 15382
39.965949 116.328228 15387
39.965938 116.328286 15392
39.965943 116.328338 15397
39.965927 116.328382 15402
39.965906 116.328450 15407
39.965922 116.328517 15412
39.965924 116.328575 15417
39.965936 116.328650 15422
39.965920 116.328732 15427
39.965925 116.328827 15432
39.965925 116.328903 15437
39.965914 116.328974 15442
39.965900 116.329066 15447
39.965903 116.329149 15452
39.965925 116.329239 15457
39.965936 116.329330 15462
39.965945 116.329444 15467
39.965948 116.329498 15472
39.965932 116.329581 15477
39.965946 116.329685 15482
39.965973 116.329801 15487
39.965978 116.329868 15492
39.965981 116.329928 15497
39.965967 116.330013 15502
39.965987 116.330100 15507
39.965993 116.330143 15512
39.965994 116.330231 15517
39.966002 116.330344 15522
39.965995 116.330460 15527
39.966009 116.330517 15532
39.966012 116.330578 15537
39.966020 116.330651 15542
39.966002 116.330732 15547
39.965995 116.330807 15552
39.965996 116.330902 15557
39.965990 116.331002 15562
39.966000 116.331061 15567
39.966003 116.331120 15572
39.965983 116.331176 15577
39.965980 116.331248 15582
39.965971 116.331341 15587
39.965994 116.331441 15592
39.966000 116.331490 15597
39.965994 116.331574 15602
39.966007 116.331630 15607
39.966017 116.331677 15612
39.966005 116.331725 15617
39.966019 116.331780 15622
39.966029 116.331864 15627
39.966024 116.331940 15632
39.966006 116.332026 15637
39.966005 116.332104 15642
39.966006 116.332220 15647
39.966013 116.332279 15652
39.966048 116.332382 15657
39.966069 116.332451 15662
39.966046 116.332528 15667
39.966025 116.332627 15672
39.966011 116.332712 15677
39.966010 116.332816 15682
39.966012 116.332903 15687
39.966022 116.332948 15692
39.966012 116.333021 15697
39.966014 116.333074 15702
39.966009 116.333124 15707
39.966043 116.333248 15712
39.966045 116.333366 15717
39.966042 116.333434 15722
39.966048 116.333529 15727
39.966043 116.333593 15732
