40.063610 116.292945 4001
40.070881 116.302617 4066
40.070431 116.303589 4071
40.069914 116.304553 4076
40.069563 116.305616 4081
40.069450 116.306750 4086
40.069436 116.307814 4091
40.069459 116.308872 4096
40.069472 116.309939 4101
40.069469 116.310975 4106
40.069466 116.311902 4111
40.069451 116.312659 4116
40.069450 116.313215 4121
40.069429 116.313582 4126
40.069434 116.313762 4131
40.069432 116.313823 4136
40.069423 116.313834 4141
40.069416 116.313820 4146
40.069423 116.313787 4151
40.069437 116.313750 4156
40.069444 116.313753 4161
40.069456 116.313770 4166
40.069476 116.313766 4171
40.069464 116.313759 4176
40.069461 116.313742 4181
40.069454 116.313863 4186
40.069395 116.314356 4191
40.069307 116.315232 4196
40.069292 116.316426 4201
40.069285 116.317668 4206
40.069364 116.318830 4211
40.069365 116.319955 4216
40.069342 116.321094 4221
40.069349 116.322276 4226
40.069296 116.323438 4231
40.069273 116.324562 4236
40.069265 116.325652 4241
40.069273 116.326755 4246
40.069303 116.327773 4251
40.069312 116.328610 4256
40.069322 116.329218 4261
40.069354 116.329713 4266
40.069381 116.330105 4271
40.069425 116.330387 4276
40.069490 116.330547 4281
40.069546 116.330574 4286
40.069558 116.330502 4291
40.069580 116.330479 4296
40.069598 116.330464 4301
40.069605 116.330451 4306
40.069598 116.330444 4311
40.069591 116.330452 4316
40.069569 116.330593 4321
40.069535 116.331072 4326
40.069480 116.331752 4331
40.069427 116.332589 4336
40.069403 116.333604 4341
40.069389 116.334776 4346
40.069360 116.335984 4351
40.069330 116.337130 4356
40.069302 116.338278 4361
40.069296 116.339401 4366
40.069330 116.340498 4371
40.069461 116.341516 4376
40.069551 116.342432 4381
40.069559 116.343226 4386
40.069532 116.344029 4391
40.069524 116.345014 4396
40.069485 116.346125 4401
40.069368 116.347244 4406
40.069241 116.348308 4411
40.069193 116.349228 4416
40.069162 116.350092 4421
40.069146 116.350954 4426
40.069175 116.351816 4431
40.069162 116.352668 4436
40.069118 116.353432 4441
40.069072 116.354058 4446
40.069050 116.354616 4451
40.069134 116.355053 4456
40.069214 116.355411 4461
40.069180 116.355511 4466
40.069135 116.355464 4471
40.069129 116.355456 4476
40.069119 116.355463 4481
40.069108 116.355475 4486
40.069102 116.355447 4491
40.069058 116.355324 4496
40.068986 116.355135 4501
40.068925 116.354933 4506
40.068897 116.355026 4511
40.068969 116.355605 4516
40.068975 116.356367 4521
40.068983 116.357298 4526
40.068994 116.358384 4531
40.069014 116.359538 4536
40.069012 116.360671 4541
40.068934 116.361766 4546
40.068793 116.362827 4551
40.068594 116.363929 4556
40.068317 116.365000 4561
40.067978 116.366039 4566
40.067521 116.367008 4571
40.067075 116.367982 4576
40.066654 116.368969 4581
40.066250 116.369969 4586
40.065835 116.370943 4591
40.065416 116.371897 4596
40.064998 116.372856 4601
