39.994027 116.189833 38517
39.994031 116.189757 38522
39.994041 116.189694 38526
39.994056 116.189652 38531
39.994061 116.189593 38536
39.994086 116.189488 38538
39.994087 116.189443 38543
39.994098 116.189437 38548
39.994086 116.189406 38553
39.994082 116.189406 38558
39.994080 116.189405 38563
39.994091 116.189405 38568
39.994106 116.189374 38573
39.994120 116.189305 38576
39.994117 116.189301 38581
39.994124 116.189298 38586
39.994125 116.189295 38591
39.994124 116.189290 38596
39.994124 116.189219 38600
39.994130 116.189087 38605
39.994137 116.188832 38610
39.994143 116.188757 38613
39.994150 116.188713 38618
39.994148 116.188681 38623
39.994152 116.188682 38628
39.994158 116.188680 38633
39.994156 116.188650 38638
39.994151 116.188594 38643
39.994148 116.188589 38648
39.994154 116.188589 38653
39.994158 116.188587 38658
39.994165 116.188589 38663
39.994169 116.188595 38668
39.994172 116.188595 38673
39.994172 116.188594 38678
39.994162 116.188594 38683
39.994167 116.188590 38688
39.994186 116.188597 38693
39.994203 116.188590 38698
39.994234 116.188513 38703
39.994275 116.188478 38707
39.994308 116.188487 38712
39.994316 116.188511 38717
39.994342 116.188520 38722
39.994358 116.188455 38725
39.994385 116.188344 38728
39.994466 116.188413 38733
39.994485 116.188433 38738
39.994517 116.188478 38739
39.994525 116.188527 38744
39.994524 116.188527 38749
39.994524 116.188526 38754
39.994532 116.188527 38759
39.994521 116.188523 38764
39.994521 116.188521 38769
39.994516 116.188520 38774
39.994518 116.188520 38779
39.994525 116.188521 38784
39.994574 116.188520 38789
39.994583 116.188468 38794
39.994613 116.188408 38799
39.994635 116.188381 38804
39.994646 116.188328 38809
39.994657 116.188314 38814
39.994684 116.188298 38819
39.994729 116.188278 38823
39.994740 116.188262 38828
39.994790 116.188226 38833
39.994833 116.188200 38838
39.994858 116.188147 38843
39.994867 116.188103 38848
39.994882 116.188083 38853
39.994873 116.188064 38858
39.994879 116.188042 38863
39.994899 116.188025 38868
39.994898 116.188015 38873
39.994894 116.188016 38878
39.994889 116.188005 38883
39.994887 116.188010 38888
39.994867 116.188030 38893
39.994866 116.188032 38898
39.994870 116.187978 38903
39.994882 116.187945 38908
39.994883 116.187946 38913
39.994900 116.187917 38918
39.994912 116.187948 38923
39.994913 116.187982 38928
39.994923 116.187985 38933
39.994933 116.187993 38938
39.994945 116.187983 38943
39.994945 116.187987 38948
39.994959 116.187992 38953
39.994980 116.187955 38958
39.994964 116.187935 38963
39.994968 116.187940 38968
39.995007 116.187973 38973
39.995035 116.187971 38978
39.995052 116.187968 38983
39.995084 116.187955 38988
39.995108 116.187941 38993
39.995156 116.187923 38996
39.995193 116.187888 39001
39.995219 116.187834 39006
39.995252 116.187786 39010
39.995290 116.187761 39015
39.995318 116.187744 39020
39.995338 116.187723 39025
39.995368 116.187666 39028
39.995401 116.187638 39033
39.995442 116.187598 39037
39.995479 116.187562 39042
39.995522 116.187541 39045
39.995546 116.187501 39050
39.995556 116.187437 39055
39.995579 116.187404 39060
39.995585 116.187385 39065
39.995577 116.187383 39070
39.995592 116.187359 39075
39.995606 116.187297 39078
39.995601 116.187305 39083
39.995590 116.187336 39088
39.995571 116.187341 39093
39.995555 116.187361 39098
39.995553 116.187394 39103
39.995528 116.187402 39108
39.995508 116.187455 39113
