39.985285 116.326980 41248
39.985155 116.326872 41250
39.985122 116.326800 41255
39.985122 116.326800 41260
39.985122 116.326800 41265
39.985112 116.326815 41270
39.985107 116.326850 41274
39.985098 116.326877 41278
39.985092 116.326890 41280
39.985078 116.326953 41285
39.985087 116.327043 41289
39.985103 116.327145 41293
39.985100 116.327233 41297
39.985087 116.327257 41301
39.985087 116.327257 41306
39.985087 116.327257 41311
39.985087 116.327257 41316
39.985043 116.327263 41321
39.985005 116.327263 41325
39.984960 116.327245 41329
39.984900 116.327218 41333
39.984810 116.327215 41337
39.984710 116.327230 41341
39.984618 116.327268 41345
39.984548 116.327277 41349
39.984527 116.327290 41353
39.984527 116.327290 41358
39.984527 116.327290 41363
39.984527 116.327290 41368
39.984510 116.327290 41373
39.984467 116.327312 41377
39.984395 116.327302 41381
39.984352 116.327328 41385
39.984248 116.327310 41389
39.984168 116.327268 41393
39.984032 116.327252 41397
39.983930 116.327235 41401
39.983855 116.327250 41405
39.983765 116.327255 41409
39.983647 116.327283 41413
39.983517 116.327350 41417
39.983400 116.327390 41421
39.983295 116.327365 41425
39.983268 116.327368 41429
39.983078 116.327335 41433
39.982955 116.327343 41437
39.982917 116.327440 41441
39.982815 116.327430 41445
39.982687 116.327408 41449
39.982580 116.327458 41453
39.982495 116.327452 41457
39.982453 116.327623 41461
39.982387 116.327632 41465
39.982330 116.327607 41469
39.982143 116.327468 41473
39.982108 116.327430 41475
39.981950 116.327390 41480
39.981852 116.327423 41484
39.981685 116.327335 41488
39.981515 116.327195 41492
39.981408 116.327225 41496
39.981368 116.327367 41500
39.981357 116.327580 41504
39.981375 116.327758 41508
39.981332 116.327937 41512
39.981277 116.328058 41516
39.981242 116.328117 41520
39.981172 116.328127 41524
39.981060 116.328168 41528
39.980940 116.328175 41532
39.980832 116.328182 41536
39.980753 116.328185 41540
39.980695 116.328207 41544
39.980617 116.328212 41548
39.980498 116.328235 41552
39.980395 116.328273 41556
39.980342 116.328297 41560
39.980288 116.328342 41564
39.980270 116.328385 41568
39.980190 116.328425 41572
39.980112 116.328438 41576
39.979997 116.328432 41580
39.980017 116.328502 41584
39.979947 116.328553 41588
39.979793 116.328533 41592
39.979688 116.328557 41596
39.979605 116.328605 41600
39.979530 116.328633 41604
39.979412 116.328677 41608
39.979285 116.328690 41612
39.979193 116.328745 41616
39.979107 116.328783 41620
39.979028 116.328777 41624
39.978957 116.328778 41628
39.978805 116.328733 41632
39.978588 116.328705 41636
39.978437 116.328777 41640
39.978338 116.328853 41644
39.978243 116.328890 41648
39.978105 116.328863 41652
39.978028 116.328890 41656
39.977990 116.328902 41660
39.977947 116.328943 41664
39.977823 116.328947 41668
39.977647 116.328970 41672
39.977443 116.328983 41676
39.977298 116.328993 41680
39.977203 116.329000 41684
39.977073 116.329007 41688
39.976985 116.329062 41692
39.976948 116.329157 41696
39.976912 116.329277 41700
39.976893 116.329383 41704
39.976880 116.329527 41708
39.976885 116.329680 41712
39.976925 116.329753 41716
39.976952 116.329827 41720
39.976965 116.329847 41722
39.976967 116.329855 41727
39.976967 116.329855 41732
39.976963 116.329868 41737
39.976955 116.329892 41741
39.976952 116.329952 41745
39.976948 116.330017 41749
39.976960 116.330043 41753
39.977015 116.330128 41757
39.976982 116.330163 41761
39.976940 116.330232 41765
39.976897 116.330302 41769
39.976860 116.330367 41773
39.976863 116.330407 41777
39.976853 116.330507 41781
39.976888 116.330597 41785
39.976905 116.330763 41789
39.976970 116.330818 41793
39.976950 116.330873 41797
39.976942 116.330845 41799
39.976903 116.330767 41804
39.976883 116.330747 41808
39.976920 116.330740 41812
39.976895 116.330738 41817
39.976928 116.330752 41819
39.977003 116.330778 41824
39.977027 116.330798 41829
39.976987 116.330685 41833
39.976948 116.330637 41837
39.976785 116.330700 41841
39.976538 116.330777 41845
