40.077180 116.324812 3606
40.077220 116.324945 3607
40.077480 116.325722 3613
40.077682 116.326408 3619
40.077833 116.326960 3625
40.077848 116.327217 3629
40.077727 116.327373 3633
40.077497 116.327453 3637
40.077320 116.327557 3641
40.077170 116.327683 3645
40.077088 116.327772 3649
40.077008 116.327783 3653
40.076908 116.327818 3657
40.076803 116.327887 3661
40.076678 116.327910 3665
40.076530 116.327940 3669
40.076425 116.327933 3673
40.076438 116.327947 3690
40.076438 116.327958 3692
40.076415 116.327987 3723
40.076413 116.327993 3739
40.076418 116.327987 3762
40.076412 116.327987 3767
40.076387 116.327985 3793
40.076360 116.327980 3797
40.076352 116.327980 3807
40.076353 116.327980 3857
40.076355 116.327978 3871
40.076357 116.327977 3891
40.076368 116.327957 3895
40.076378 116.327947 3914
40.076383 116.327950 3977
40.076377 116.327945 3995
40.076375 116.327947 4009
40.076375 116.327947 4079
40.076377 116.327947 4081
40.076392 116.327930 4087
40.076362 116.327962 4092
40.076343 116.328030 4096
40.076357 116.328068 4100
40.076370 116.328120 4104
40.076380 116.328162 4106
40.076318 116.328305 4110
40.076265 116.328453 4114
40.075703 116.329343 4147
40.075683 116.329575 4154
40.075740 116.329790 4171
40.075718 116.329990 4175
40.075690 116.330230 4179
40.075715 116.330602 4184
40.075708 116.330902 4188
40.075788 116.331847 4197
40.075735 116.332408 4203
