39.910233 116.386583 27553
39.910102 116.386555 27557
39.910035 116.386545 27561
39.910002 116.386577 27565
39.909942 116.386572 27569
39.909918 116.386603 27573
39.909855 116.386637 27577
39.909817 116.386660 27581
39.909780 116.386703 27585
39.909748 116.386770 27589
39.909723 116.386818 27593
39.909712 116.386817 27597
39.909710 116.386827 27602
39.909707 116.386835 27607
39.909702 116.386888 27611
39.909708 116.386945 27615
39.909728 116.387030 27619
39.909733 116.387065 27623
39.909730 116.387117 27627
39.909745 116.387125 27631
39.909780 116.387145 27635
39.909713 116.387255 27639
39.909723 116.387353 27644
39.909733 116.387410 27648
39.909740 116.387475 27653
39.909733 116.387490 27657
39.909798 116.387622 27661
39.909797 116.387670 27665
39.909802 116.387720 27669
39.909767 116.387795 27673
39.909757 116.387882 27677
39.909757 116.387962 27681
39.909807 116.388033 27685
39.909818 116.388107 27690
39.909817 116.388143 27695
39.909773 116.388220 27699
39.909752 116.388253 27704
39.909773 116.388253 27708
39.909797 116.388245 27712
39.909842 116.388230 27717
39.909895 116.388222 27721
39.910018 116.388190 27725
39.910073 116.388222 27729
39.910110 116.388238 27733
39.910082 116.388290 27737
39.910063 116.388340 27741
39.910075 116.388377 27745
39.910063 116.388413 27749
39.910027 116.388480 27753
39.909997 116.388515 27757
39.909957 116.388515 27761
39.909935 116.388528 27765
39.909885 116.388547 27769
39.909888 116.388560 27773
39.909885 116.388535 27778
39.909867 116.388528 27782
39.909867 116.388550 27786
39.910110 116.388472 27790
39.910192 116.388475 27794
39.910227 116.388528 27798
39.910245 116.388585 27802
39.910255 116.388630 27806
39.910253 116.388682 27810
39.910262 116.388740 27814
39.910275 116.388765 27818
39.910277 116.388802 27822
39.910300 116.388865 27826
39.910300 116.388913 27830
39.910288 116.388977 27834
39.910292 116.389040 27838
39.910313 116.389090 27842
39.910300 116.389158 27846
39.910310 116.389198 27850
39.910282 116.389302 27854
39.910243 116.389367 27858
39.910232 116.389412 27862
39.910253 116.389437 27866
39.910273 116.389443 27870
39.910313 116.389455 27874
39.910338 116.389475 27878
39.910348 116.389513 27882
39.910335 116.389532 27886
39.910350 116.389555 27890
39.910368 116.389535 27895
39.910383 116.389507 27899
39.910443 116.389483 27903
39.910520 116.389438 27907
39.910590 116.389407 27911
39.910630 116.389403 27915
39.910668 116.389392 27919
39.910682 116.389362 27923
39.910698 116.389302 27927
39.910732 116.389203 27931
39.910765 116.389115 27935
39.910732 116.389058 27939
39.910712 116.389013 27943
39.910672 116.388932 27947
39.910620 116.388865 27951
39.910602 116.388887 27955
39.910582 116.388920 27959
39.910610 116.388935 27963
39.910710 116.388897 27967
39.910770 116.388857 27971
39.910828 116.388805 27975
39.910855 116.388743 27979
39.910880 116.388710 27983
39.910923 116.388675 27987
39.910938 116.388628 27991
39.910973 116.388630 27995
39.911012 116.388638 27999
39.911060 116.388645 28003
39.911113 116.388677 28007
39.911215 116.388645 28012
39.911258 116.388673 28016
39.911262 116.388733 28020
39.911207 116.388823 28025
39.911220 116.388828 28029
39.911245 116.388825 28033
39.911292 116.388882 28037
39.911240 116.389013 28041
39.911213 116.389075 28045
39.911187 116.389122 28047
39.911190 116.389170 28051
39.911173 116.389243 28055
39.911103 116.389335 28059
39.911103 116.389377 28061
39.911155 116.389408 28065
39.911297 116.389370 28069
39.911372 116.389365 28073
39.911268 116.389470 28075
39.911233 116.389672 28079
39.911243 116.389740 28083
39.911235 116.389758 28087
39.911123 116.389762 28091
39.911272 116.389642 28095
39.911388 116.389750 28143
39.911360 116.389800 28147
39.911348 116.389843 28151
39.911340 116.389873 28153
