40.025212 116.344523 40414
40.024723 116.344903 40419
40.024372 116.345183 40423
40.023975 116.345380 40427
40.023535 116.345358 40431
40.023120 116.345275 40435
40.022730 116.345032 40439
40.022368 116.344793 40443
40.022022 116.344728 40447
40.021538 116.344827 40453
40.021273 116.345055 40458
40.021247 116.345188 40462
40.021168 116.345112 40466
40.021248 116.345170 40471
40.021240 116.345185 40475
40.021228 116.345192 40480
40.021178 116.345187 40485
40.021135 116.345168 40490
40.021217 116.345167 40494
40.021238 116.345193 40499
40.021178 116.345362 40503
40.021045 116.345648 40507
40.020892 116.346005 40511
40.020707 116.346400 40515
40.020488 116.346848 40519
40.020273 116.347257 40523
40.020097 116.347675 40527
40.019893 116.348138 40531
40.019502 116.348607 40535
40.019212 116.349002 40539
40.018827 116.349408 40543
40.018395 116.349788 40547
40.017990 116.350097 40551
40.017675 116.350373 40555
40.017322 116.350672 40559
40.016943 116.350972 40563
40.016545 116.351283 40567
40.016213 116.351543 40571
40.015937 116.351765 40575
40.015613 116.352007 40579
40.015232 116.352288 40583
40.014843 116.352588 40587
40.014433 116.352902 40591
40.014020 116.353220 40595
40.013610 116.353530 40599
40.013237 116.353807 40603
40.012908 116.354043 40607
40.012503 116.354240 40611
40.012032 116.354447 40615
40.011552 116.354695 40619
40.011108 116.354972 40623
40.010713 116.355278 40627
40.010345 116.355635 40631
40.010045 116.356023 40635
40.009777 116.356368 40639
40.009547 116.356672 40643
40.009258 116.356970 40647
40.008898 116.357265 40651
40.008497 116.357580 40655
40.008067 116.357917 40659
40.007642 116.358240 40663
40.007182 116.358567 40667
40.006705 116.358912 40671
40.006238 116.359252 40675
40.005758 116.359595 40679
40.005297 116.359927 40683
40.004815 116.360275 40687
40.004300 116.360650 40691
40.003800 116.361038 40695
40.003330 116.361400 40699
40.002892 116.361737 40703
40.002410 116.362108 40707
40.002127 116.362318 40709
40.001337 116.362900 40714
40.000558 116.363483 40719
39.999853 116.364045 40724
39.999112 116.364622 40729
39.998343 116.365182 40734
39.997632 116.365712 40739
39.996918 116.366245 40744
39.996140 116.366852 40749
39.995370 116.367452 40754
39.994645 116.367967 40759
39.994168 116.368307 40763
39.993783 116.368612 40767
39.993398 116.368900 40771
39.992953 116.369257 40775
39.992485 116.369615 40779
39.992052 116.369932 40783
39.991623 116.370282 40787
39.991187 116.370535 40791
39.990790 116.370720 40795
39.990515 116.370832 40799
39.990288 116.370907 40803
39.990038 116.370987 40807
39.989792 116.371057 40811
39.989577 116.371103 40815
39.989313 116.371148 40819
39.988950 116.371172 40823
39.988545 116.371117 40827
39.988082 116.370943 40831
39.987627 116.370725 40835
39.987173 116.370463 40839
39.986727 116.370215 40843
39.986290 116.370125 40847
39.985902 116.370250 40851
39.985588 116.370542 40855
39.985373 116.371005 40859
39.985310 116.371625 40863
39.985383 116.372383 40867
39.985645 116.373420 40872
39.985998 116.374428 40877
39.986132 116.375438 40882
39.986163 116.376177 40886
39.986188 116.376770 40890
39.986208 116.377297 40894
39.986195 116.377787 40898
39.986242 116.378345 40902
39.986302 116.379000 40906
39.986343 116.379675 40910
39.986372 116.380327 40914
39.986393 116.380943 40918
39.986407 116.381578 40922
39.986418 116.382313 40926
39.986437 116.383077 40930
39.986452 116.383480 40932
39.986483 116.384630 40937
39.986517 116.385780 40942
39.986538 116.386690 40947
39.986550 116.387007 40949
39.986623 116.388132 40957
39.986613 116.388727 40961
39.986615 116.389397 40965
39.986632 116.390078 40969
39.986655 116.390743 40973
39.986667 116.391443 40977
39.986680 116.392190 40981
39.986722 116.392992 40985
39.986773 116.394107 40990
39.986807 116.395288 40995
39.986828 116.396475 41000
39.986847 116.397555 41005
39.986867 116.398547 41010
