39.946243 116.269450 5508
39.946683 116.269542 5513
39.947053 116.269563 5517
39.947388 116.269550 5521
39.947635 116.269562 5525
39.947982 116.269545 5529
39.948332 116.269547 5533
39.948653 116.269610 5537
39.948987 116.269672 5541
39.949367 116.269678 5545
39.949783 116.269690 5549
39.950212 116.269740 5553
39.950602 116.269785 5557
39.950992 116.269855 5561
39.951345 116.269923 5565
39.951637 116.269983 5569
39.951917 116.270045 5573
39.952205 116.270088 5577
39.952485 116.270093 5581
39.952810 116.270112 5585
39.953133 116.270158 5589
39.953410 116.270175 5593
39.953687 116.270193 5597
39.953963 116.270208 5601
39.954250 116.270197 5605
39.954495 116.270182 5609
39.954713 116.270132 5613
39.954908 116.270115 5617
39.955118 116.270112 5621
39.955322 116.270125 5625
39.955345 116.270358 5629
39.955372 116.270667 5633
39.955407 116.271102 5637
39.955418 116.271620 5641
39.955418 116.272177 5645
39.955450 116.272770 5649
39.955520 116.273377 5653
39.955612 116.273883 5657
39.955642 116.273988 5661
39.955608 116.274128 5665
39.955597 116.274135 5667
39.955582 116.274137 5675
39.955587 116.274168 5679
39.955608 116.274263 5683
39.955592 116.274620 5687
39.955608 116.275142 5691
39.955658 116.275787 5695
39.955682 116.276522 5699
39.955700 116.277083 5703
39.955702 116.277372 5707
39.955697 116.277533 5711
39.955698 116.277598 5715
39.955695 116.277650 5719
39.955690 116.277860 5723
39.955677 116.278205 5727
39.955697 116.278650 5731
39.955705 116.279163 5735
39.955708 116.279730 5739
39.955712 116.280458 5744
39.955697 116.281017 5748
39.955700 116.281508 5752
39.955710 116.281955 5765
39.955743 116.281912 5767
39.955727 116.281842 5781
39.955728 116.281950 5785
39.955708 116.282193 5789
39.955713 116.282487 5793
39.955738 116.282775 5797
39.955758 116.283242 5801
39.955827 116.283792 5805
39.955875 116.284410 5809
39.955953 116.285033 5813
39.956082 116.285653 5817
39.956263 116.286207 5821
39.956473 116.286743 5825
39.956677 116.287228 5829
39.956813 116.287695 5833
39.956930 116.288200 5837
39.957047 116.288695 5841
39.957143 116.289235 5845
39.957255 116.289772 5849
39.957353 116.290325 5853
39.957433 116.290788 5857
39.957475 116.291027 5861
39.957455 116.291150 5865
39.957443 116.291212 5869
39.957422 116.291197 5873
39.957435 116.291142 5875
39.957448 116.291128 5902
39.957430 116.291267 5906
39.957467 116.291592 5910
39.957507 116.292030 5914
39.957428 116.292420 5918
39.957430 116.293160 5923
39.957632 116.293815 5927
39.957928 116.294450 5931
39.958220 116.295052 5935
39.958542 116.295703 5939
39.958682 116.295930 5941
39.958637 116.295788 5975
39.958767 116.296022 5979
39.958852 116.296210 5983
39.958817 116.296220 5987
39.958782 116.296187 5991
39.958737 116.296147 5995
39.958718 116.296135 6002
39.958718 116.296135 6048
39.958728 116.296163 6052
39.958768 116.296368 6056
39.958833 116.296635 6060
39.958990 116.296953 6064
39.959105 116.297358 6068
39.959218 116.297785 6072
39.959325 116.298147 6076
39.959275 116.298502 6080
39.959177 116.298648 6084
39.959022 116.298762 6088
39.958932 116.298873 6092
39.958782 116.298937 6096
39.958623 116.299012 6100
39.958555 116.299070 6102
