39.974788 116.312294 33970
39.974782 116.312311 33975
39.974774 116.312317 33980
39.974748 116.312320 33985
39.974735 116.312318 33990
39.974735 116.312316 33995
39.974732 116.312302 34000
39.974720 116.312287 34005
39.974706 116.312277 34010
39.974691 116.312270 34015
39.974689 116.312263 34020
39.974683 116.312255 34025
39.974674 116.312270 34030
39.974669 116.312279 34035
39.974664 116.312274 34040
39.974656 116.312274 34045
39.974661 116.312276 34050
39.974661 116.312277 34055
39.974657 116.312279 34060
39.974662 116.312268 34065
39.974670 116.311980 34070
39.974752 116.311509 34075
39.974745 116.310960 34080
39.974700 116.310324 34085
39.974672 116.309651 34090
39.974653 116.309001 34095
39.974599 116.308640 34100
39.974588 116.308605 34105
39.974590 116.308591 34110
39.974591 116.308590 34115
39.974587 116.308587 34120
39.974584 116.308570 34125
39.974584 116.308455 34130
39.974625 116.308089 34135
39.974595 116.307489 34140
39.974563 116.307037 34145
39.974580 116.306766 34150
39.974582 116.306291 34155
39.974588 116.305934 34160
39.974617 116.305570 34165
39.974581 116.305030 34170
39.974546 116.304456 34175
39.974534 116.303844 34180
39.974499 116.303467 34185
39.974456 116.303418 34190
39.974463 116.303424 34195
39.974460 116.303418 34200
39.974475 116.303407 34205
39.974497 116.303387 34210
39.974505 116.303352 34215
39.974520 116.303344 34220
39.974527 116.303337 34225
39.974539 116.303347 34230
39.974546 116.303300 34235
39.974561 116.303128 34240
39.974631 116.303035 34245
39.974712 116.302973 34250
39.974803 116.302917 34255
39.974919 116.302922 34260
39.975024 116.302869 34265
39.975054 116.302837 34270
39.975062 116.302801 34275
39.975007 116.302721 34280
39.975029 116.302666 34285
39.975086 116.302640 34290
39.975155 116.302606 34295
39.975223 116.302587 34300
39.975325 116.302648 34305
39.975389 116.302686 34310
39.975566 116.302733 34315
39.975692 116.302794 34320
39.975741 116.302774 34325
39.975787 116.302769 34330
39.975901 116.302818 34335
39.976079 116.302900 34340
39.976209 116.302947 34345
39.976292 116.302917 34350
39.976379 116.302855 34355
39.976520 116.302880 34360
39.976555 116.302857 34365
39.976577 116.302808 34370
39.976658 116.302736 34375
39.976724 116.302756 34380
39.976805 116.302777 34385
39.976941 116.302847 34390
39.977042 116.302896 34395
39.977078 116.302878 34400
39.977219 116.302970 34405
39.977300 116.303039 34410
39.977306 116.302991 34415
39.977336 116.302976 34420
39.977395 116.302987 34425
39.977481 116.303052 34430
39.977526 116.303161 34435
39.977560 116.303201 34440
39.977579 116.303237 34445
39.977611 116.303324 34450
39.977648 116.303438 34455
39.977626 116.303459 34460
39.977589 116.303469 34465
39.977583 116.303482 34470
39.977585 116.303495 34475
39.977601 116.303487 34480
39.977648 116.303477 34485
39.977720 116.303510 34490
39.977727 116.303509 34495
39.977730 116.303446 34500
39.977800 116.303519 34505
39.977861 116.303540 34510
39.977984 116.303593 34515
39.978110 116.303658 34520
39.978178 116.303668 34525
39.978205 116.303717 34530
39.978236 116.303729 34535
39.978372 116.303834 34540
39.978453 116.303589 34545
39.978543 116.303421 34550
39.978526 116.303389 34555
39.978454 116.303368 34560
39.978428 116.303365 34565
