39.912756 116.454211 37186
39.912808 116.454174 37191
39.912674 116.453882 37195
39.912633 116.453766 37198
39.912553 116.453662 37203
39.912415 116.453490 37208
39.912432 116.453458 37213
39.912442 116.453461 37218
39.912509 116.453459 37223
39.912598 116.453446 37228
39.912639 116.453436 37233
39.912722 116.453534 37236
39.912784 116.453667 37241
39.912834 116.453726 37246
39.912840 116.453846 37247
39.912846 116.453958 37252
39.912896 116.453942 37257
39.912922 116.453911 37262
39.912954 116.453793 37266
39.913035 116.453748 37269
39.913098 116.453684 37274
39.913245 116.453623 37279
39.913319 116.453404 37282
39.913356 116.453420 37287
39.913473 116.453222 37292
39.913532 116.453084 37296
39.913591 116.452967 37300
39.913563 116.452869 37302
39.913610 116.452779 37307
39.913698 116.452764 37312
39.913892 116.452751 37316
39.914131 116.452689 37320
39.914206 116.452680 37324
39.914177 116.452709 37329
39.914172 116.452707 37334
39.914127 116.452730 37339
39.914132 116.452748 37344
39.914137 116.452752 37349
39.914142 116.452754 37354
39.914144 116.452756 37359
39.914139 116.452752 37364
39.914129 116.452747 37369
39.914122 116.452746 37374
39.914119 116.452746 37379
39.914112 116.452746 37384
39.914048 116.452831 37388
39.913956 116.452869 37391
39.913848 116.452912 37394
39.913759 116.452937 37398
39.913672 116.452977 37403
39.913624 116.453013 37408
39.913654 116.453050 37413
39.913587 116.453132 37418
39.913281 116.453144 37422
39.913082 116.453142 37427
39.913049 116.453077 37432
39.913056 116.453097 37437
39.913176 116.452826 37441
39.913156 116.452425 37446
39.913122 116.452341 37451
39.913062 116.452244 37454
39.913102 116.452221 37459
39.913023 116.452143 37464
39.913031 116.452411 37469
39.913053 116.452543 37472
39.913103 116.452513 37477
39.913127 116.452327 37479
39.913206 116.452146 37483
39.913442 116.452012 37488
39.913796 116.451900 37493
39.914041 116.451776 37496
39.914217 116.451659 37499
39.914301 116.451614 37502
39.914330 116.451648 37507
39.914354 116.451672 37512
39.914388 116.451694 37517
39.914425 116.451700 37522
39.914454 116.451710 37527
39.914468 116.451724 37532
39.914478 116.451752 37537
39.914489 116.451763 37542
39.914495 116.451767 37547
39.914495 116.451767 37552
39.914494 116.451765 37557
39.914496 116.451766 37562
39.914507 116.451780 37567
39.914511 116.451783 37572
39.914521 116.451809 37577
39.914544 116.451953 37581
39.914548 116.452102 37584
39.914534 116.452401 37589
39.914519 116.452638 37593
39.914346 116.452891 37598
39.914317 116.452977 37603
39.914340 116.453002 37608
39.914352 116.453012 37613
39.914346 116.453012 37618
39.914338 116.453006 37623
39.914329 116.453001 37628
39.914315 116.452994 37633
39.914283 116.452982 37638
39.914268 116.452980 37643
39.914269 116.452974 37648
39.914255 116.452969 37653
39.914230 116.452967 37658
39.914125 116.452951 37662
39.914034 116.453083 37665
39.913994 116.453120 37670
39.913972 116.453105 37675
39.913974 116.453107 37680
39.913974 116.453033 37685
39.913985 116.453027 37690
39.913979 116.452976 37695
39.914046 116.452935 37700
39.914014 116.452818 37701
39.914065 116.452767 37706
39.914069 116.452742 37711
39.914108 116.452793 37716
39.914126 116.452835 37721
39.914143 116.452887 37726
39.914180 116.452971 37731
39.914222 116.453081 37734
39.914238 116.453185 37739
39.914246 116.453283 37744
39.914253 116.453380 37749
39.914230 116.453521 37754
39.914228 116.453658 37759
39.914217 116.453773 37762
39.914189 116.453889 37765
39.914142 116.454084 37770
39.914094 116.454380 37773
39.914087 116.454518 37778
39.914094 116.454627 37783
39.914131 116.454720 37788
