39.923082 116.427559 24410
39.923072 116.427559 24415
39.922873 116.427672 24420
39.922653 116.427834 24425
39.922381 116.427902 24429
39.922049 116.427907 24433
39.921703 116.427935 24437
39.921355 116.427952 24441
39.920901 116.428066 24446
39.920400 116.428153 24451
39.919946 116.428227 24456
39.919541 116.428296 24461
39.919312 116.428339 24465
39.919203 116.428348 24468
39.919100 116.428353 24471
39.919002 116.428354 24475
39.918898 116.428356 24479
39.918792 116.428368 24483
39.918688 116.428376 24487
39.918591 116.428382 24490
39.918495 116.428381 24495
39.918301 116.428386 24500
39.918059 116.428405 24504
39.917612 116.428418 24509
39.917050 116.428453 24514
39.916484 116.428500 24519
39.915894 116.428517 24524
39.915243 116.428549 24529
39.914577 116.428585 24534
39.914227 116.428608 24538
39.913952 116.428621 24542
39.913662 116.428637 24546
39.913424 116.428646 24550
39.913301 116.428645 24553
39.913113 116.428653 24558
39.912922 116.428666 24562
39.912720 116.428679 24566
39.912512 116.428708 24570
39.912453 116.428725 24575
39.912379 116.428754 24580
39.912143 116.428780 24585
39.911932 116.428828 24589
39.911745 116.428892 24593
39.911514 116.428951 24598
39.911408 116.428984 24602
39.911297 116.428995 24606
39.911060 116.429033 24611
39.910857 116.429069 24615
39.910646 116.429110 24620
39.910409 116.429184 24625
39.910185 116.429231 24629
39.909917 116.429279 24633
39.909589 116.429338 24637
39.909366 116.429362 24642
39.909261 116.429364 24646
39.909168 116.429356 24649
39.909060 116.429332 24652
39.908945 116.429344 24655
39.908712 116.429359 24660
39.908518 116.429381 24664
39.908293 116.429376 24668
39.907996 116.429398 24672
39.907659 116.429418 24676
39.907342 116.429435 24680
39.907025 116.429463 24684
39.906735 116.429491 24688
39.906304 116.429487 24693
39.906008 116.429454 24697
39.905691 116.429421 24701
39.905240 116.429416 24706
39.904709 116.429451 24711
39.904136 116.429500 24716
39.903478 116.429584 24721
39.902768 116.429675 24726
39.902179 116.429995 24731
39.901905 116.430749 24736
39.901893 116.431685 24741
39.901915 116.432769 24746
39.901921 116.433937 24751
39.901965 116.435100 24756
39.902013 116.436236 24761
39.902059 116.437271 24766
39.902084 116.438232 24771
39.902115 116.439155 24776
39.902141 116.440121 24781
39.902163 116.441105 24786
39.902199 116.442004 24791
39.902241 116.442870 24796
39.902322 116.443673 24801
39.902339 116.444394 24806
39.902361 116.444804 24810
39.902363 116.445089 24814
39.902360 116.445437 24818
39.902370 116.445818 24822
39.902387 116.446205 24826
39.902411 116.446622 24830
39.902431 116.447051 24834
39.902456 116.447495 24838
39.902488 116.448067 24843
39.902510 116.448514 24847
39.902545 116.448961 24851
39.902574 116.449585 24856
39.902621 116.450271 24861
39.902656 116.450917 24866
39.902676 116.451542 24871
39.902701 116.452261 24876
39.902727 116.453050 24881
39.902781 116.453836 24886
39.902828 116.454542 24891
39.902842 116.454905 24895
39.902853 116.455058 24898
39.902810 116.455161 24903
39.902694 116.455172 24908
39.902444 116.455173 24913
39.902222 116.455174 24917
39.901986 116.455177 24921
39.901672 116.455209 24925
39.901336 116.455221 24929
39.900916 116.455222 24934
39.900573 116.455227 24938
39.900267 116.455190 24942
39.899988 116.455180 24946
39.899721 116.455209 24950
39.899455 116.455248 24954
39.899192 116.455210 24958
39.898918 116.455194 24962
39.898683 116.455148 24966
39.898422 116.455155 24970
39.898135 116.455129 24974
39.897812 116.455126 24978
39.897475 116.455117 24982
39.897142 116.455114 24986
39.896907 116.455128 24990
39.896681 116.455166 24995
39.896463 116.455040 24999
39.896252 116.455007 25003
39.895968 116.455001 25007
39.895831 116.455032 25009
