39.969356 116.462750 27348
39.969524 116.462935 27353
39.969593 116.463019 27357
39.969744 116.463228 27362
39.969830 116.463349 27365
39.969896 116.463451 27368
39.969991 116.463672 27373
39.970094 116.463889 27377
39.970206 116.463964 27380
39.970308 116.464026 27383
39.970405 116.464089 27388
39.970494 116.464146 27392
39.970551 116.464245 27396
39.970580 116.464358 27399
39.970609 116.464482 27403
39.970633 116.464606 27407
39.970640 116.464723 27411
39.970613 116.464836 27416
39.970560 116.464972 27421
39.970488 116.465069 27424
39.970391 116.465177 27427
39.970306 116.465245 27430
39.970204 116.465297 27434
39.969980 116.465311 27439
39.969847 116.465263 27442
39.969749 116.465185 27445
39.969672 116.465097 27448
39.969615 116.465006 27451
39.969587 116.464895 27455
39.969560 116.464813 27460
39.969540 116.464688 27465
39.969547 116.464562 27468
39.969563 116.464391 27471
39.969612 116.464261 27474
39.969657 116.464124 27477
39.969783 116.463889 27482
39.969910 116.463700 27486
39.969986 116.463593 27489
39.970131 116.463349 27494
39.970326 116.463057 27498
39.970512 116.462780 27502
39.970663 116.462502 27506
39.970842 116.462210 27510
39.971056 116.461876 27514
39.971374 116.461376 27519
39.971747 116.460792 27524
39.972128 116.460227 27529
39.972382 116.459847 27533
39.972588 116.459545 27537
39.972741 116.459335 27542
39.972800 116.459236 27545
39.972843 116.459120 27550
39.972972 116.458899 27555
39.973238 116.458493 27560
39.973527 116.458060 27565
39.973676 116.457846 27569
39.973819 116.457641 27574
39.973889 116.457531 27577
39.973936 116.457419 27581
39.973991 116.457320 27586
39.974059 116.457184 27590
39.974203 116.456953 27595
39.974285 116.456852 27599
39.974368 116.456732 27602
39.974459 116.456618 27605
39.974548 116.456488 27608
39.974696 116.456277 27613
39.974868 116.456059 27618
39.975012 116.455839 27623
39.975082 116.455722 27628
39.975142 116.455625 27631
39.975283 116.455442 27636
39.975416 116.455235 27640
39.975542 116.455034 27644
39.975664 116.454845 27648
39.975810 116.454628 27652
39.975946 116.454441 27656
39.976102 116.454262 27660
39.976279 116.454010 27664
39.976488 116.453701 27668
39.976787 116.453288 27673
39.977054 116.452929 27677
39.977248 116.452629 27681
39.977401 116.452394 27685
39.977549 116.452187 27689
39.977709 116.451978 27693
39.977887 116.451738 27697
39.977971 116.451624 27700
39.978033 116.451536 27705
39.978112 116.451417 27710
39.978254 116.451195 27715
39.978380 116.450997 27719
39.978509 116.450809 27723
39.978652 116.450595 27728
39.978710 116.450496 27731
39.978793 116.450380 27735
39.978841 116.450270 27739
39.978916 116.450154 27743
39.978982 116.450067 27746
39.979056 116.449976 27749
39.979120 116.449871 27753
39.979171 116.449800 27758
39.979257 116.449686 27762
39.979389 116.449467 27767
39.979465 116.449359 27770
39.979528 116.449273 27773
39.979598 116.449199 27776
39.979827 116.449180 27781
39.980105 116.449306 27785
39.980502 116.449537 27790
39.980944 116.449811 27795
39.981379 116.450083 27800
39.981632 116.450278 27804
39.981864 116.450409 27808
39.982090 116.450530 27812
39.982300 116.450605 27817
39.982393 116.450634 27822
39.982418 116.450634 27827
39.982411 116.450634 27832
39.982408 116.450634 27837
39.982408 116.450634 27842
39.982409 116.450635 27847
39.982457 116.450673 27852
39.982797 116.450790 27857
39.983364 116.450891 27862
39.984011 116.450866 27867
39.984605 116.450877 27872
39.985009 116.450861 27876
39.985276 116.450828 27881
39.985434 116.450605 27886
39.985580 116.450376 27890
39.985743 116.450121 27894
39.985908 116.449896 27898
39.986101 116.449606 27902
39.986306 116.449284 27906
39.986484 116.448998 27910
39.986600 116.448762 27914
39.986675 116.448695 27918
39.986727 116.448719 27923
39.986742 116.448718 27928
39.986748 116.448715 27933
39.986785 116.448758 27938
39.986879 116.448808 27943
39.986962 116.448858 27948
