39.981593 116.335103 47341
39.981606 116.335187 47346
39.981626 116.335261 47351
39.981656 116.335350 47356
39.981664 116.335439 47361
39.981688 116.335523 47366
39.981724 116.335662 47371
39.981740 116.335773 47376
39.981737 116.335874 47381
39.981765 116.335977 47386
39.981786 116.336106 47391
39.981782 116.336216 47396
39.981813 116.336339 47401
39.981820 116.336479 47406
39.981820 116.336624 47411
39.981817 116.336750 47416
39.981804 116.336847 47421
39.981821 116.336986 47426
39.981848 116.337111 47431
39.981843 116.337235 47436
39.981847 116.337369 47441
39.981850 116.337514 47446
39.981859 116.337645 47451
39.981856 116.337775 47456
39.981866 116.337888 47461
39.981850 116.338000 47466
39.981686 116.338030 47471
39.981555 116.338032 47476
39.981455 116.338083 47481
39.981416 116.338177 47486
39.981422 116.338329 47491
39.981429 116.338477 47496
39.981433 116.338612 47501
39.981435 116.338742 47506
39.981454 116.338861 47511
39.981526 116.338912 47516
39.981568 116.338892 47521
39.981568 116.338870 47526
39.981563 116.338832 47531
39.981582 116.338818 47536
39.981599 116.338840 47541
39.981618 116.338842 47546
39.981604 116.338846 47551
39.981597 116.338843 47556
39.981571 116.338866 47561
39.981560 116.338874 47566
39.981530 116.338845 47571
39.981508 116.338759 47576
39.981508 116.338758 47581
39.981508 116.338757 47586
39.981506 116.338733 47591
39.981523 116.338689 47593
39.981493 116.338678 47598
39.981484 116.338687 47603
39.981490 116.338813 47608
39.981491 116.338925 47613
39.981397 116.338963 47618
39.981376 116.338911 47623
39.981297 116.338878 47628
39.981224 116.338908 47633
39.981143 116.338930 47638
39.981072 116.339086 47643
39.980936 116.339199 47648
39.980882 116.339256 47653
39.980793 116.339355 47658
39.980779 116.339380 47663
39.980748 116.339374 47668
39.980710 116.339329 47673
39.980665 116.339337 47678
39.980629 116.339406 47683
39.980615 116.339338 47688
39.980601 116.339364 47693
39.980572 116.339386 47698
39.980537 116.339391 47703
39.980503 116.339389 47708
39.980472 116.339397 47713
39.980452 116.339405 47718
39.980440 116.339430 47723
39.980447 116.339466 47728
39.980405 116.339512 47733
39.980348 116.339559 47738
39.980345 116.339605 47743
39.980397 116.339587 47748
39.980386 116.339582 47753
39.980382 116.339585 47758
39.980339 116.339598 47763
39.980343 116.339635 47768
39.980340 116.339701 47773
39.980317 116.339749 47778
39.980384 116.339774 47783
39.980450 116.339845 47788
39.980501 116.339926 47793
39.980484 116.340042 47798
39.980487 116.340133 47803
39.980510 116.340186 47808
39.980572 116.340171 47813
39.980648 116.340202 47818
39.980733 116.340245 47823
39.980801 116.340249 47828
39.980809 116.340306 47833
39.980829 116.340410 47838
39.980846 116.340525 47843
39.980850 116.340628 47848
39.980878 116.340793 47853
39.980899 116.340903 47858
39.980922 116.340985 47863
39.980919 116.341093 47868
39.980933 116.341224 47873
39.980999 116.341317 47878
39.980999 116.341378 47883
39.981038 116.341390 47888
39.981070 116.341380 47893
39.981107 116.341457 47898
39.981127 116.341477 47903
39.981192 116.341541 47908
39.981221 116.341636 47913
39.981235 116.341710 47918
39.981268 116.341767 47923
39.981288 116.341799 47928
39.981371 116.341787 47933
39.981431 116.341793 47938
