40.082295 116.475430 62029
40.083487 116.475377 62034
40.084555 116.475355 62039
40.085572 116.475333 62044
40.086518 116.475320 62049
40.087410 116.475292 62054
40.088270 116.475283 62059
40.089010 116.475325 62064
40.089677 116.475602 62069
40.090067 116.476055 62074
40.090318 116.476218 62078
40.090528 116.476208 62082
40.090837 116.476065 62087
40.091112 116.475928 62091
40.091215 116.475887 62093
40.091285 116.475820 62097
40.091225 116.475948 62108
40.091545 116.476107 62113
40.091965 116.476090 62117
40.092380 116.476033 62122
40.092635 116.476108 62126
40.092895 116.476462 62131
40.093013 116.477303 62136
40.093155 116.478133 62141
40.093298 116.479092 62146
40.093378 116.480172 62151
40.093430 116.481255 62156
40.093462 116.482317 62161
40.093448 116.483385 62166
40.093452 116.484430 62171
40.093482 116.485298 62176
40.093505 116.485633 62180
40.093498 116.485730 62183
40.093513 116.486030 62188
40.093577 116.486702 62193
40.093625 116.487630 62198
40.093665 116.488700 62203
40.093672 116.489887 62208
40.093727 116.491152 62213
40.093763 116.492395 62218
40.093810 116.493543 62223
40.093853 116.494638 62228
40.093905 116.495607 62233
40.093940 116.496435 62238
40.093963 116.496893 62242
40.093975 116.497138 62247
40.093958 116.497365 62251
40.093980 116.497797 62256
40.094032 116.498555 62261
40.094078 116.499580 62266
40.094153 116.500823 62271
40.094225 116.502147 62276
40.094292 116.503510 62281
40.094357 116.504888 62286
40.094455 116.506250 62291
40.094650 116.507617 62296
40.094850 116.508908 62301
40.095028 116.510137 62306
40.095208 116.511348 62311
40.095393 116.512602 62316
40.095575 116.513882 62321
40.095772 116.515125 62326
40.095937 116.516267 62331
40.095833 116.517175 62336
40.095402 116.517795 62341
40.095285 116.518540 62346
40.095667 116.519200 62351
40.096197 116.519560 62356
40.096760 116.519360 62361
40.097165 116.518743 62366
40.097733 116.518235 62371
40.098522 116.518118 62376
40.099462 116.518020 62381
40.100480 116.517900 62386
40.101547 116.517780 62391
40.102583 116.517723 62396
40.103580 116.517693 62401
40.104542 116.517622 62406
40.105457 116.517593 62411
40.106293 116.517540 62416
40.106965 116.517457 62421
40.107713 116.517357 62426
40.108597 116.517270 62431
40.109528 116.517163 62436
40.110447 116.517067 62441
40.111393 116.516975 62446
40.112327 116.517003 62451
40.113210 116.517087 62456
40.113730 116.517140 62460
40.113837 116.517177 62462
40.113938 116.517257 62501
40.114408 116.517337 62506
40.115088 116.517543 62511
40.115895 116.517798 62516
40.116805 116.518105 62521
40.117733 116.518422 62526
40.118642 116.518743 62531
40.119460 116.519037 62536
40.120230 116.519295 62541
40.121032 116.519547 62546
40.121868 116.519795 62551
40.122728 116.519985 62556
40.123623 116.520127 62561
40.124547 116.520205 62566
40.125475 116.520230 62571
40.126372 116.520233 62576
40.127273 116.520198 62581
40.128152 116.520128 62586
40.129060 116.520025 62591
40.129917 116.519937 62596
40.130825 116.519772 62601
40.131713 116.519635 62606
