181759
0
181681
0
179610
181629
175754
0
179228
0
0
0
0
165911
166618
170387
0
0
0
0
165772
165772
165772
167326
165821
0
250930
250930
0
0
0
249955
249955
0
0
249523
0
0
250261
252551
256440
0
0
253599
252882
253156
252882
0
0
0
234239
248049
245560
0
237387
237387
237373
237377
0
228749
0
0
0
243979
243979
223932
221633
245129
234687
226986
226993
243150
243150
243150
243150
243148
244130
244134
0
0
0
0
0
0
225678
225678
226969
226653
226653
0
0
0
0
0
0
0
0
0
0
0
242964
242964
246232
246231
246234
246234
246234
226578
234436
226880
226888
226876
223176
0
229507
242028
239032
239032
206651
213443
216930
213443
219929
199499
0
0
217187
214421
214421
217174
218750
0
0
214409
214409
214409
214409
218748
218748
214409
214409
218748
218748
218748
218748
218748
218748
218748
218748
218750
214409
0
