0
0
0
0
0
0
0
0
0
0
0
199484
199484
199484
199484
199484
0
0
0
0
0
0
0
0
0
0
0
0
0
0
0
0
0
0
0
0
0
0
0
0
0
0
0
214399
214399
220043
214399
214399
214399
214399
214399
214399
214399
214399
214399
220043
214399
214399
214401
214399
214399
214399
214399
214401
214399
214399
220043
214399
214399
220043
214399
214399
0
0
214399
214401
214401
214401
214399
214401
214399
214399
214399
214399
214399
0
0
0
0
0
0
0
0
0
0
0
0
0
0
0
0
0
0
0
0
0
0
0
0
0
0
0
0
0
0
0
0
214409
214409
218750
218750
218750
218750
214409
214409
214409
214409
214409
214409
201675
201675
201677
201677
201677
201677
218750
218750
218750
218750
218750
221344
221344
221344
217174
217174
218758
218758
218758
218758
214421
218758
214421
214421
214421
214421
214421
214421
214417
214417
214417
214421
214421
214421
214421
214421
214417
0
0
0
0
214433
214433
214433
214433
214433
214433
214433
214433
214433
214433
214433
214433
214433
214433
214433
214433
214433
214433
0
0
0
0
0
214443
214443
214443
214443
214443
214443
214443
214439
214439
214443
214443
214443
214443
214437
214437
214447
214447
214447
214447
214447
214447
214447
214447
214447
214447
214447
214447
214447
214447
214447
214447
214447
214447
214447
214447
217189
217189
217189
217187
217189
217189
217189
217189
217189
217189
217187
217189
0
0
0
0
0
0
0
0
0
0
0
0
0
0
0
0
0
0
0
0
0
0
0
0
0
206966
206966
206966
206966
206966
206970
214451
206966
206966
206966
206966
206966
206966
214451
206970
206970
206970
206970
206970
206970
206970
206970
206970
206970
0
0
0
0
0
0
0
0
0
0
0
0
0
0
0
0
0
0
0
0
0
0
0
0
0
0
0
0
0
0
0
0
0
0
0
0
0
0
0
0
0
0
0
0
0
0
221536
221536
221536
221536
221536
221536
221536
221536
221536
221536
221536
221536
221536
0
0
0
0
0
0
221534
221534
221534
221534
221534
221534
221534
221534
221534
221534
221534
221534
221534
221534
221534
221534
221534
221534
221534
221534
221534
221534
221534
221534
221534
221534
0
0
0
0
0
0
0
0
0
0
0
0
0
0
0
0
0
0
0
0
0
0
0
0
0
0
0
0
0
0
0
0
0
0
0
207001
207001
207001
207001
207001
207001
207001
207001
207001
207001
207001
197872
197872
197872
197872
197872
197872
197872
197872
197872
197872
197872
197872
197872
197872
197872
197872
197872
197872
197872
197872
197872
197872
197872
197872
200786
197872
197872
197872
197872
197872
197872
197872
0
197872
197872
197872
197872
197872
197872
200786
200786
200786
200786
200786
200786
200786
200786
200786
200786
200786
200786
200783
