216109
216109
199030
198198
198198
198200
198213
198213
198200
0
198289
198289
198289
198289
198289
198289
0
0
0
0
0
0
0
206165
206165
206163
206165
206165
206165
206165
206165
206165
206165
206165
206165
206165
206165
206165
206165
206165
216153
216153
216153
216153
221332
221332
221332
221332
221332
221332
221330
221330
221330
221330
221330
208075
206804
208075
208075
208075
0
197004
197004
197004
197004
197004
197004
197004
197004
197004
197004
0
0
0
0
0
216139
216139
216139
216139
216139
216139
216139
216139
216149
216149
216149
216149
216149
216149
216149
216149
216149
0
0
0
0
0
216147
214378
214378
214378
214378
214378
214378
214378
214378
214378
214378
214378
0
0
0
0
0
0
0
0
0
0
0
0
0
0
0
198768
198768
198768
199082
217070
217071
217074
217074
217071
206810
206810
206810
214192
206808
206810
206810
214399
214399
214399
214399
214399
214401
214401
214399
214399
214399
0
0
0
0
0
0
0
0
0
0
0
0
0
0
0
218750
218750
218750
218750
218748
218748
218748
218748
218746
218746
218746
218746
218746
218746
218746
201500
218746
218746
206828
206828
221346
221346
206828
206828
206830
206830
206830
206838
206838
206838
206840
220117
220117
197058
197058
197070
197070
197070
197070
197070
197070
197070
197070
197072
197072
197072
197072
197072
197072
197072
197072
197072
197087
197087
197087
197087
197072
197072
197072
197072
197072
197072
197072
197070
197070
197070
197070
197070
197070
206834
206830
206838
206838
206830
206834
206834
206836
206836
201504
201504
201500
201500
201500
201500
201500
201500
0
0
0
218746
218748
218748
218752
218748
218748
218750
218750
218750
218750
218750
218752
218752
218752
214433
214433
214433
214433
0
0
214439
214443
214443
214439
214439
214437
214437
217187
217187
217187
217187
217187
217187
217187
217187
217187
217187
217187
217187
217187
217187
0
0
0
0
0
0
0
0
0
0
0
0
0
0
0
0
0
0
0
0
0
0
214611
214611
214611
214611
214611
214611
214611
207960
207960
207960
207960
207960
207960
197042
197042
197042
197042
197042
197042
197042
0
0
0
0
0
0
0
0
0
0
0
214659
214623
214624
214659
214659
214657
214657
214657
214657
214657
214657
199496
199496
201684
201688
201688
214612
214612
220131
220131
220131
220131
220131
220131
220131
220131
220131
220129
206962
206962
206962
206962
206962
206962
206962
206962
206962
213491
213491
213487
213487
213487
213487
213487
213485
213485
213485
213485
213485
213485
213485
213485
213485
206386
206386
213473
213473
213473
213475
213475
213475
206412
206410
206410
206410
206392
196974
196974
196970
196970
196966
196966
196966
196966
196966
196966
196966
196966
196966
196966
196966
213445
213445
213445
213441
219929
219929
213443
213443
213443
213443
219931
219931
213443
213443
0
213421
213421
213421
213421
213419
213421
0
0
0
0
0
0
0
0
0
0
0
0
0
0
0
206665
206665
206665
206665
206665
206665
206665
206650
206663
206663
206661
206657
201452
201452
198957
198955
198953
198953
198953
0
0
0
0
213769
213769
213769
213769
213769
213769
0
0
0
0
216952
213797
216952
213797
213797
213799
213799
213795
213795
196928
196928
206692
206692
206692
206692
206690
206690
206690
206690
206690
0
0
0
0
0
0
0
0
0
0
0
0
0
0
214001
214001
214001
214001
214001
214001
214001
0
0
0
0
0
0
0
0
0
0
0
0
0
0
218674
218674
218674
218674
201482
201482
201482
201480
0
0
0
0
0
0
0
196932
196932
196932
196932
196932
196932
196926
196926
196926
196926
196926
196926
196926
196926
196926
196954
196954
0
0
0
0
0
0
0
220683
220683
199747
220683
220683
220683
220683
199745
199745
199744
199744
217002
217002
217002
217002
217002
0
0
0
0
0
0
216988
206762
206762
206784
206784
206762
206762
206762
206762
206762
206762
206786
206786
206786
206786
206778
206778
206778
206776
206776
206770
206770
206766
206766
206766
206766
206766
206766
213859
213859
213859
213859
213859
213859
213859
213859
213856
213856
213856
213856
213856
213856
213856
213856
213856
218215
199575
199574
199984
199984
199573
199573
199573
199573
199573
199573
199573
199573
199573
199573
199573
199573
201472
201474
201474
201474
201474
201474
207796
207796
207796
201474
206705
206705
207800
207800
206705
219967
219967
219967
219967
219967
209281
209281
209281
209281
209281
209281
209281
209281
207810
207810
207810
207814
207814
207814
207814
207814
207814
207814
207814
207816
213894
213894
213897
213897
218056
209168
209168
210207
210207
209250
209250
206756
220281
220281
220281
220281
220281
220281
220281
220281
220281
220281
220281
220281
220281
220281
220281
220281
219975
219975
219975
213887
213892
213885
213885
213885
213889
213889
219975
209245
209245
209245
209245
209245
209245
