39.997469 116.354199
0.000000 0.000000
0.000000 0.000000
39.997419 116.354161
39.997477 116.354206
39.997477 116.354206
39.997384 116.354133
39.997477 116.354206
39.997260 116.354036
39.997193 116.353984
39.997115 116.353923
39.997037 116.353862
39.996770 116.353653
39.996770 116.353653
39.997099 116.353187
39.997104 116.353187
39.997104 116.353049
39.997119 116.352816
39.997108 116.352816
39.997119 116.352602
39.997170 116.352575
39.997332 116.352039
39.997332 116.352039
39.997095 116.352032
39.997328 116.351826
39.997324 116.351649
39.997321 116.351489
39.997319 116.351361
39.997316 116.351236
39.997314 116.351118
39.997311 116.350958
39.997310 116.350934
39.997308 116.350833
39.997307 116.350741
39.997299 116.350354
39.997297 116.350240
39.997225 116.349130
39.997416 116.349121
39.997416 116.349121
39.997416 116.349121
39.996956 116.348221
39.996956 116.348221
39.997105 116.348215
39.997091 116.348215
39.997069 116.348120
39.996953 116.348126
39.996953 116.348126
39.997030 116.347187
39.997030 116.347187
39.996932 116.347192
39.996900 116.347193
39.997022 116.347004
39.997018 116.346907
39.997018 116.346892
39.997018 116.346893
39.997253 116.347163
39.997360 116.347152
39.997475 116.347140
39.997624 116.347124
39.997794 116.347106
39.997889 116.347096
0.000000 0.000000
0.000000 0.000000
0.000000 0.000000
0.000000 0.000000
0.000000 0.000000
0.000000 0.000000
0.000000 0.000000
0.000000 0.000000
0.000000 0.000000
0.000000 0.000000
0.000000 0.000000
0.000000 0.000000
0.000000 0.000000
39.997879 116.346390
39.997879 116.346390
39.997879 116.346390
39.997882 116.346615
39.997882 116.346619
39.997720 116.346400
39.997602 116.346407
39.997482 116.346415
39.997360 116.346422
39.997237 116.346430
39.997109 116.346438
39.997007 116.346642
39.996858 116.346451
39.996709 116.346460
39.996578 116.346467
39.996440 116.346626
39.996457 116.346474
39.996457 116.346474
39.996457 116.346474
0.000000 0.000000
0.000000 0.000000
0.000000 0.000000
0.000000 0.000000
0.000000 0.000000
0.000000 0.000000
39.994774 116.346699
39.994774 116.346699
39.994774 116.346699
39.994774 116.346699
39.994782 116.346643
39.994671 116.346698
39.994571 116.346697
39.994456 116.346697
39.994341 116.346696
39.994234 116.346666
39.994120 116.346705
39.994020 116.346714
39.993923 116.346712
39.993821 116.346711
39.993769 116.346710
39.993769 116.346710
39.993769 116.346710
39.993769 116.346710
39.993769 116.346710
39.993207 116.346721
39.993120 116.346748
39.993121 116.346763
39.992689 116.346787
39.992689 116.346799
39.992688 116.346828
39.992554 116.347407
39.992124 116.347275
39.992119 116.346852
39.992119 116.346857
39.991806 116.346745
39.991739 116.346851
39.991666 116.346966
39.991626 116.347028
39.991396 116.347320
39.991291 116.347326
39.991053 116.346890
39.991053 116.346887
39.991053 116.346879
39.991069 116.347340
39.991052 116.346858
0.000000 0.000000
39.990288 116.347355
39.990288 116.347355
39.990288 116.347355
39.990288 116.347355
39.990288 116.347355
0.000000 0.000000
0.000000 0.000000
0.000000 0.000000
0.000000 0.000000
0.000000 0.000000
0.000000 0.000000
0.000000 0.000000
39.988794 116.346971
39.988794 116.346975
39.988800 116.347458
39.988794 116.346988
39.988794 116.346989
39.988794 116.346990
39.988551 116.347465
39.988456 116.347467
39.988356 116.347470
39.988249 116.347473
39.988145 116.347476
39.988044 116.347479
39.987945 116.347481
39.987844 116.347484
39.987735 116.347487
39.987401 116.346909
39.987401 116.346909
39.987401 116.346909
39.987235 116.347065
39.987234 116.347079
39.987051 116.346793
39.986906 116.347060
39.986906 116.347058
39.986742 116.347069
39.986559 116.347088
39.986560 116.347098
39.986404 116.347123
39.986404 116.347132
39.986405 116.347139
39.986407 116.347206
39.986407 116.347204
0.000000 0.000000
39.985685 116.347828
39.985647 116.347829
39.985512 116.347835
39.985416 116.347838
39.985374 116.347840
39.985357 116.347841
39.985352 116.347841
39.985082 116.347851
39.985082 116.347851
39.985082 116.347851
39.985331 116.347842
0.000000 0.000000
39.985720 116.348953
39.985720 116.348953
39.985720 116.348953
39.985720 116.348953
39.985720 116.348953
0.000000 0.000000
0.000000 0.000000
0.000000 0.000000
0.000000 0.000000
0.000000 0.000000
0.000000 0.000000
0.000000 0.000000
0.000000 0.000000
0.000000 0.000000
0.000000 0.000000
0.000000 0.000000
0.000000 0.000000
0.000000 0.000000
0.000000 0.000000
0.000000 0.000000
0.000000 0.000000
39.985743 116.352010
39.985694 116.352074
39.985648 116.352136
39.985602 116.352196
39.985561 116.352251
39.985524 116.352299
39.985533 116.352419
39.985525 116.352422
39.985404 116.352648
39.985548 116.352832
39.985593 116.352855
39.985583 116.352972
39.985594 116.353293
39.985592 116.353293
39.985597 116.353460
39.985604 116.353667
39.985607 116.353819
39.985612 116.353819
39.985614 116.353819
39.985618 116.353819
0.000000 0.000000
0.000000 0.000000
0.000000 0.000000
0.000000 0.000000
0.000000 0.000000
39.985848 116.355713
39.985788 116.355762
39.985729 116.355811
39.985668 116.355861
39.985606 116.355912
39.985542 116.355965
39.985477 116.356018
0.000000 0.000000
0.000000 0.000000
0.000000 0.000000
0.000000 0.000000
0.000000 0.000000
39.985397 116.358124
39.985397 116.358124
39.985731 116.358119
39.985406 116.358399
39.985414 116.358620
39.985753 116.358887
39.985428 116.359064
39.985436 116.359287
39.985443 116.359510
39.985451 116.359733
39.985784 116.359877
39.985467 116.360183
39.985476 116.360405
39.985485 116.360623
39.985493 116.360836
39.985501 116.361042
39.985507 116.361252
39.985514 116.361459
39.985519 116.361637
39.985519 116.361637
0.000000 0.000000
0.000000 0.000000
0.000000 0.000000
0.000000 0.000000
0.000000 0.000000
0.000000 0.000000
0.000000 0.000000
0.000000 0.000000
0.000000 0.000000
0.000000 0.000000
0.000000 0.000000
0.000000 0.000000
0.000000 0.000000
0.000000 0.000000
0.000000 0.000000
39.985951 116.365516
39.985952 116.365516
39.985953 116.365516
39.985954 116.365516
39.985955 116.365516
39.985955 116.365516
0.000000 0.000000
0.000000 0.000000
0.000000 0.000000
0.000000 0.000000
0.000000 0.000000
0.000000 0.000000
0.000000 0.000000
0.000000 0.000000
0.000000 0.000000
0.000000 0.000000
0.000000 0.000000
0.000000 0.000000
0.000000 0.000000
0.000000 0.000000
39.986047 116.369388
39.986046 116.369388
39.986047 116.369388
39.986053 116.369568
39.986055 116.369667
39.986065 116.369667
39.986074 116.369668
39.986083 116.369669
0.000000 0.000000
0.000000 0.000000
0.000000 0.000000
0.000000 0.000000
0.000000 0.000000
0.000000 0.000000
0.000000 0.000000
0.000000 0.000000
0.000000 0.000000
0.000000 0.000000
0.000000 0.000000
0.000000 0.000000
0.000000 0.000000
0.000000 0.000000
0.000000 0.000000
0.000000 0.000000
0.000000 0.000000
0.000000 0.000000
0.000000 0.000000
39.985634 116.373200
0.000000 0.000000
0.000000 0.000000
0.000000 0.000000
0.000000 0.000000
0.000000 0.000000
0.000000 0.000000
0.000000 0.000000
0.000000 0.000000
0.000000 0.000000
0.000000 0.000000
0.000000 0.000000
0.000000 0.000000
0.000000 0.000000
0.000000 0.000000
0.000000 0.000000
0.000000 0.000000
0.000000 0.000000
0.000000 0.000000
0.000000 0.000000
0.000000 0.000000
0.000000 0.000000
0.000000 0.000000
0.000000 0.000000
0.000000 0.000000
0.000000 0.000000
0.000000 0.000000
0.000000 0.000000
0.000000 0.000000
0.000000 0.000000
39.986466 116.377840
39.986412 116.377927
39.986359 116.378012
39.986305 116.378097
39.986253 116.378180
39.986202 116.378262
39.986151 116.378344
39.986099 116.378427
39.986136 116.378596
39.986150 116.378768
39.986178 116.378965
39.986159 116.379035
39.986152 116.379036
39.986193 116.379359
39.986149 116.379415
39.986197 116.379465
39.986253 116.379521
39.986306 116.379575
39.986360 116.379631
39.986414 116.379685
39.986164 116.380405
39.986187 116.380410
39.986208 116.380415
39.986230 116.380421
39.986252 116.380426
39.986273 116.380431
39.986291 116.380435
39.986299 116.380437
0.000000 0.000000
0.000000 0.000000
0.000000 0.000000
0.000000 0.000000
0.000000 0.000000
39.985123 116.381439
39.985123 116.381439
39.985123 116.381439
39.985117 116.381271
39.985117 116.381268
39.984959 116.381437
39.984783 116.381274
39.984783 116.381279
39.984609 116.381433
39.984451 116.381282
39.984451 116.381291
39.984279 116.381430
39.984176 116.381429
39.984074 116.381427
39.983972 116.381426
39.983869 116.381425
39.983731 116.381312
39.983734 116.381424
39.983734 116.381424
39.983734 116.381424
39.983734 116.381424
0.000000 0.000000
0.000000 0.000000
0.000000 0.000000
39.982342 116.381463
39.982353 116.381771
39.982353 116.381771
39.982353 116.381771
39.982344 116.381521
39.982346 116.381579
39.982216 116.381779
39.982216 116.381779
39.982216 116.381779
39.981556 116.381572
39.981537 116.381507
39.981434 116.381495
39.981242 116.381536
39.981241 116.381532
39.981250 116.381567
39.981274 116.381648
39.981311 116.381781
39.981335 116.381864
39.981362 116.381958
39.981391 116.382059
39.981421 116.382167
39.980933 116.382973
39.980960 116.382981
39.980987 116.382989
39.981010 116.382997
39.981036 116.383005
39.981058 116.383011
39.981081 116.383018
39.981102 116.383025
39.981122 116.383031
39.981140 116.383036
0.000000 0.000000
0.000000 0.000000
0.000000 0.000000
0.000000 0.000000
0.000000 0.000000
0.000000 0.000000
0.000000 0.000000
0.000000 0.000000
39.979801 116.383912
39.979796 116.383885
39.979792 116.383861
39.979787 116.383835
39.979769 116.383741
39.979792 116.383861
