39.984512 116.311588 7164
39.984509 116.311525 7166
39.984508 116.311493 7167
39.984517 116.311265 7172
39.984513 116.310835 7177
39.984503 116.310555 7181
39.984490 116.310292 7185
39.984472 116.310065 7189
39.984450 116.309785 7193
39.984430 116.309462 7197
39.984408 116.309155 7201
39.984387 116.308880 7205
39.984377 116.308502 7210
39.984368 116.308005 7215
39.984370 116.307490 7220
39.984357 116.306960 7225
39.984352 116.306743 7227
39.984350 116.306635 7228
39.984345 116.306418 7230
39.984330 116.305880 7235
39.984288 116.305272 7240
39.984254 116.304866 7244
39.984245 116.304765 7245
39.984205 116.304180 7250
39.984188 116.303417 7255
39.984175 116.303058 7257
39.984155 116.302520 7260
39.984127 116.301545 7265
39.984090 116.300552 7270
39.984058 116.299595 7275
39.984026 116.298849 7279
39.984018 116.298663 7280
39.983992 116.297713 7285
39.983997 116.296727 7290
39.984023 116.295732 7295
39.984150 116.294996 7299
39.984182 116.294812 7300
39.984544 116.294334 7304
39.984635 116.294215 7305
39.984894 116.294109 7307
39.985282 116.293950 7310
39.986010 116.293842 7315
39.986677 116.293743 7320
39.987323 116.293652 7325
39.987948 116.293567 7330
39.988134 116.293549 7332
39.988320 116.293532 7334
39.988580 116.293503 7338
39.988823 116.293440 7342
39.989092 116.293363 7346
39.989178 116.293327 7348
39.989307 116.293273 7351
39.989508 116.293167 7356
39.989737 116.293003 7360
39.989972 116.292787 7364
39.990194 116.292520 7368
39.990250 116.292453 7369
39.990588 116.291978 7374
39.990817 116.291677 7377
39.990970 116.291477 7379
39.991295 116.291058 7384
39.991418 116.290907 7386
39.991602 116.290680 7389
39.991890 116.290332 7394
39.992027 116.290157 7398
39.992217 116.289968 7402
39.992465 116.289787 7406
39.992898 116.289560 7411
39.993460 116.289408 7416
39.993572 116.289387 7417
39.993796 116.289345 7419
39.993908 116.289324 7420
39.994020 116.289303 7421
39.994542 116.289200 7426
39.995143 116.289083 7431
39.995391 116.289020 7433
39.995762 116.288925 7436
39.995885 116.288852 7437
39.996252 116.288633 7440
39.996375 116.288560 7441
39.996880 116.287993 7446
39.997180 116.287584 7449
39.997380 116.287312 7451
39.997905 116.286618 7456
39.998478 116.285858 7461
39.998949 116.285220 7465
39.999067 116.285060 7466
39.999667 116.284240 7471
40.000292 116.283515 7476
40.000957 116.283127 7481
40.001610 116.282998 7486
40.002180 116.282920 7490
40.002323 116.282900 7491
40.002473 116.282878 7492
40.003072 116.282790 7496
40.003780 116.282687 7501
40.004447 116.282578 7506
40.005000 116.282494 7510
40.005138 116.282473 7511
40.005855 116.282358 7516
40.006612 116.282232 7521
40.007083 116.282142 7524
40.007397 116.282082 7526
40.007548 116.282058 7527
40.008153 116.281960 7531
40.008895 116.281840 7536
40.009467 116.281752 7540
40.009610 116.281730 7541
40.010290 116.281640 7546
40.010993 116.281555 7551
40.011440 116.281495 7554
40.011589 116.281475 7555
40.011738 116.281455 7556
40.012169 116.281402 7559
40.012313 116.281385 7560
40.012457 116.281367 7561
40.013148 116.281288 7566
40.013683 116.281320 7571
40.013888 116.281878 7576
40.013950 116.282730 7581
40.013964 116.283093 7583
40.013985 116.283637 7586
40.013712 116.284400 7591
40.013592 116.284430 7592
40.013352 116.284490 7594
40.013112 116.284550 7596
40.012652 116.283965 7601
40.012533 116.283221 7605
40.012503 116.283035 7606
40.012415 116.282217 7610
40.012393 116.282012 7611
40.012272 116.280950 7616
40.012193 116.280078 7620
40.012173 116.279860 7621
40.012145 116.279646 7622
40.012033 116.278788 7626
40.011999 116.278566 7627
40.011897 116.277900 7630
40.011863 116.277678 7631
40.011708 116.276555 7636
40.011557 116.275448 7641
40.011418 116.274315 7646
40.011292 116.273188 7651
40.011209 116.272518 7654
40.011153 116.272072 7656
40.011088 116.271626 7658
40.010990 116.270958 7661
40.010943 116.270731 7662
40.010755 116.269823 7666
40.010392 116.268727 7671
40.009997 116.267933 7675
40.009898 116.267735 7676
40.009297 116.266880 7681
40.008617 116.266178 7686
40.008319 116.265963 7688
40.008170 116.265855 7689
40.007872 116.265640 7691
40.007085 116.265188 7696
40.006272 116.264748 7701
40.005453 116.264260 7706
40.004660 116.263652 7711
40.003948 116.262907 7716
40.003569 116.262371 7719
40.003317 116.262013 7721
40.002780 116.260950 7726
40.002382 116.259818 7731
40.002123 116.258648 7736
40.001963 116.257442 7741
40.001872 116.256175 7746
40.001822 116.254908 7751
40.001804 116.254422 7753
40.001777 116.253692 7756
40.001738 116.252552 7761
