39.988303 116.306285 4802
39.988319 116.306415 4806
39.988323 116.306447 4807
39.988350 116.306487 4811
39.988418 116.306468 4815
39.988515 116.306365 4819
39.988623 116.306420 4823
39.988738 116.306683 4827
39.988815 116.306799 4829
39.988892 116.306915 4831
39.989035 116.307150 4835
39.989085 116.307327 4839
39.989114 116.307415 4841
39.989128 116.307459 4842
39.989143 116.307503 4843
39.989222 116.307660 4847
39.989293 116.307823 4851
39.989342 116.307993 4855
39.989165 116.308113 4859
39.989177 116.308258 4863
39.989159 116.308289 4864
39.989103 116.308383 4867
39.989104 116.308453 4869
39.989105 116.308523 4871
39.989102 116.308677 4875
39.989016 116.308798 4878
39.988987 116.308838 4879
39.988963 116.308998 4883
39.988958 116.309067 4885
39.988956 116.309101 4886
39.988953 116.309135 4887
39.988890 116.309217 4891
39.988877 116.309240 4892
39.988838 116.309307 4895
39.988835 116.309311 4897
39.988832 116.309315 4899
39.988822 116.309327 4905
39.988848 116.309325 4909
39.988845 116.309373 4913
39.988802 116.309402 4917
39.988798 116.309442 4921
39.988796 116.309444 4922
39.988791 116.309448 4924
39.988788 116.309450 4925
39.988745 116.309423 4929
39.988747 116.309494 4932
39.988748 116.309518 4933
39.988745 116.309543 4934
39.988737 116.309620 4937
39.988543 116.309512 4941
39.988573 116.309525 4943
39.988602 116.309538 4945
39.988635 116.309550 4946
39.988732 116.309585 4949
39.988834 116.309610 4952
39.988868 116.309618 4953
39.988889 116.309598 4954
39.988950 116.309538 4957
39.989020 116.309485 4961
39.989023 116.309383 4965
39.989020 116.309322 4969
39.989005 116.309303 4971
39.989003 116.309355 5005
39.989003 116.309365 5006
39.989004 116.309375 5007
39.989005 116.309395 5009
39.989003 116.309538 5013
39.989000 116.309627 5017
39.988988 116.309737 5021
39.988967 116.309828 5025
39.988958 116.309847 5026
39.988930 116.309903 5029
39.988897 116.309958 5033
39.988863 116.309993 5037
39.988838 116.310038 5041
39.988858 116.310130 5045
39.988871 116.310149 5046
39.988910 116.310207 5049
39.988953 116.310225 5051
39.988997 116.310242 5053
39.989053 116.310270 5057
39.989108 116.310272 5061
39.989153 116.310272 5065
39.989210 116.310325 5069
39.989207 116.310347 5073
39.989208 116.310388 5077
39.989185 116.310380 5079
39.989162 116.310372 5081
39.989124 116.310339 5083
39.989085 116.310305 5085
39.989070 116.310243 5127
39.989067 116.310250 5128
39.989058 116.310270 5131
39.989023 116.310247 5135
39.989026 116.310235 5136
39.989029 116.310224 5137
39.989035 116.310200 5139
39.989059 116.310161 5141
39.989083 116.310122 5143
39.989067 116.310102 5144
39.989020 116.310042 5147
39.989100 116.309979 5150
39.989127 116.309958 5151
39.989440 116.309883 5155
39.990690 116.309690 5173
39.990927 116.309663 5175
39.991165 116.309635 5177
39.991455 116.309585 5181
39.991519 116.309568 5182
39.991582 116.309551 5183
39.991710 116.309517 5185
39.991877 116.309468 5189
39.991983 116.309455 5193
39.990602 116.309673 5261
39.990618 116.309678 5265
39.990680 116.309695 5269
39.990863 116.309700 5273
39.991058 116.309722 5277
39.991358 116.309705 5281
39.991695 116.309688 5285
39.991898 116.309677 5287
39.992202 116.309660 5290
39.992507 116.309655 5293
39.992830 116.309608 5296
39.992941 116.309589 5297
39.993163 116.309550 5299
39.993505 116.309505 5302
39.993955 116.309430 5307
39.994183 116.309373 5311
39.994357 116.309327 5315
39.994377 116.309318 5316
39.994397 116.309310 5317
39.994404 116.309303 5323
39.994407 116.309300 5326
39.994470 116.309290 5330
39.994595 116.309298 5334
39.994860 116.309317 5338
39.994938 116.309317 5339
39.995017 116.309317 5340
39.995173 116.309318 5342
39.995482 116.309315 5346
39.995722 116.309273 5350
39.995842 116.309252 5354
39.995850 116.309261 5355
39.995857 116.309270 5356
39.995857 116.309270 5360
39.995893 116.309275 5364
39.995941 116.309270 5367
39.995957 116.309268 5368
39.995962 116.309267 5370
39.995962 116.309267 5380
39.995998 116.309268 5384
39.996118 116.309238 5388
39.996195 116.309205 5392
39.996187 116.309185 5394
39.996187 116.309185 5401
