40.005310 116.312785 46630
40.005251 116.312694 46631
40.005192 116.312604 46632
40.005073 116.312422 46634
40.004950 116.311938 46638
40.004959 116.311730 46640
40.004967 116.311522 46642
40.004862 116.310960 46646
40.004682 116.310312 46651
40.004573 116.310067 46653
40.004518 116.309945 46654
40.004463 116.309822 46655
40.004208 116.309493 46659
40.003973 116.309210 46663
40.003944 116.309242 46664
40.003914 116.309274 46665
40.003855 116.309337 46667
40.003725 116.309297 46671
40.003603 116.309249 46674
40.003563 116.309233 46675
40.003318 116.309200 46679
40.003166 116.309173 46681
40.003091 116.309160 46682
40.003015 116.309147 46683
40.002715 116.309098 46687
40.002657 116.309116 46688
40.002482 116.309170 46691
40.002412 116.309215 46695
40.002290 116.309205 46699
40.002138 116.309198 46703
40.001960 116.309198 46707
40.001755 116.309198 46711
40.001490 116.309198 46715
40.001421 116.309207 46716
40.001282 116.309226 46718
40.001213 116.309235 46719
40.000912 116.309268 46723
40.000592 116.309285 46727
40.000248 116.309295 46731
39.999708 116.309223 46735
39.999263 116.309208 46739
39.998728 116.309215 46744
39.998340 116.309202 46748
39.997973 116.309150 46752
39.997615 116.309095 46756
39.997250 116.309078 46760
39.997163 116.309067 46761
39.997075 116.309055 46762
39.996900 116.309033 46764
39.996761 116.309010 46766
39.996691 116.308999 46767
39.996622 116.308987 46768
39.996584 116.308969 46769
39.996470 116.308913 46772
39.996317 116.308840 46776
39.996183 116.308847 46780
39.996057 116.308907 46784
39.996023 116.308927 46785
39.995920 116.308988 46788
39.995856 116.308997 46789
39.995791 116.309005 46790
39.995663 116.309022 46792
39.995636 116.309046 46793
39.995555 116.309118 46796
39.995445 116.309157 46798
39.995335 116.309197 46800
39.995072 116.309258 46804
39.994971 116.309241 46806
39.994668 116.309190 46812
39.994315 116.309130 46819
39.994230 116.309235 46823
39.994058 116.309305 46827
39.993787 116.309353 46831
39.993465 116.309397 46835
39.993070 116.309423 46839
39.992670 116.309520 46843
39.992387 116.309559 46846
39.992293 116.309572 46847
39.991812 116.309628 46852
39.991587 116.309646 46854
39.991475 116.309655 46855
39.991173 116.309703 46858
39.990971 116.309735 46860
39.990668 116.309782 46863
39.990564 116.309784 46864
39.988700 116.309823 46882
39.988290 116.309725 46887
39.988172 116.309752 46891
39.988275 116.309740 46895
39.988602 116.309935 46899
39.988566 116.309872 46901
39.988548 116.309841 46902
39.988530 116.309810 46903
39.988465 116.309758 46907
39.988498 116.309730 46911
39.988573 116.309722 46915
39.988620 116.309707 46919
39.988672 116.309675 46923
39.988728 116.309705 46927
39.988798 116.309730 46931
39.988850 116.309730 46935
39.988890 116.309708 46939
39.988930 116.309683 46943
39.988973 116.309677 46947
39.989007 116.309642 46951
39.989002 116.309621 46952
39.988997 116.309600 46953
39.988987 116.309558 46955
39.988976 116.309520 46957
39.988971 116.309502 46958
39.988965 116.309483 46959
39.988958 116.309472 46960
39.988937 116.309437 46963
39.988930 116.309402 46967
39.988890 116.309335 46971
39.988896 116.309291 46973
39.988902 116.309247 46975
39.988915 116.309190 46979
39.988905 116.309157 46983
39.988862 116.309088 46987
39.988795 116.309035 46991
39.988779 116.309026 46992
39.988730 116.308998 46995
39.988748 116.309015 47000
39.988747 116.308997 47002
39.988747 116.309038 47013
39.988747 116.309038 47048
39.988735 116.309033 47052
39.988737 116.309045 47053
39.988743 116.309071 47055
39.988745 116.309083 47056
39.988837 116.309105 47060
39.988878 116.309003 47064
39.988906 116.308945 47066
39.988933 116.308887 47068
39.989025 116.308848 47072
39.989102 116.308828 47076
39.989134 116.308821 47078
39.989165 116.308815 47080
39.989188 116.308837 47082
39.989212 116.308860 47084
39.989208 116.308925 47088
39.989137 116.309092 47092
39.989047 116.309228 47096
39.988957 116.309317 47100
39.988935 116.309349 47102
39.988913 116.309382 47104
39.988885 116.309468 47108
39.988888 116.309535 47112
39.988892 116.309572 47117
39.988873 116.309627 47121
39.988838 116.309658 47125
39.988810 116.309668 47129
39.988780 116.309703 47133
39.988795 116.309768 47137
39.988787 116.309777 47139
39.988787 116.309777 47165
39.988810 116.309788 47169
39.988833 116.309793 47172
39.988840 116.309795 47173
39.988845 116.309787 47177
39.988848 116.309777 47181
39.988797 116.309748 47186
39.988784 116.309744 47187
39.988759 116.309737 47189
39.988747 116.309733 47190
39.988729 116.309734 47191
39.988712 116.309735 47192
39.988702 116.309723 47219
