39.974683 116.331611 32960
39.974709 116.331600 32961
39.974815 116.331555 32965
39.974790 116.331902 32970
39.974777 116.331938 32971
39.974739 116.332044 32974
39.974726 116.332080 32975
39.974764 116.332072 32980
39.974848 116.332008 32985
39.974866 116.331996 32986
39.974940 116.331947 32990
39.974983 116.331857 32993
39.975012 116.331797 32995
39.975083 116.331642 33000
39.975179 116.331446 33005
39.975796 116.331370 33010
39.975890 116.331328 33014
39.975913 116.331317 33015
39.976002 116.331248 33020
39.976051 116.331213 33025
39.976045 116.331160 33030
39.976075 116.331069 33033
39.976095 116.331009 33035
39.976091 116.330943 33040
39.976078 116.330875 33045
39.976079 116.330861 33046
39.976080 116.330847 33047
39.976080 116.330834 33048
39.976082 116.330806 33050
39.976071 116.330724 33055
39.976070 116.330709 33056
39.976066 116.330651 33060
39.976045 116.330557 33065
39.976015 116.330337 33070
39.975965 116.330245 33075
39.975958 116.330161 33080
39.975944 116.330082 33085
39.975937 116.330002 33090
39.975929 116.329985 33091
39.975898 116.329915 33095
39.975866 116.329851 33100
39.975844 116.329698 33105
39.975833 116.329640 33109
39.975830 116.329626 33110
39.975814 116.329565 33114
39.975810 116.329550 33115
39.975767 116.329467 33120
39.975743 116.329356 33125
39.975718 116.329296 33129
39.975712 116.329281 33130
39.975627 116.329247 33132
39.975499 116.329196 33135
39.975362 116.329104 33140
39.975341 116.329031 33145
39.975314 116.329008 33148
39.975296 116.328993 33150
39.975286 116.328912 33155
39.975296 116.328877 33157
39.975305 116.328842 33159
39.975310 116.328825 33160
39.975337 116.328716 33165
39.975336 116.328647 33170
39.975377 116.328580 33175
39.975485 116.328503 33180
39.975478 116.328460 33185
39.975474 116.328383 33190
39.975519 116.328305 33195
39.975537 116.328228 33200
39.975514 116.328153 33205
39.975508 116.328137 33206
39.975486 116.328071 33210
39.975507 116.328001 33215
39.975540 116.327936 33220
39.975543 116.327902 33225
39.975517 116.327824 33229
39.975511 116.327804 33230
39.975445 116.327778 33232
39.975379 116.327752 33234
39.975346 116.327739 33235
39.975299 116.327597 33240
39.975290 116.327503 33245
39.975255 116.327439 33250
39.975217 116.327365 33255
39.975208 116.327321 33258
39.975202 116.327291 33260
39.975210 116.327226 33265
39.975207 116.327219 33266
39.975204 116.327213 33267
39.975194 116.327193 33270
39.975177 116.327193 33275
39.975147 116.327195 33280
39.975130 116.327198 33285
39.975132 116.327196 33290
39.975132 116.327196 33291
39.975131 116.327196 33295
39.975131 116.327197 33300
39.975134 116.327196 33305
39.975162 116.327218 33310
39.975189 116.327213 33315
39.975188 116.327226 33320
39.975188 116.327226 33321
39.975187 116.327226 33325
39.975197 116.327231 33330
39.975243 116.327219 33335
39.975273 116.327210 33339
39.975280 116.327208 33340
39.975318 116.327165 33345
39.975335 116.327072 33349
39.975339 116.327049 33350
39.975350 116.326996 33353
39.975354 116.326979 33354
39.975358 116.326961 33355
39.975346 116.326872 33360
39.975361 116.326797 33365
39.975374 116.326715 33370
39.975372 116.326683 33372
39.975368 116.326636 33375
39.975378 116.326535 33380
39.975376 116.326463 33385
39.975373 116.326450 33386
39.975359 116.326398 33390
39.975367 116.326364 33392
39.975378 116.326312 33395
39.975377 116.326235 33400
39.975383 116.326150 33405
39.975383 116.326066 33410
39.975381 116.326042 33412
39.975380 116.326019 33414
39.975379 116.326007 33415
39.975383 116.325939 33420
39.975316 116.325887 33425
39.975298 116.325823 33430
39.975299 116.325790 33433
39.975299 116.325768 33435
39.975281 116.325723 33440
39.975267 116.325659 33445
39.975264 116.325604 33450
39.975267 116.325585 33455
39.975262 116.325589 33460
39.975255 116.325593 33465
39.975256 116.325595 33470
39.975258 116.325595 33472
39.975258 116.325596 33473
39.975260 116.325596 33475
39.975264 116.325596 33480
39.975271 116.325593 33485
39.975285 116.325586 33490
39.975290 116.325586 33491
39.975311 116.325588 33495
39.975307 116.325590 33500
39.975314 116.325589 33505
39.975320 116.325587 33509
39.975322 116.325587 33510
39.975322 116.325587 33511
39.975324 116.325587 33515
39.975328 116.325585 33520
39.975353 116.325576 33525
39.975356 116.325574 33530
39.975305 116.325678 33535
39.975307 116.325683 33540
39.975311 116.325681 33544
39.975312 116.325681 33545
39.975313 116.325680 33546
39.975315 116.325679 33548
39.975317 116.325678 33550
39.975357 116.325629 33555
39.975373 116.325593 33556
39.975389 116.325557 33557
39.975436 116.325449 33560
