39.927006 116.335095 363
39.927014 116.335154 368
39.927039 116.335155 373
39.927049 116.335165 378
39.927061 116.335239 383
39.927030 116.335315 387
39.927022 116.335334 388
39.927004 116.335427 393
39.927019 116.335511 398
39.927014 116.335588 403
39.927022 116.335663 408
39.927030 116.335724 413
39.927034 116.335770 416
39.927036 116.335785 417
39.927037 116.335800 418
39.927060 116.335879 423
39.927068 116.335944 428
39.927061 116.336002 433
39.927065 116.336106 438
39.927064 116.336122 439
39.927063 116.336139 440
39.927060 116.336188 443
39.927072 116.336280 448
39.927077 116.336361 453
39.927083 116.336435 458
39.927065 116.336526 463
39.927057 116.336600 468
39.927051 116.336683 473
39.927052 116.336713 475
39.927054 116.336758 478
39.927055 116.336825 483
39.927028 116.336923 488
39.927035 116.336984 493
39.927056 116.337051 498
39.927056 116.337067 500
39.927056 116.337090 503
39.927057 116.337116 508
39.927060 116.337121 509
39.927063 116.337127 510
39.927073 116.337143 513
39.927124 116.337268 518
39.927130 116.337388 523
39.927178 116.337404 528
39.927200 116.337404 530
39.927232 116.337405 533
39.927235 116.337424 535
39.927237 116.337434 536
39.927240 116.337453 538
39.927246 116.337458 540
39.927248 116.337461 541
39.927254 116.337466 543
39.927327 116.337450 547
39.927345 116.337446 548
39.927411 116.337441 553
39.927485 116.337526 558
39.927525 116.337555 561
39.927552 116.337575 563
39.927605 116.337559 568
39.927626 116.337573 571
39.927640 116.337582 573
39.927661 116.337581 575
39.927682 116.337580 577
39.927692 116.337579 578
39.927699 116.337570 583
39.927699 116.337567 584
39.927700 116.337553 588
39.927744 116.337539 593
39.927766 116.337539 598
39.927837 116.337580 602
39.927855 116.337590 603
39.927885 116.337596 608
39.927890 116.337596 613
39.927901 116.337599 614
39.927947 116.337611 618
39.928057 116.337628 623
39.928095 116.337648 628
39.928079 116.337623 633
39.928052 116.337630 638
39.928035 116.337632 641
39.928023 116.337633 643
39.928012 116.337619 648
39.927990 116.337617 653
39.927986 116.337617 655
39.927981 116.337616 658
39.927974 116.337611 663
39.927976 116.337611 664
39.927986 116.337609 668
39.928018 116.337597 673
39.928017 116.337598 674
39.928012 116.337602 678
39.928002 116.337592 680
39.927987 116.337578 683
39.927986 116.337579 684
39.927984 116.337580 685
39.927980 116.337582 688
39.927971 116.337578 693
39.927961 116.337570 696
39.927954 116.337565 698
39.927929 116.337561 702
39.927923 116.337560 703
39.927926 116.337562 704
39.927936 116.337572 708
39.927936 116.337579 713
39.927938 116.337572 718
39.927803 116.337413 723
39.927600 116.337442 728
39.927442 116.337472 733
39.927433 116.337517 738
39.927350 116.337642 743
39.927168 116.337828 748
39.927119 116.337859 753
39.927160 116.337846 758
39.927138 116.337840 759
39.927117 116.337833 760
39.927052 116.337814 763
39.926887 116.337831 768
39.926841 116.337851 769
39.926657 116.337931 773
39.926274 116.338000 778
39.925849 116.337946 783
39.925539 116.337816 788
39.925412 116.337837 793
39.925453 116.337803 797
39.925463 116.337795 798
39.925434 116.337773 803
39.925433 116.337770 804
39.925431 116.337758 808
39.925207 116.337938 813
39.924991 116.337946 818
39.924713 116.337958 823
39.924418 116.337986 828
39.924298 116.338026 830
39.924119 116.338086 833
39.923850 116.338156 838
39.923638 116.338197 843
39.923533 116.338236 848
39.923539 116.338225 853
39.923556 116.338242 858
39.923574 116.338245 863
39.923577 116.338248 864
39.923581 116.338251 865
39.923591 116.338259 868
39.923602 116.338285 873
39.923615 116.338293 876
39.923623 116.338298 878
39.923632 116.338298 883
39.923607 116.338295 884
39.923508 116.338284 888
39.923403 116.338313 893
39.923342 116.338345 898
39.923291 116.338383 903
39.923278 116.338391 908
39.923244 116.338221 913
39.923177 116.338165 918
39.923163 116.338107 920
39.923141 116.338019 923
39.923124 116.338004 926
39.923113 116.337994 928
39.923088 116.338000 931
39.923071 116.338004 933
39.923069 116.338002 937
39.923068 116.338001 938
39.923072 116.337998 942
39.923073 116.337997 943
39.923067 116.338022 947
39.923066 116.338028 948
39.923060 116.338054 953
39.923064 116.338014 958
