39.905252 116.369214 30039
39.905281 116.369320 30044
39.905283 116.369392 30049
39.905265 116.369454 30054
39.905260 116.369447 30057
39.905256 116.369442 30059
39.905259 116.369420 30064
39.905259 116.369419 30065
39.905258 116.369413 30069
39.905258 116.369406 30073
39.905258 116.369404 30074
39.905257 116.369401 30079
39.905259 116.369400 30084
39.905255 116.369397 30089
39.905255 116.369398 30090
39.905253 116.369401 30094
39.905253 116.369403 30099
39.905259 116.369384 30104
39.905321 116.369343 30109
39.905386 116.369361 30114
39.905442 116.369337 30119
39.905470 116.369318 30122
39.905488 116.369306 30124
39.905617 116.369278 30129
39.905787 116.369207 30134
39.905887 116.369083 30139
39.905855 116.368881 30143
39.905847 116.368830 30144
39.905764 116.368610 30148
39.905743 116.368555 30149
39.905716 116.368497 30154
39.905699 116.368472 30159
39.905692 116.368463 30161
39.905682 116.368449 30164
39.905663 116.368436 30169
39.905639 116.368426 30174
39.905613 116.368414 30179
39.905587 116.368389 30183
39.905581 116.368383 30184
39.905574 116.368379 30189
39.905573 116.368380 30194
39.905567 116.368364 30199
39.905560 116.368343 30201
39.905550 116.368312 30204
39.905546 116.368303 30205
39.905528 116.368265 30209
39.905514 116.368243 30214
39.905509 116.368231 30216
39.905501 116.368214 30219
39.905492 116.368193 30224
39.905486 116.368173 30228
39.905485 116.368168 30229
39.905485 116.368164 30230
39.905485 116.368150 30234
39.905491 116.368123 30239
39.905511 116.368090 30244
39.905609 116.367980 30249
39.905757 116.367915 30254
39.905850 116.367860 30259
39.905894 116.367806 30264
39.905921 116.367785 30267
39.905939 116.367771 30269
39.905942 116.367735 30274
39.905945 116.367733 30275
39.905947 116.367730 30276
39.905950 116.367728 30277
39.905952 116.367725 30278
39.905955 116.367723 30279
39.905969 116.367728 30284
39.905962 116.367731 30288
39.905960 116.367732 30289
39.905945 116.367725 30294
39.905936 116.367720 30299
39.905942 116.367717 30304
39.905950 116.367720 30309
39.905963 116.367717 30314
39.905963 116.367723 30319
39.905955 116.367716 30323
39.905953 116.367714 30324
39.905945 116.367722 30329
39.905980 116.367703 30334
39.905938 116.367662 30339
39.905889 116.367483 30344
39.905933 116.366989 30349
39.905988 116.366404 30354
39.905997 116.365807 30359
39.905996 116.365231 30364
39.905999 116.365118 30365
39.906009 116.364665 30369
39.906004 116.364551 30370
39.905982 116.364097 30374
39.905983 116.363511 30379
39.905974 116.363082 30382
39.905968 116.362796 30384
39.905897 116.361975 30389
39.905899 116.361496 30394
39.905917 116.360990 30399
39.905917 116.360772 30401
39.905916 116.360446 30404
39.905928 116.359868 30409
39.905945 116.359398 30413
39.905949 116.359281 30414
39.905986 116.358741 30419
39.905982 116.358306 30423
39.905981 116.358197 30424
39.906126 116.357750 30429
39.906196 116.357697 30434
39.906188 116.357711 30439
39.906174 116.357705 30444
39.906098 116.357639 30449
39.905737 116.357160 30454
39.905713 116.357097 30459
39.905714 116.357089 30464
39.905684 116.357092 30469
39.905664 116.357106 30472
39.905657 116.357110 30473
39.905650 116.357115 30474
39.905632 116.357135 30478
39.905627 116.357140 30479
39.905625 116.357149 30484
39.905635 116.357144 30487
39.905639 116.357142 30488
39.905642 116.357140 30489
39.905656 116.357130 30492
39.905666 116.357123 30494
39.905683 116.357106 30499
39.905687 116.357048 30502
39.905689 116.357010 30504
39.905693 116.356782 30508
39.905694 116.356725 30509
39.905699 116.356552 30511
39.905706 116.356292 30514
39.905719 116.355782 30519
39.905727 116.355206 30524
39.905751 116.354631 30529
39.905756 116.354518 30530
39.905777 116.354066 30534
39.905797 116.353530 30539
39.905776 116.353237 30542
39.905762 116.353041 30544
39.905759 116.352602 30549
39.905736 116.352157 30554
39.905748 116.351901 30559
39.905755 116.351894 30560
39.905762 116.351888 30561
39.905783 116.351868 30564
39.905783 116.351866 30565
39.905781 116.351857 30569
39.905786 116.351844 30574
39.905786 116.351831 30579
39.905774 116.351808 30583
39.905771 116.351802 30584
39.905789 116.351780 30588
39.905793 116.351775 30589
39.905758 116.351639 30594
39.905720 116.351484 30597
39.905694 116.351380 30599
39.905688 116.351290 30600
39.905663 116.350930 30604
39.905664 116.350395 30609
39.905666 116.349931 30613
39.905666 116.349815 30614
39.905691 116.349246 30619
39.905716 116.348666 30624
39.905738 116.348047 30629
39.905756 116.347752 30632
39.905768 116.347556 30634
39.905807 116.347262 30638
39.905817 116.347189 30639
