39.995366 116.326545 5210
39.995383 116.326422 5214
39.995414 116.326489 5216
39.995355 116.326494 5220
39.995332 116.326464 5224
39.995325 116.326465 5225
39.995306 116.326470 5228
39.995221 116.326518 5233
39.995180 116.326556 5237
39.995171 116.326561 5238
39.995135 116.326583 5242
39.995095 116.326691 5247
39.995082 116.326762 5250
39.995058 116.326823 5254
39.995057 116.326842 5255
39.995052 116.326897 5258
39.995056 116.326964 5261
39.995061 116.327030 5264
39.995061 116.327091 5267
39.995065 116.327111 5268
39.995072 116.327151 5270
39.995108 116.327201 5274
39.995156 116.327214 5278
39.995173 116.327212 5279
39.995207 116.327208 5281
39.995248 116.327237 5285
39.995289 116.327286 5289
39.995337 116.327316 5294
39.995365 116.327350 5299
39.995346 116.327367 5303
39.995341 116.327371 5304
39.995306 116.327353 5309
39.995282 116.327352 5313
39.995276 116.327352 5314
39.995251 116.327349 5319
39.995220 116.327323 5324
39.995187 116.327283 5328
39.995171 116.327250 5333
39.995158 116.327249 5338
39.995156 116.327251 5340
39.995152 116.327255 5343
39.995149 116.327255 5348
39.995150 116.327265 5353
39.995154 116.327276 5358
39.995149 116.327276 5363
39.995146 116.327275 5368
39.995144 116.327274 5373
39.995143 116.327274 5378
39.995141 116.327273 5379
39.995137 116.327272 5382
39.995135 116.327271 5383
39.995126 116.327273 5387
39.995124 116.327273 5388
39.995100 116.327280 5393
39.995092 116.327284 5395
39.995085 116.327287 5397
39.995081 116.327289 5398
39.995081 116.327289 5399
39.995083 116.327290 5403
39.995085 116.327291 5405
39.995087 116.327293 5408
39.995088 116.327293 5410
39.995090 116.327293 5413
39.995089 116.327293 5417
39.995089 116.327293 5418
39.995095 116.327286 5419
39.995117 116.327258 5423
39.995266 116.327262 5428
39.995255 116.327249 5433
39.995210 116.327242 5437
39.995165 116.327227 5440
39.995113 116.327201 5445
39.995088 116.327151 5450
39.995081 116.327110 5452
39.995074 116.327069 5454
39.995069 116.327024 5456
39.995066 116.327001 5457
39.995044 116.326945 5461
39.994997 116.326923 5464
39.994943 116.326896 5467
39.994902 116.326866 5470
39.994858 116.326854 5475
39.994798 116.326860 5479
39.994743 116.326855 5483
39.994699 116.326846 5488
39.994676 116.326795 5491
39.994634 116.326754 5496
39.994585 116.326721 5500
39.994565 116.326659 5503
39.994562 116.326609 5508
39.994561 116.326592 5513
39.994562 116.326588 5517
39.994562 116.326587 5518
39.994568 116.326589 5522
39.994570 116.326589 5523
39.994420 116.326549 5528
39.994343 116.326529 5530
39.994267 116.326509 5532
39.994235 116.326515 5533
39.994202 116.326520 5534
39.994137 116.326531 5536
39.994002 116.326534 5540
39.993949 116.326531 5541
39.993739 116.326518 5545
39.993374 116.326517 5550
39.993288 116.326525 5551
39.992943 116.326558 5555
39.992638 116.326604 5560
39.992597 116.326596 5561
39.992556 116.326589 5562
39.992515 116.326581 5563
39.992485 116.326596 5565
39.992470 116.326603 5566
39.992473 116.326692 5570
39.992439 116.326652 5574
39.992432 116.326616 5576
39.992428 116.326598 5577
39.992432 116.326544 5582
39.992459 116.326541 5587
39.992485 116.326567 5591
39.992491 116.326573 5592
39.992488 116.326583 5596
39.992487 116.326586 5597
39.992489 116.326594 5602
39.992483 116.326594 5607
39.992468 116.326593 5612
39.992455 116.326597 5617
39.992233 116.326595 5622
39.991882 116.326522 5627
39.991812 116.326534 5629
39.991803 116.326592 5633
39.991803 116.326592 5638
39.991801 116.326592 5643
39.991800 116.326592 5645
39.991799 116.326592 5648
39.991799 116.326592 5650
39.991798 116.326593 5653
39.991798 116.326593 5655
39.991798 116.326593 5658
39.991796 116.326592 5662
39.991796 116.326592 5663
39.991803 116.326592 5668
39.991807 116.326592 5673
39.991803 116.326593 5678
39.991807 116.326594 5683
39.991811 116.326594 5688
39.991813 116.326595 5693
39.991806 116.326595 5698
39.991796 116.326597 5701
39.991789 116.326598 5703
39.991776 116.326601 5708
39.991768 116.326605 5712
39.991766 116.326606 5713
39.991765 116.326607 5714
39.991763 116.326609 5715
39.991759 116.326613 5718
39.991759 116.326614 5719
39.991758 116.326618 5723
39.991762 116.326626 5728
39.991767 116.326634 5733
39.991748 116.326649 5735
39.991739 116.326656 5736
39.991730 116.326664 5737
39.991560 116.326703 5740
39.991447 116.326729 5742
39.991177 116.326768 5747
39.990863 116.326803 5752
39.990778 116.326808 5753
39.990436 116.326827 5757
39.990226 116.326824 5759
39.990121 116.326823 5760
39.989911 116.326820 5762
39.989375 116.326832 5767
39.988869 116.326831 5772
39.988368 116.326848 5777
39.988265 116.326856 5778
39.987954 116.326882 5781
39.987851 116.326890 5782
39.987352 116.326918 5787
39.986902 116.326936 5792
39.986726 116.326953 5795
39.986609 116.326965 5797
39.986563 116.326973 5798
39.986472 116.326990 5800
39.986381 116.327006 5802
39.986122 116.327125 5807
