39.974044 116.339419 56623
39.974055 116.339484 56628
39.974063 116.339497 56629
39.974093 116.339548 56633
39.974106 116.339590 56636
39.974111 116.339604 56637
39.974115 116.339618 56638
39.974117 116.339669 56643
39.974100 116.339647 56648
39.974083 116.339600 56653
39.974083 116.339593 56658
39.974088 116.339572 56663
39.974100 116.339557 56666
39.974104 116.339552 56667
39.974108 116.339547 56668
39.974139 116.339578 56673
39.974149 116.339579 56674
39.974187 116.339585 56678
39.974218 116.339563 56683
39.974232 116.339532 56688
39.974239 116.339495 56693
39.974215 116.339462 56698
39.974186 116.339426 56702
39.974179 116.339417 56703
39.974131 116.339383 56708
39.974102 116.339347 56713
39.974095 116.339305 56718
39.974105 116.339276 56722
39.974108 116.339269 56723
39.974131 116.339289 56728
39.974121 116.339359 56733
39.974130 116.339456 56738
39.974164 116.339546 56743
39.974198 116.339598 56748
39.974204 116.339596 56749
39.974226 116.339588 56753
39.974244 116.339603 56755
39.974270 116.339625 56758
39.974290 116.339664 56760
39.974321 116.339723 56763
39.974383 116.339801 56768
39.974415 116.339859 56771
39.974436 116.339898 56773
39.974468 116.339952 56778
39.974425 116.339895 56783
39.974422 116.339889 56788
39.974424 116.339890 56793
39.974424 116.339893 56798
39.974376 116.339830 56803
39.974329 116.339754 56808
39.974308 116.339714 56811
39.974294 116.339687 56813
39.974287 116.339669 56815
39.974276 116.339642 56818
39.974237 116.339620 56823
39.974197 116.339617 56828
39.974191 116.339603 56829
39.974186 116.339589 56830
39.974180 116.339576 56831
39.974169 116.339548 56833
39.974148 116.339530 56838
39.974147 116.339526 56843
39.974164 116.339579 56848
39.974207 116.339630 56853
39.974242 116.339687 56858
39.974246 116.339746 56861
39.974248 116.339785 56863
39.974292 116.339915 56868
39.974328 116.340030 56873
39.974312 116.340088 56878
39.974293 116.340090 56883
39.974291 116.340089 56884
39.974284 116.340087 56888
39.974266 116.340068 56893
39.974236 116.340072 56898
39.974163 116.340045 56903
39.974154 116.340068 56906
39.974151 116.340075 56907
39.974148 116.340083 56908
39.974160 116.340189 56913
39.974159 116.340215 56914
39.974157 116.340291 56917
39.974159 116.340359 56919
39.974160 116.340393 56920
39.974167 116.340479 56922
39.974171 116.340522 56923
39.974171 116.340563 56924
39.974171 116.340603 56925
39.974171 116.340644 56926
39.974182 116.340748 56929
39.974164 116.340837 56932
39.974122 116.340964 56935
39.974104 116.340987 56936
39.974087 116.341010 56937
39.974069 116.341033 56938
39.974018 116.341114 56941
39.973976 116.341193 56943
39.973955 116.341232 56944
39.973906 116.341196 56948
39.973874 116.341106 56953
39.973869 116.341235 56958
39.973882 116.341330 56962
39.973885 116.341354 56963
39.973912 116.341480 56967
39.973947 116.341589 56972
39.973963 116.341487 56977
39.973956 116.341484 56978
39.973929 116.341471 56982
39.973938 116.341384 56984
39.973942 116.341341 56985
39.973920 116.341221 56989
39.973914 116.341184 56990
39.973895 116.341075 56993
39.973846 116.340775 56997
39.973822 116.340529 57001
39.973822 116.340405 57004
39.973843 116.340480 57009
39.973824 116.340526 57014
39.973766 116.340512 57019
39.973757 116.340515 57024
39.973756 116.340505 57025
39.973752 116.340463 57029
39.973717 116.340360 57034
39.973730 116.340272 57039
39.973748 116.340314 57044
39.973747 116.340317 57049
39.973743 116.340273 57054
39.973737 116.340287 57059
39.973760 116.340365 57064
39.973774 116.340384 57067
39.973778 116.340390 57068
39.973783 116.340396 57069
39.973821 116.340465 57074
39.973820 116.340541 57079
39.973802 116.340625 57084
39.973799 116.340643 57085
39.973788 116.340717 57089
39.973773 116.340686 57091
39.973750 116.340640 57094
39.973742 116.340582 57099
39.973736 116.340565 57100
39.973713 116.340496 57104
39.973680 116.340514 57109
39.973640 116.340431 57114
39.973618 116.340321 57118
39.973612 116.340293 57119
39.973625 116.340271 57124
39.973627 116.340213 57129
39.973628 116.340249 57131
39.973628 116.340268 57132
39.973629 116.340286 57133
39.973629 116.340304 57134
39.973608 116.340345 57139
39.973574 116.340391 57144
39.973539 116.340330 57149
39.973493 116.340217 57153
39.973502 116.340186 57158
39.973507 116.340186 57159
39.973524 116.340187 57162
39.973529 116.340187 57163
39.973575 116.340152 57167
39.973586 116.340143 57168
39.973604 116.340137 57170
39.973632 116.340129 57173
39.973636 116.340096 57178
39.973641 116.340102 57179
39.973650 116.340115 57181
39.973660 116.340128 57183
39.973712 116.340227 57186
39.973722 116.340255 57187
39.973752 116.340340 57190
39.973778 116.340432 57195
39.973815 116.340510 57200
39.973805 116.340424 57205
39.973803 116.340449 57209
39.973802 116.340455 57210
39.973799 116.340459 57215
39.973831 116.340524 57220
39.973853 116.340465 57225
