39.991453 116.362910 41808
39.991687 116.362888 41813
39.991883 116.362883 41818
39.991919 116.362870 41821
39.991968 116.362853 41825
39.992073 116.362838 41867
39.992170 116.362797 41872
39.992240 116.362875 41907
39.992318 116.362830 41910
39.992377 116.362722 41913
39.992432 116.362450 41918
39.992435 116.362135 41922
39.992417 116.361680 41927
39.992411 116.361578 41928
39.992388 116.361172 41932
39.992368 116.360662 41937
39.992367 116.360280 41941
39.992367 116.360185 41942
39.992370 116.359830 41947
39.992378 116.359770 41948
39.992386 116.359710 41949
39.992394 116.359650 41950
39.992402 116.359590 41951
39.992415 116.359463 41954
39.992418 116.359396 41956
39.992420 116.359363 41957
39.992413 116.359238 41961
39.992433 116.359161 41963
39.992443 116.359122 41964
39.992463 116.359045 41966
39.992642 116.358967 41971
39.992860 116.358948 41975
39.993073 116.358975 41979
39.993112 116.358983 41980
39.993190 116.359000 41982
39.993203 116.358999 41985
39.993300 116.358993 42007
39.993520 116.358930 42012
39.993587 116.358924 42013
39.993654 116.358918 42014
39.993787 116.358905 42016
39.993933 116.358880 42018
39.994080 116.358855 42020
39.994400 116.358812 42024
39.994576 116.358802 42026
39.994752 116.358792 42028
39.995182 116.358778 42033
39.995660 116.358753 42038
39.996098 116.358747 42043
39.996410 116.358750 42047
39.996489 116.358751 42048
39.996725 116.358755 42051
39.996866 116.358754 42053
39.997007 116.358753 42055
39.997039 116.358745 42056
39.997102 116.358728 42058
39.997162 116.358648 42066
39.997252 116.358657 42074
39.997433 116.358663 42079
39.997678 116.358663 42084
39.997940 116.358668 42088
39.998362 116.358670 42093
39.998788 116.358657 42098
39.998876 116.358651 42099
39.998965 116.358644 42100
39.999230 116.358625 42103
39.999505 116.358600 42107
39.999602 116.358602 42110
39.999700 116.358573 42114
39.999729 116.358577 42115
39.999817 116.358588 42118
39.999929 116.358740 42122
39.999957 116.358778 42123
39.999982 116.358990 42126
39.999990 116.359060 42127
40.000000 116.359520 42132
39.999942 116.360065 42137
39.999929 116.360139 42138
39.999903 116.360287 42140
39.999877 116.360435 42142
39.999832 116.360525 42145
39.999862 116.360595 42164
39.999872 116.360617 42170
39.999920 116.360848 42175
39.999963 116.361024 42178
39.999978 116.361082 42179
40.000017 116.361300 42183
40.000067 116.361598 42187
40.000102 116.361937 42191
40.000100 116.362200 42195
40.000102 116.362305 42197
40.000070 116.362393 42275
40.000057 116.362492 42279
40.000063 116.362700 42283
40.000115 116.362983 42287
40.000168 116.363283 42291
40.000252 116.363543 42295
40.000305 116.363778 42299
40.000356 116.363843 42300
40.000562 116.364103 42304
40.000783 116.364048 42309
40.001010 116.363955 42313
40.001283 116.363838 42317
40.001617 116.363717 42321
40.001700 116.363687 42322
40.002073 116.363425 42327
40.002192 116.363279 42329
40.002310 116.363132 42331
40.002645 116.362803 42336
40.003093 116.362572 42341
40.003478 116.362305 42346
40.003550 116.362246 42347
40.003767 116.362070 42350
40.003913 116.361855 42355
40.003963 116.361727 42378
40.004017 116.361645 42385
40.004036 116.361627 42386
40.004055 116.361608 42387
40.004074 116.361590 42388
40.004093 116.361572 42389
40.004116 116.361535 42390
40.004162 116.361460 42392
40.004262 116.361365 42395
40.004364 116.361272 42398
40.004432 116.361210 42400
40.004613 116.361113 42404
