39.966599 116.432180 9700
39.966477 116.432358 9703
39.966437 116.432418 9704
39.966442 116.432455 9705
39.966446 116.432491 9706
39.966421 116.432538 9710
39.966382 116.432553 9715
39.966364 116.432550 9720
39.966357 116.432559 9725
39.966352 116.432567 9727
39.966344 116.432578 9730
39.966265 116.432701 9735
39.966155 116.432725 9739
39.966110 116.432721 9742
39.966085 116.432766 9747
39.966114 116.432860 9750
39.966123 116.432891 9751
39.966148 116.432937 9754
39.966171 116.432935 9756
39.966183 116.432934 9757
39.966194 116.432933 9758
39.966196 116.432932 9760
39.966198 116.432930 9763
39.966231 116.432971 9768
39.966268 116.433074 9772
39.966164 116.433344 9777
39.965942 116.433625 9781
39.965887 116.433695 9782
39.965629 116.434171 9787
39.965379 116.434563 9791
39.965317 116.434661 9792
39.965190 116.434870 9794
39.964999 116.435183 9797
39.964932 116.435276 9798
39.964663 116.435646 9802
39.964457 116.435886 9805
39.964320 116.436046 9807
39.963985 116.436372 9812
39.963780 116.436747 9817
39.963546 116.437051 9822
39.963492 116.437105 9824
39.963411 116.437186 9827
39.963347 116.437243 9830
39.963325 116.437262 9831
39.963253 116.437370 9835
39.963219 116.437413 9838
39.963192 116.437430 9841
39.963183 116.437436 9842
39.963169 116.437473 9846
39.963166 116.437482 9847
39.963130 116.437523 9849
39.963082 116.437550 9854
39.963076 116.437552 9858
39.963074 116.437552 9859
39.963073 116.437552 9864
39.963054 116.437545 9867
39.963041 116.437541 9869
39.963041 116.437562 9874
39.963030 116.437544 9879
39.963025 116.437513 9884
39.963024 116.437510 9889
39.963025 116.437507 9894
39.963022 116.437502 9899
39.963020 116.437506 9904
39.963015 116.437515 9909
39.963013 116.437519 9914
39.963011 116.437525 9919
39.963004 116.437536 9922
39.963002 116.437539 9923
39.963000 116.437543 9924
39.962995 116.437576 9929
39.962971 116.437622 9934
39.962957 116.437642 9937
39.962948 116.437655 9939
39.962944 116.437669 9940
39.962931 116.437710 9943
39.962923 116.437732 9945
39.962910 116.437764 9948
39.962908 116.437770 9949
39.962901 116.437793 9953
39.962884 116.437840 9958
39.962878 116.437886 9962
39.962876 116.437897 9963
39.962846 116.437949 9968
39.962841 116.437980 9971
39.962837 116.438000 9973
39.962814 116.438046 9978
39.962799 116.438105 9983
39.962782 116.438136 9986
39.962771 116.438157 9988
39.962736 116.438205 9993
39.962713 116.438254 9998
39.962713 116.438316 10003
39.962669 116.438331 10006
39.962658 116.438389 10011
39.962616 116.438418 10014
39.962581 116.438478 10019
39.962559 116.438510 10023
39.962554 116.438518 10024
39.962508 116.438530 10027
39.962469 116.438577 10031
39.962447 116.438629 10035
39.962412 116.438672 10039
39.962374 116.438704 10043
39.962311 116.438719 10046
39.962274 116.438763 10050
39.962255 116.438808 10055
39.962250 116.438873 10059
39.962210 116.438919 10064
39.962202 116.438991 10069
39.962189 116.439053 10074
39.962171 116.439105 10079
39.962130 116.439135 10082
39.962114 116.439161 10085
39.962108 116.439169 10086
39.962103 116.439178 10087
39.962077 116.439232 10091
39.962052 116.439281 10095
39.962039 116.439310 10098
39.962031 116.439330 10100
39.962025 116.439342 10101
39.962018 116.439354 10102
39.961999 116.439389 10105
39.961938 116.439402 10109
39.961911 116.439446 10114
39.961867 116.439484 10119
39.961819 116.439527 10123
39.961807 116.439538 10124
39.961786 116.439568 10126
39.961776 116.439583 10127
39.961763 116.439613 10132
39.961758 116.439625 10133
39.961739 116.439673 10137
39.961655 116.439671 10140
39.961665 116.439706 10142
39.961670 116.439724 10143
39.961646 116.439767 10147
39.961640 116.439778 10148
39.961601 116.439816 10152
39.961593 116.439843 10154
39.961586 116.439870 10156
39.961574 116.439888 10158
39.961569 116.439896 10159
39.961557 116.439914 10161
39.961554 116.439926 10162
39.961544 116.439974 10166
39.961541 116.439986 10167
39.961527 116.440034 10171
39.961505 116.440087 10175
39.961475 116.440142 10180
39.961433 116.440175 10184
39.961422 116.440183 10185
39.961365 116.440236 10190
39.961320 116.440204 10195
39.961290 116.440141 10199
39.961253 116.440097 10203
39.961241 116.440088 10204
39.961216 116.440071 10206
39.961204 116.440062 10207
39.961157 116.440021 10211
39.961124 116.439973 10216
39.961087 116.439933 10221
39.961066 116.439915 10223
39.961056 116.439907 10224
39.961045 116.439898 10225
39.961013 116.439874 10230
39.961004 116.439864 10232
39.960990 116.439848 10235
39.960949 116.439808 10239
39.960909 116.439770 10243
39.960899 116.439761 10244
39.960855 116.439728 10249
39.960817 116.439689 10253
39.960782 116.439694 10258
39.960741 116.439645 10263
39.960706 116.439580 10268
39.960698 116.439516 10271
39.960653 116.439480 10275
39.960620 116.439435 10280
39.960605 116.439429 10281
39.960589 116.439424 10282
39.960574 116.439418 10283
39.960545 116.439361 10287
39.960538 116.439355 10288
39.960508 116.439329 10292
39.960498 116.439316 10297
