39.980392 116.346838 31807
39.980279 116.346735 31812
39.980459 116.346936 31817
39.980431 116.347005 31822
39.980479 116.347063 31827
39.980476 116.347054 31829
39.980475 116.347050 31830
39.980472 116.347041 31832
39.980434 116.347037 31837
39.980474 116.347052 31841
39.980484 116.347056 31842
39.980484 116.347055 31843
39.980482 116.347053 31847
39.980460 116.347046 31852
39.980451 116.347044 31853
39.980417 116.347035 31857
39.980416 116.347035 31859
39.980414 116.347034 31862
39.980686 116.347262 31863
39.981775 116.348172 31867
39.981788 116.348150 31868
39.981842 116.348064 31872
39.981840 116.348050 31877
39.981876 116.348042 31882
39.981772 116.348043 31887
39.981765 116.348039 31888
39.981739 116.348025 31892
39.981725 116.348014 31897
39.981705 116.348004 31902
39.981581 116.347916 31907
39.981603 116.347943 31910
39.981610 116.347952 31911
39.981617 116.347961 31912
39.981611 116.347949 31917
39.981524 116.347827 31922
39.981527 116.347831 31923
39.981530 116.347834 31924
39.981534 116.347838 31925
39.981540 116.347845 31927
39.981553 116.347843 31932
39.981485 116.347791 31937
39.981497 116.347806 31939
39.981515 116.347828 31942
39.981545 116.347870 31947
39.981620 116.347934 31952
39.981624 116.347937 31957
39.981674 116.347977 31962
39.981685 116.347966 31966
39.981688 116.347963 31967
39.981672 116.347939 31972
39.981538 116.347830 31977
39.981512 116.347806 31979
39.981472 116.347769 31982
39.981437 116.347729 31987
39.981441 116.347720 31992
39.981401 116.347718 31995
39.981375 116.347717 31997
39.981357 116.347718 32002
39.981355 116.347724 32007
39.981354 116.347728 32010
39.981353 116.347730 32012
39.981354 116.347732 32016
39.981354 116.347732 32017
39.981356 116.347566 32022
39.981342 116.347531 32027
39.981346 116.347534 32028
39.981360 116.347542 32031
39.981364 116.347545 32032
39.981363 116.347549 32037
39.981310 116.347494 32042
39.981357 116.347559 32047
39.981348 116.347551 32052
39.981329 116.347528 32057
39.981296 116.347590 32062
39.981296 116.347593 32063
39.981295 116.347605 32067
39.981310 116.347593 32072
39.981380 116.347548 32077
39.981415 116.347533 32078
39.981553 116.347473 32082
39.981878 116.347424 32087
39.982277 116.347415 32092
39.982587 116.347437 32096
39.982665 116.347442 32097
39.982882 116.347470 32100
39.983027 116.347489 32102
39.983368 116.347491 32107
39.983483 116.347496 32109
39.983656 116.347503 32112
39.983746 116.347527 32117
39.983784 116.347561 32122
39.983838 116.347575 32127
39.984036 116.347601 32132
39.984303 116.347621 32137
39.984557 116.347592 32141
39.984620 116.347585 32142
39.984921 116.347560 32146
39.984996 116.347554 32147
39.985074 116.347551 32148
39.985388 116.347537 32152
39.985771 116.347540 32157
39.986235 116.347491 32162
39.986676 116.347438 32167
39.987070 116.347382 32172
39.987418 116.347314 32177
39.987748 116.347281 32182
39.988086 116.347265 32187
39.988335 116.347261 32191
39.988397 116.347260 32192
39.988732 116.347286 32197
39.989010 116.347322 32202
39.989051 116.347310 32205
39.989078 116.347302 32207
39.989093 116.347298 32212
39.989157 116.347313 32217
39.989255 116.347289 32222
39.989268 116.347295 32223
39.989281 116.347301 32224
39.989306 116.347312 32226
39.989319 116.347318 32227
39.989267 116.347328 32232
39.989283 116.347350 32236
39.989287 116.347355 32237
39.989325 116.347326 32242
39.989323 116.347336 32247
39.989348 116.347308 32252
39.989505 116.347238 32257
39.989730 116.347175 32262
39.989784 116.347154 32263
39.989999 116.347071 32267
39.990290 116.347043 32272
39.990420 116.347038 32274
39.990614 116.347030 32277
39.990905 116.347078 32282
39.990983 116.347080 32286
39.991003 116.347080 32287
39.991133 116.347116 32292
39.991152 116.347117 32297
39.991152 116.347111 32300
39.991152 116.347109 32301
39.991152 116.347107 32302
39.991186 116.347106 32306
39.991195 116.347106 32307
39.991293 116.347079 32312
39.991483 116.347030 32317
39.991746 116.347075 32322
39.991933 116.347194 32327
39.991988 116.347433 32332
39.991998 116.347677 32335
39.992005 116.347840 32337
39.991997 116.348303 32342
39.992013 116.348807 32347
39.992035 116.349276 32352
39.992060 116.349748 32357
39.992088 116.350205 32362
39.992088 116.350606 32367
39.992117 116.350894 32372
39.992123 116.350980 32374
39.992131 116.351109 32377
39.992135 116.351130 32378
39.992139 116.351151 32379
39.992143 116.351173 32380
39.992151 116.351215 32382
39.992146 116.351255 32387
39.992145 116.351260 32389
39.992144 116.351268 32392
39.992147 116.351282 32397
39.992145 116.351277 32402
39.992128 116.351372 32407
