39.904855 116.368493 41722
39.905123 116.367962 41727
39.905131 116.367970 41728
39.905139 116.367977 41729
39.905154 116.367992 41731
39.905172 116.368046 41734
39.905166 116.368088 41738
39.905164 116.368099 41739
39.905278 116.368053 41744
39.905530 116.368037 41749
39.905821 116.367988 41754
39.905981 116.367937 41757
39.906087 116.367903 41759
39.906409 116.367845 41764
39.906542 116.367820 41766
39.906674 116.367795 41768
39.906915 116.367785 41773
39.907130 116.367796 41778
39.907334 116.367820 41783
39.907438 116.367871 41788
39.907488 116.367854 41791
39.907528 116.367943 41796
39.907548 116.368007 41799
39.907555 116.368021 41800
39.907562 116.368036 41801
39.907577 116.368065 41803
39.907575 116.368129 41805
39.907566 116.368246 41807
39.907465 116.369538 41829
39.907437 116.369695 41833
39.907410 116.369836 41838
39.907432 116.369872 41843
39.907478 116.369868 41848
39.907486 116.369859 41849
39.907520 116.369825 41853
39.907521 116.369838 41854
39.907524 116.369891 41858
39.907489 116.370015 41861
39.907478 116.370057 41862
39.907362 116.370160 41867
39.907146 116.370066 41872
39.906850 116.369983 41877
39.906538 116.369988 41882
39.906288 116.370005 41887
39.906066 116.369932 41894
39.905977 116.369565 41899
39.905920 116.369133 41904
39.905885 116.368804 41908
39.905879 116.368651 41912
39.905881 116.368593 41915
39.905875 116.368581 41920
39.905842 116.368613 41925
39.905839 116.368622 41926
39.905827 116.368656 41930
39.905849 116.368678 41934
39.905854 116.368683 41935
39.905897 116.368661 41940
39.905902 116.368598 41944
39.905902 116.368535 41947
39.905890 116.368407 41952
39.905850 116.368119 41957
39.905758 116.367771 41962
39.905730 116.367607 41964
39.905689 116.367360 41967
39.905683 116.367265 41968
39.905658 116.366887 41972
39.905658 116.366798 41973
39.905656 116.366444 41977
39.905676 116.366188 41980
39.905574 116.364572 42000
39.905746 116.363935 42005
39.905550 116.364276 42008
39.905419 116.364503 42010
39.905386 116.364011 42015
39.905366 116.363469 42020
39.905363 116.362898 42025
39.905379 116.362541 42028
39.905389 116.362303 42030
39.905419 116.362029 42032
39.905450 116.361756 42034
39.905465 116.361619 42035
39.905468 116.361015 42040
39.905487 116.360453 42045
39.905488 116.359971 42050
39.905522 116.359531 42055
39.905550 116.359338 42058
39.905559 116.359273 42059
39.905608 116.359156 42062
39.905624 116.359117 42063
39.905660 116.359106 42065
39.905678 116.359100 42066
39.905693 116.358992 42069
39.905712 116.358847 42073
39.905717 116.358811 42074
39.905777 116.358432 42079
39.905773 116.357952 42084
39.905762 116.357846 42085
39.905741 116.357633 42087
39.905731 116.357526 42088
39.905720 116.357420 42089
39.905693 116.356854 42094
39.905667 116.356346 42099
39.905672 116.355932 42104
39.905666 116.355431 42109
39.905650 116.354900 42114
39.905646 116.354803 42115
39.905628 116.354413 42119
39.905656 116.353953 42124
39.905666 116.353884 42125
39.905704 116.353610 42129
39.905713 116.353260 42134
39.905752 116.353100 42138
39.905761 116.353034 42142
39.905750 116.353027 42145
39.905742 116.353022 42147
39.905765 116.352925 42149
39.905762 116.352919 42151
39.905757 116.352911 42154
39.905732 116.352826 42158
39.905679 116.352659 42161
39.905644 116.352547 42163
39.905653 116.352005 42168
39.905692 116.351371 42173
39.905726 116.350771 42178
39.905714 116.350163 42183
39.905718 116.349804 42186
39.905721 116.349565 42188
39.905716 116.349115 42192
39.905715 116.349002 42193
39.905724 116.348465 42198
39.905734 116.348029 42203
39.905727 116.347620 42208
39.905748 116.347411 42211
39.905762 116.347272 42213
39.905815 116.347066 42218
39.905920 116.347007 42223
39.906192 116.346992 42228
39.906300 116.346992 42230
39.906354 116.346992 42231
39.906408 116.346992 42232
39.906462 116.346992 42233
39.906515 116.346989 42234
39.906622 116.346982 42236
39.906729 116.346975 42238
39.907021 116.346623 42242
39.907055 116.346582 42243
39.907089 116.346541 42244
39.907156 116.346459 42246
39.907202 116.346441 42250
39.907286 116.346407 42254
39.907345 116.346447 42257
39.907415 116.346481 42260
39.907432 116.346480 42261
39.907467 116.346477 42263
39.907513 116.346479 42266
39.907551 116.346461 42271
39.907572 116.346457 42276
39.907579 116.346460 42277
39.907586 116.346463 42278
39.907606 116.346472 42281
39.907637 116.346519 42286
39.907660 116.346508 42291
39.907676 116.346459 42296
39.907645 116.346457 42301
39.907684 116.346445 42306
39.907699 116.346448 42307
39.907714 116.346451 42308
39.907729 116.346454 42309
39.907821 116.346478 42314
39.907913 116.346539 42318
