39.990870 116.386550 39511
39.990893 116.386562 39515
39.990913 116.386562 39519
39.990922 116.386617 39523
39.990903 116.386682 39527
39.990905 116.386680 39528
39.990908 116.386678 39529
39.990912 116.386677 39533
39.990913 116.386677 39537
39.990907 116.386657 39539
39.990900 116.386637 39541
39.990987 116.386635 39545
39.991000 116.386647 39546
39.991037 116.386683 39549
39.991085 116.386767 39553
39.991082 116.386778 39557
39.991085 116.386795 39561
39.991077 116.386788 39563
39.991079 116.386793 39564
39.991082 116.386799 39565
39.991087 116.386810 39567
39.991110 116.386807 39571
39.991125 116.386807 39575
39.991142 116.386828 39579
39.991154 116.386841 39581
39.991165 116.386853 39583
39.991171 116.386863 39585
39.991177 116.386872 39587
39.991203 116.386915 39591
39.991212 116.386927 39593
39.991217 116.386934 39594
39.991222 116.386940 39595
39.991240 116.386967 39599
39.991246 116.386976 39600
39.991251 116.386985 39601
39.991257 116.386994 39602
39.991263 116.387003 39603
39.991263 116.387006 39606
39.991263 116.387007 39607
39.991307 116.387048 39611
39.991320 116.387067 39613
39.991333 116.387085 39615
39.991336 116.387089 39616
39.991347 116.387102 39619
39.991368 116.387123 39623
39.991390 116.387160 39626
39.991397 116.387172 39627
39.991423 116.387193 39631
39.991450 116.387225 39635
39.991468 116.387263 39639
39.991490 116.387262 39642
39.991497 116.387262 39643
39.991515 116.387213 39647
39.991540 116.387205 39650
39.991548 116.387203 39651
39.991566 116.387201 39653
39.991583 116.387198 39655
39.991618 116.387130 39659
39.991662 116.387133 39663
39.991708 116.387152 39667
39.991714 116.387152 39668
39.991732 116.387152 39671
39.991763 116.387172 39675
39.991785 116.387163 39679
39.991815 116.387165 39683
39.991822 116.387169 39684
39.991828 116.387172 39685
39.991842 116.387180 39687
39.991872 116.387170 39691
39.991881 116.387173 39692
39.991910 116.387182 39695
39.991942 116.387179 39698
39.991953 116.387178 39699
39.991965 116.387175 39700
39.991978 116.387173 39701
39.992002 116.387167 39703
39.992017 116.387168 39704
39.992063 116.387170 39707
39.992096 116.387192 39710
39.992107 116.387200 39711
39.992175 116.387210 39715
39.992220 116.387235 39719
39.992250 116.387223 39721
39.992295 116.387253 39725
39.992306 116.387243 39726
39.992317 116.387233 39727
39.992343 116.387193 39731
39.992350 116.387189 39732
39.992370 116.387177 39735
39.992395 116.387188 39739
39.992400 116.387203 39743
39.992427 116.387233 39747
39.992447 116.387230 39751
39.992456 116.387232 39752
39.992483 116.387238 39755
39.992490 116.387242 39759
39.992520 116.387255 39763
39.992585 116.387257 39767
39.992638 116.387257 39771
39.992687 116.387265 39775
39.992721 116.387265 39778
39.992732 116.387265 39779
39.992783 116.387263 39783
39.992840 116.387255 39787
39.992888 116.387227 39791
39.992888 116.387227 39792
39.992888 116.387228 39793
39.992950 116.387227 39797
39.992988 116.387200 39801
39.992994 116.387207 39802
39.993013 116.387227 39805
39.993012 116.387226 39806
39.993012 116.387225 39807
39.993020 116.387211 39809
39.993027 116.387197 39811
39.993070 116.387198 39815
39.993123 116.387195 39819
39.993197 116.387202 39823
39.993240 116.387227 39827
39.993213 116.387215 39831
39.993262 116.387215 39834
39.993278 116.387215 39835
39.993330 116.387205 39839
39.993343 116.387202 39840
39.993370 116.387195 39842
39.993383 116.387192 39843
39.993400 116.387190 39844
39.993433 116.387187 39846
39.993450 116.387185 39847
39.993480 116.387198 39851
39.993520 116.387197 39855
39.993548 116.387207 39859
39.993588 116.387230 39863
39.993623 116.387212 39867
39.993638 116.387213 39871
39.993683 116.387212 39875
39.993707 116.387222 39879
39.993740 116.387202 39883
39.993783 116.387157 39886
39.993798 116.387142 39887
39.993801 116.387154 39888
39.993810 116.387190 39891
39.993800 116.387207 39893
39.993855 116.387197 39897
39.993885 116.387187 39901
39.993893 116.387198 39902
39.993917 116.387233 39905
39.993963 116.387222 39909
39.993983 116.387209 39910
39.994043 116.387172 39913
39.994115 116.387162 39918
39.994175 116.387157 39922
39.994192 116.387188 39926
39.994208 116.387185 39928
39.994248 116.387183 39932
39.994287 116.387178 39936
39.994325 116.387167 39938
39.994360 116.387192 39941
39.994372 116.387200 39942
39.994372 116.387200 39943
39.994372 116.387200 39944
39.994382 116.387215 39948
39.994405 116.387183 39952
39.994413 116.387185 39954
39.994432 116.387183 39955
39.994471 116.387178 39957
39.994490 116.387175 39958
39.994560 116.387170 39962
39.994615 116.387173 39966
39.994628 116.387175 39967
39.994667 116.387180 39970
39.994690 116.387151 39972
39.994701 116.387136 39973
39.994713 116.387122 39974
39.994790 116.387128 39978
39.994843 116.387168 39982
39.994875 116.387178 39986
39.994912 116.387172 39990
39.994950 116.387192 39994
39.994930 116.387190 39996
39.994953 116.387197 40000
39.994965 116.387203 40002
39.995006 116.387183 40005
39.995020 116.387177 40006
39.995062 116.387222 40010
39.995090 116.387193 40012
39.995133 116.387185 40015
39.995147 116.387182 40016
39.995178 116.387179 40019
39.995188 116.387178 40020
39.995238 116.387142 40024
39.995282 116.387152 40027
39.995297 116.387155 40028
39.995370 116.387158 40032
39.995400 116.387175 40036
39.995440 116.387152 40040
39.995517 116.387128 40044
39.995532 116.387125 40046
39.995547 116.387122 40048
39.995627 116.387113 40052
39.995645 116.387127 40056
39.995630 116.387120 40058
39.995668 116.387140 40062
39.995747 116.387137 40066
39.995805 116.387148 40068
39.995833 116.387154 40069
39.995862 116.387160 40070
39.995890 116.387135 40074
39.995858 116.387148 40078
39.995818 116.387060 40082
39.995828 116.387094 40083
39.995837 116.387127 40084
39.995895 116.387177 40088
39.995925 116.387173 40092
39.995953 116.387117 40096
39.995965 116.387123 40097
39.996002 116.387142 40100
39.996059 116.387112 40103
39.996078 116.387102 40104
