40.000476 116.312477 21162
40.000628 116.312506 21167
40.000761 116.312541 21172
40.000883 116.312577 21177
40.000971 116.312586 21180
40.001029 116.312592 21182
40.001171 116.312585 21187
40.001203 116.312582 21188
40.001331 116.312570 21192
40.001458 116.312566 21196
40.001490 116.312565 21197
40.001631 116.312535 21202
40.001757 116.312500 21207
40.001911 116.312472 21212
40.001939 116.312473 21213
40.002053 116.312478 21217
40.002211 116.312456 21222
40.002389 116.312449 21227
40.002548 116.312433 21232
40.002697 116.312436 21237
40.002843 116.312422 21242
40.002924 116.312416 21245
40.002978 116.312412 21247
40.003105 116.312382 21252
40.003275 116.312378 21257
40.003440 116.312364 21262
40.003562 116.312341 21266
40.003593 116.312335 21267
40.003702 116.312337 21271
40.003729 116.312337 21272
40.003866 116.312338 21277
40.004021 116.312333 21282
40.004086 116.312330 21284
40.004183 116.312325 21287
40.004335 116.312319 21292
40.004402 116.312451 21297
40.004427 116.312613 21302
40.004426 116.312756 21306
40.004426 116.312792 21307
40.004435 116.312983 21312
40.004446 116.313167 21317
40.004464 116.313386 21322
40.004478 116.313470 21324
40.004499 116.313595 21327
40.004502 116.313649 21328
40.004513 116.313866 21332
40.004504 116.314040 21337
40.004528 116.314124 21339
40.004563 116.314250 21342
40.004589 116.314434 21347
40.004567 116.314579 21351
40.004562 116.314615 21352
40.004566 116.314654 21353
40.004580 116.314810 21357
40.004592 116.315011 21362
40.004573 116.315190 21367
40.004594 116.315350 21372
40.004610 116.315526 21377
40.004611 116.315727 21382
40.004615 116.315921 21387
40.004620 116.316043 21390
40.004623 116.316125 21392
40.004644 116.316298 21397
40.004648 116.316334 21398
40.004652 116.316371 21399
40.004657 116.316407 21400
40.004661 116.316444 21401
40.004665 116.316480 21402
40.004709 116.316633 21407
40.004744 116.316742 21411
40.004753 116.316769 21412
40.004818 116.316788 21417
40.004913 116.316783 21422
40.005013 116.316762 21427
40.005081 116.316755 21432
40.005152 116.316728 21437
40.005251 116.316739 21442
40.005353 116.316722 21446
40.005378 116.316718 21447
40.005502 116.316708 21452
40.005614 116.316694 21457
40.005720 116.316703 21462
40.005762 116.316827 21467
40.005777 116.316982 21472
40.005773 116.317133 21477
40.005790 116.317280 21482
40.005792 116.317393 21487
40.005794 116.317422 21488
40.005801 116.317539 21492
40.005808 116.317570 21493
40.005834 116.317696 21497
40.005940 116.317746 21502
40.006009 116.317742 21505
40.006055 116.317740 21507
40.006170 116.317752 21512
40.006301 116.317725 21517
40.006406 116.317753 21522
40.006419 116.317805 21524
40.006439 116.317884 21527
40.006450 116.318039 21532
40.006460 116.318175 21536
40.006463 116.318209 21537
40.006475 116.318380 21542
40.006485 116.318510 21546
40.006488 116.318542 21547
40.006490 116.318718 21552
40.006481 116.318881 21557
40.006491 116.318913 21562
40.006515 116.318970 21567
40.006559 116.319042 21572
40.006572 116.319111 21577
40.006567 116.319149 21582
40.006590 116.319193 21587
40.006600 116.319232 21592
40.006605 116.319265 21595
40.006607 116.319276 21596
40.006609 116.319287 21597
40.006667 116.319299 21601
40.006681 116.319302 21602
40.006697 116.319311 21607
40.006774 116.319315 21610
40.006799 116.319316 21611
40.006825 116.319317 21612
40.006836 116.319343 21615
40.006843 116.319360 21617
40.006940 116.319405 21622
40.006996 116.319425 21625
40.007034 116.319439 21627
40.007136 116.319445 21631
40.007162 116.319447 21632
40.007218 116.319467 21634
40.007302 116.319496 21637
40.007421 116.319560 21642
40.007524 116.319670 21647
40.007617 116.319731 21652
40.007632 116.319717 21653
40.007694 116.319662 21657
40.007715 116.319640 21662
40.007719 116.319643 21665
40.007721 116.319645 21667
40.007723 116.319645 21672
40.007727 116.319648 21677
40.007731 116.319649 21682
40.007731 116.319649 21683
40.007731 116.319648 21684
40.007732 116.319647 21687
40.007733 116.319648 21688
40.007736 116.319652 21692
40.007734 116.319649 21697
40.007734 116.319647 21702
40.007736 116.319648 21706
40.007736 116.319648 21707
40.007745 116.319685 21711
40.007747 116.319694 21712
40.007753 116.319705 21717
40.007761 116.319710 21720
40.007767 116.319714 21722
40.007769 116.319719 21723
40.007778 116.319738 21727
40.007822 116.319759 21732
40.007856 116.319764 21736
40.007864 116.319765 21737
40.007921 116.319729 21742
40.007959 116.319707 21747
40.007935 116.319686 21752
40.007927 116.319679 21755
40.007922 116.319675 21757
40.007956 116.319643 21761
40.007965 116.319635 21762
