39.883917 116.258927 32394
39.883837 116.258852 32399
39.883745 116.258843 32404
39.883708 116.258835 32406
39.883653 116.258823 32409
39.883569 116.258851 32451
39.883563 116.258853 32454
39.883665 116.258857 32458
39.883775 116.258847 32463
39.883818 116.258930 32464
39.883857 116.258920 32466
39.883915 116.258905 32469
39.883927 116.258899 32470
39.883951 116.258888 32472
39.883962 116.258882 32473
39.883998 116.258865 32476
39.883900 116.258890 32528
39.883798 116.258905 32536
39.883798 116.258882 32540
39.883798 116.258812 32552
39.883842 116.258723 32587
39.883937 116.258730 32594
39.883833 116.258707 32613
39.883940 116.258702 32624
39.884002 116.258740 32627
39.884023 116.258753 32628
39.884067 116.258735 32630
39.884110 116.258717 32632
39.884200 116.258725 32635
39.884312 116.258725 32639
39.884408 116.258735 32643
39.884512 116.258700 32647
39.884618 116.258665 32651
39.884723 116.258633 32655
39.884837 116.258667 32659
39.884887 116.258682 32661
39.884937 116.258697 32663
39.885045 116.258695 32668
39.885145 116.258695 32671
39.885172 116.258679 32672
39.885199 116.258664 32673
39.885252 116.258633 32675
39.885319 116.258642 32677
39.885352 116.258647 32678
39.885438 116.258693 32682
39.885543 116.258703 32686
39.885590 116.258681 32688
39.885638 116.258660 32690
39.885737 116.258675 32694
39.885837 116.258658 32697
39.885935 116.258692 32700
39.885995 116.258701 32702
39.886025 116.258705 32703
39.886050 116.258699 32704
39.886075 116.258692 32705
39.886100 116.258686 32706
39.886125 116.258680 32707
39.886222 116.258663 32711
39.886340 116.258613 32715
39.886448 116.258628 32718
39.886542 116.258645 32722
39.886639 116.258591 32725
39.886671 116.258573 32726
39.886703 116.258555 32727
39.886729 116.258583 32728
39.886782 116.258640 32730
39.886905 116.258638 32734
39.887002 116.258637 32737
39.887100 116.258650 32740
39.887205 116.258640 32744
39.887278 116.258612 32747
39.887302 116.258603 32748
39.887413 116.258588 32752
39.887502 116.258607 32755
39.887535 116.258605 32756
39.887600 116.258602 32758
39.887715 116.258642 32762
39.887802 116.258687 32766
39.887892 116.258698 32770
39.888057 116.258753 32775
39.888153 116.258742 32778
39.888257 116.258743 32782
39.888352 116.258750 32787
39.888468 116.258712 32794
39.888545 116.258548 32799
39.888638 116.258548 32802
39.888666 116.258571 32803
39.888694 116.258594 32804
39.888750 116.258640 32806
39.888832 116.258718 32810
39.888915 116.258633 32814
39.889052 116.258602 32817
39.889157 116.258635 32821
39.889272 116.258633 32824
39.889294 116.258633 32825
39.889383 116.258632 32829
39.889492 116.258597 32833
39.889528 116.258606 32835
39.889565 116.258615 32837
39.889583 116.258620 32838
39.889644 116.258645 32840
39.889675 116.258658 32841
39.889775 116.258645 32844
39.889826 116.258623 32847
39.889878 116.258600 32850
39.889975 116.258623 32854
39.890165 116.258640 32859
39.890290 116.258685 32862
39.890336 116.258668 32864
39.890382 116.258652 32866
39.890415 116.258617 32868
39.890447 116.258583 32870
39.890518 116.258623 32873
39.890542 116.258637 32874
39.890647 116.258677 32877
39.890738 116.258662 32880
39.890827 116.258633 32884
39.890927 116.258598 32887
39.890974 116.258545 32889
39.890997 116.258518 32890
39.891112 116.258507 32896
39.891193 116.258553 32899
39.891226 116.258564 32900
39.891293 116.258587 32902
39.891483 116.258713 32907
39.891539 116.258668 32910
39.891558 116.258653 32911
39.891607 116.258575 32917
39.891661 116.258560 32921
39.891715 116.258545 32925
39.891737 116.258532 32926
39.891803 116.258493 32929
39.891813 116.258539 32930
39.891822 116.258585 32931
39.891718 116.258595 32937
39.891683 116.258646 32940
39.891660 116.258680 32942
39.891627 116.258775 32952
39.891602 116.258862 32955
39.891692 116.258833 32967
