39.866968 116.351370 40298
39.867033 116.352173 40303
39.867113 116.353128 40308
39.867232 116.354132 40313
39.867261 116.354344 40314
39.867375 116.355193 40318
39.867528 116.356262 40323
39.867673 116.357305 40328
39.867817 116.358317 40333
39.867910 116.358934 40336
39.867972 116.359345 40338
39.868037 116.359758 40340
39.868135 116.360378 40343
39.868288 116.361427 40348
39.868337 116.361852 40350
39.868410 116.362490 40353
39.868465 116.363149 40356
39.868502 116.363588 40358
39.868582 116.364685 40363
39.868663 116.365733 40368
39.868679 116.365933 40369
39.868695 116.366133 40370
39.868742 116.366732 40373
39.868823 116.367692 40378
39.868898 116.368660 40383
39.868970 116.369670 40388
39.869045 116.370727 40393
39.869115 116.371753 40398
39.869180 116.372735 40403
39.869262 116.373740 40408
39.869345 116.374750 40413
39.869422 116.375768 40418
39.869497 116.376760 40423
39.869567 116.377773 40428
39.869633 116.378787 40433
39.869659 116.379198 40435
39.869671 116.379404 40436
39.869697 116.379815 40438
39.869755 116.380825 40443
39.869787 116.381430 40446
39.869848 116.382427 40451
39.869860 116.382612 40452
39.869895 116.383168 40455
39.869907 116.383353 40456
39.869925 116.383735 40458
39.869935 116.383926 40459
39.869953 116.384308 40461
39.870002 116.385282 40466
39.870045 116.386302 40471
39.870083 116.387367 40476
39.870097 116.387797 40478
39.870104 116.388013 40479
39.870118 116.388443 40481
39.870153 116.389480 40486
39.870190 116.390483 40491
39.870223 116.391517 40496
39.870253 116.392374 40500
39.870260 116.392588 40501
39.870298 116.393652 40506
39.870363 116.394562 40511
39.870427 116.395478 40516
39.870442 116.395671 40517
39.870500 116.396442 40521
39.870563 116.397428 40526
39.870612 116.398427 40531
39.870627 116.399032 40534
39.870637 116.399435 40536
39.870660 116.400487 40541
39.870683 116.401575 40546
39.870688 116.401784 40547
39.870708 116.402618 40551
39.870733 116.403632 40556
39.870755 116.404575 40561
39.870780 116.405468 40566
39.870803 116.406357 40571
39.870825 116.407265 40576
39.870843 116.408200 40581
39.870786 116.408738 40584
39.870748 116.409097 40586
39.870425 116.409902 40591
39.870053 116.410703 40596
39.869985 116.410874 40597
39.869712 116.411557 40601
39.869647 116.412385 40606
39.869687 116.413223 40611
39.869707 116.413588 40613
39.869728 116.413953 40615
39.869738 116.414135 40616
39.869792 116.415012 40621
39.869778 116.415803 40626
39.869800 116.415966 40627
39.869888 116.416618 40631
39.869907 116.416974 40633
39.869935 116.417507 40636
39.869947 116.418455 40641
39.869925 116.419460 40646
39.869895 116.420079 40649
39.869885 116.420286 40650
39.869875 116.420492 40651
39.869812 116.421535 40656
39.869757 116.422577 40661
39.869702 116.423593 40666
39.869647 116.424603 40671
39.869593 116.425612 40676
39.869581 116.425817 40677
39.869569 116.426022 40678
39.869533 116.426637 40681
39.869482 116.427672 40686
39.869418 116.428685 40691
39.869365 116.429642 40696
39.869319 116.430351 40700
39.869308 116.430528 40701
39.869267 116.431395 40706
39.869217 116.432280 40711
39.869175 116.433198 40716
39.869138 116.434013 40721
39.869121 116.434572 40725
39.869117 116.434712 40726
39.869097 116.435393 40731
39.869213 116.436075 40736
39.869311 116.436330 40738
39.869458 116.436712 40741
39.869738 116.437183 40746
39.869893 116.437410 40750
39.869906 116.437448 40751
39.869932 116.437523 40753
39.870078 116.437698 40758
39.870171 116.437780 40760
39.870265 116.437862 40762
39.870488 116.437995 40766
39.870535 116.438072 40768
39.870558 116.438111 40769
39.870582 116.438149 40770
39.870605 116.438188 40771
39.870587 116.438602 40776
39.870555 116.439059 40780
39.870547 116.439173 40781
39.870492 116.439807 40786
39.870433 116.440488 40791
39.870365 116.441235 40796
39.870305 116.441977 40801
39.870242 116.442708 40806
39.870172 116.443422 40811
39.870163 116.443543 40812
39.870127 116.444027 40816
39.870103 116.444285 40820
39.870097 116.444375 40850
39.870093 116.444468 40852
39.870092 116.444515 40853
39.870088 116.444608 40855
39.870058 116.445032 40860
39.870050 116.445660 40865
39.870051 116.445802 40866
39.870052 116.445944 40867
39.870055 116.446370 40870
39.870060 116.447067 40875
39.870060 116.447713 40880
39.870065 116.448109 40883
39.870068 116.448373 40885
39.870069 116.448600 40887
39.870070 116.448827 40889
39.870072 116.448953 40891
39.870075 116.449080 40893
