39.985399 116.371775 3216
39.985393 116.371832 3221
39.985390 116.371841 3226
39.985394 116.371842 3231
39.985395 116.371842 3232
39.985397 116.371843 3236
39.985399 116.371855 3241
39.985391 116.371909 3244
39.985385 116.371945 3246
39.985382 116.372001 3251
39.985375 116.372022 3256
39.985419 116.372120 3260
39.985430 116.372144 3261
39.985452 116.372301 3266
39.985483 116.372471 3271
39.985499 116.372531 3273
39.985515 116.372591 3275
39.985523 116.372621 3276
39.985554 116.372751 3281
39.985572 116.372804 3283
39.985598 116.372883 3286
39.985635 116.372983 3291
39.985672 116.373133 3296
39.985691 116.373256 3301
39.985705 116.373342 3305
39.985708 116.373363 3306
39.985741 116.373436 3311
39.985749 116.373464 3316
39.985750 116.373466 3317
39.985753 116.373469 3319
39.985754 116.373470 3320
39.985755 116.373472 3321
39.985762 116.373573 3326
39.985793 116.373661 3329
39.985813 116.373719 3331
39.985872 116.373882 3336
39.985928 116.374015 3341
39.985983 116.374142 3346
39.986008 116.374229 3351
39.986019 116.374312 3356
39.986002 116.374400 3361
39.986022 116.374498 3366
39.986041 116.374623 3371
39.986059 116.374762 3376
39.986061 116.374779 3377
39.986063 116.374796 3378
39.986066 116.374812 3379
39.986070 116.374846 3381
39.986079 116.374933 3386
39.986092 116.375042 3391
39.986085 116.375164 3396
39.986101 116.375267 3401
39.986116 116.375369 3406
39.986120 116.375405 3408
39.986127 116.375459 3411
39.986134 116.375550 3416
39.986136 116.375579 3417
39.986145 116.375693 3421
39.986158 116.375839 3426
39.986165 116.376086 3431
39.986169 116.376457 3436
39.986191 116.376948 3441
39.986238 116.377542 3446
39.986281 116.378105 3450
39.986292 116.378246 3451
39.986309 116.379020 3456
39.986329 116.379889 3461
39.986369 116.380840 3466
39.986376 116.381194 3468
39.986380 116.381371 3469
39.986387 116.381725 3471
39.986395 116.381893 3472
39.986403 116.382062 3473
39.986426 116.382567 3476
39.986467 116.383563 3481
39.986476 116.384625 3486
39.986515 116.385889 3491
39.986565 116.387189 3496
39.986576 116.387917 3499
39.986583 116.388403 3501
39.986637 116.389607 3506
39.986629 116.390773 3511
39.986641 116.391668 3515
39.986644 116.391892 3516
39.986667 116.393032 3521
39.986699 116.393970 3525
39.986707 116.394205 3526
39.986742 116.395354 3531
39.986781 116.396473 3536
39.986844 116.397619 3541
39.986852 116.397850 3542
39.986878 116.398541 3545
39.986886 116.398772 3546
39.986911 116.399453 3549
39.986927 116.399907 3551
39.986960 116.400992 3556
39.986974 116.402066 3561
39.986984 116.402247 3562
39.987025 116.402971 3566
39.987036 116.403777 3571
39.987040 116.404681 3576
39.987057 116.405577 3581
39.987059 116.405739 3582
39.987068 116.406388 3586
39.987058 116.406844 3589
39.987051 116.407148 3591
39.987065 116.407750 3595
39.987069 116.407900 3596
39.987093 116.408640 3601
39.987112 116.409268 3606
39.987069 116.409512 3611
39.987065 116.409633 3616
39.987055 116.409623 3621
39.987055 116.409622 3623
39.987054 116.409621 3625
39.987054 116.409620 3626
39.987055 116.409622 3631
39.987055 116.409623 3635
39.987055 116.409623 3636
39.987056 116.409627 3641
39.987065 116.409767 3646
39.987068 116.409886 3649
39.987069 116.409926 3650
39.987070 116.409966 3651
39.987087 116.410162 3656
39.987091 116.410490 3661
39.986906 116.410579 3666
39.986693 116.410596 3671
39.986385 116.410588 3676
39.986079 116.410570 3680
39.986003 116.410566 3681
39.985570 116.410552 3686
39.985168 116.410615 3691
39.985140 116.410617 3692
39.985026 116.410626 3696
39.985002 116.410627 3698
39.984965 116.410629 3701
39.984916 116.410624 3704
39.984884 116.410620 3706
39.984671 116.410616 3711
39.984353 116.410634 3715
39.984273 116.410639 3716
39.983743 116.410686 3721
39.983529 116.410700 3723
39.983209 116.410720 3726
39.982730 116.410718 3731
39.982289 116.410700 3736
39.982112 116.410710 3740
39.982068 116.410713 3741
39.982002 116.410435 3746
39.981954 116.409854 3751
39.981938 116.409508 3754
39.981928 116.409277 3756
39.981917 116.408770 3761
39.981919 116.408709 3764
39.981921 116.408669 3766
39.981941 116.408562 3771
39.981926 116.408163 3776
39.981878 116.407522 3781
39.981872 116.406961 3785
39.981871 116.406821 3786
39.981846 116.406091 3791
39.981816 116.405297 3796
39.981817 116.405010 3799
39.981817 116.404818 3801
39.981815 116.404794 3806
39.981817 116.404703 3810
39.981817 116.404680 3811
39.981815 116.404278 3816
