40.000507 116.372616 34279
40.000482 116.372620 34284
40.000424 116.372522 34289
40.000414 116.372286 34294
40.000420 116.371810 34299
40.000419 116.371730 34300
40.000415 116.371489 34303
40.000414 116.371409 34304
40.000420 116.371290 34306
40.000430 116.371111 34309
40.000424 116.371035 34311
40.000418 116.370959 34313
40.000415 116.370921 34314
40.000380 116.370902 34317
40.000368 116.370896 34318
40.000356 116.370890 34319
40.000323 116.370891 34324
40.000272 116.370759 34329
40.000195 116.370447 34334
40.000169 116.370380 34335
40.000067 116.370112 34339
39.999950 116.369741 34344
39.999909 116.369296 34349
39.999911 116.369014 34352
39.999912 116.368920 34353
39.999913 116.368826 34354
39.999939 116.368369 34359
39.999957 116.368229 34361
39.999983 116.368018 34364
39.999981 116.367987 34365
39.999972 116.367861 34369
40.000033 116.367784 34374
40.000041 116.367772 34376
40.000053 116.367755 34379
40.000057 116.367687 34384
39.999896 116.367468 34389
39.999780 116.367116 34394
39.999694 116.366516 34399
39.999706 116.365906 34404
39.999729 116.365435 34409
39.999706 116.365202 34414
39.999728 116.365035 34418
39.999733 116.364993 34419
39.999744 116.364962 34423
39.999747 116.364954 34424
39.999743 116.364929 34429
39.999740 116.364898 34434
39.999739 116.364886 34439
39.999740 116.364881 34444
39.999737 116.364886 34446
39.999732 116.364894 34449
39.999730 116.364910 34453
39.999730 116.364914 34454
39.999714 116.364939 34459
39.999706 116.364954 34464
39.999699 116.364963 34469
39.999701 116.364969 34474
39.999705 116.364968 34479
39.999717 116.364966 34484
39.999728 116.364962 34489
39.999740 116.364959 34494
39.999757 116.364952 34499
39.999777 116.364945 34504
39.999780 116.364943 34505
39.999791 116.364934 34509
39.999802 116.364924 34514
39.999807 116.364913 34519
39.999795 116.364882 34524
39.999792 116.364860 34528
39.999791 116.364855 34529
39.999792 116.364857 34530
39.999793 116.364859 34531
39.999795 116.364863 34533
39.999796 116.364865 34534
39.999796 116.364869 34536
39.999796 116.364870 34537
39.999796 116.364874 34539
39.999792 116.364884 34544
39.999796 116.364884 34549
39.999809 116.364871 34554
39.999775 116.364751 34559
39.999815 116.364526 34562
39.999841 116.364376 34564
39.999841 116.364048 34569
39.999828 116.364001 34570
39.999774 116.363811 34574
39.999686 116.363741 34578
39.999664 116.363723 34579
39.999475 116.363902 34584
39.999306 116.364056 34587
39.999194 116.364159 34589
39.998848 116.364470 34594
39.998476 116.364786 34597
39.998228 116.364997 34599
39.997692 116.365406 34604
39.997526 116.365536 34606
39.997361 116.365667 34608
39.997278 116.365732 34609
39.996838 116.366090 34614
39.996348 116.366485 34619
39.995946 116.366784 34623
39.995846 116.366859 34624
39.995393 116.367181 34629
39.995237 116.367306 34631
39.995158 116.367369 34632
39.995002 116.367494 34634
39.994643 116.367741 34639
39.994561 116.367769 34644
39.994565 116.367735 34649
39.994567 116.367728 34654
39.994449 116.367853 34659
39.994258 116.368015 34663
39.994210 116.368055 34664
39.994080 116.368155 34666
39.993884 116.368305 34669
39.993613 116.368454 34674
39.993364 116.368653 34679
39.993085 116.368849 34684
39.992847 116.368875 34689
39.992831 116.368822 34690
39.992784 116.368661 34693
39.992768 116.368608 34694
39.992737 116.368091 34699
39.992750 116.367483 34704
39.992773 116.366898 34709
39.992771 116.366531 34714
39.992796 116.366446 34719
39.992819 116.366414 34724
39.992835 116.366393 34729
39.992843 116.366370 34734
39.992837 116.366366 34736
39.992829 116.366361 34739
39.992803 116.366354 34744
39.992781 116.366337 34749
39.992799 116.366042 34754
39.992791 116.365958 34755
39.992761 116.365623 34759
39.992683 116.365204 34764
39.992646 116.364794 34769
39.992584 116.364420 34774
39.992554 116.363921 34779
39.992502 116.363390 34784
39.992499 116.362943 34789
39.992305 116.362713 34794
39.992077 116.362669 34799
39.991980 116.362696 34802
39.991947 116.362705 34803
39.991915 116.362714 34804
39.991860 116.362721 34807
39.991823 116.362726 34809
39.991782 116.362719 34814
39.991765 116.362710 34819
39.991746 116.362731 34824
39.991728 116.362781 34829
39.991753 116.362816 34834
39.991752 116.362834 34835
39.991750 116.362906 34839
39.991765 116.362939 34844
39.991764 116.362966 34849
39.991673 116.363023 34854
39.991568 116.363047 34856
39.991410 116.363083 34859
39.991169 116.363085 34862
39.991009 116.363087 34864
39.990782 116.363062 34867
39.990707 116.363053 34868
39.990631 116.363045 34869
39.990254 116.362972 34874
39.989864 116.362921 34879
