39.984543 116.316362 33355
39.984513 116.316103 33359
39.984490 116.315750 33363
39.984477 116.315397 33367
39.984468 116.315055 33371
39.984465 116.314685 33375
39.984468 116.314462 33379
39.984464 116.314372 33381
39.984460 116.314282 33383
39.984455 116.314223 33384
39.984451 116.314164 33385
39.984442 116.314045 33387
39.984427 116.313791 33390
39.984422 116.313707 33391
39.984408 116.313335 33395
39.984397 116.312950 33399
39.984382 116.312507 33403
39.984375 116.312195 33407
39.984370 116.312007 33411
39.984369 116.311893 33414
39.984368 116.311855 33415
39.984360 116.311617 33419
39.984359 116.311555 33420
39.984359 116.311492 33421
39.984357 116.311368 33423
39.984360 116.311157 33427
39.984365 116.311106 33428
39.984375 116.311006 33430
39.984380 116.310955 33431
39.984402 116.310872 33435
39.984412 116.310877 33445
39.984410 116.310863 33448
39.984407 116.310828 33451
39.984407 116.310821 33452
39.984407 116.310815 33453
39.984407 116.310808 33454
39.984408 116.310783 33457
39.984410 116.310750 33460
39.984412 116.310732 33463
39.984412 116.310707 33466
39.984417 116.310703 33470
39.984419 116.310688 33473
39.984420 116.310678 33475
39.984422 116.310672 33478
39.984420 116.310665 33479
39.984419 116.310657 33480
39.984417 116.310650 33481
39.984415 116.310638 33484
39.984412 116.310628 33487
39.984422 116.310665 33568
39.984423 116.310667 33572
39.984422 116.310635 33573
39.984418 116.310538 33576
39.984413 116.310398 33580
39.984398 116.310243 33584
39.984390 116.310093 33587
39.984387 116.310043 33588
39.984360 116.309785 33592
39.984353 116.309703 33593
39.984333 116.309455 33596
39.984328 116.309277 33598
39.984323 116.309098 33600
39.984312 116.308818 33604
39.984330 116.308497 33608
39.984307 116.308173 33612
39.984355 116.307912 33616
39.984418 116.307665 33620
39.984392 116.307673 33625
39.984433 116.307680 33628
39.984479 116.307667 33630
39.984502 116.307660 33631
39.984510 116.307643 33632
39.984517 116.307625 33633
39.984525 116.307608 33634
39.984527 116.307567 33637
39.984523 116.307527 33640
39.984526 116.307488 33642
39.984528 116.307468 33643
39.984528 116.307382 33646
39.984529 116.307352 33648
39.984530 116.307337 33649
39.984523 116.307292 33652
39.984526 116.307264 33654
39.984528 116.307250 33655
39.984527 116.307213 33658
39.984532 116.307178 33661
39.984539 116.307165 33662
39.984545 116.307153 33663
39.984552 116.307140 33664
39.984562 116.307129 33665
39.984583 116.307107 33667
39.984617 116.307072 33670
39.984617 116.307030 33673
39.984617 116.306980 33676
39.984609 116.306943 33678
39.984605 116.306925 33679
39.984583 116.306877 33682
39.984538 116.306833 33685
39.984517 116.306806 33687
39.984507 116.306792 33688
39.984490 116.306765 33690
39.984482 116.306752 33691
39.984473 116.306712 33694
39.984466 116.306699 33696
39.984463 116.306692 33697
39.984452 116.306675 33704
39.984477 116.306687 33707
39.984518 116.306668 33710
39.984535 116.306663 33711
39.984568 116.306652 33713
39.984612 116.306647 33716
39.984652 116.306638 33719
39.984663 116.306643 33720
39.984674 116.306647 33721
39.984685 116.306652 33722
39.984700 116.306667 33725
39.984704 116.306671 33726
39.984708 116.306674 33727
39.984712 116.306678 33728
39.984720 116.306668 33731
39.984720 116.306658 33734
39.984723 116.306625 33737
39.984767 116.306558 33740
39.984785 116.306513 33743
39.984875 116.306538 33746
39.984953 116.306548 33749
39.984983 116.306555 33752
39.985009 116.306568 33754
39.985022 116.306575 33755
39.985057 116.306573 33758
39.985123 116.306533 33762
39.985122 116.306472 33766
39.985128 116.306437 33769
39.985195 116.306377 33773
39.985220 116.306367 33777
39.985220 116.306347 33779
39.985226 116.306309 33781
39.985230 116.306289 33782
39.985233 116.306270 33783
39.985250 116.306195 33787
39.985210 116.306148 33790
39.985203 116.306097 33793
39.985218 116.306032 33796
39.985233 116.305992 33799
39.985265 116.305960 33802
39.985305 116.305918 33805
39.985328 116.305875 33808
39.985312 116.305840 33811
39.985307 116.305808 33814
39.985298 116.305787 33819
39.985305 116.305748 33824
39.985290 116.305677 33826
39.985282 116.305642 33827
39.985292 116.305572 33830
39.985295 116.305550 33831
39.985302 116.305507 33833
39.985328 116.305447 33836
39.985368 116.305400 33839
39.985403 116.305385 33842
39.985408 116.305388 33843
39.985417 116.305395 33845
39.985404 116.305400 33846
39.985390 116.305405 33847
39.985377 116.305410 33848
39.985378 116.305408 33849
39.985380 116.305406 33850
39.985383 116.305402 33852
39.985382 116.305397 33854
39.985363 116.305433 33859
39.985375 116.305469 33863
39.985378 116.305478 33864
39.985405 116.305520 33867
39.985470 116.305537 33870
39.985502 116.305555 33873
39.985510 116.305578 33876
39.985515 116.305590 33879
39.985537 116.305615 33882
39.985554 116.305620 33884
39.985563 116.305623 33885
39.985576 116.305613 33886
39.985602 116.305593 33888
39.985615 116.305593 33891
39.985735 116.305587 33896
39.985784 116.305581 33898
39.985808 116.305578 33899
39.985823 116.305582 33900
39.985837 116.305586 33901
39.985852 116.305590 33902
39.985879 116.305578 33904
39.985892 116.305572 33905
39.985943 116.305510 33908
39.985990 116.305497 33911
39.986027 116.305507 33914
39.986044 116.305497 33915
39.986077 116.305478 33917
39.986112 116.305473 33920
39.986157 116.305455 33923
39.986193 116.305397 33926
39.986202 116.305387 33927
39.986220 116.305367 33929
39.986235 116.305355 33932
39.986257 116.305305 33935
39.986247 116.305291 33936
39.986228 116.305262 33938
39.986247 116.305145 33943
39.986250 116.305098 33946
39.986253 116.305087 33947
39.986257 116.305076 33948
39.986260 116.305065 33949
39.986238 116.304998 33952
39.986228 116.304971 33954
39.986223 116.304958 33955
