39.978499 116.304633 79777
39.978461 116.304709 79782
39.978530 116.304587 79787
39.978554 116.304668 79788
39.978650 116.304991 79792
39.978726 116.304787 79797
39.978736 116.304829 79802
39.978753 116.304869 79804
39.978778 116.304928 79807
39.978896 116.305001 79812
39.978783 116.305159 79817
39.978780 116.305449 79822
39.978789 116.305496 79823
39.978826 116.305684 79827
39.978899 116.305833 79832
39.978904 116.305881 79833
39.978925 116.306074 79837
39.979028 116.306208 79842
39.979094 116.306353 79847
39.979156 116.306617 79852
39.979265 116.306833 79857
39.979272 116.306897 79858
39.979279 116.306961 79859
39.979300 116.307154 79862
39.979338 116.307192 79867
39.979257 116.307218 79872
39.979599 116.307468 79877
39.979637 116.307610 79882
39.979668 116.307839 79887
39.979566 116.308076 79892
39.979602 116.308180 79897
39.979576 116.308396 79902
39.979526 116.308535 79904
39.979451 116.308744 79907
39.979509 116.309107 79912
39.979530 116.309455 79917
39.979570 116.309776 79922
39.979454 116.310208 79927
39.979443 116.310406 79932
39.979442 116.310416 79933
39.979438 116.310456 79937
39.979438 116.310470 79941
39.979438 116.310473 79942
39.979438 116.310475 79946
39.979438 116.310476 79947
39.979432 116.310492 79949
39.979426 116.310507 79951
39.979423 116.310515 79952
39.979372 116.310579 79957
39.979281 116.310596 79962
39.979281 116.310625 79963
39.979280 116.310711 79966
39.979280 116.310740 79967
39.979272 116.311023 79972
39.979482 116.311470 79977
39.979550 116.311601 79980
39.979595 116.311689 79982
39.979592 116.311806 79984
39.979587 116.311981 79987
39.979544 116.312142 79990
39.979515 116.312250 79992
39.979510 116.312481 79996
39.979509 116.312539 79997
39.979512 116.312795 80002
39.979505 116.313041 80007
39.979508 116.313097 80008
39.979521 116.313319 80012
39.979525 116.313488 80015
39.979527 116.313545 80016
39.979528 116.313601 80017
39.979521 116.313888 80022
39.979559 116.314159 80027
39.979561 116.314433 80032
39.979520 116.314587 80035
39.979492 116.314689 80037
39.979488 116.314801 80039
39.979481 116.314969 80042
39.979460 116.315231 80047
39.979450 116.315513 80052
39.979520 116.315768 80057
39.979558 116.316050 80062
39.979584 116.316316 80067
39.979615 116.316593 80072
39.979611 116.316836 80077
39.979615 116.317114 80082
39.979627 116.317417 80087
39.979646 116.317683 80092
39.979651 116.317905 80097
39.979677 116.318068 80100
39.979686 116.318122 80101
39.979695 116.318176 80102
39.979673 116.318431 80107
39.979668 116.318565 80110
39.979665 116.318655 80112
39.979672 116.318830 80116
39.979674 116.318874 80117
39.979686 116.318973 80119
39.979703 116.319121 80122
39.979759 116.319381 80127
39.979760 116.319628 80132
39.979679 116.319887 80137
39.979644 116.320090 80141
39.979635 116.320141 80142
39.979629 116.320203 80143
39.979623 116.320265 80144
39.979604 116.320452 80147
39.979612 116.320545 80149
39.979624 116.320684 80152
39.979524 116.321032 80157
39.979532 116.321096 80158
39.979563 116.321353 80162
39.979577 116.321499 80165
39.979587 116.321596 80167
39.979599 116.321702 80169
39.979617 116.321860 80172
39.979584 116.322121 80177
39.979577 116.322175 80178
39.979548 116.322389 80182
39.979570 116.322683 80187
39.979576 116.322890 80191
39.979578 116.322942 80192
39.979593 116.323194 80197
39.979567 116.323456 80202
39.979561 116.323517 80203
39.979539 116.323761 80207
39.979560 116.324021 80212
39.979586 116.324196 80215
39.979603 116.324312 80217
39.979624 116.324569 80222
39.979631 116.324835 80227
39.979640 116.325078 80231
39.979642 116.325139 80232
39.979669 116.325406 80237
39.979535 116.325641 80241
39.979501 116.325700 80242
39.979582 116.325972 80247
39.979620 116.326219 80252
39.979655 116.326442 80256
39.979664 116.326498 80257
39.979714 116.326804 80262
39.979754 116.327021 80267
39.979795 116.327153 80272
39.979891 116.327168 80277
39.979894 116.327182 80281
39.979895 116.327185 80282
39.979892 116.327186 80283
39.979882 116.327191 80287
39.979850 116.327283 80292
39.979826 116.327419 80297
39.979891 116.327487 80302
39.979908 116.327486 80303
39.979977 116.327480 80307
39.980111 116.327453 80312
39.980277 116.327426 80317
39.980377 116.327445 80319
39.980527 116.327473 80322
39.980585 116.327465 80324
39.980673 116.327453 80327
39.980846 116.327406 80332
39.981074 116.327431 80337
39.981137 116.327477 80342
39.981242 116.327638 80347
39.981297 116.327753 80352
39.981309 116.327773 80357
39.981321 116.327741 80362
39.981350 116.327638 80367
39.981351 116.327568 80371
39.981351 116.327551 80372
39.981360 116.327503 80377
