39.969318 116.420051 31100
39.969296 116.419936 31105
39.969291 116.419937 31106
39.969276 116.419942 31109
39.969271 116.419943 31110
39.969251 116.419925 31114
39.969246 116.419921 31115
39.969247 116.419907 31116
39.969251 116.419850 31120
39.969072 116.419962 31150
39.969053 116.419919 31155
39.968948 116.419912 31160
39.968919 116.419890 31163
39.968900 116.419876 31165
39.968905 116.419856 31168
39.968909 116.419842 31170
39.968960 116.419812 31174
39.968973 116.419804 31175
39.969007 116.419766 31178
39.969029 116.419741 31180
39.969040 116.419762 31185
39.969070 116.419808 31190
39.969116 116.419833 31195
39.969056 116.419840 31199
39.969041 116.419842 31200
39.969000 116.419840 31205
39.968965 116.419875 31210
39.968909 116.419974 31215
39.968981 116.420017 31220
39.969028 116.420019 31222
39.969099 116.420023 31225
39.969136 116.420039 31230
39.969144 116.420040 31235
39.969139 116.420041 31240
39.969073 116.420035 31245
39.969099 116.420031 31247
39.969124 116.420026 31249
39.969137 116.420024 31250
39.969208 116.420028 31255
39.969225 116.420023 31256
39.969294 116.420001 31260
39.969397 116.419989 31265
39.969509 116.419979 31270
39.969554 116.419989 31272
39.969622 116.420005 31275
39.969649 116.420009 31276
39.969676 116.420013 31277
39.969757 116.420024 31280
39.969897 116.420010 31285
39.969956 116.420010 31290
39.970053 116.419997 31293
39.970118 116.419988 31295
39.970220 116.419914 31300
39.970244 116.419850 31303
39.970260 116.419807 31305
39.970312 116.419687 31310
39.970343 116.419567 31315
39.970346 116.419544 31316
39.970357 116.419476 31319
39.970360 116.419453 31320
39.970358 116.419428 31321
39.970351 116.419329 31325
39.970364 116.419170 31330
39.970343 116.419056 31334
39.970338 116.419027 31335
39.970266 116.418985 31338
39.970242 116.418971 31339
39.970218 116.418957 31340
39.970112 116.418897 31345
39.969981 116.418823 31350
39.969845 116.418820 31355
39.969730 116.418816 31360
39.969623 116.418806 31364
39.969596 116.418804 31365
39.969444 116.418773 31370
39.969337 116.418732 31375
39.969197 116.418736 31380
39.969063 116.418723 31385
39.969033 116.418726 31386
39.968912 116.418738 31390
39.968763 116.418767 31395
39.968659 116.418769 31398
39.968590 116.418770 31400
39.968566 116.418764 31401
39.968519 116.418752 31403
39.968471 116.418740 31405
39.968342 116.418729 31410
39.968285 116.418654 31415
39.968259 116.418635 31420
39.968257 116.418618 31421
39.968255 116.418601 31422
39.968248 116.418551 31425
39.968238 116.418488 31430
39.968222 116.418465 31432
39.968205 116.418442 31434
39.968197 116.418430 31435
39.968180 116.418339 31440
39.968172 116.418234 31445
39.968148 116.418137 31450
39.968125 116.418039 31455
39.968195 116.417936 31460
39.968253 116.417800 31465
39.968256 116.417594 31470
39.968256 116.417399 31475
39.968257 116.417356 31476
39.968261 116.417185 31480
39.968269 116.416999 31485
39.968293 116.416791 31490
39.968275 116.416594 31495
39.968223 116.416397 31500
39.968200 116.416180 31505
39.968164 116.415979 31510
39.968143 116.415788 31515
39.968123 116.415723 31520
39.968070 116.415700 31521
39.967857 116.415607 31525
39.967754 116.415513 31530
39.967740 116.415521 31531
39.967711 116.415538 31533
39.967683 116.415554 31535
39.967671 116.415554 31540
39.967647 116.415552 31545
39.967634 116.415551 31550
39.967616 116.415548 31555
39.967570 116.415623 31560
39.967574 116.415738 31565
39.967565 116.415877 31570
39.967526 116.416022 31575
39.967524 116.416058 31576
39.967519 116.416129 31578
39.967514 116.416200 31580
39.967454 116.416359 31585
39.967452 116.416426 31588
39.967451 116.416471 31590
39.967473 116.416554 31595
39.967483 116.416561 31598
39.967489 116.416566 31600
39.967470 116.416639 31605
39.967446 116.416743 31610
39.967573 116.416999 31615
39.967571 116.417031 31616
39.967565 116.417161 31620
39.967565 116.417313 31625
39.967573 116.417404 31628
39.967579 116.417465 31630
39.967618 116.417597 31635
39.967623 116.417635 31637
39.967630 116.417691 31640
39.967647 116.417761 31643
39.967658 116.417808 31645
39.967705 116.417857 31650
39.967690 116.417854 31655
39.967677 116.417887 31660
39.967682 116.417930 31665
39.967706 116.417961 31670
39.967710 116.417963 31672
39.967716 116.417967 31675
39.967714 116.417966 31680
39.967691 116.417974 31685
39.967642 116.417981 31690
39.967588 116.418024 31695
39.967551 116.418042 31700
