39.964768 116.435291 43354
39.964559 116.435596 43358
39.964350 116.435878 43362
39.964307 116.435951 43363
39.964176 116.436169 43366
39.963966 116.436439 43370
39.963805 116.436623 43373
39.963751 116.436685 43374
39.963658 116.436806 43376
39.963611 116.436867 43377
39.963565 116.436928 43378
39.963462 116.437076 43381
39.963427 116.437125 43382
39.963376 116.437268 43386
39.963269 116.437437 43390
39.963111 116.437537 43394
39.963102 116.437567 43398
39.963118 116.437570 43402
39.963127 116.437557 43406
39.963129 116.437552 43409
39.963130 116.437551 43410
39.963081 116.437625 43414
39.963014 116.437776 43417
39.962991 116.437827 43418
39.962854 116.438050 43422
39.962699 116.438328 43426
39.962563 116.438636 43430
39.962349 116.438940 43434
39.962118 116.439214 43438
39.961962 116.439526 43442
39.961787 116.439799 43446
39.961631 116.440040 43450
39.961503 116.440249 43454
39.961382 116.440314 43457
39.961341 116.440335 43458
39.961284 116.440308 43459
39.961115 116.440228 43462
39.960933 116.440053 43466
39.960860 116.439987 43467
39.960787 116.439921 43468
39.960642 116.439790 43470
39.960357 116.439447 43474
39.960099 116.439147 43478
39.960038 116.439078 43479
39.959978 116.439009 43480
39.959856 116.438871 43482
39.959695 116.438695 43485
39.959641 116.438636 43486
39.959343 116.438371 43490
39.959023 116.438061 43494
39.958727 116.437805 43498
39.958543 116.437677 43501
39.958481 116.437634 43502
39.958413 116.437460 43506
39.958404 116.437320 43508
39.958395 116.437179 43510
39.958393 116.437097 43511
39.958389 116.436852 43514
39.958250 116.436565 43518
39.958305 116.436366 43522
39.958287 116.436364 43526
39.958278 116.436377 43530
39.958279 116.436375 43534
39.958286 116.436363 43538
39.958266 116.436309 43542
39.958210 116.436218 43546
39.958254 116.435947 43550
39.958363 116.435671 43554
39.958422 116.435523 43557
39.958442 116.435473 43558
39.958553 116.435337 43562
39.958571 116.435327 43564
39.958588 116.435318 43566
39.958590 116.435317 43569
39.958590 116.435317 43570
39.958602 116.435320 43573
39.958606 116.435321 43574
39.958607 116.435320 43576
39.958607 116.435320 43577
39.958608 116.435319 43578
39.958612 116.435317 43582
39.958611 116.435319 43583
39.958610 116.435324 43585
39.958609 116.435326 43586
39.958607 116.435331 43587
39.958601 116.435347 43590
39.958591 116.435362 43594
39.958588 116.435367 43595
39.958585 116.435372 43596
39.958579 116.435383 43598
39.958566 116.435404 43602
39.958561 116.435414 43606
39.958559 116.435417 43608
39.958558 116.435420 43610
39.958548 116.435434 43613
39.958544 116.435438 43614
39.958542 116.435440 43615
39.958534 116.435448 43618
39.958559 116.435491 43622
39.958564 116.435571 43626
39.958562 116.435609 43630
39.958557 116.435623 43632
39.958551 116.435637 43634
39.958534 116.435666 43638
39.958522 116.435683 43642
39.958496 116.435712 43646
39.958489 116.435737 43650
39.958481 116.435750 43653
39.958479 116.435755 43654
39.958473 116.435768 43658
39.958448 116.435775 43662
39.958396 116.435784 43666
39.958358 116.435799 43670
39.958283 116.435802 43674
39.958287 116.435863 43678
39.958261 116.435876 43681
39.958253 116.435880 43682
39.958258 116.435892 43686
39.958240 116.435908 43690
39.958199 116.435924 43694
39.958154 116.435950 43698
39.958083 116.435959 43702
39.958060 116.435963 43704
39.958037 116.435967 43706
39.958067 116.436012 43710
39.958106 116.436068 43714
39.958174 116.436104 43718
39.958336 116.436206 43722
39.958379 116.436266 43726
39.958402 116.436312 43730
39.958419 116.436366 43734
39.958432 116.436410 43738
39.958435 116.436416 43739
39.958438 116.436422 43740
39.958444 116.436434 43742
39.958450 116.436463 43746
39.958461 116.436511 43750
39.958482 116.436552 43754
39.958497 116.436613 43758
39.958509 116.436671 43762
39.958526 116.436707 43765
39.958531 116.436719 43766
39.958532 116.436763 43769
39.958532 116.436777 43770
39.958539 116.436800 43774
39.958539 116.436856 43778
39.958544 116.436870 43779
39.958550 116.436884 43780
39.958560 116.436912 43782
39.958568 116.436933 43784
39.958575 116.436954 43786
39.958579 116.436959 43790
39.958593 116.436994 43794
39.958614 116.437059 43798
39.958637 116.437122 43802
39.958660 116.437165 43805
39.958668 116.437179 43806
39.958718 116.437208 43810
39.958751 116.437211 43814
39.958757 116.437211 43815
39.958774 116.437211 43818
39.958813 116.437194 43822
39.958827 116.437192 43823
39.958841 116.437190 43824
39.958869 116.437185 43826
39.958884 116.437201 43828
39.958899 116.437216 43830
39.958934 116.437278 43834
39.958975 116.437307 43838
39.959017 116.437335 43842
39.959031 116.437357 43846
39.959040 116.437376 43850
39.959045 116.437382 43851
39.959049 116.437387 43852
39.959058 116.437398 43854
39.959063 116.437403 43855
39.959078 116.437419 43858
39.959110 116.437467 43862
39.959149 116.437482 43866
39.959161 116.437489 43867
39.959197 116.437508 43870
39.959218 116.437531 43873
39.959225 116.437539 43874
39.959267 116.437606 43878
39.959295 116.437643 43881
39.959304 116.437655 43882
39.959329 116.437700 43886
39.959365 116.437751 43890
39.959386 116.437788 43894
39.959387 116.437859 43898
39.959426 116.437857 43902
39.959479 116.437881 43906
39.959539 116.437889 43910
39.959567 116.437919 43914
39.959572 116.437933 43915
39.959582 116.437960 43917
39.959587 116.437973 43918
39.959630 116.438033 43922
39.959643 116.438052 43924
39.959655 116.438071 43926
39.959668 116.438075 43928
39.959675 116.438078 43929
39.959682 116.438080 43930
39.959724 116.438085 43934
39.959731 116.438086 43935
39.959752 116.438090 43938
39.959758 116.438091 43941
39.959760 116.438091 43942
39.959760 116.438106 43946
39.959755 116.438118 43950
