40.065006 116.292953 24756
40.067551 116.295833 24779
40.069985 116.298587 24801
40.070655 116.300409 24806
40.070775 116.301623 24811
40.070609 116.302858 24816
40.070273 116.303902 24821
40.069862 116.304917 24826
40.069616 116.306004 24831
40.069581 116.307114 24836
40.069562 116.308230 24841
40.069567 116.309306 24846
40.069545 116.310316 24851
40.069534 116.310492 24852
40.069490 116.311195 24856
40.069455 116.311923 24861
40.069466 116.312252 24864
40.069473 116.312472 24866
40.069467 116.312858 24871
40.069434 116.312995 24876
40.069430 116.312984 24880
40.069428 116.312987 24884
40.069428 116.312988 24885
40.069445 116.312983 24890
40.069457 116.312978 24895
40.069461 116.312977 24898
40.069464 116.312976 24900
40.069464 116.312976 24901
40.069464 116.312974 24905
40.069471 116.312971 24910
40.069472 116.312971 24911
40.069473 116.312970 24912
40.069483 116.312965 24916
40.069486 116.312964 24917
40.069498 116.312959 24922
40.069508 116.312955 24927
40.069509 116.312955 24932
40.069515 116.312952 24936
40.069517 116.312951 24937
40.069525 116.312949 24942
40.069513 116.313002 24947
40.069440 116.313366 24952
40.069438 116.313535 24953
40.069436 116.313704 24954
40.069429 116.314211 24957
40.069427 116.315495 24962
40.069482 116.316753 24967
40.069476 116.317977 24972
40.069481 116.319139 24977
40.069490 116.320287 24982
40.069470 116.321388 24987
40.069428 116.322491 24992
40.069419 116.323604 24997
40.069433 116.324718 25002
40.069395 116.325380 25005
40.069370 116.325821 25007
40.069346 116.326846 25012
40.069350 116.327716 25017
40.069349 116.328123 25020
40.069348 116.328394 25022
40.069340 116.328918 25027
40.069346 116.329243 25031
40.069347 116.329324 25032
40.069421 116.329636 25037
40.069473 116.329736 25040
40.069490 116.329769 25041
40.069507 116.329802 25042
40.069511 116.329808 25045
40.069513 116.329810 25046
40.069514 116.329812 25047
40.069496 116.329797 25052
40.069492 116.329795 25056
40.069491 116.329795 25057
40.069484 116.329797 25062
40.069482 116.329796 25065
40.069482 116.329796 25066
40.069481 116.329796 25067
40.069482 116.329795 25071
40.069481 116.329794 25073
40.069462 116.329802 25078
40.069377 116.329869 25083
40.069270 116.329992 25086
40.069199 116.330074 25088
40.068965 116.330628 25093
40.068885 116.331002 25095
40.068765 116.331562 25098
40.068792 116.331852 25099
40.068900 116.333011 25103
40.069078 116.334385 25108
40.069223 116.335615 25113
40.069264 116.336754 25118
40.069276 116.337852 25123
40.069276 116.338489 25126
40.069276 116.338913 25128
40.069278 116.339940 25133
40.069360 116.340930 25138
40.069406 116.341353 25140
40.069475 116.341987 25143
40.069491 116.342648 25146
40.069497 116.342868 25147
40.069502 116.343088 25148
40.069503 116.344149 25153
40.069503 116.345231 25158
40.069446 116.346341 25163
40.069361 116.346995 25166
40.069333 116.347213 25167
40.069305 116.347431 25168
40.069208 116.348527 25173
40.069207 116.349619 25178
40.069207 116.350682 25183
40.069206 116.350870 25184
40.069204 116.351057 25185
40.069200 116.351620 25188
40.069166 116.352420 25193
40.069160 116.353062 25198
40.069139 116.353592 25203
40.069135 116.354027 25208
40.069138 116.354096 25209
40.069145 116.354272 25212
40.069149 116.354389 25214
40.069184 116.354563 25219
40.069212 116.354597 25221
40.069254 116.354647 25224
40.069306 116.354669 25227
40.069340 116.354683 25229
40.069361 116.354632 25234
40.069351 116.354624 25236
40.069342 116.354617 25238
40.069337 116.354613 25239
40.069329 116.354617 25244
40.069349 116.354617 25249
40.069365 116.354617 25254
40.069308 116.354572 25259
40.069293 116.354557 25260
40.069235 116.354498 25264
40.069233 116.354499 25265
40.069231 116.354500 25266
40.069226 116.354502 25269
40.069215 116.354532 25270
40.069193 116.354593 25272
40.069171 116.354653 25274
40.068830 116.355277 25279
40.068733 116.356410 25284
40.068755 116.357737 25289
40.068805 116.359036 25294
40.068782 116.360072 25298
40.068776 116.360331 25299
40.068747 116.361488 25304
40.068666 116.362631 25309
40.068454 116.363763 25314
40.068163 116.364859 25319
40.067822 116.365918 25324
40.067383 116.366929 25329
40.066961 116.367948 25334
40.066641 116.368745 25338
40.066561 116.368944 25339
40.066476 116.369143 25340
40.066222 116.369742 25343
40.066137 116.369941 25344
40.065751 116.370926 25349
40.065353 116.371904 25354
