39.975763 116.404483 55053
39.975828 116.404523 55054
39.976087 116.404685 55058
39.976353 116.404858 55062
39.976428 116.404950 55066
39.976563 116.405052 55070
39.976518 116.405092 55074
39.976525 116.405152 55078
39.976541 116.405194 55080
39.976549 116.405216 55081
39.976557 116.405237 55082
39.976633 116.405320 55086
39.976640 116.405337 55087
39.976662 116.405388 55090
39.976625 116.405418 55094
39.976652 116.405463 55098
39.976693 116.405483 55102
39.976695 116.405490 55103
39.976698 116.405498 55104
39.976702 116.405513 55106
39.976650 116.405518 55108
39.976598 116.405522 55110
39.976613 116.405542 55115
39.976522 116.405522 55119
39.976503 116.405555 55121
39.976485 116.405588 55123
39.976512 116.405642 55127
39.976505 116.405661 55129
39.976497 116.405680 55131
39.976482 116.405790 55135
39.976446 116.405784 55136
39.976410 116.405778 55137
39.976338 116.405767 55139
39.976343 116.405784 55142
39.976345 116.405790 55143
39.976378 116.405828 55147
39.976407 116.405860 55151
39.976490 116.405888 55155
39.976492 116.405890 55156
39.976496 116.405894 55158
39.976500 116.405898 55160
39.976560 116.405897 55164
39.976597 116.405901 55165
39.976710 116.405915 55168
39.976753 116.405919 55170
39.976818 116.405925 55173
39.976900 116.405885 55177
39.976965 116.405892 55181
39.977007 116.405882 55183
39.977050 116.405872 55185
39.977098 116.405873 55189
39.977118 116.405870 55193
39.977107 116.405857 55197
39.977092 116.405893 55201
39.977168 116.405887 55205
39.977257 116.405872 55209
39.977295 116.405843 55211
39.977306 116.405834 55214
39.977313 116.405828 55216
39.977313 116.405829 55218
39.977312 116.405832 55226
39.977322 116.405847 55230
39.977307 116.405877 55234
39.977264 116.405883 55238
39.977253 116.405885 55239
39.977241 116.405866 55242
39.977237 116.405860 55243
39.977245 116.405820 55247
39.977268 116.405802 55251
39.977298 116.405802 55255
39.977315 116.405828 55269
39.977305 116.405838 55273
39.977397 116.405897 55277
39.977444 116.405991 55280
39.977460 116.406022 55281
39.977536 116.406152 55284
39.977562 116.406195 55285
39.977570 116.406268 55289
39.977538 116.406272 55293
39.977507 116.406297 55298
39.977499 116.406316 55300
39.977490 116.406335 55302
39.977453 116.406348 55306
39.977487 116.406350 55310
39.977447 116.406345 55314
39.977430 116.406360 55321
39.977463 116.406362 55325
39.977580 116.406300 55329
39.977660 116.406305 55333
39.977755 116.406307 55337
39.977822 116.406290 55341
39.977957 116.406277 55345
39.977973 116.406278 55346
39.977989 116.406278 55347
39.978020 116.406280 55349
39.978032 116.406288 55353
39.978015 116.406298 55357
39.977983 116.406318 55361
39.978017 116.406301 55363
39.978050 116.406285 55365
39.978117 116.406275 55369
39.978177 116.406242 55373
39.978208 116.406225 55377
39.978214 116.406212 55378
39.978232 116.406172 55381
39.978238 116.406165 55382
39.978251 116.406149 55384
39.978257 116.406142 55385
39.978263 116.406093 55389
39.978271 116.406076 55391
39.978276 116.406068 55392
39.978280 116.406060 55393
39.978282 116.406046 55394
39.978284 116.406032 55395
39.978288 116.406005 55397
39.978285 116.405997 55398
39.978275 116.405975 55401
39.978268 116.405943 55405
39.978271 116.405931 55406
39.978275 116.405919 55407
39.978282 116.405895 55409
39.978298 116.405845 55413
39.978303 116.405820 55417
39.978308 116.405743 55421
39.978255 116.405668 55425
39.978252 116.405573 55429
39.978273 116.405524 55432
39.978280 116.405507 55433
39.978262 116.405487 55437
39.978271 116.405459 55439
39.978275 116.405446 55440
39.978280 116.405432 55441
39.978277 116.405401 55443
39.978275 116.405370 55445
39.978271 116.405331 55448
39.978270 116.405318 55449
39.978277 116.405243 55453
39.978287 116.405190 55457
39.978297 116.405158 55461
39.978303 116.405145 55465
39.978263 116.405137 55469
39.978253 116.405102 55473
39.978205 116.405087 55477
39.978157 116.405085 55481
39.978139 116.405087 55482
39.978122 116.405088 55483
39.978121 116.405088 55484
39.978080 116.405082 55519
39.978089 116.405082 55521
39.978098 116.405082 55523
39.978130 116.405050 55527
39.978180 116.405010 55531
39.978227 116.405005 55535
39.978252 116.405060 55539
39.978235 116.405078 55541
39.978222 116.405097 55555
39.978240 116.405095 55559
39.978265 116.405095 55563
39.978335 116.405097 55567
39.978423 116.405052 55571
39.978435 116.405044 55572
39.978470 116.405020 55575
39.978481 116.405009 55576
39.978493 116.404997 55577
39.978515 116.404975 55579
39.978516 116.404968 55580
39.978518 116.404948 55583
39.978548 116.404946 55586
39.978558 116.404945 55587
39.978583 116.404945 55591
39.978595 116.404948 55598
39.978603 116.404950 55603
39.978622 116.404928 55607
39.978653 116.404913 55611
39.978733 116.404920 55615
39.978830 116.404950 55619
39.978917 116.404950 55623
39.978962 116.404948 55627
39.978983 116.404937 55631
39.978995 116.404943 55635
39.978989 116.404972 55638
39.978987 116.404982 55639
39.978984 116.405012 55641
39.978982 116.405043 55643
39.978970 116.405103 55647
39.978967 116.405163 55651
39.978957 116.405202 55653
