39.936275 116.429775 19598
39.936276 116.429777 19600
39.936277 116.429779 19601
39.936278 116.429781 19603
39.936018 116.429698 19608
39.936070 116.429815 19613
39.936044 116.429908 19618
39.935912 116.430041 19633
39.935924 116.430044 19638
39.935910 116.430042 19653
39.935827 116.430051 19654
39.935497 116.430085 19658
39.935354 116.430097 19663
39.935253 116.429971 19673
39.935195 116.429885 19677
39.935180 116.429863 19678
39.935186 116.429815 19683
39.935213 116.429836 19688
39.935200 116.429834 19690
39.935180 116.429832 19693
39.935103 116.429792 19698
39.935003 116.429802 19703
39.934985 116.429811 19704
39.934950 116.429830 19706
39.934915 116.429849 19708
39.934833 116.429879 19713
39.934803 116.429873 19715
39.934774 116.429866 19717
39.934759 116.429863 19718
39.934691 116.429816 19723
39.934628 116.429743 19728
39.934549 116.429713 19733
39.934499 116.429713 19736
39.934466 116.429713 19738
39.934417 116.429690 19743
39.934338 116.429680 19748
39.934275 116.429685 19753
39.934257 116.429706 19758
39.934349 116.429765 19763
39.934525 116.429871 19767
39.934569 116.429898 19768
39.934724 116.429967 19773
39.934925 116.430087 19778
39.935080 116.430175 19783
39.935114 116.430182 19784
39.935252 116.430212 19788
39.935309 116.430278 19793
39.935362 116.430323 19798
39.935380 116.430341 19803
39.935364 116.430335 19804
39.935331 116.430323 19806
39.935315 116.430317 19807
39.935299 116.430311 19808
39.935061 116.430216 19813
39.934911 116.430119 19818
39.934813 116.430101 19823
39.934809 116.430111 19824
39.934805 116.430121 19825
39.934798 116.430140 19827
39.934794 116.430150 19828
39.934743 116.430220 19833
39.934729 116.430240 19835
39.934708 116.430270 19838
39.934762 116.430320 19843
39.934821 116.430363 19848
39.934978 116.430364 19851
39.935082 116.430365 19853
39.935363 116.430342 19858
39.935549 116.430299 19863
39.935601 116.430306 19865
39.935654 116.430313 19867
39.935680 116.430317 19868
39.935702 116.430321 19869
39.935788 116.430336 19873
39.935834 116.430365 19878
39.935799 116.430369 19880
39.935747 116.430375 19883
39.935671 116.430358 19885
39.935634 116.430350 19886
39.935558 116.430333 19888
39.935518 116.430203 19893
39.935465 116.430153 19898
39.935461 116.430195 19903
39.935451 116.430250 19908
39.935459 116.430308 19913
39.935447 116.430315 19918
39.935455 116.430308 19923
39.935461 116.430329 19928
39.935473 116.430384 19933
39.935455 116.430443 19937
39.935451 116.430458 19938
39.935251 116.430447 19943
39.935233 116.430395 19947
39.935229 116.430382 19948
39.935221 116.430289 19953
39.935171 116.430228 19958
39.935040 116.430183 19963
39.934913 116.430090 19968
39.934853 116.430009 19973
39.934804 116.429926 19978
39.934779 116.429913 19981
39.934763 116.429905 19983
39.934751 116.429894 19986
39.934743 116.429886 19988
39.934738 116.429887 19989
39.934719 116.429893 19993
39.934678 116.429935 19998
39.934643 116.429982 20003
39.934724 116.429997 20008
39.934916 116.429984 20013
39.934986 116.430018 20016
39.935033 116.430040 20018
39.935127 116.430133 20023
39.935277 116.430208 20028
39.935567 116.430226 20033
39.935697 116.430256 20038
39.935701 116.430265 20040
39.935708 116.430279 20043
39.935788 116.430307 20048
39.935813 116.430320 20049
39.935912 116.430374 20053
39.936030 116.430471 20058
39.936045 116.430503 20060
39.936060 116.430535 20062
39.936068 116.430551 20063
39.936041 116.430682 20068
39.936038 116.430707 20069
39.936026 116.430806 20073
39.935951 116.430945 20078
39.935898 116.430983 20083
39.935815 116.431004 20088
39.935766 116.431010 20090
39.935692 116.431020 20093
39.935618 116.431035 20097
39.935600 116.431039 20098
39.935447 116.431060 20103
39.935304 116.431070 20108
39.935285 116.431064 20109
39.935246 116.431053 20111
39.935208 116.431041 20113
39.935085 116.430956 20118
39.935024 116.430908 20123
39.935007 116.430875 20128
39.934961 116.430823 20133
39.934922 116.430782 20138
39.934927 116.430775 20139
39.934949 116.430745 20143
39.934949 116.430750 20148
39.934923 116.430719 20153
39.934916 116.430646 20155
39.934906 116.430536 20158
39.934951 116.430375 20163
39.935009 116.430231 20168
39.934990 116.430234 20172
39.934985 116.430235 20173
39.934991 116.430249 20178
39.934979 116.430275 20183
39.934923 116.430323 20186
39.934885 116.430355 20188
39.934746 116.430382 20193
39.934729 116.430385 20194
39.934660 116.430398 20198
