39.936885 116.324949 6597
39.936835 116.325530 6601
39.936794 116.326095 6605
39.936791 116.326660 6609
39.936721 116.327109 6613
39.936677 116.327452 6617
39.936669 116.327648 6619
39.936661 116.327845 6621
39.936648 116.328288 6625
39.936662 116.328617 6628
39.936667 116.328727 6629
39.936660 116.328903 6631
39.936656 116.328991 6632
39.936653 116.329079 6633
39.936640 116.329328 6637
39.936621 116.329412 6641
39.936625 116.329428 6642
39.936635 116.329476 6645
39.936639 116.329504 6647
39.936643 116.329531 6649
39.936659 116.329514 6653
39.936659 116.329514 6657
39.936656 116.329515 6661
39.936653 116.329609 6665
39.936642 116.329873 6669
39.936611 116.330237 6673
39.936617 116.330668 6676
39.936619 116.330811 6677
39.936670 116.331465 6681
39.936693 116.332143 6685
39.936705 116.332791 6689
39.936742 116.333439 6693
39.936802 116.334005 6697
39.936841 116.334568 6701
39.936847 116.335094 6705
39.936844 116.335558 6709
39.936847 116.335872 6712
39.936848 116.335977 6713
39.936862 116.336241 6717
39.936847 116.336331 6719
39.936832 116.336420 6721
39.936730 116.336456 6725
39.936650 116.336423 6729
39.936645 116.336435 6733
39.936641 116.336439 6737
39.936642 116.336439 6738
39.936642 116.336440 6739
39.936643 116.336441 6741
39.936634 116.336437 6743
39.936626 116.336434 6745
39.936625 116.336434 6746
39.936624 116.336433 6749
39.936627 116.336434 6753
39.936604 116.336443 6757
39.936568 116.336459 6761
39.936543 116.336445 6763
39.936518 116.336432 6765
39.936400 116.336398 6768
39.936361 116.336386 6769
39.936191 116.336379 6772
39.936135 116.336377 6773
39.936035 116.336439 6777
39.935924 116.336549 6781
39.935905 116.336573 6782
39.935868 116.336619 6784
39.935849 116.336643 6785
39.935848 116.336641 6789
39.935847 116.336640 6793
39.935847 116.336640 6794
39.935847 116.336640 6795
39.935846 116.336640 6797
39.935845 116.336640 6799
39.935844 116.336639 6800
39.935843 116.336639 6801
39.935822 116.336668 6805
39.935705 116.336764 6809
39.935605 116.336855 6813
39.935614 116.336887 6817
39.935593 116.336900 6821
39.935424 116.336975 6825
39.935170 116.337239 6829
39.934925 116.337425 6832
39.934843 116.337487 6833
39.934440 116.337608 6837
39.934269 116.337636 6839
39.934099 116.337663 6841
39.934004 116.337641 6843
39.933909 116.337619 6845
39.933833 116.337605 6849
39.933780 116.337641 6853
39.933639 116.337640 6857
39.933605 116.337638 6858
39.933503 116.337634 6861
39.933474 116.337661 6865
39.933471 116.337663 6869
39.933434 116.337670 6873
39.933247 116.337685 6877
39.932904 116.337712 6881
39.932546 116.337709 6885
39.932454 116.337704 6886
39.932177 116.337690 6889
39.931885 116.337734 6893
39.931805 116.337704 6896
39.931779 116.337694 6897
39.931790 116.337679 6901
39.931787 116.337681 6905
39.931781 116.337682 6909
39.931785 116.337681 6913
39.931789 116.337680 6917
39.931793 116.337679 6921
39.931794 116.337679 6924
39.931794 116.337679 6925
39.931793 116.337679 6929
39.931793 116.337679 6930
39.931795 116.337679 6933
39.931789 116.337690 6937
39.931650 116.337679 6941
39.931442 116.337669 6945
39.931284 116.337636 6948
39.931231 116.337625 6949
39.931027 116.337736 6953
39.930936 116.337747 6957
39.930917 116.337762 6959
39.930899 116.337777 6961
39.930863 116.337796 6965
39.930792 116.337812 6968
39.930769 116.337817 6969
39.930694 116.337821 6973
39.930666 116.337821 6974
39.930608 116.337819 6976
39.930580 116.337819 6977
39.930539 116.337817 6978
39.930498 116.337816 6979
39.930416 116.337812 6981
39.930177 116.337810 6985
39.929842 116.337822 6989
39.929651 116.337830 6991
39.929460 116.337838 6993
39.929087 116.337855 6997
39.928699 116.337855 7001
39.928352 116.337850 7005
39.928081 116.337848 7009
39.927854 116.337787 7013
39.927688 116.337738 7017
39.927659 116.337788 7021
39.927672 116.337808 7023
39.927678 116.337819 7024
39.927684 116.337829 7025
39.927721 116.337896 7028
39.927733 116.337919 7029
39.927746 116.337930 7033
39.927719 116.337914 7035
39.927692 116.337898 7037
39.927561 116.337847 7041
39.927581 116.337863 7044
39.927587 116.337868 7045
39.927591 116.337893 7047
39.927593 116.337906 7048
39.927595 116.337918 7049
39.927464 116.337908 7053
39.927328 116.337869 7057
39.927310 116.337865 7058
39.927292 116.337862 7059
39.927255 116.337854 7061
39.927270 116.337835 7065
39.927264 116.337795 7069
39.927194 116.337696 7073
39.927084 116.337745 7077
39.926797 116.337714 7081
39.926529 116.337724 7084
39.926440 116.337727 7085
39.926350 116.337736 7086
39.926082 116.337762 7089
39.925824 116.337803 7092
39.925738 116.337816 7093
39.925357 116.337870 7097
39.925162 116.337906 7099
39.924967 116.337942 7101
39.924778 116.337962 7103
39.924588 116.337982 7105
39.924404 116.337990 7107
39.924220 116.337999 7109
39.923920 116.337951 7113
39.923710 116.337934 7117
39.923763 116.338035 7121
39.923783 116.338048 7125
39.923781 116.338051 7129
39.923782 116.338054 7133
39.923787 116.338055 7136
39.923788 116.338056 7137
39.923765 116.338068 7141
39.923757 116.338069 7142
39.923731 116.338071 7145
39.923608 116.338044 7148
39.923567 116.338035 7149
39.923353 116.338176 7153
39.923215 116.338196 7155
39.923076 116.338215 7157
39.922827 116.338285 7161
39.922718 116.338260 7165
39.922709 116.338270 7169
39.922701 116.338271 7173
39.922691 116.338273 7175
39.922681 116.338276 7177
39.922677 116.338277 7178
39.922668 116.338278 7180
39.922663 116.338279 7181
39.922651 116.338282 7185
39.922644 116.338283 7189
39.922645 116.338282 7193
