39.965883 116.328100 38096
39.965882 116.328164 38101
39.965898 116.328221 38106
39.965890 116.328258 38109
39.965885 116.328283 38111
39.965843 116.328348 38116
39.965833 116.328374 38121
39.965821 116.328396 38126
39.965828 116.328391 38131
39.965833 116.328389 38132
39.965852 116.328381 38136
39.965867 116.328380 38141
39.965914 116.328359 38142
39.966103 116.328276 38146
39.966328 116.328203 38149
39.966478 116.328154 38151
39.966908 116.328118 38155
39.967016 116.328109 38156
39.967605 116.328015 38161
39.968224 116.327943 38166
39.968868 116.327865 38171
39.969359 116.327843 38175
39.969482 116.327837 38176
39.969596 116.327819 38177
39.969710 116.327801 38178
39.970053 116.327746 38181
39.970605 116.327708 38186
39.970957 116.327677 38191
39.971002 116.327566 38196
39.970990 116.327468 38201
39.970987 116.327467 38206
39.971140 116.327575 38211
39.971205 116.327576 38212
39.971463 116.327582 38216
39.971887 116.327602 38221
39.972371 116.327542 38226
39.972924 116.327453 38231
39.973513 116.327452 38236
39.973623 116.327483 38237
39.973844 116.327544 38239
39.974065 116.327606 38241
39.974571 116.327691 38246
39.975280 116.327650 38271
39.975120 116.327670 38272
39.974482 116.327749 38276
39.974020 116.327807 38281
39.974084 116.327783 38286
39.974091 116.327782 38287
39.974110 116.327780 38290
39.974117 116.327779 38291
39.974137 116.327769 38296
39.974204 116.327763 38301
39.974290 116.327782 38306
39.974376 116.327787 38311
39.974396 116.327807 38314
39.974409 116.327820 38316
39.974427 116.327814 38318
39.974453 116.327806 38321
39.974455 116.327682 38326
39.974458 116.327551 38331
39.974547 116.327464 38336
39.974632 116.327370 38341
39.974721 116.327359 38346
39.974753 116.327387 38349
39.974763 116.327397 38350
39.974774 116.327406 38351
39.974753 116.327471 38354
39.974746 116.327492 38355
39.974739 116.327514 38356
39.974746 116.327584 38361
39.974728 116.327576 38366
39.974683 116.327581 38371
39.974622 116.327619 38376
39.974604 116.327635 38381
39.974588 116.327647 38385
39.974584 116.327650 38386
39.974576 116.327670 38388
39.974564 116.327699 38391
39.974637 116.327717 38396
39.974864 116.327707 38401
39.975145 116.327683 38406
39.975530 116.327623 38411
39.975630 116.327609 38412
39.975730 116.327594 38413
39.975831 116.327580 38414
39.976031 116.327551 38416
39.976395 116.327579 38421
39.976720 116.327657 38426
39.976821 116.327669 38428
39.976922 116.327681 38430
39.976972 116.327687 38431
39.977126 116.327700 38436
39.977134 116.327720 38438
39.977141 116.327741 38440
39.977145 116.327751 38441
39.977152 116.327769 38446
39.977170 116.327775 38448
39.977198 116.327784 38451
39.977347 116.327738 38456
39.977744 116.327728 38461
39.978249 116.327673 38466
39.978623 116.327601 38471
39.978775 116.327482 38476
39.978969 116.327367 38481
39.979136 116.327264 38486
39.979233 116.327205 38489
39.979298 116.327166 38491
39.979388 116.327172 38496
39.979426 116.327160 38498
39.979483 116.327142 38501
39.979690 116.327108 38505
39.979742 116.327100 38506
39.980207 116.327077 38511
39.980779 116.327053 38516
39.980912 116.327041 38517
39.981446 116.326995 38521
39.982033 116.326927 38526
39.982364 116.326934 38531
39.982566 116.326947 38536
39.982572 116.326920 38541
39.982510 116.326918 38546
39.982481 116.326930 38550
39.982456 116.326928 38552
39.982419 116.326925 38555
39.982413 116.326929 38556
39.982407 116.326933 38557
39.982396 116.326941 38559
39.982390 116.326945 38560
39.982376 116.326935 38562
39.982355 116.326920 38565
39.982330 116.326926 38570
39.982325 116.326935 38575
39.982298 116.326935 38580
39.982246 116.326949 38585
39.982221 116.326960 38590
39.982146 116.327051 38595
39.982066 116.327154 38600
39.982059 116.327225 38605
39.982033 116.327294 38610
39.982022 116.327313 38611
39.981979 116.327387 38615
39.981978 116.327400 38617
39.981976 116.327419 38620
39.981978 116.330265 38660
39.981595 116.327692 38665
39.981381 116.327860 38667
39.981061 116.328111 38670
39.981064 116.328144 38675
39.981079 116.328144 38680
39.981092 116.328148 38685
39.981092 116.328149 38687
39.981091 116.328150 38690
39.981085 116.328145 38695
39.981087 116.328144 38696
39.981095 116.328141 38700
