39.997250 116.309256 26419
39.997314 116.309247 26424
39.997387 116.309239 26429
39.997438 116.309228 26433
39.997451 116.309225 26434
39.997501 116.309211 26439
39.997548 116.309217 26444
39.997592 116.309241 26449
39.997651 116.309246 26454
39.997722 116.309235 26459
39.997767 116.309220 26464
39.997800 116.309243 26469
39.997870 116.309247 26474
39.997914 116.309248 26479
39.997973 116.309221 26484
39.998030 116.309198 26489
39.998087 116.309185 26494
39.998133 116.309181 26499
39.998207 116.309162 26504
39.998254 116.309156 26508
39.998266 116.309155 26509
39.998278 116.309154 26510
39.998324 116.309150 26514
39.998353 116.309147 26516
39.998396 116.309143 26519
39.998450 116.309141 26524
39.998508 116.309123 26529
39.998519 116.309123 26530
39.998540 116.309123 26532
39.998550 116.309123 26533
39.998561 116.309123 26534
39.998575 116.309101 26537
39.998585 116.309087 26539
39.998587 116.309088 26542
39.998589 116.309089 26544
39.998591 116.309088 26549
39.998590 116.309090 26550
39.998589 116.309092 26551
39.998586 116.309098 26554
39.998588 116.309083 26559
39.998574 116.309052 26564
39.998580 116.308978 26568
39.998582 116.308959 26569
39.998587 116.308868 26574
39.998579 116.308803 26579
39.998575 116.308787 26581
39.998568 116.308762 26584
39.998559 116.308719 26589
39.998557 116.308712 26591
39.998554 116.308702 26594
39.998551 116.308703 26599
39.998570 116.308703 26604
39.998625 116.308719 26609
39.998670 116.308685 26614
39.998718 116.308646 26619
39.998740 116.308582 26624
39.998740 116.308572 26625
39.998740 116.308562 26626
39.998741 116.308551 26627
39.998741 116.308531 26629
39.998720 116.308478 26634
39.998720 116.308461 26635
39.998722 116.308392 26639
39.998722 116.308326 26644
39.998722 116.308264 26649
39.998727 116.308234 26651
39.998732 116.308204 26653
39.998735 116.308189 26654
39.998740 116.308104 26659
39.998724 116.308016 26664
39.998745 116.307922 26669
39.998746 116.307853 26674
39.998747 116.307777 26679
39.998745 116.307698 26684
39.998740 116.307656 26689
39.998745 116.307620 26694
39.998730 116.307579 26697
39.998725 116.307565 26698
39.998720 116.307551 26699
39.998725 116.307536 26700
39.998734 116.307506 26702
39.998738 116.307491 26703
39.998743 116.307476 26704
39.998806 116.307398 26709
39.998829 116.307335 26714
39.998861 116.307255 26719
39.998867 116.307242 26720
39.998891 116.307190 26724
39.998917 116.307139 26729
39.998935 116.307070 26734
39.998958 116.307024 26738
39.998964 116.307012 26739
39.999020 116.306976 26744
39.999035 116.306971 26745
39.999050 116.306967 26746
39.999095 116.306953 26749
39.999149 116.306931 26754
39.999184 116.306922 26759
39.999200 116.306925 26761
39.999224 116.306929 26764
39.999264 116.306919 26769
39.999294 116.306931 26771
39.999338 116.306950 26774
39.999378 116.306975 26779
39.999388 116.306973 26781
39.999403 116.306969 26784
39.999407 116.306970 26786
39.999408 116.306970 26787
39.999410 116.306971 26788
39.999412 116.306971 26789
39.999413 116.306971 26790
39.999413 116.306972 26791
39.999414 116.306972 26792
39.999415 116.306973 26794
39.999420 116.306988 26799
39.999422 116.306988 26804
39.999419 116.306989 26809
39.999414 116.306989 26814
39.999411 116.306988 26819
39.999407 116.306989 26823
39.999406 116.306989 26824
39.999411 116.306988 26829
39.999412 116.306988 26830
39.999416 116.306986 26834
39.999421 116.306984 26839
39.999425 116.306983 26844
39.999427 116.306981 26849
39.999422 116.306979 26854
39.999405 116.306987 26859
39.999358 116.306983 26864
39.999320 116.306967 26869
39.999319 116.306958 26874
39.999309 116.306960 26879
39.999308 116.306960 26880
39.999307 116.306961 26881
39.999304 116.306962 26884
39.999310 116.306961 26889
39.999311 116.306959 26894
39.999366 116.306869 26899
39.999377 116.306797 26904
39.999387 116.306725 26909
39.999388 116.306646 26914
39.999382 116.306598 26918
39.999381 116.306586 26919
39.999378 116.306522 26924
39.999383 116.306493 26926
39.999390 116.306450 26929
39.999394 116.306411 26934
39.999419 116.306373 26939
39.999440 116.306429 26944
39.999483 116.306436 26949
39.999521 116.306415 26954
39.999513 116.306413 26959
39.999559 116.306383 26964
39.999604 116.306384 26969
39.999620 116.306380 26971
39.999644 116.306375 26974
39.999665 116.306394 26979
39.999667 116.306393 26981
39.999670 116.306392 26983
39.999671 116.306392 26984
39.999687 116.306396 26989
39.999700 116.306417 26994
39.999701 116.306417 26999
39.999699 116.306418 27004
39.999824 116.306392 27009
39.999828 116.306381 27010
39.999844 116.306335 27014
39.999855 116.306328 27019
