40.056490 116.540187 18992
40.056490 116.540187 19083
40.056490 116.540187 19087
40.056525 116.540252 19092
40.056660 116.540490 19098
40.056678 116.540343 19104
40.056437 116.539893 19110
40.056384 116.539776 19111
40.055902 116.538723 19120
40.055353 116.537547 19130
40.054988 116.536672 19140
40.055095 116.536500 19146
40.055120 116.536475 19149
40.055122 116.536471 19150
40.055125 116.536463 19152
40.055145 116.536443 19155
40.055162 116.536427 19158
40.055172 116.536424 19160
40.055177 116.536423 19161
40.055183 116.536423 19162
40.055195 116.536422 19164
40.055233 116.536398 19167
40.055262 116.536376 19168
40.055407 116.536265 19173
40.055601 116.536069 19178
40.055640 116.536030 19179
40.055895 116.535803 19185
40.056155 116.535592 19191
40.056398 116.535343 19197
40.056635 116.535078 19203
40.056831 116.534880 19208
40.056870 116.534840 19209
40.057101 116.534623 19214
40.057147 116.534580 19215
40.057422 116.534303 19221
40.057703 116.534012 19227
40.057978 116.533723 19233
40.058397 116.533328 19243
40.058632 116.533112 19249
40.058817 116.532850 19255
40.059070 116.532620 19261
40.059320 116.532393 19267
40.059588 116.532155 19273
40.059835 116.531953 19279
40.059949 116.531836 19282
40.060063 116.531720 19285
40.060108 116.531674 19286
40.060152 116.531628 19287
40.060197 116.531582 19288
40.060330 116.531443 19291
40.060600 116.531133 19297
40.060873 116.530810 19303
40.061102 116.530560 19308
40.061148 116.530510 19309
40.061433 116.530222 19315
40.061571 116.530083 19318
40.061710 116.529945 19321
40.061990 116.529660 19327
40.062253 116.529402 19333
40.062523 116.529152 19339
40.062563 116.529113 19340
40.062762 116.528918 19345
40.062998 116.528670 19351
40.063176 116.528492 19355
40.063265 116.528403 19357
40.063525 116.528162 19363
40.063767 116.527915 19369
40.064023 116.527663 19375
40.064064 116.527623 19376
40.064227 116.527465 19380
40.064268 116.527425 19381
40.064538 116.527160 19387
40.064782 116.526935 19393
40.064925 116.526802 19397
40.064997 116.526735 19399
40.065181 116.526516 19404
40.065218 116.526472 19405
40.065363 116.526252 19410
40.065392 116.526208 19411
40.065568 116.525917 19417
40.065742 116.525598 19423
40.065885 116.525312 19429
40.065945 116.525187 19432
40.066005 116.525062 19435
40.066138 116.524797 19441
40.066260 116.524583 19447
40.066345 116.524428 19452
40.066362 116.524397 19453
40.066495 116.524130 19459
40.066582 116.523973 19463
40.066625 116.523895 19465
40.066671 116.523812 19467
40.066693 116.523770 19468
40.066739 116.523687 19470
40.066762 116.523645 19471
40.066900 116.523367 19477
40.067038 116.523098 19483
40.067098 116.522983 19486
40.067158 116.522867 19489
40.067275 116.522657 19495
40.067373 116.522486 19499
40.067422 116.522400 19501
40.067499 116.522253 19504
40.067577 116.522105 19507
40.067676 116.521906 19511
40.067725 116.521807 19513
40.067748 116.521761 19514
40.067863 116.521533 19519
40.068027 116.521243 19525
40.068072 116.521155 19527
40.068162 116.520978 19531
40.068312 116.520695 19537
40.068338 116.520649 19538
40.068365 116.520603 19539
40.068470 116.520420 19543
40.068485 116.520371 19544
40.068563 116.520127 19549
40.068542 116.519865 19555
40.068530 116.519603 19561
40.068529 116.519565 19562
40.068525 116.519372 19567
40.068520 116.519120 19573
40.068543 116.518838 19579
40.068535 116.518704 19582
40.068527 116.518570 19585
40.068508 116.518225 19591
40.068505 116.518174 19592
40.068488 116.517920 19597
40.068463 116.517655 19603
40.068422 116.517445 19609
40.068388 116.517263 19615
40.068368 116.517152 19621
40.068372 116.517115 19624
40.068367 116.517070 19627
40.068365 116.517025 19630
40.068363 116.517000 19632
40.068362 116.516988 19633
40.068360 116.516972 19641
40.068365 116.516990 19644
40.068368 116.517007 19648
40.068370 116.517018 19651
40.068370 116.517033 19654
40.068370 116.517048 19657
40.068370 116.517048 19661
