39.943273 116.479637 44120
39.943265 116.479610 44124
39.943268 116.479590 44128
39.943267 116.479535 44133
39.943285 116.479493 44137
39.943285 116.479435 44141
39.943290 116.479387 44145
39.943283 116.479342 44149
39.943275 116.479328 44150
39.943253 116.479287 44153
39.943242 116.479243 44157
39.943239 116.479213 44160
39.943238 116.479203 44161
39.943244 116.479193 44162
39.943263 116.479162 44165
39.943273 116.479142 44167
39.943273 116.479128 44194
39.943292 116.479118 44198
39.943297 116.479058 44202
39.943302 116.479020 44204
39.943307 116.478982 44206
39.943315 116.478890 44210
39.943323 116.478795 44214
39.943340 116.478740 44218
39.943340 116.478680 44222
39.943337 116.478623 44226
39.943335 116.478548 44230
39.943350 116.478493 44234
39.943365 116.478417 44238
39.943363 116.478353 44242
39.943398 116.478278 44246
39.943426 116.478233 44249
39.943435 116.478218 44250
39.943467 116.478180 44253
39.943478 116.478167 44254
39.943480 116.478135 44256
39.943482 116.478119 44257
39.943483 116.478103 44258
39.943488 116.478040 44262
39.943496 116.478026 44263
39.943520 116.477983 44266
39.943529 116.477966 44267
39.943555 116.477917 44270
39.943578 116.477876 44273
39.943585 116.477862 44274
39.943615 116.477810 44278
39.943635 116.477785 44282
39.943658 116.477765 44286
39.943675 116.477727 44290
39.943712 116.477697 44294
39.943730 116.477675 44298
39.943739 116.477665 44300
39.943747 116.477655 44302
39.943752 116.477635 44306
39.943750 116.477622 44308
39.943748 116.477610 44310
39.943740 116.477591 44312
39.943728 116.477562 44315
39.943711 116.477544 44317
39.943695 116.477527 44319
39.943672 116.477503 44323
39.943668 116.477482 44327
39.943667 116.477472 44329
39.943670 116.477452 44338
39.943683 116.477410 44342
39.943695 116.477391 44343
39.943708 116.477371 44344
39.943732 116.477332 44346
39.943773 116.477223 44350
39.943832 116.477113 44354
39.943877 116.476998 44358
39.943917 116.476908 44362
39.943935 116.476820 44366
39.943948 116.476760 44370
39.943980 116.476708 44374
39.944012 116.476680 44378
39.944048 116.476628 44382
39.944062 116.476620 44383
39.944105 116.476595 44386
39.944129 116.476575 44389
39.944137 116.476568 44390
39.944159 116.476556 44393
39.944167 116.476552 44394
39.944195 116.476533 44398
39.944233 116.476527 44402
39.944257 116.476518 44405
39.944265 116.476515 44406
39.944263 116.476517 44430
39.944263 116.476517 44431
39.944263 116.476517 44432
39.944255 116.476512 44434
39.944248 116.476507 44436
39.944245 116.476438 44440
39.944275 116.476320 44444
39.944282 116.476298 44445
39.944302 116.476232 44448
39.944306 116.476218 44449
39.944320 116.476175 44452
39.944342 116.476117 44456
39.944358 116.476077 44460
39.944362 116.476057 44462
39.944365 116.476047 44463
39.944367 116.476037 44464
39.944380 116.475997 44467
39.944385 116.475983 44468
39.944389 116.475951 44471
39.944390 116.475940 44472
39.944410 116.475865 44476
39.944438 116.475805 44480
39.944441 116.475776 44482
39.944445 116.475747 44484
39.944453 116.475732 44485
39.944478 116.475688 44488
39.944488 116.475654 44490
39.944498 116.475620 44492
39.944522 116.475560 44496
39.944532 116.475531 44498
39.944542 116.475502 44500
39.944553 116.475460 44504
39.944550 116.475438 44506
39.944565 116.475422 44538
39.944573 116.475390 44542
39.944578 116.475308 44546
39.944587 116.475266 44548
39.944597 116.475223 44550
39.944640 116.475108 44554
39.944650 116.475076 44555
39.944680 116.474980 44558
39.944694 116.474942 44560
39.944701 116.474924 44561
39.944708 116.474905 44562
39.944715 116.474868 44565
39.944717 116.474855 44566
39.944717 116.474783 44570
39.944717 116.474708 44574
39.944718 116.474648 44578
39.944723 116.474622 44580
39.944725 116.474610 44581
39.944728 116.474597 44582
39.944725 116.474542 44586
39.944725 116.474460 44590
39.944724 116.474451 44591
39.944723 116.474423 44594
39.944712 116.474388 44598
39.944723 116.474350 44602
39.944717 116.474343 44603
39.944698 116.474320 44606
39.944697 116.474307 44608
39.944713 116.474297 44639
39.944713 116.474298 44651
39.944707 116.474262 44655
39.944705 116.474231 44656
39.944698 116.474138 44659
39.944687 116.474027 44663
39.944672 116.473948 44666
39.944667 116.473922 44667
39.944635 116.473825 44671
39.944617 116.473728 44675
39.944592 116.473664 44678
39.944583 116.473642 44679
39.944558 116.473580 44683
39.944532 116.473502 44687
39.944535 116.473435 44691
39.944520 116.473372 44695
39.944518 116.473358 44696
39.944513 116.473317 44699
39.944457 116.473250 44703
39.944445 116.473208 44707
39.944442 116.473199 44708
39.944433 116.473173 44711
39.944421 116.473146 44713
39.944410 116.473120 44715
