40.032140 116.314045 4026
40.032140 116.314045 4041
40.032140 116.314045 4050
40.032127 116.314063 4054
40.032098 116.314086 4055
40.032068 116.314108 4056
40.031767 116.314272 4060
40.030873 116.314570 4066
40.030328 116.314788 4069
40.029783 116.315007 4072
40.028818 116.315438 4078
40.027885 116.315822 4084
40.027253 116.316071 4088
40.027095 116.316133 4089
40.026937 116.316195 4090
40.025962 116.316577 4096
40.024983 116.316950 4102
40.024002 116.317352 4108
40.023058 116.317690 4114
40.022090 116.318010 4120
40.021777 116.318134 4122
40.021152 116.318382 4126
40.020260 116.318730 4132
40.019539 116.318998 4137
40.019395 116.319052 4138
40.018490 116.319423 4144
40.017573 116.319913 4150
40.017432 116.320028 4151
40.016730 116.320605 4156
40.015942 116.321403 4162
40.015820 116.321540 4163
40.015212 116.322225 4168
40.015092 116.322365 4169
40.014972 116.322505 4170
40.014492 116.323065 4174
40.014369 116.323205 4175
40.013755 116.323907 4180
40.013258 116.324469 4184
40.013134 116.324609 4185
40.013010 116.324750 4186
40.012760 116.325028 4188
40.012260 116.325585 4192
40.011532 116.326420 4198
40.011063 116.326965 4202
40.010828 116.327238 4204
40.010115 116.328075 4210
40.009644 116.328606 4214
40.009408 116.328872 4216
40.008667 116.329635 4222
40.007878 116.330282 4228
40.007585 116.330451 4230
40.007000 116.330790 4234
40.006018 116.331148 4240
40.005020 116.331288 4246
40.004062 116.331338 4252
40.003615 116.331361 4255
40.003317 116.331376 4257
40.003168 116.331383 4258
40.002287 116.331415 4264
40.001327 116.331427 4270
40.000405 116.331468 4276
39.999784 116.331516 4280
39.999473 116.331540 4282
39.999320 116.331548 4283
39.999015 116.331564 4285
39.998557 116.331588 4288
39.997653 116.331622 4294
39.996737 116.331742 4300
39.995858 116.331780 4306
39.995018 116.331788 4312
39.994743 116.331779 4314
39.994192 116.331762 4318
39.993487 116.331752 4324
39.992925 116.331743 4330
39.992462 116.331795 4336
39.992127 116.331852 4342
39.992053 116.331815 4346
39.992010 116.331850 4350
39.992007 116.331855 4356
39.992005 116.331858 4360
39.991999 116.331873 4363
39.991997 116.331878 4364
39.991941 116.331769 4367
39.991923 116.331733 4368
39.991915 116.331697 4369
39.991907 116.331662 4370
39.991912 116.331638 4374
39.991917 116.331615 4378
39.991904 116.331600 4381
39.991900 116.331595 4382
39.991895 116.331508 4386
39.991873 116.331510 4390
39.991848 116.331495 4394
39.991843 116.331477 4396
39.991838 116.331458 4398
39.991843 116.331447 4400
39.991852 116.331435 4404
39.991777 116.331428 4408
39.991612 116.331450 4412
39.991193 116.331533 4416
39.990543 116.331733 4422
39.990050 116.331771 4426
39.989803 116.331790 4428
39.988972 116.331728 4434
39.988008 116.331717 4440
39.987028 116.331750 4446
39.986102 116.331845 4452
39.985361 116.331959 4457
39.985213 116.331982 4458
39.984330 116.332147 4464
39.983427 116.332235 4470
39.982619 116.332245 4475
39.982458 116.332247 4476
39.981475 116.332318 4482
39.980513 116.332513 4488
39.979567 116.332567 4494
39.978668 116.332737 4500
39.977803 116.332987 4506
39.977153 116.333233 4512
39.976605 116.333422 4518
39.976187 116.333518 4524
39.976082 116.333539 4526
39.975872 116.333582 4530
39.975702 116.333623 4534
39.975588 116.333673 4538
39.975572 116.333681 4539
39.975556 116.333689 4540
39.975525 116.333705 4542
39.975532 116.333672 4546
39.975477 116.333678 4550
39.975465 116.333643 4554
39.975422 116.333653 4558
39.975665 116.333592 4590
39.975372 116.333672 4618
39.975376 116.333650 4619
39.975384 116.333607 4621
39.975388 116.333585 4622
