40.036210 116.336157 5427
40.035257 116.336917 5433
40.034487 116.337490 5439
40.034372 116.337563 5442
40.034334 116.337587 5443
40.034257 116.337635 5445
40.034225 116.337656 5446
40.034130 116.337717 5449
40.034010 116.337802 5453
40.033940 116.337850 5457
40.033877 116.337893 5461
40.033787 116.337960 5464
40.033757 116.337983 5465
40.033665 116.338053 5467
40.033573 116.338122 5469
40.033397 116.338260 5473
40.033266 116.338360 5476
40.033223 116.338393 5477
40.032988 116.338572 5481
40.032385 116.339038 5487
40.031527 116.339762 5493
40.030567 116.340567 5499
40.029653 116.341293 5505
40.028977 116.341838 5510
40.028842 116.341947 5511
40.027952 116.342630 5517
40.027023 116.343340 5523
40.026285 116.343892 5529
40.025780 116.344282 5535
40.025481 116.344515 5538
40.025382 116.344593 5539
40.025183 116.344748 5541
40.025102 116.344809 5542
40.024695 116.345112 5547
40.024191 116.345487 5552
40.024090 116.345562 5553
40.023212 116.346233 5559
40.022153 116.347015 5565
40.021015 116.347947 5571
40.018705 116.349767 5581
40.016485 116.351403 5591
40.014557 116.352873 5601
40.012738 116.354243 5611
40.011703 116.354672 5617
40.011280 116.354915 5621
40.011068 116.355037 5623
40.010592 116.355417 5629
40.010357 116.355663 5635
40.010301 116.355726 5638
40.010283 116.355747 5639
40.010272 116.355777 5643
40.010270 116.355787 5645
40.010268 116.355797 5647
40.010266 116.355800 5648
40.010258 116.355808 5651
40.010258 116.355808 5655
40.010247 116.355827 5659
40.010222 116.355860 5661
40.010196 116.355902 5663
40.010183 116.355922 5664
40.010170 116.355943 5665
40.010160 116.355959 5666
40.010130 116.356007 5669
40.010105 116.356037 5674
40.010078 116.356065 5678
40.010059 116.356081 5679
40.010040 116.356097 5680
40.009865 116.356307 5684
40.009683 116.356512 5688
40.009548 116.356593 5692
40.009435 116.356702 5695
40.009398 116.356738 5696
40.009105 116.356992 5702
40.009047 116.357045 5706
40.008998 116.357083 5710
40.008890 116.357172 5714
40.008740 116.357287 5718
40.008365 116.357562 5724
40.007967 116.357855 5730
40.007485 116.358180 5736
40.006837 116.358603 5741
40.006707 116.358688 5742
40.006592 116.358777 5743
40.006015 116.359223 5748
40.005693 116.359490 5754
40.005595 116.359581 5757
40.005562 116.359612 5758
40.005442 116.359710 5762
40.005390 116.359748 5763
40.005337 116.359787 5764
40.005285 116.359825 5765
40.005233 116.359863 5766
40.004803 116.360182 5772
40.004377 116.360495 5778
40.003955 116.360805 5784
40.003628 116.361048 5788
40.003547 116.361109 5789
40.003465 116.361170 5790
40.002967 116.361532 5796
40.002560 116.361850 5802
40.002035 116.362232 5807
40.001930 116.362308 5808
40.001287 116.362782 5814
40.001193 116.362853 5815
40.001006 116.362994 5817
40.000725 116.363207 5820
40.000547 116.363337 5822
40.000192 116.363597 5826
40.000108 116.363660 5827
39.999690 116.363975 5832
39.999459 116.364149 5835
39.999227 116.364323 5838
39.998740 116.364687 5844
39.998245 116.365073 5850
39.997785 116.365425 5856
39.997478 116.365647 5861
39.997417 116.365692 5862
39.997342 116.365744 5863
39.997192 116.365848 5865
39.996967 116.366003 5868
39.996763 116.366156 5870
39.996355 116.366462 5874
39.996073 116.366682 5880
39.995968 116.366773 5883
39.995933 116.366803 5884
39.995892 116.366838 5888
39.995868 116.366858 5890
39.995762 116.366950 5894
39.995615 116.367080 5898
39.995547 116.367139 5900
39.995478 116.367197 5902
39.995293 116.367352 5906
39.995108 116.367497 5910
39.994939 116.367628 5913
39.994883 116.367672 5914
39.994418 116.368032 5920
39.993775 116.368490 5926
39.992985 116.369028 5932
39.991980 116.369778 5938
39.991841 116.369867 5939
39.990588 116.370667 5948
39.990078 116.370890 5954
39.989450 116.371077 5960
39.989037 116.371117 5966
39.988713 116.371102 5970
39.988138 116.370852 5976
39.987607 116.370517 5982
39.987085 116.370168 5988
39.986867 116.370013 5994
39.986803 116.369967 5998
39.986702 116.369883 6002
39.986588 116.369763 6006
39.986497 116.369597 6009
39.986467 116.369542 6010
39.986396 116.369290 6013
39.986325 116.369037 6016
39.986302 116.368647 6020
39.986292 116.367906 6025
39.986290 116.367758 6026
