40.017385 116.350935 44975
40.018347 116.350173 44981
40.019243 116.349465 44987
40.020140 116.348793 44992
40.020320 116.348658 44993
40.022273 116.347165 45003
40.024317 116.345527 45013
40.025158 116.344875 45019
40.025872 116.344307 45025
40.026647 116.343772 45031
40.027545 116.343087 45037
40.028515 116.342388 45043
40.029405 116.341733 45049
40.029741 116.341453 45052
40.030077 116.341172 45055
40.030797 116.340580 45061
40.031462 116.340013 45067
40.032178 116.339438 45073
40.032880 116.338875 45079
40.033613 116.338300 45085
40.034123 116.337913 45089
40.034378 116.337720 45091
40.035237 116.337072 45097
40.036142 116.336325 45103
40.037165 116.335515 45109
40.038608 116.334447 45116
40.039227 116.333990 45119
40.041262 116.332482 45129
40.043347 116.330873 45139
40.044898 116.329734 45148
40.045070 116.329607 45149
40.047243 116.327965 45159
40.049610 116.326183 45169
40.051807 116.324473 45179
40.053880 116.322858 45189
40.054635 116.322268 45193
40.055768 116.321383 45199
40.056768 116.320608 45205
40.057434 116.320093 45209
40.057600 116.319964 45210
40.057767 116.319835 45211
40.057949 116.319701 45212
40.058131 116.319568 45213
40.058312 116.319434 45214
40.058858 116.319033 45217
40.059690 116.318401 45221
40.060938 116.317453 45227
40.062432 116.316266 45234
40.062645 116.316096 45235
40.063072 116.315757 45237
40.065125 116.314215 45247
40.066937 116.312802 45257
40.068792 116.311393 45267
40.068939 116.311298 45268
40.069086 116.311203 45269
40.070263 116.310443 45277
40.070505 116.310228 45283
40.070589 116.310185 45284
40.071007 116.309968 45289
40.071360 116.309845 45295
40.071520 116.309800 45299
40.071755 116.309647 45303
40.072062 116.309465 45309
40.072232 116.309605 45313
40.072357 116.310013 45317
40.072563 116.310662 45323
40.072928 116.310917 45329
40.073016 116.311112 45331
40.073192 116.311503 45335
40.073428 116.312345 45341
40.073705 116.313097 45347
40.073965 116.314197 45353
40.074215 116.315150 45359
40.074329 116.315512 45364
40.074352 116.315585 45365
40.074417 116.315795 45369
40.074532 116.316082 45373
40.074552 116.316165 45374
40.074592 116.316330 45376
40.074653 116.316578 45379
40.074857 116.317327 45385
40.074898 116.317427 45386
40.075102 116.317925 45391
40.075265 116.318445 45395
40.075347 116.318705 45397
40.075497 116.319241 45400
40.075648 116.319777 45403
40.075803 116.320296 45406
40.075958 116.320815 45409
40.076282 116.321823 45415
40.076585 116.322703 45421
40.076748 116.323233 45427
40.076792 116.323353 45431
40.076882 116.323555 45435
40.077115 116.324325 45441
40.077395 116.325170 45447
40.077550 116.325565 45453
40.077617 116.325767 45455
40.077752 116.326172 45459
40.077859 116.326622 45463
40.077913 116.326847 45465
40.077962 116.327075 45469
40.077940 116.327332 45473
40.077792 116.327447 45476
40.077743 116.327485 45477
40.077205 116.327557 45482
40.077098 116.327572 45483
40.076337 116.327720 45489
40.075947 116.327617 45495
40.075948 116.327564 45496
40.075953 116.327405 45499
40.075958 116.327345 45508
40.075955 116.327313 45509
40.075952 116.327280 45510
40.075967 116.327153 45514
40.076155 116.327119 45517
40.076218 116.327108 45518
40.076374 116.327081 45520
40.076687 116.327028 45524
40.076855 116.326992 45530
40.076972 116.326928 45534
40.076963 116.326733 45538
40.076920 116.326438 45542
40.076897 116.326353 45543
40.076828 116.326098 45546
40.076777 116.325922 45549
40.076760 116.325863 45550
40.076653 116.325557 45554
40.076520 116.325190 45560
40.076478 116.325015 45564
40.076464 116.324974 45565
40.076423 116.324850 45568
40.076408 116.324810 45569
40.076380 116.324731 45571
40.076365 116.324692 45572
