40.031937 116.313947 49350
40.032010 116.313878 49355
40.032007 116.313883 49357
40.032007 116.313883 49375
40.032038 116.313847 49379
40.032285 116.313753 49383
40.032812 116.313562 49387
40.033983 116.312978 49394
40.034150 116.312895 49395
40.035238 116.312237 49401
40.036175 116.311553 49407
40.036610 116.311179 49410
40.037045 116.310805 49413
40.037813 116.309970 49419
40.038512 116.309133 49425
40.039197 116.308382 49431
40.040054 116.307861 49437
40.042195 116.306558 49452
40.042337 116.306461 49453
40.042478 116.306364 49454
40.043045 116.305977 49458
40.043900 116.305305 49464
40.045070 116.304357 49472
40.045950 116.303612 49478
40.047568 116.302337 49489
40.049212 116.301370 49503
40.049637 116.301163 49508
40.049722 116.301122 49509
40.050594 116.300844 49561
40.050963 116.300727 49583
40.051045 116.300572 49586
40.051072 116.300520 49587
40.051532 116.300325 49595
40.052917 116.299300 49601
40.054078 116.298635 49607
40.054236 116.298551 49608
40.054394 116.298467 49609
40.055025 116.298130 49613
40.055802 116.297708 49618
40.055958 116.297623 49619
40.056895 116.297173 49625
40.057830 116.296682 49631
40.058763 116.296168 49637
40.059220 116.295905 49640
40.059677 116.295642 49643
40.059827 116.295541 49644
40.060577 116.295037 49649
40.061010 116.294690 49652
40.061443 116.294343 49655
40.062403 116.293555 49662
40.063410 116.293187 49668
40.069670 116.302296 49736
40.070498 116.303502 49745
40.070439 116.303660 49746
40.070204 116.304294 49750
40.070145 116.304453 49751
40.069845 116.305535 49757
40.069673 116.306652 49763
40.069757 116.313360 49851
40.069763 116.313398 49852
40.069768 116.313435 49853
40.069750 116.313518 49857
40.069783 116.313587 49861
40.069787 116.313668 49865
40.069758 116.313780 49869
40.069770 116.313838 49870
40.069782 116.313895 49871
40.069880 116.314267 49875
40.069772 116.314987 49879
40.069685 116.316268 49885
40.069647 116.317585 49891
40.069668 116.318933 49897
40.069688 116.320262 49903
40.069697 116.321543 49909
40.069678 116.322783 49915
40.069668 116.324445 49923
40.069670 116.324667 49924
40.069673 116.325110 49926
40.069688 116.327107 49935
40.069682 116.327313 49936
40.069675 116.327519 49937
40.069663 116.327930 49939
40.069650 116.328342 49941
40.069642 116.329445 49949
