39.974810 116.483584 16673
39.974818 116.483589 16677
39.974820 116.483589 16678
39.974822 116.483588 16679
39.974825 116.483588 16681
39.974827 116.483589 16685
39.974828 116.483589 16687
39.974828 116.483589 16689
39.974832 116.483589 16693
39.974872 116.483614 16697
39.975024 116.483621 16701
39.975133 116.483621 16703
39.975241 116.483621 16705
39.975369 116.483624 16707
39.975496 116.483628 16709
39.975807 116.483607 16713
39.976171 116.483597 16717
39.976619 116.483610 16721
39.976847 116.483610 16723
39.976960 116.483611 16724
39.977074 116.483611 16725
39.977342 116.483625 16727
39.977610 116.483639 16729
39.978066 116.483674 16733
39.978425 116.483684 16737
39.978672 116.483666 16741
39.978770 116.483625 16745
39.978799 116.483615 16749
39.978798 116.483620 16750
39.978796 116.483633 16753
39.978803 116.483629 16756
39.978806 116.483628 16757
39.978803 116.483626 16761
39.978802 116.483625 16764
39.978802 116.483625 16765
39.978859 116.483628 16767
39.978887 116.483629 16768
39.978915 116.483630 16769
39.979143 116.483632 16773
39.979401 116.483663 16777
39.979698 116.483693 16781
39.980032 116.483701 16785
39.980433 116.483681 16789
39.980839 116.483659 16793
39.981257 116.483639 16797
39.981744 116.483628 16801
39.982214 116.483619 16805
39.982766 116.483613 16809
39.982906 116.483609 16810
39.983326 116.483595 16813
39.983893 116.483578 16817
39.984429 116.483566 16821
39.984530 116.483567 16822
39.984834 116.483569 16825
39.985135 116.483570 16829
39.985163 116.483569 16830
39.985247 116.483566 16833
39.985303 116.483515 16837
39.985384 116.483517 16841
39.985420 116.483535 16845
39.985409 116.483525 16849
39.985408 116.483525 16850
39.985405 116.483526 16853
39.985400 116.483526 16856
39.985399 116.483526 16857
39.985398 116.483526 16859
39.985397 116.483526 16860
39.985396 116.483526 16861
39.985395 116.483526 16865
39.985398 116.483526 16869
39.985519 116.483555 16873
39.985619 116.483554 16875
39.985719 116.483554 16877
39.985993 116.483569 16881
39.986249 116.483580 16885
39.986442 116.483685 16889
39.986512 116.483975 16893
39.986515 116.484208 16895
39.986519 116.484556 16898
39.986525 116.485138 16903
39.986570 116.485327 16905
39.986615 116.485515 16907
39.986587 116.485850 16911
39.986632 116.486381 16915
39.986665 116.486792 16918
39.986676 116.486929 16919
39.986673 116.487077 16920
39.986659 116.487670 16924
39.986669 116.487945 16926
39.986678 116.488220 16928
39.986686 116.488359 16929
39.986702 116.488638 16931
39.986710 116.488777 16932
39.986740 116.489326 16936
39.986728 116.489783 16940
39.986727 116.489845 16941
39.986724 116.490032 16944
39.986725 116.490061 16945
39.986727 116.490150 16948
39.986726 116.490174 16952
39.986731 116.490176 16955
39.986733 116.490177 16956
39.986735 116.490176 16957
39.986741 116.490174 16960
39.986752 116.490172 16964
39.986747 116.490202 16968
39.986729 116.490375 16972
39.986734 116.490639 16976
39.986721 116.490910 16980
39.986745 116.491018 16982
39.986770 116.491126 16984
39.986921 116.491189 16987
39.986971 116.491210 16988
39.987277 116.491242 16992
39.987614 116.491227 16996
39.987707 116.491218 16997
39.987986 116.491191 17000
39.988388 116.491160 17004
39.988765 116.491147 17008
39.989125 116.491127 17012
39.989507 116.491086 17016
39.989704 116.491021 17018
39.989901 116.490957 17020
39.990276 116.490721 17024
39.990640 116.490403 17028
39.990947 116.489998 17032
39.991269 116.489558 17036
39.991568 116.489078 17040
39.991842 116.488658 17044
39.991889 116.488643 17045
39.991936 116.488628 17046
39.992029 116.488599 17048
39.992193 116.488778 17052
39.992275 116.488945 17054
39.992357 116.489113 17056
39.992545 116.489332 17059
39.992607 116.489405 17060
39.992926 116.489788 17064
39.993269 116.490184 17068
39.993358 116.490288 17069
39.993446 116.490392 17070
39.993534 116.490495 17071
39.993623 116.490599 17072
39.994033 116.491039 17076
39.994480 116.491503 17080
39.994808 116.491883 17083
39.994917 116.492010 17084
39.995333 116.492480 17088
39.995456 116.492695 17090
39.995578 116.492910 17092
39.995634 116.493358 17096
39.995686 116.493568 17098
39.995737 116.493778 17100
39.995943 116.494106 17104
39.996021 116.494188 17105
39.996253 116.494435 17108
39.996496 116.494677 17112
39.996642 116.494828 17116
39.996732 116.494946 17120
39.996783 116.495025 17123
39.996800 116.495051 17124
39.996827 116.495101 17126
39.997550 116.495464 17168
39.997740 116.495442 17172
39.998076 116.495581 17176
39.998397 116.495830 17180
39.998697 116.496182 17184
39.999016 116.496566 17188
39.999104 116.496670 17189
39.999369 116.496983 17192
39.999575 116.497195 17194
39.999780 116.497407 17196
39.999876 116.497504 17197
39.999971 116.497600 17198
40.000162 116.497794 17200
40.000345 116.498063 17203
40.000406 116.498153 17204
40.000320 116.498375 17208
40.000193 116.498653 17212
40.000048 116.499001 17216
39.999923 116.499309 17220
39.999831 116.499428 17224
39.999773 116.499424 17228
39.999741 116.499471 17232
39.999717 116.499537 17236
39.999697 116.499612 17240
39.999673 116.499678 17244
39.999652 116.499718 17248
39.999622 116.499771 17252
39.999618 116.499795 17254
39.999614 116.499819 17256
39.999612 116.499828 17260
39.999600 116.499861 17264
39.999573 116.499930 17268
