39.917636 116.455602 35357
39.917638 116.455603 35359
39.917640 116.455605 35362
39.917612 116.455653 35367
39.917589 116.455696 35371
39.917583 116.455707 35372
39.917561 116.455862 35374
39.917538 116.455946 35377
39.917531 116.455974 35378
39.917522 116.456053 35383
39.917474 116.456096 35387
39.917462 116.456107 35388
39.917407 116.456170 35393
39.917407 116.456184 35394
39.917406 116.456212 35396
39.917406 116.456240 35398
39.917381 116.456297 35403
39.917365 116.456343 35408
39.917327 116.456381 35413
39.917280 116.456429 35418
39.917261 116.456516 35423
39.917248 116.456615 35428
39.917242 116.456682 35432
39.917240 116.456699 35433
39.917228 116.456781 35438
39.917219 116.456864 35442
39.917217 116.456885 35443
39.917196 116.456961 35448
39.917166 116.457005 35452
39.917159 116.457016 35453
39.917133 116.457080 35458
39.917128 116.457089 35459
39.917107 116.457123 35463
39.917089 116.457177 35467
39.917085 116.457190 35468
39.917062 116.457252 35473
39.917060 116.457303 35476
39.917058 116.457337 35478
39.917039 116.457389 35483
39.917042 116.457392 35488
39.917050 116.457414 35493
39.917062 116.457424 35498
39.917083 116.457437 35503
39.917076 116.457442 35508
39.917097 116.457452 35513
39.917106 116.457441 35518
39.917117 116.457460 35523
39.917121 116.457464 35527
39.917122 116.457465 35528
39.917122 116.457467 35529
39.917120 116.457471 35532
39.917120 116.457473 35533
39.917121 116.457476 35534
39.917126 116.457488 35538
39.917128 116.457502 35542
39.917129 116.457506 35543
39.917134 116.457521 35546
39.917138 116.457531 35548
39.917145 116.457542 35553
39.917146 116.457558 35558
39.917156 116.457550 35563
39.917145 116.457550 35568
39.917140 116.457538 35573
39.917110 116.457512 35577
39.917103 116.457506 35578
39.917072 116.457513 35581
39.917051 116.457517 35583
39.917029 116.457507 35585
39.916995 116.457491 35588
39.917066 116.457499 35593
39.917050 116.457492 35595
39.917025 116.457481 35598
39.917033 116.457488 35601
39.917039 116.457492 35603
39.917031 116.457429 35608
39.917015 116.457420 35613
39.917004 116.457414 35618
39.916985 116.457399 35623
39.916950 116.457467 35628
39.916889 116.457565 35632
39.916923 116.457808 35636
39.916931 116.457869 35637
39.916931 116.458189 35641
39.916849 116.458483 35645
39.916557 116.459136 35650
39.916479 116.459298 35651
39.916401 116.459460 35652
39.916166 116.459946 35655
39.915920 116.460647 35660
39.915730 116.461129 35664
39.915601 116.461549 35668
39.915455 116.461881 35672
39.915413 116.461939 35673
39.915371 116.461998 35674
39.915343 116.462128 35678
39.915330 116.462169 35679
39.915303 116.462251 35681
39.915273 116.462356 35683
39.915227 116.462513 35686
39.915209 116.462637 35690
39.915230 116.462701 35695
39.915243 116.462723 35700
39.915248 116.462705 35705
39.915231 116.462714 35710
39.915228 116.462718 35713
39.915226 116.462720 35715
39.915228 116.462724 35720
39.915208 116.462724 35725
39.915218 116.462737 35730
39.915221 116.462734 35732
39.915226 116.462730 35735
39.915223 116.462725 35740
39.915225 116.462724 35745
39.915227 116.462724 35747
39.915229 116.462725 35750
39.915231 116.462723 35754
39.915232 116.462723 35755
39.915228 116.462726 35760
39.915224 116.462732 35764
39.915223 116.462733 35765
39.915222 116.462735 35766
39.915217 116.462739 35769
39.915216 116.462741 35770
39.915206 116.462755 35775
39.915194 116.462765 35780
39.915179 116.462777 35785
39.915161 116.462787 35790
39.915150 116.462799 35795
39.915149 116.462801 35796
39.915145 116.462808 35800
39.915141 116.462822 35805
39.915139 116.462840 35810
39.915143 116.462908 35814
39.915144 116.462925 35815
39.915170 116.463067 35820
39.915171 116.463102 35821
39.915176 116.463209 35824
39.915227 116.463290 35826
39.915253 116.463330 35827
39.915278 116.463370 35828
39.915511 116.463489 35833
39.915609 116.463493 35836
39.915718 116.463504 35840
39.915815 116.463510 35843
39.916049 116.463565 35848
39.916100 116.463556 35849
39.916151 116.463548 35850
39.916252 116.463530 35852
39.916325 116.463554 35856
39.916343 116.463560 35857
39.916387 116.463564 35862
39.916387 116.463563 35866
39.916387 116.463563 35867
39.916377 116.463565 35871
39.916374 116.463565 35872
39.916381 116.463562 35877
39.916415 116.463561 35882
39.916514 116.463588 35886
39.916777 116.463592 35890
39.916950 116.463591 35893
39.917008 116.463591 35894
39.917365 116.463550 35899
39.917747 116.463539 35904
39.918253 116.463489 35909
39.918357 116.463484 35910
39.918565 116.463475 35912
39.918773 116.463465 35914
39.919113 116.463481 35918
39.919537 116.463475 35923
39.919803 116.463508 35927
39.920080 116.463520 35931
39.920139 116.463523 35932
39.920316 116.463533 35935
39.920353 116.463537 35936
39.920426 116.463545 35938
39.920476 116.463564 35943
39.920471 116.463588 35948
39.920471 116.463585 35953
39.920474 116.463549 35958
