39.963298 116.461206 21694
39.963130 116.461377 21698
39.963332 116.461398 21703
39.963587 116.461373 21707
39.963921 116.461348 21711
39.964009 116.461341 21712
39.964273 116.461321 21715
39.964350 116.461312 21716
39.964583 116.461284 21719
39.964849 116.461273 21723
39.965067 116.461299 21728
39.965142 116.461293 21733
39.965136 116.461288 21735
39.965128 116.461280 21738
39.965109 116.461280 21743
39.965067 116.461272 21748
39.964984 116.461244 21753
39.964974 116.461246 21754
39.964936 116.461252 21758
39.964936 116.461280 21760
39.964935 116.461322 21763
39.964887 116.461702 21768
39.964790 116.462061 21772
39.964741 116.462560 21777
39.964701 116.462969 21781
39.964613 116.463502 21786
39.964554 116.463883 21790
39.964515 116.464266 21794
39.964479 116.464593 21798
39.964407 116.464816 21802
39.964342 116.464939 21805
39.964244 116.464980 21810
39.964165 116.464893 21813
39.964122 116.464844 21814
39.963950 116.464648 21818
39.963502 116.464218 21823
39.963138 116.463955 21826
39.962896 116.463779 21828
39.962619 116.463626 21831
39.962527 116.463575 21832
39.962435 116.463524 21833
39.962109 116.463320 21838
39.962099 116.463318 21839
39.962060 116.463311 21843
39.962061 116.463319 21846
39.962061 116.463325 21848
39.962054 116.463325 21853
39.962062 116.463424 21858
39.962265 116.463622 21863
39.962352 116.463677 21864
39.962701 116.463897 21868
39.963205 116.464276 21873
39.963777 116.464744 21878
39.964390 116.465311 21883
39.964967 116.465943 21888
39.965462 116.466656 21893
39.965885 116.467387 21898
39.966121 116.467849 21902
39.966265 116.468127 21906
39.966294 116.468153 21909
39.966314 116.468170 21911
39.966308 116.468147 21916
39.966302 116.468147 21921
39.966302 116.468141 21923
39.966303 116.468133 21926
39.966304 116.468126 21931
39.966304 116.468124 21933
39.966305 116.468120 21936
39.966320 116.468116 21941
39.966330 116.468111 21945
39.966332 116.468110 21946
39.966334 116.468109 21951
39.966335 116.468118 21956
39.966344 116.468123 21961
39.966349 116.468126 21966
39.966349 116.468128 21968
39.966349 116.468131 21971
39.966347 116.468135 21974
39.966346 116.468136 21975
39.966345 116.468137 21976
39.966371 116.468202 21981
39.966458 116.468335 21984
39.966535 116.468470 21987
39.966573 116.468555 21989
39.966592 116.468598 21990
39.966609 116.468717 21994
39.966754 116.468456 22002
39.967009 116.467998 22016
39.967552 116.467699 22021
39.967840 116.467331 22026
39.968168 116.466808 22031
39.968237 116.466719 22032
39.968515 116.466365 22036
39.969057 116.465903 22041
39.969423 116.465639 22046
39.969919 116.465500 22050
39.970043 116.465465 22051
39.970541 116.465494 22056
39.970842 116.465479 22060
39.971120 116.465194 22065
39.971257 116.464958 22067
39.971326 116.464841 22068
39.971394 116.464723 22069
39.971463 116.464605 22070
39.971834 116.463931 22075
39.972152 116.463303 22080
39.972414 116.462976 22084
39.972489 116.462673 22088
39.972400 116.462316 22092
39.972276 116.461996 22096
39.972147 116.461697 22100
39.971978 116.461542 22103
39.971921 116.461490 22104
39.971704 116.461347 22107
39.971631 116.461299 22108
39.971483 116.461186 22110
39.971336 116.461073 22112
39.971262 116.461016 22113
39.970967 116.460784 22116
39.970869 116.460707 22117
39.970771 116.460630 22118
39.970456 116.460327 22122
39.970008 116.460179 22127
39.969578 116.460373 22132
39.969236 116.460923 22137
39.968908 116.461427 22142
39.968564 116.462015 22147
39.968126 116.462690 22152
39.968042 116.462905 22154
39.967958 116.463120 22156
39.968005 116.463540 22160
39.968310 116.464000 22165
39.968550 116.464326 22169
39.968610 116.464407 22170
39.968738 116.464590 22172
39.968802 116.464681 22173
39.968866 116.464773 22174
39.968930 116.464864 22175
39.969223 116.465198 22178
39.969419 116.465420 22180
39.969741 116.465754 22184
39.969945 116.465964 22188
39.970149 116.466081 22192
39.970449 116.466094 22196
39.970801 116.465828 22201
39.971115 116.465198 22206
39.971362 116.464835 22209
39.971527 116.464593 22211
39.972011 116.464022 22216
39.972141 116.463513 22220
39.972150 116.463332 22222
39.972155 116.463241 22223
39.972160 116.463150 22224
39.972184 116.462750 22228
39.972149 116.462558 22230
39.972114 116.462366 22232
39.972082 116.462255 22233
39.972019 116.462034 22235
39.971956 116.461813 22237
39.971868 116.461441 22241
39.971997 116.461065 22245
39.972167 116.460713 22249
39.972235 116.460511 22251
39.972268 116.460411 22252
39.972336 116.460209 22254
39.972816 116.459429 22259
39.973267 116.458625 22264
39.973358 116.458480 22265
39.973541 116.458191 22267
39.973632 116.458046 22268
39.973723 116.457901 22269
39.974165 116.457242 22274
39.974541 116.456659 22279
39.974777 116.456351 22283
39.975026 116.456063 22287
39.975187 116.455836 22290
39.975294 116.455685 22292
