39.831884 116.452967 32596
39.832036 116.454226 32601
39.832179 116.455476 32606
39.832356 116.456719 32611
39.832505 116.457460 32614
39.832604 116.457954 32616
39.832946 116.459164 32621
39.833382 116.460365 32626
39.833592 116.460821 32628
39.833698 116.461049 32629
39.833803 116.461277 32630
39.833908 116.461505 32631
39.834526 116.462586 32636
39.835194 116.463636 32641
39.835866 116.464691 32646
39.836503 116.465675 32651
39.837077 116.466531 32656
39.837489 116.467158 32660
39.837592 116.467315 32661
39.838088 116.468083 32666
39.838597 116.468854 32671
39.839100 116.469652 32676
39.839620 116.470440 32681
39.840160 116.471255 32686
39.840697 116.472094 32691
39.841256 116.472947 32696
39.841788 116.473735 32701
39.842305 116.474518 32706
39.842837 116.475261 32711
39.843184 116.475686 32714
39.843415 116.475969 32716
39.844064 116.476664 32721
39.844786 116.477273 32726
39.845528 116.477806 32731
39.846252 116.478258 32736
39.846971 116.478629 32741
39.847723 116.478928 32746
39.848480 116.479181 32751
39.848790 116.479263 32753
39.849101 116.479344 32755
39.849256 116.479385 32756
39.850053 116.479544 32761
39.850683 116.479658 32765
39.850840 116.479686 32766
39.851653 116.479830 32771
39.851820 116.479855 32772
39.852321 116.479932 32775
39.852488 116.479957 32776
39.853322 116.480092 32781
39.854158 116.480225 32786
39.854932 116.480361 32791
39.855083 116.480385 32792
39.855687 116.480482 32796
39.855982 116.480527 32798
39.856424 116.480595 32801
39.856573 116.480617 32802
39.857169 116.480703 32806
39.857937 116.480828 32811
39.858750 116.480980 32816
39.859599 116.481114 32821
39.860437 116.481251 32826
39.861265 116.481386 32831
39.861590 116.481432 32833
39.861915 116.481477 32835
39.862078 116.481500 32836
39.862708 116.481591 32840
39.862866 116.481614 32841
39.863585 116.481731 32846
39.863845 116.481771 32848
39.864235 116.481831 32851
39.864625 116.481897 32855
39.864723 116.481914 32856
39.865227 116.482019 32861
39.865426 116.482053 32863
39.865724 116.482103 32866
39.865942 116.482144 32868
39.866270 116.482205 32871
39.866663 116.482275 32874
39.866925 116.482321 32876
39.867628 116.482437 32881
39.868348 116.482547 32886
39.869118 116.482665 32891
39.869916 116.482779 32896
39.870415 116.482855 32899
39.870747 116.482906 32901
39.871259 116.482983 32904
39.871601 116.483035 32906
39.872486 116.483177 32911
39.873380 116.483330 32916
39.874293 116.483465 32921
39.875206 116.483571 32926
39.876080 116.483664 32931
39.876888 116.483688 32936
39.877647 116.483720 32941
39.878381 116.483723 32946
39.879102 116.483713 32951
39.879814 116.483720 32956
39.880523 116.483705 32961
39.881274 116.483713 32966
39.882074 116.483719 32971
39.882550 116.483727 32974
39.882708 116.483729 32975
39.882867 116.483732 32976
39.883662 116.483718 32981
39.884463 116.483736 32986
39.885256 116.483738 32991
39.885848 116.483740 32995
39.885996 116.483740 32996
39.886707 116.483748 33001
39.887404 116.483746 33006
39.887536 116.483745 33007
39.887668 116.483744 33008
39.887931 116.483742 33010
39.888063 116.483741 33011
39.888731 116.483731 33016
39.889382 116.483736 33021
39.890038 116.483727 33026
39.890678 116.483743 33031
39.891321 116.483741 33036
39.891587 116.483743 33038
39.891852 116.483746 33040
39.891985 116.483747 33041
39.892531 116.483778 33045
39.892667 116.483786 33046
39.893339 116.483780 33051
39.893751 116.483773 33054
39.894026 116.483768 33056
39.894566 116.483758 33060
39.894701 116.483756 33061
39.895312 116.483742 33066
39.895902 116.483753 33071
39.896517 116.483739 33076
39.896759 116.483744 33078
39.897002 116.483749 33080
39.897123 116.483751 33081
39.897728 116.483763 33086
39.898370 116.483771 33091
39.899031 116.483763 33096
39.899311 116.483765 33098
39.899732 116.483768 33101
39.900380 116.483781 33106
39.900960 116.483777 33111
39.901394 116.483769 33115
39.901502 116.483767 33116
39.902066 116.483769 33121
39.902686 116.483783 33126
39.903343 116.483779 33131
39.903767 116.483780 33134
39.904049 116.483780 33136
39.904650 116.483778 33140
39.904800 116.483778 33141
39.905567 116.483779 33146
39.906310 116.483784 33151
39.906866 116.483776 33155
39.907005 116.483774 33156
39.907142 116.483777 33157
39.907553 116.483784 33160
39.907690 116.483787 33161
39.908389 116.483784 33166
39.908884 116.483789 33170
39.909008 116.483790 33171
39.909649 116.483778 33176
39.910028 116.483777 33179
39.910280 116.483776 33181
39.910677 116.483788 33184
39.910809 116.483792 33185
39.910941 116.483796 33186
39.911636 116.483799 33191
