39.979645 116.301660 74434
39.979606 116.301801 74439
39.979730 116.301790 74442
39.979772 116.301786 74443
39.979813 116.301782 74444
39.979958 116.301921 74448
39.980495 116.302042 74453
39.980688 116.302128 74456
39.980722 116.302134 74457
39.980756 116.302141 74458
39.980790 116.302147 74459
39.980806 116.302107 74461
39.980831 116.302047 74464
39.980900 116.302062 74469
39.981059 116.301980 74470
39.981697 116.301654 74474
39.981573 116.301633 74479
39.982124 116.301359 74484
39.982398 116.301350 74488
39.982451 116.301384 74489
39.982610 116.301488 74492
39.983005 116.301574 74497
39.983586 116.301674 74502
39.983752 116.301609 74504
39.983835 116.301577 74505
39.984001 116.301512 74507
39.984120 116.301472 74509
39.984184 116.301499 74514
39.984144 116.301754 74515
39.984026 116.302519 74518
39.983852 116.302907 74522
39.983941 116.303166 74526
39.983953 116.303245 74528
39.983959 116.303284 74529
39.983961 116.303453 74532
39.984046 116.303719 74537
39.984096 116.304017 74541
39.984085 116.304349 74544
39.984078 116.304570 74546
39.984105 116.305365 74551
39.984127 116.306283 74556
39.984126 116.307270 74561
39.984144 116.308368 74566
39.984154 116.309522 74571
39.984147 116.310743 74576
39.984155 116.312099 74581
39.984176 116.313519 74586
39.984189 116.314946 74591
39.984219 116.316389 74596
39.984241 116.317726 74601
39.984286 116.319122 74606
39.984293 116.319402 74607
39.984323 116.320521 74611
39.984322 116.321054 74613
39.984320 116.321854 74616
39.984336 116.322425 74618
39.984359 116.323281 74621
39.984394 116.324675 74626
39.984482 116.326113 74631
39.984506 116.327533 74636
39.984556 116.328561 74640
39.984569 116.328818 74641
39.984604 116.329995 74646
39.984644 116.330694 74649
39.984671 116.331160 74651
39.984686 116.331399 74652
39.984731 116.332114 74655
39.984746 116.332353 74656
39.984790 116.333510 74661
39.984824 116.334617 74666
39.984875 116.335298 74669
39.984909 116.335752 74671
39.984951 116.336868 74676
39.984991 116.337499 74679
39.985004 116.337710 74680
39.985017 116.337920 74681
39.985069 116.339024 74686
39.985107 116.340211 74691
39.985147 116.341499 74696
39.985171 116.342293 74699
39.985187 116.342822 74701
39.985236 116.344104 74706
39.985288 116.345384 74711
39.985325 116.346675 74716
39.985358 116.347648 74720
39.985366 116.347891 74721
39.985415 116.349052 74726
39.985465 116.350152 74731
39.985508 116.351193 74736
39.985545 116.352199 74741
39.985583 116.353176 74746
39.985603 116.353738 74749
39.985616 116.354113 74751
39.985636 116.354633 74754
39.985642 116.354806 74755
39.985649 116.354979 74756
39.985670 116.355779 74761
39.985672 116.355933 74762
39.985676 116.356240 74764
39.985680 116.356548 74766
39.985698 116.357176 74770
39.985703 116.357333 74771
39.985723 116.358181 74776
39.985760 116.359074 74781
39.985783 116.359955 74786
39.985804 116.360696 74791
39.985804 116.360894 74793
39.985803 116.361091 74795
39.985805 116.361172 74796
39.985811 116.361415 74799
39.985827 116.361780 74803
39.985851 116.362388 74808
39.985854 116.362511 74809
39.985862 116.362879 74812
39.985883 116.363333 74816
39.985888 116.363716 74820
39.985890 116.363799 74821
39.985897 116.364046 74824
39.985912 116.364597 74829
39.985917 116.364725 74830
39.985935 116.365237 74834
39.985941 116.365372 74835
39.985946 116.365507 74836
39.985963 116.365911 74839
39.985992 116.366619 74844
39.985994 116.367489 74849
39.985996 116.368320 74854
39.986011 116.369149 74859
39.986017 116.369673 74862
39.986021 116.370022 74864
39.986026 116.370200 74865
39.986044 116.370910 74869
39.986057 116.371483 74872
39.986066 116.371865 74874
39.986089 116.372836 74879
39.986091 116.373050 74880
39.986099 116.373905 74884
39.986090 116.374957 74889
39.986136 116.375878 74894
39.986128 116.376012 74895
39.986120 116.376146 74896
39.986112 116.376279 74897
39.986104 116.376413 74898
39.986066 116.376844 74902
39.986072 116.377297 74906
39.986084 116.377704 74910
39.986089 116.377857 74913
39.986116 116.377981 74917
39.986125 116.378040 74919
39.986138 116.378128 74922
39.986139 116.378279 74925
39.986153 116.378425 74929
39.986160 116.378736 74934
39.986183 116.378878 74937
39.986219 116.379388 74942
39.986199 116.379763 74946
39.986237 116.380122 74950
39.986264 116.380681 74955
39.986287 116.381234 74960
39.986292 116.381964 74965
39.986290 116.382140 74966
39.986280 116.382844 74970
39.986265 116.383776 74975
39.986270 116.384157 74977
39.986273 116.384347 74978
39.986278 116.384728 74980
39.986265 116.385609 74984
39.986262 116.385829 74985
39.986300 116.386832 74990
39.986290 116.387898 74995
39.986346 116.389042 75000
39.986358 116.389434 75002
39.986375 116.390022 75005
39.986381 116.390390 75007
39.986390 116.390941 75010
39.986444 116.391802 75015
39.986485 116.392704 75020
39.986511 116.393656 75025
39.986534 116.394553 75030
