39.990868 116.310800 33041
39.990864 116.310790 33046
39.990864 116.310789 33047
39.990864 116.310787 33051
39.990863 116.310787 33056
39.990864 116.310788 33061
39.990864 116.310787 33062
39.990862 116.310785 33066
39.990854 116.310776 33071
39.990851 116.310771 33076
39.990846 116.310762 33081
39.990817 116.310737 33086
39.990797 116.310716 33091
39.990759 116.310701 33096
39.990746 116.310682 33099
39.990738 116.310670 33101
39.990722 116.310659 33106
39.990722 116.310658 33109
39.990722 116.310657 33111
39.990713 116.310647 33116
39.990698 116.310633 33121
39.990697 116.310632 33122
39.990694 116.310630 33124
39.990692 116.310628 33126
39.990694 116.310628 33131
39.990693 116.310623 33136
39.990698 116.310623 33141
39.990709 116.310629 33146
39.990742 116.310625 33151
39.990757 116.310625 33156
39.990754 116.310621 33161
39.990748 116.310613 33166
39.990749 116.310603 33171
39.990749 116.310602 33172
39.990747 116.310598 33176
39.990732 116.310586 33181
39.990726 116.310581 33186
39.990714 116.310571 33191
39.990691 116.310558 33194
39.990683 116.310554 33195
39.990675 116.310550 33196
39.990659 116.310531 33197
39.990596 116.310454 33201
39.990574 116.310421 33202
39.990552 116.310388 33203
39.990531 116.310354 33204
39.990487 116.310288 33206
39.990437 116.310257 33208
39.990363 116.310210 33211
39.990339 116.310190 33212
39.990245 116.310111 33216
39.990076 116.309912 33221
39.989938 116.309853 33223
39.989730 116.309765 33226
39.989245 116.309808 33231
39.989138 116.309824 33232
39.988709 116.309887 33236
39.988447 116.309893 33240
39.988382 116.309894 33241
39.988304 116.309947 33246
39.988288 116.309951 33251
39.988157 116.309937 33256
39.987843 116.309960 33261
39.987542 116.309991 33266
39.987360 116.310002 33270
39.987314 116.310005 33271
39.987184 116.310011 33276
39.987089 116.310033 33281
39.986908 116.310040 33286
39.986766 116.310081 33291
39.986764 116.310090 33292
39.986757 116.310126 33296
39.986756 116.310126 33301
39.986747 116.310119 33306
39.986749 116.310125 33311
39.986751 116.310129 33312
39.986761 116.310147 33316
39.986770 116.310160 33321
39.986777 116.310172 33325
39.986779 116.310175 33326
39.986789 116.310190 33331
39.986792 116.310197 33334
39.986794 116.310201 33336
39.986794 116.310201 33337
39.986793 116.310199 33341
39.986793 116.310198 33346
39.986793 116.310198 33347
39.986794 116.310198 33351
39.986797 116.310202 33354
39.986799 116.310205 33356
39.986808 116.310215 33361
39.986816 116.310227 33366
39.986817 116.310228 33367
39.986820 116.310233 33370
39.986821 116.310234 33371
39.986824 116.310240 33376
39.986825 116.310241 33381
39.986819 116.310231 33386
39.986754 116.310195 33391
39.986650 116.310158 33396
39.986592 116.310114 33401
39.986592 116.310147 33406
39.986588 116.310139 33407
39.986572 116.310109 33411
39.986562 116.310102 33416
39.986558 116.310098 33419
39.986556 116.310096 33421
39.986556 116.310096 33422
39.986555 116.310096 33426
39.986554 116.310095 33427
39.986553 116.310095 33428
39.986551 116.310093 33431
39.986549 116.310090 33436
39.986550 116.310093 33440
39.986550 116.310094 33441
39.986552 116.310099 33446
39.986552 116.310101 33451
39.986534 116.310072 33455
39.986530 116.310065 33456
39.986531 116.310062 33461
39.986534 116.310066 33466
39.986519 116.310069 33467
39.986460 116.310081 33471
39.986363 116.310077 33476
39.986244 116.310019 33481
39.986128 116.310005 33486
39.986042 116.309966 33491
39.985939 116.310001 33496
39.985829 116.310024 33499
39.985756 116.310039 33501
39.985739 116.310046 33502
39.985673 116.310075 33506
39.985581 116.310107 33511
39.985568 116.310114 33516
39.985561 116.310105 33521
39.985528 116.310054 33526
39.985521 116.310048 33530
39.985519 116.310047 33531
39.985518 116.310046 33532
39.985513 116.310040 33536
39.985509 116.310035 33541
39.985511 116.310038 33544
39.985512 116.310040 33546
39.985516 116.310050 33551
39.985519 116.310057 33556
39.985519 116.310057 33557
39.985517 116.310058 33561
39.985517 116.310059 33566
39.985507 116.310079 33569
39.985500 116.310092 33571
39.985497 116.310116 33576
39.985490 116.310113 33581
39.985502 116.310112 33586
39.985489 116.310134 33591
39.985478 116.310136 33594
39.985470 116.310138 33596
39.985467 116.310136 33601
39.985465 116.310135 33606
39.985448 116.310127 33611
39.985442 116.310128 33614
39.985440 116.310129 33615
39.985438 116.310129 33616
39.985438 116.310128 33619
39.985438 116.310128 33620
39.985438 116.310128 33621
39.985439 116.310130 33626
39.985444 116.310136 33631
39.985449 116.310145 33636
39.985436 116.310208 33641
