39.944386 116.469835 48212
39.944363 116.469841 48217
39.944361 116.469840 48222
39.944354 116.469893 48227
39.944345 116.469928 48232
39.944352 116.469907 48237
39.944352 116.469905 48238
39.944351 116.469898 48242
39.944352 116.469893 48247
39.944352 116.469891 48249
39.944353 116.469887 48252
39.944356 116.469882 48257
39.944349 116.469942 48262
39.944308 116.469993 48267
39.944235 116.470056 48272
39.944249 116.470083 48277
39.944248 116.470125 48282
39.944242 116.470135 48283
39.944236 116.470146 48284
39.944218 116.470177 48287
39.944196 116.470236 48292
39.944192 116.470308 48297
39.944194 116.470339 48299
39.944196 116.470385 48302
39.944195 116.470413 48304
39.944194 116.470456 48307
39.944191 116.470492 48310
39.944189 116.470516 48312
39.944182 116.470571 48317
39.944162 116.470579 48322
39.944146 116.470571 48327
39.944140 116.470569 48329
39.944132 116.470565 48332
39.944124 116.470559 48334
39.944121 116.470555 48335
39.944117 116.470552 48336
39.944113 116.470549 48337
39.944100 116.470546 48339
39.944080 116.470542 48342
39.944046 116.470543 48347
39.944037 116.470541 48348
39.943999 116.470535 48352
39.943989 116.470525 48354
39.943975 116.470509 48357
39.943969 116.470515 48358
39.943963 116.470521 48359
39.943946 116.470540 48362
39.943942 116.470535 48363
39.943925 116.470517 48367
39.943897 116.470481 48371
39.943890 116.470472 48372
39.943878 116.470464 48373
39.943832 116.470434 48377
39.943785 116.470388 48382
39.943727 116.470349 48387
39.943680 116.470328 48392
39.943652 116.470301 48397
39.943624 116.470276 48402
39.943616 116.470258 48404
39.943604 116.470231 48407
39.943581 116.470189 48412
39.943565 116.470146 48417
39.943494 116.470129 48422
39.943434 116.470105 48427
39.943387 116.470086 48432
39.943330 116.470092 48437
39.943324 116.470091 48438
39.943308 116.470086 48441
39.943302 116.470085 48442
39.943257 116.470116 48447
39.943217 116.470136 48451
39.943207 116.470141 48452
39.943164 116.470174 48457
39.943073 116.470255 48462
39.943032 116.470332 48467
39.942999 116.470389 48472
39.942977 116.470422 48476
39.942972 116.470430 48477
39.942968 116.470474 48482
39.942931 116.470527 48486
39.942922 116.470540 48487
39.942893 116.470582 48492
39.942847 116.470591 48497
39.942800 116.470616 48502
39.942755 116.470620 48507
39.942752 116.470612 48509
39.942747 116.470599 48512
39.942737 116.470567 48517
39.942687 116.470554 48522
39.942656 116.470565 48527
39.942630 116.470564 48532
39.942584 116.470580 48537
39.942536 116.470587 48542
39.942475 116.470592 48547
39.942433 116.470581 48552
39.942407 116.470564 48557
39.942358 116.470561 48562
39.942343 116.470550 48565
39.942333 116.470543 48567
39.942316 116.470547 48569
39.942307 116.470548 48570
39.942290 116.470552 48572
39.942281 116.470542 48576
39.942279 116.470539 48577
39.942250 116.470516 48582
39.942240 116.470518 48583
39.942210 116.470525 48586
39.942200 116.470527 48587
39.942067 116.470620 48592
39.941986 116.470732 48597
39.941955 116.470828 48602
39.941939 116.470884 48605
39.941929 116.470921 48607
39.941904 116.471001 48612
39.941890 116.471075 48617
39.941868 116.471148 48622
39.941865 116.471208 48627
39.941843 116.471260 48632
39.941863 116.471263 48637
39.941868 116.471263 48640
39.941872 116.471263 48642
39.941880 116.471265 48647
39.941893 116.471267 48652
39.941884 116.471259 48657
39.941884 116.471259 48658
39.941883 116.471258 48662
39.941882 116.471258 48667
39.941882 116.471257 48671
39.941882 116.471257 48672
39.941882 116.471257 48674
39.941882 116.471257 48677
39.941882 116.471257 48682
39.941882 116.471257 48683
39.941882 116.471257 48687
39.941881 116.471256 48692
39.941879 116.471254 48697
39.941877 116.471250 48700
39.941875 116.471248 48702
39.941880 116.471193 48707
39.941919 116.471063 48712
39.941937 116.470930 48717
39.941939 116.470878 48719
39.941941 116.470851 48720
39.941943 116.470799 48722
39.941942 116.470648 48727
39.941932 116.470479 48732
39.941930 116.470327 48736
39.941930 116.470289 48737
39.941941 116.470101 48742
39.941942 116.470089 48743
39.941944 116.470040 48747
39.941943 116.470022 48752
39.941956 116.469892 48757
39.941962 116.469785 48762
39.941949 116.469769 48767
39.941951 116.469755 48768
39.941961 116.469697 48772
39.941963 116.469696 48773
39.941965 116.469694 48774
39.941972 116.469690 48777
39.941973 116.469688 48779
39.941973 116.469688 48780
39.941974 116.469686 48782
39.941974 116.469668 48787
39.941937 116.469521 48792
39.941882 116.469273 48797
39.941877 116.468980 48802
39.941890 116.468685 48807
39.941956 116.468456 48812
