39.980121 116.449156 29158
39.979920 116.449014 29163
39.979734 116.448889 29168
39.979507 116.448744 29173
39.979137 116.448384 29178
39.978718 116.448023 29183
39.978618 116.447940 29184
39.978217 116.447606 29188
39.977674 116.447102 29193
39.977471 116.446903 29195
39.977167 116.446604 29198
39.976724 116.446198 29203
39.976426 116.445920 29208
39.976413 116.445912 29213
39.976412 116.445913 29218
39.976415 116.445910 29223
39.976389 116.445885 29228
39.976349 116.445848 29229
39.976310 116.445810 29230
39.976191 116.445698 29233
39.975848 116.445384 29238
39.975449 116.445008 29243
39.975316 116.444874 29245
39.975116 116.444672 29248
39.975046 116.444599 29250
39.974940 116.444489 29253
39.974927 116.444482 29256
39.974918 116.444478 29258
39.974917 116.444480 29263
39.974823 116.444386 29268
39.974543 116.444124 29273
39.974369 116.443963 29275
39.974109 116.443722 29278
39.973893 116.443525 29280
39.973786 116.443427 29281
39.973678 116.443328 29282
39.973570 116.443230 29283
39.973368 116.443044 29285
39.973065 116.442765 29288
39.972713 116.442392 29293
39.972693 116.442366 29294
39.972613 116.442261 29298
39.972534 116.442184 29300
39.972416 116.442069 29303
39.972366 116.442022 29304
39.972316 116.441975 29305
39.972167 116.441833 29308
39.972137 116.441804 29309
39.972015 116.441687 29313
39.971956 116.441602 29317
39.971941 116.441581 29318
39.971930 116.441572 29319
39.971886 116.441536 29323
39.971832 116.441482 29328
39.971762 116.441419 29333
39.971668 116.441319 29338
39.971653 116.441307 29343
39.971650 116.441302 29348
39.971650 116.441302 29350
39.971649 116.441301 29353
39.971637 116.441286 29358
39.971626 116.441274 29363
39.971626 116.441275 29368
39.971608 116.441242 29373
39.971577 116.441106 29378
39.971609 116.440980 29383
39.971611 116.440967 29384
39.971616 116.440929 29387
39.971618 116.440916 29388
39.971768 116.440690 29393
39.971987 116.440396 29397
39.972042 116.440322 29398
39.972418 116.439829 29403
39.972840 116.439253 29408
39.973292 116.438633 29413
39.973781 116.437963 29418
39.974184 116.437387 29422
39.974285 116.437243 29423
39.974668 116.436522 29428
39.974819 116.435979 29432
39.974857 116.435843 29433
39.974981 116.435222 29438
39.975113 116.434618 29443
39.975176 116.434048 29448
39.975235 116.433595 29453
39.975239 116.433570 29455
39.975245 116.433533 29458
39.975246 116.433536 29463
39.975246 116.433536 29468
39.975245 116.433533 29473
39.975247 116.433535 29478
39.975249 116.433523 29483
39.975265 116.433225 29488
39.975301 116.432702 29493
39.975377 116.432149 29498
39.975485 116.431510 29503
39.975545 116.430814 29508
39.975650 116.430522 29511
39.975720 116.430327 29513
39.975831 116.430272 29515
39.975887 116.430244 29516
39.975998 116.430189 29518
39.976337 116.430308 29522
39.976422 116.430338 29523
39.976917 116.430620 29528
39.977048 116.430681 29529
39.977442 116.430863 29532
39.977573 116.430924 29533
39.978314 116.431401 29538
39.979150 116.431977 29543
39.980051 116.432616 29548
39.980608 116.432994 29551
39.980979 116.433246 29553
39.981860 116.433842 29558
39.982581 116.434354 29563
39.983081 116.434736 29568
39.983362 116.434984 29573
39.983435 116.435046 29578
39.983434 116.435047 29583
39.983436 116.435049 29586
39.983437 116.435050 29588
39.983451 116.435063 29593
39.983574 116.435184 29598
39.983721 116.435334 29603
39.983744 116.435359 29604
39.983836 116.435457 29608
39.983932 116.435555 29613
39.984028 116.435654 29617
39.984052 116.435679 29618
39.984090 116.435717 29620
39.984148 116.435773 29623
39.984264 116.435875 29628
39.984289 116.435895 29629
39.984389 116.435976 29633
39.984484 116.436052 29638
39.984545 116.436083 29643
39.984598 116.436105 29646
39.984633 116.436120 29648
39.984757 116.436178 29653
39.984845 116.436217 29658
39.985001 116.436268 29663
39.985061 116.436284 29665
39.985092 116.436292 29666
39.985152 116.436308 29668
39.985289 116.436334 29673
39.985413 116.436349 29678
39.985553 116.436366 29682
39.985588 116.436370 29683
39.985782 116.436342 29688
39.985801 116.436338 29689
39.985876 116.436322 29693
39.985957 116.436293 29698
39.986027 116.436257 29703
39.986103 116.436226 29708
39.986173 116.436191 29713
39.986200 116.436177 29714
39.986308 116.436123 29718
39.986321 116.436117 29719
39.986334 116.436112 29720
39.986373 116.436095 29723
39.986405 116.436085 29725
39.986421 116.436080 29726
39.986453 116.436070 29728
39.986550 116.436028 29733
39.986640 116.435982 29738
39.986685 116.435912 29743
39.986747 116.435853 29748
39.986882 116.435719 29753
39.987020 116.435574 29758
