39.978958 116.310373 29192
39.978998 116.310370 29197
39.979020 116.310379 29200
39.979035 116.310385 29202
39.979073 116.310388 29207
39.979107 116.310377 29212
39.979142 116.310363 29217
39.979180 116.310373 29222
39.979191 116.310363 29224
39.979197 116.310358 29225
39.979208 116.310348 29227
39.979240 116.310338 29232
39.979250 116.310334 29233
39.979259 116.310331 29234
39.979288 116.310320 29237
39.979297 116.310318 29238
39.979335 116.310312 29242
39.979355 116.310275 29247
39.979377 116.310243 29252
39.979400 116.310212 29257
39.979402 116.310205 29261
39.979403 116.310203 29262
39.979412 116.310175 29267
39.979410 116.310172 29272
39.979427 116.310163 29277
39.979428 116.310148 29282
39.979434 116.310130 29286
39.979435 116.310125 29287
39.979437 116.310118 29292
39.979447 116.310118 29297
39.979450 116.310120 29300
39.979452 116.310122 29302
39.979452 116.310122 29304
39.979452 116.310122 29307
39.979452 116.310122 29312
39.979452 116.310122 29313
39.979452 116.310122 29317
39.979454 116.310123 29321
39.979455 116.310123 29322
39.979457 116.310123 29327
39.979457 116.310123 29328
39.979458 116.310123 29332
39.979458 116.310123 29334
39.979458 116.310123 29337
39.979458 116.310123 29342
39.979459 116.310123 29343
39.979462 116.310122 29347
39.979463 116.310122 29351
39.979463 116.310122 29352
39.979463 116.310122 29353
39.979463 116.310122 29357
39.979463 116.310122 29362
39.979463 116.310122 29367
39.979467 116.310112 29372
39.979472 116.310078 29377
39.979471 116.310068 29379
39.979470 116.310053 29382
39.979473 116.310035 29387
39.979477 116.310024 29389
39.979482 116.310008 29392
39.979483 116.309992 29394
39.979485 116.309968 29397
39.979487 116.309953 29400
39.979487 116.309948 29401
39.979488 116.309943 29402
39.979497 116.309918 29407
39.979507 116.309885 29412
39.979517 116.309867 29417
39.979520 116.309833 29422
39.979518 116.309803 29427
39.979525 116.309758 29432
39.979542 116.309722 29437
39.979544 116.309718 29441
39.979545 116.309717 29442
39.979545 116.309717 29443
39.979546 116.309717 29444
39.979547 116.309718 29447
39.979547 116.309718 29452
39.979547 116.309718 29457
39.979547 116.309718 29462
39.979547 116.309718 29467
39.979548 116.309717 29472
39.979535 116.309687 29477
39.979547 116.309668 29482
39.979552 116.309635 29487
39.979550 116.309622 29489
39.979547 116.309602 29492
39.979548 116.309599 29493
39.979553 116.309588 29497
39.979560 116.309568 29502
39.979568 116.309543 29507
39.979568 116.309532 29512
39.979573 116.309565 29517
39.979577 116.309589 29521
39.979578 116.309595 29522
39.979575 116.309633 29527
39.979587 116.309657 29532
39.979590 116.309657 29537
39.979598 116.309653 29542
39.979597 116.309608 29547
39.979598 116.309553 29552
39.979598 116.309535 29554
39.979598 116.309516 29556
39.979598 116.309507 29557
39.979601 116.309484 29561
39.979602 116.309478 29562
39.979617 116.309485 29567
39.979614 116.309467 29571
39.979613 116.309463 29572
39.979618 116.309405 29577
39.979615 116.309362 29582
39.979617 116.309324 29586
39.979617 116.309315 29587
39.979615 116.309293 29592
39.979608 116.309250 29597
39.979607 116.309217 29602
39.979612 116.309193 29607
39.979623 116.309152 29612
39.979623 116.309122 29615
39.979623 116.309102 29617
39.979622 116.309093 29618
39.979619 116.309066 29621
39.979618 116.309057 29622
39.979618 116.309013 29627
39.979622 116.308963 29632
39.979625 116.308932 29637
39.979632 116.308892 29642
39.979637 116.308860 29647
39.979638 116.308842 29650
39.979638 116.308830 29652
39.979648 116.308805 29657
39.979640 116.308808 29662
39.979643 116.308809 29665
39.979645 116.308810 29667
39.979648 116.308790 29672
39.979657 116.308786 29674
39.979670 116.308780 29677
39.979641 116.308783 29680
39.979632 116.308784 29681
39.979622 116.308785 29682
39.979622 116.308798 29687
39.979787 116.308560 29714
39.979848 116.308520 29719
39.979907 116.308498 29724
39.979902 116.308452 29729
39.979902 116.308454 29730
39.979900 116.308460 29733
39.979900 116.308462 29734
39.979918 116.308428 29739
39.979917 116.308430 29742
39.980052 116.308361 29761
39.980145 116.308313 29774
39.980222 116.308240 29779
39.980265 116.308215 29784
39.980340 116.308202 29789
