39.976973 116.329000 37525
39.976960 116.328995 37529
39.976933 116.328958 37533
39.976929 116.328951 37534
39.976925 116.328944 37535
39.976916 116.328930 37537
39.976921 116.328873 37541
39.976950 116.328809 37545
39.976966 116.328757 37549
39.976972 116.328745 37550
39.976989 116.328708 37553
39.976974 116.328636 37557
39.976975 116.328598 37561
39.976980 116.328563 37565
39.976977 116.328551 37566
39.976974 116.328539 37567
39.976972 116.328527 37568
39.976969 116.328515 37569
39.976972 116.328473 37573
39.976988 116.328443 37577
39.976989 116.328409 37579
39.976989 116.328376 37581
39.977022 116.328350 37585
39.977020 116.328269 37589
39.977007 116.328220 37593
39.976991 116.328190 37597
39.976985 116.328155 37600
39.976983 116.328143 37601
39.976979 116.328137 37602
39.976967 116.328121 37605
39.976960 116.328085 37609
39.976946 116.328051 37613
39.976945 116.328006 37617
39.976964 116.327958 37621
39.976955 116.327922 37625
39.976950 116.327880 37629
39.976972 116.327835 37631
39.976994 116.327791 37633
39.977010 116.327778 37635
39.977018 116.327772 37636
39.977026 116.327766 37637
39.977056 116.327720 37641
39.977065 116.327706 37642
39.977093 116.327663 37645
39.977101 116.327656 37646
39.977126 116.327633 37649
39.977165 116.327637 37653
39.977192 116.327613 37657
39.977221 116.327574 37661
39.977226 116.327558 37662
39.977241 116.327512 37665
39.977270 116.327417 37669
39.977273 116.327390 37670
39.977282 116.327311 37673
39.977298 116.327130 37677
39.977293 116.327229 37681
39.977301 116.327222 37683
39.977309 116.327215 37685
39.977543 116.327181 37689
39.977573 116.327218 37693
39.977563 116.327343 37697
39.977571 116.327407 37701
39.977594 116.327417 37705
39.977646 116.327562 37709
39.977707 116.327552 37713
39.977740 116.327543 37717
39.977778 116.327561 37721
39.977842 116.327521 37725
39.977848 116.327518 37726
39.977865 116.327511 37729
39.977884 116.327511 37731
39.977902 116.327511 37733
39.977928 116.327407 37737
39.977943 116.327433 37741
39.977952 116.327430 37742
39.977978 116.327422 37745
39.978034 116.327426 37749
39.978049 116.327306 37750
39.978095 116.326945 37753
39.978140 116.326984 37756
39.978155 116.326997 37757
39.978199 116.327081 37759
39.978221 116.327123 37760
39.978243 116.327165 37761
39.978280 116.327187 37765
39.978330 116.327208 37769
39.978356 116.327205 37773
39.978387 116.327205 37777
39.978420 116.327218 37781
39.978477 116.327306 37785
39.978502 116.327324 37789
39.978506 116.327328 37790
39.978518 116.327340 37793
39.978522 116.327352 37794
39.978534 116.327386 37797
39.978561 116.327363 37801
39.978572 116.327361 37803
39.978578 116.327360 37804
39.978584 116.327359 37805
39.978605 116.327365 37809
39.978619 116.327371 37813
39.978663 116.327415 37817
39.978693 116.327423 37819
39.978723 116.327431 37821
39.978806 116.327543 37825
39.978831 116.327555 37826
39.978904 116.327591 37829
39.978916 116.327589 37830
39.978952 116.327582 37833
39.978963 116.327585 37834
39.978974 116.327587 37835
39.978997 116.327592 37837
39.979031 116.327593 37841
39.979068 116.327619 37845
39.979085 116.327635 37847
39.979103 116.327650 37849
39.979138 116.327624 37851
39.979155 116.327610 37852
39.979172 116.327597 37853
39.979207 116.327596 37856
39.979219 116.327595 37857
39.979226 116.327593 37861
39.979246 116.327588 37864
39.979252 116.327587 37865
39.979286 116.327571 37869
39.979303 116.327576 37873
39.979341 116.327580 37877
39.979344 116.327576 37878
39.979346 116.327573 37879
39.979352 116.327565 37881
39.979379 116.327535 37883
39.979406 116.327505 37885
39.979463 116.327497 37889
39.979494 116.327519 37892
39.979504 116.327527 37893
39.979530 116.327519 37897
39.979542 116.327507 37899
39.979554 116.327496 37901
39.979583 116.327517 37905
39.979604 116.327493 37909
39.979678 116.327370 37913
39.979684 116.327341 37917
39.979745 116.327255 37921
39.979743 116.327252 37923
39.979741 116.327249 37925
39.979783 116.327222 37929
39.979788 116.327219 37930
39.979803 116.327210 37933
39.979850 116.327218 37937
39.979888 116.327208 37941
39.979908 116.327251 37944
39.979915 116.327265 37945
39.979915 116.327296 37949
39.979916 116.327302 37953
39.979917 116.327306 37955
39.979917 116.327311 37957
39.979944 116.327344 37961
39.979968 116.327363 37962
39.979992 116.327382 37963
39.980040 116.327421 37965
39.980058 116.327439 37969
39.980098 116.327493 37973
39.980096 116.327506 37977
39.980096 116.327513 37980
39.980096 116.327515 37981
39.980096 116.327518 37985
39.980099 116.327502 37989
39.980096 116.327463 37991
39.980094 116.327443 37992
39.980093 116.327424 37993
39.980099 116.327365 37997
39.980114 116.327297 38001
39.980117 116.327248 38005
39.980128 116.327194 38009
39.980142 116.327126 38013
39.980156 116.327087 38016
39.980161 116.327074 38017
39.980163 116.327062 38018
39.980170 116.327027 38021
39.980193 116.326991 38025
39.980199 116.326945 38029
39.980212 116.326906 38033
39.980222 116.326864 38037
39.980244 116.326790 38041
39.980227 116.326721 38045
39.980224 116.326707 38046
39.980214 116.326667 38049
39.980166 116.326612 38053
39.980158 116.326528 38057
39.980143 116.326487 38061
39.980111 116.326472 38065
39.980115 116.326456 38068
39.980116 116.326451 38069
39.980110 116.326445 38070
39.980104 116.326438 38071
39.980092 116.326425 38073
39.980089 116.326390 38077
39.980107 116.326282 38081
39.980094 116.326234 38085
39.980080 116.326200 38089
39.980084 116.326143 38093
39.980076 116.326089 38097
39.980086 116.326023 38101
39.980078 116.325987 38105
39.980080 116.325955 38109
39.980076 116.325911 38113
39.980061 116.325884 38117
39.980056 116.325887 38119
39.980054 116.325888 38120
39.980051 116.325890 38121
