39.984610 116.330575 22740
39.984468 116.330909 22744
39.984516 116.331449 22748
39.984452 116.331873 22752
39.984406 116.332329 22756
39.984530 116.332894 22760
39.984481 116.333229 22763
39.984464 116.333340 22764
39.984462 116.333695 22767
39.984461 116.333813 22768
39.984429 116.334255 22772
39.984420 116.334363 22773
39.984394 116.334686 22776
39.984390 116.335090 22780
39.984452 116.335608 22784
39.984487 116.335977 22787
39.984498 116.336100 22788
39.984520 116.336535 22792
39.984598 116.336983 22796
39.984716 116.337492 22800
39.984651 116.337736 22804
39.984690 116.338063 22808
39.984716 116.338346 22812
39.984733 116.338469 22814
39.984750 116.338592 22816
39.984747 116.338695 22818
39.984745 116.338797 22820
39.984768 116.338823 22824
39.984763 116.338834 22828
39.984801 116.339140 22832
39.984814 116.339135 22834
39.984827 116.339129 22836
39.984832 116.339130 22840
39.984868 116.339170 22844
39.984932 116.339379 22848
39.984918 116.339630 22852
39.984885 116.339885 22856
39.984843 116.340176 22860
39.984819 116.340495 22864
39.984802 116.340799 22868
39.984801 116.341119 22872
39.984824 116.341503 22876
39.984901 116.341916 22880
39.984895 116.341927 22882
39.984889 116.341938 22884
39.984888 116.341939 22888
39.984888 116.341940 22889
39.984889 116.341941 22890
39.984890 116.341944 22892
39.984888 116.341960 22893
39.984881 116.342007 22896
39.984876 116.342053 22897
39.984872 116.342099 22898
39.984863 116.342192 22900
39.984907 116.342448 22904
39.984944 116.342758 22908
39.984996 116.343044 22911
39.985013 116.343139 22912
39.984997 116.343516 22916
39.984996 116.343909 22920
39.985050 116.344336 22924
39.985068 116.344530 22926
39.985086 116.344724 22928
39.985138 116.345102 22932
39.985141 116.345416 22936
39.985149 116.345652 22940
39.985166 116.345777 22944
39.985155 116.345789 22946
39.985144 116.345801 22948
39.985125 116.345817 22952
39.985116 116.345815 22956
39.985104 116.345819 22960
39.985096 116.345821 22964
39.985095 116.345820 22968
39.985095 116.345820 22969
39.985094 116.345818 22972
39.985098 116.345812 22976
39.985104 116.345812 22979
39.985106 116.345812 22980
39.985113 116.345818 22984
39.985120 116.345820 22988
39.985127 116.345825 22992
39.985120 116.345864 22996
39.985103 116.346066 23000
39.985047 116.346335 23004
39.984983 116.346497 23006
39.984920 116.346659 23008
39.984839 116.346818 23010
39.984759 116.346976 23012
39.984732 116.347318 23016
39.984760 116.347637 23020
39.984778 116.348015 23024
39.984800 116.348456 23028
39.984833 116.348666 23030
39.984849 116.348770 23031
39.984866 116.348875 23032
39.985018 116.349322 23036
39.985095 116.349711 23040
39.985119 116.349894 23042
39.985130 116.349985 23043
39.985142 116.350076 23044
39.985181 116.350310 23047
39.985194 116.350388 23048
39.985199 116.350658 23052
39.985226 116.350874 23056
39.985225 116.350948 23058
39.985223 116.351021 23060
39.985228 116.351033 23062
39.985232 116.351045 23064
39.985223 116.351065 23066
39.985214 116.351085 23068
39.985259 116.351256 23072
39.985326 116.351464 23076
39.985336 116.351570 23078
39.985341 116.351622 23079
39.985346 116.351675 23080
39.985368 116.351887 23083
39.985375 116.351957 23084
39.985401 116.352278 23088
39.985437 116.352525 23091
39.985449 116.352608 23092
39.985461 116.352699 23093
39.985473 116.352790 23094
39.985496 116.352971 23096
39.985508 116.353371 23100
39.985490 116.353487 23101
39.985472 116.353604 23102
39.985453 116.353720 23103
39.985435 116.353837 23104
39.985346 116.354290 23108
39.985345 116.354730 23112
39.985354 116.355153 23116
39.985348 116.355553 23120
39.985345 116.355655 23121
39.985337 116.355962 23124
39.985335 116.356066 23125
39.985333 116.356169 23126
39.985330 116.356377 23128
39.985337 116.356827 23132
39.985344 116.357037 23134
39.985351 116.357248 23136
39.985349 116.357348 23137
39.985343 116.357648 23140
39.985347 116.358022 23144
39.985357 116.358140 23145
39.985388 116.358495 23148
39.985366 116.358838 23152
39.985381 116.359149 23156
39.985414 116.359490 23160
39.985443 116.359844 23164
39.985431 116.360188 23168
39.985432 116.360502 23172
39.985424 116.360753 23176
39.985430 116.360816 23177
39.985446 116.361005 23180
39.985446 116.361225 23184
39.985444 116.361293 23187
39.985444 116.361315 23188
39.985448 116.361315 23192
39.985450 116.361327 23195
39.985451 116.361331 23196
39.985441 116.361371 23200
39.985402 116.361429 23204
39.985365 116.361543 23208
39.985341 116.361625 23210
39.985317 116.361706 23212
39.985277 116.361833 23216
39.985316 116.361901 23218
39.985355 116.361968 23220
39.985400 116.362020 23224
39.985412 116.362050 23226
39.985424 116.362080 23228
39.985456 116.362113 23232
39.985474 116.362131 23236
39.985469 116.362130 23238
39.985466 116.362129 23239
39.985463 116.362129 23240
39.985473 116.362133 23243
39.985476 116.362134 23244
39.985481 116.362133 23246
39.985487 116.362133 23248
39.985495 116.362156 23252
39.985508 116.362247 23256
39.985539 116.362401 23260
39.985552 116.362443 23261
39.985590 116.362569 23264
39.985641 116.362790 23268
39.985693 116.363056 23272
39.985699 116.363121 23273
39.985719 116.363316 23276
39.985713 116.363589 23280
39.985686 116.363919 23284
39.985657 116.364257 23288
39.985635 116.364610 23292
39.985603 116.364916 23295
39.985592 116.365018 23296
39.985587 116.365218 23298
39.985582 116.365418 23300
39.985553 116.365837 23304
39.985534 116.366287 23308
39.985510 116.366725 23312
39.985505 116.366832 23313
39.985491 116.367151 23316
39.985542 116.367597 23320
39.985535 116.367961 23324
39.985506 116.368320 23328
39.985470 116.368391 23329
39.985434 116.368463 23330
39.985363 116.368605 23332
39.985382 116.368802 23336
