39.974195 116.425418 38836
39.974574 116.425743 38842
39.974283 116.425463 38847
39.974065 116.425333 38852
39.974013 116.425301 38857
39.974135 116.425378 38862
39.974139 116.425397 38867
39.973849 116.425085 38872
39.973744 116.425061 38877
39.973748 116.425068 38879
39.973754 116.425078 38882
39.971432 116.422950 38887
39.971468 116.422933 38890
39.971480 116.422928 38891
39.971492 116.422922 38892
39.971551 116.422841 38897
39.971537 116.422784 38901
39.971533 116.422770 38902
39.971547 116.422717 38907
39.971623 116.422618 38912
39.971621 116.422610 38913
39.971619 116.422601 38914
39.971614 116.422584 38916
39.971612 116.422576 38917
39.971593 116.422529 38922
39.971587 116.422517 38923
39.971564 116.422471 38927
39.971566 116.422393 38932
39.971562 116.422320 38937
39.971579 116.422273 38942
39.971584 116.422234 38946
39.971585 116.422224 38947
39.971586 116.422196 38949
39.971587 116.422153 38952
39.971570 116.422081 38957
39.971435 116.421970 38962
39.971453 116.421941 38967
39.971442 116.421915 38970
39.971435 116.421898 38972
39.971437 116.421868 38974
39.971439 116.421822 38977
39.971429 116.421765 38982
39.971406 116.421722 38987
39.971398 116.421698 38992
39.971404 116.421673 38994
39.971414 116.421636 38997
39.971409 116.421623 39002
39.971412 116.421617 39007
39.971428 116.421606 39012
39.971426 116.421611 39014
39.971424 116.421613 39015
39.971422 116.421618 39017
39.971432 116.421615 39022
39.971437 116.421610 39027
39.971437 116.421604 39032
39.971427 116.421601 39037
39.971412 116.421618 39042
39.971412 116.421616 39047
39.971412 116.421616 39048
39.971410 116.421614 39052
39.971410 116.421614 39057
39.971410 116.421616 39062
39.971409 116.421617 39065
39.971408 116.421618 39067
39.971412 116.421588 39072
39.971429 116.421553 39077
39.971427 116.421469 39082
39.971441 116.421386 39087
39.971448 116.421346 39090
39.971451 116.421332 39091
39.971453 116.421319 39092
39.971451 116.421305 39093
39.971443 116.421250 39097
39.971441 116.421204 39102
39.971450 116.421133 39107
39.971451 116.421105 39109
39.971452 116.421063 39112
39.971456 116.421001 39117
39.971438 116.420961 39121
39.971439 116.420954 39126
39.971433 116.420959 39131
39.971429 116.420958 39136
39.971440 116.420935 39140
39.971443 116.420929 39141
39.971435 116.420921 39142
39.971405 116.420887 39146
39.971404 116.420848 39151
39.971402 116.420789 39155
39.971402 116.420774 39156
39.971410 116.420717 39161
39.971408 116.420664 39166
39.971389 116.420609 39171
39.971355 116.420602 39176
39.971375 116.420518 39181
39.971363 116.420447 39186
39.971361 116.420404 39191
39.971355 116.420354 39195
39.971354 116.420341 39196
39.971371 116.420273 39201
39.971378 116.420208 39206
39.971371 116.420159 39211
39.971373 116.420127 39214
39.971374 116.420105 39216
39.971366 116.420077 39219
39.971360 116.420058 39221
39.971359 116.419987 39226
39.971356 116.419969 39227
39.971353 116.419952 39228
39.971351 116.419934 39229
39.971345 116.419899 39231
39.971346 116.419841 39236
39.971324 116.419781 39241
39.971330 116.419725 39246
39.971331 116.419678 39251
39.971337 116.419631 39256
39.971337 116.419619 39257
39.971336 116.419595 39259
39.971335 116.419571 39261
39.971316 116.419506 39266
39.971317 116.419484 39268
39.971318 116.419452 39271
39.971339 116.419376 39276
39.971345 116.419352 39278
39.971351 116.419328 39280
39.971354 116.419316 39281
39.971351 116.419257 39286
39.971348 116.419189 39291
39.971349 116.419172 39292
39.971352 116.419102 39296
39.971347 116.419031 39301
39.971344 116.419016 39302
39.971334 116.418955 39306
39.971316 116.418902 39311
39.971307 116.418850 39316
39.971291 116.418832 39318
39.971268 116.418804 39321
39.971245 116.418744 39326
39.971208 116.418721 39331
39.971175 116.418684 39336
39.971117 116.418705 39341
39.971060 116.418702 39346
39.971010 116.418699 39351
39.970968 116.418666 39355
39.970957 116.418658 39356
39.970929 116.418653 39358
39.970887 116.418645 39361
39.970848 116.418638 39363
39.970789 116.418627 39366
39.970719 116.418705 39371
39.970784 116.418686 39376
39.970774 116.418690 39377
39.970764 116.418693 39378
39.970734 116.418704 39381
39.970707 116.418699 39383
39.970694 116.418696 39384
39.970680 116.418694 39385
39.970667 116.418691 39386
39.970598 116.418747 39391
39.970591 116.418751 39392
39.970565 116.418766 39396
39.970495 116.418788 39401
39.970457 116.418768 39406
39.970406 116.418774 39411
39.970389 116.418676 39416
39.970306 116.418695 39421
39.970257 116.418697 39426
39.970241 116.418712 39428
39.970217 116.418735 39431
39.970168 116.418742 39436
