40.002641 116.322072 11759
40.002593 116.321962 11763
40.002782 116.321717 11767
40.002807 116.321581 11771
40.002759 116.321517 11775
40.002505 116.321605 11779
40.002355 116.321646 11783
40.002421 116.321429 11787
40.002254 116.321518 11789
40.002171 116.321562 11790
40.002088 116.321607 11791
40.002028 116.321593 11794
40.002008 116.321588 11795
40.001991 116.321567 11796
40.001942 116.321502 11799
40.001982 116.321398 11803
40.001775 116.321491 11807
40.001736 116.321497 11808
40.001618 116.321515 11811
40.001588 116.321522 11812
40.001498 116.321544 11815
40.001480 116.321491 11819
40.001452 116.321464 11821
40.001423 116.321437 11823
40.001195 116.321510 11827
40.001269 116.321365 11831
40.000608 116.321722 11835
40.000567 116.321728 11836
40.000526 116.321734 11837
40.000444 116.321747 11839
40.000336 116.321774 11841
40.000281 116.321787 11842
40.000227 116.321801 11843
40.000079 116.321827 11847
40.000079 116.321801 11848
40.000081 116.321725 11851
40.000011 116.321732 11854
39.999988 116.321734 11855
40.000105 116.321540 11859
39.999899 116.321587 11863
39.999728 116.321692 11865
39.999643 116.321744 11866
39.999558 116.321796 11867
39.999237 116.322052 11871
39.999127 116.322262 11875
39.999178 116.322439 11879
39.999167 116.322698 11883
39.999210 116.322902 11887
39.999346 116.323019 11891
39.999226 116.323396 11895
39.999151 116.323715 11899
39.999208 116.323897 11903
39.999201 116.323960 11904
39.999179 116.324151 11907
39.999186 116.324324 11911
39.999109 116.324625 11915
39.999070 116.324904 11919
39.999041 116.325043 11921
39.999012 116.325182 11923
39.998990 116.325404 11927
39.999015 116.325437 11928
39.999090 116.325537 11931
39.999037 116.325795 11935
39.998878 116.325993 11939
39.998709 116.326055 11943
39.998898 116.325976 11944
39.999466 116.325741 11947
39.999430 116.325777 11948
39.999322 116.325885 11951
39.999229 116.326048 11955
39.999055 116.326084 11959
39.998873 116.326135 11963
39.998681 116.326197 11967
39.998516 116.326279 11971
39.998330 116.326304 11975
39.998125 116.326305 11979
39.997928 116.326333 11983
39.997734 116.326321 11987
39.997595 116.326311 11990
39.997548 116.326307 11991
39.997360 116.326310 11995
39.997314 116.326313 11996
39.997176 116.326322 11999
39.996999 116.326347 12003
39.996832 116.326364 12007
39.996666 116.326345 12011
39.996547 116.326357 12014
39.996508 116.326361 12015
39.996354 116.326361 12019
39.996244 116.326429 12023
39.996104 116.326432 12027
39.995922 116.326422 12031
39.995783 116.326435 12034
39.995736 116.326439 12035
39.995554 116.326468 12039
39.995466 116.326480 12041
39.995423 116.326486 12042
39.995379 116.326492 12043
39.995217 116.326507 12047
39.995180 116.326499 12048
39.995143 116.326491 12049
39.995068 116.326474 12051
39.994920 116.326435 12055
39.994756 116.326427 12059
39.994599 116.326442 12063
39.994437 116.326477 12067
39.994269 116.326485 12071
39.994101 116.326520 12075
39.993941 116.326523 12079
39.993796 116.326500 12083
39.993649 116.326477 12087
39.993508 116.326450 12091
39.993350 116.326412 12095
39.993199 116.326391 12099
39.993031 116.326437 12103
39.992856 116.326472 12107
39.992734 116.326493 12110
39.992694 116.326500 12111
39.992543 116.326544 12115
39.992491 116.326534 12116
39.992336 116.326504 12119
39.992297 116.326504 12120
39.992181 116.326504 12123
39.992133 116.326507 12124
39.992085 116.326510 12125
39.991989 116.326517 12127
39.991829 116.326502 12131
39.991701 116.326499 12135
39.991580 116.326467 12139
39.991540 116.326443 12141
39.991520 116.326432 12142
39.991500 116.326420 12143
39.991457 116.326415 12145
39.991414 116.326411 12147
39.991311 116.326445 12151
39.991224 116.326463 12155
39.991190 116.326494 12157
39.991173 116.326510 12158
39.991156 116.326525 12159
39.991162 116.326616 12160
39.991168 116.326706 12161
39.991175 116.326797 12162
39.991181 116.326887 12163
39.991044 116.327140 12167
39.990234 116.326782 12171
39.990089 116.326640 12175
39.989953 116.326715 12179
39.989806 116.326739 12183
39.989717 116.326731 12187
39.989653 116.326752 12189
39.989589 116.326774 12191
39.989436 116.326816 12195
39.989332 116.326801 12198
39.989298 116.326796 12199
39.989184 116.326820 12203
39.989024 116.326769 12207
39.988862 116.326735 12211
39.988793 116.326743 12213
39.988759 116.326747 12214
39.988725 116.326751 12215
39.988653 116.326754 12217
39.988582 116.326758 12219
39.988434 116.326769 12223
39.988290 116.326779 12227
39.988146 116.326787 12231
39.987992 116.326798 12235
39.987954 116.326804 12236
39.987839 116.326822 12239
39.987749 116.326810 12241
39.987659 116.326798 12243
39.987530 116.326810 12247
39.987385 116.326815 12251
39.987197 116.326819 12255
39.987030 116.326823 12259
39.986973 116.326843 12260
39.986802 116.326903 12263
39.986756 116.326917 12264
39.986618 116.326958 12267
39.986445 116.326903 12271
39.986322 116.326894 12275
39.986145 116.326973 12279
39.986108 116.326990 12280
39.985995 116.327043 12283
39.985877 116.327054 12286
39.985838 116.327058 12287
39.985723 116.327078 12290
39.985684 116.327084 12291
39.985538 116.327083 12295
39.985365 116.327074 12299
39.985171 116.327011 12303
39.985023 116.326983 12307
39.984865 116.326957 12311
39.984725 116.326956 12315
39.984691 116.326960 12316
39.984591 116.326970 12319
39.984557 116.326967 12320
39.984454 116.326960 12323
39.984303 116.326938 12327
39.984226 116.326926 12329
39.984188 116.326921 12330
39.984149 116.326915 12331
39.984028 116.326918 12335
39.983846 116.326928 12339
39.983804 116.326935 12340
39.983680 116.326958 12343
39.983570 116.327104 12347
39.983540 116.327118 12348
39.983509 116.327132 12349
39.983449 116.327160 12351
39.983265 116.327193 12355
