39.989168 116.326676 8486
39.989000 116.326690 8491
39.988817 116.326716 8496
39.988616 116.326715 8501
39.988580 116.326711 8502
39.988544 116.326707 8503
39.988471 116.326699 8505
39.988435 116.326695 8506
39.988238 116.326710 8511
39.988131 116.326724 8514
39.988095 116.326728 8515
39.988059 116.326733 8516
39.987894 116.326739 8521
39.987820 116.326743 8523
39.987783 116.326744 8524
39.987746 116.326746 8525
39.987709 116.326748 8526
39.987532 116.326747 8531
39.987367 116.326765 8536
39.987202 116.326803 8541
39.987047 116.326768 8546
39.986866 116.326745 8551
39.986665 116.326744 8556
39.986334 116.326964 8561
39.986165 116.327185 8566
39.985914 116.327106 8571
39.985684 116.327041 8576
39.985481 116.327017 8581
39.985283 116.327028 8586
39.985248 116.327013 8587
39.985177 116.326984 8589
39.985107 116.326954 8591
39.985088 116.326944 8593
39.985060 116.326930 8596
39.985030 116.326860 8601
39.985028 116.326833 8606
39.985020 116.326836 8611
39.985017 116.326836 8616
39.985016 116.326836 8618
39.985015 116.326837 8621
39.985017 116.326837 8625
39.985017 116.326837 8626
39.985022 116.326837 8631
39.985023 116.326837 8633
39.985024 116.326838 8636
39.985023 116.326839 8641
39.985022 116.326839 8644
39.985022 116.326839 8645
39.985022 116.326839 8646
39.985022 116.326839 8647
39.985022 116.326840 8651
39.985021 116.326840 8656
39.985020 116.326840 8661
39.985015 116.326841 8666
39.984984 116.326823 8671
39.984820 116.326850 8676
39.984640 116.326878 8681
39.984466 116.326899 8686
39.984300 116.326884 8690
39.984259 116.326880 8691
39.984060 116.326883 8696
39.984033 116.326878 8697
39.983923 116.326859 8701
39.983772 116.326854 8706
39.983580 116.326854 8711
39.983538 116.326859 8712
39.983368 116.326877 8716
39.983051 116.327001 8721
39.982790 116.327059 8726
39.982592 116.327083 8731
39.982395 116.327069 8736
39.982207 116.327061 8741
39.982080 116.327073 8746
39.982049 116.327065 8747
39.981926 116.327034 8751
39.981887 116.327039 8752
39.981808 116.327048 8754
39.981729 116.327057 8756
39.981556 116.327086 8760
39.981513 116.327093 8761
39.981310 116.327093 8766
39.981270 116.327094 8767
39.981109 116.327096 8771
39.980903 116.327092 8776
39.980709 116.327070 8781
39.980510 116.327061 8786
39.980398 116.327057 8789
39.980324 116.327054 8791
39.980243 116.327060 8793
39.980122 116.327069 8796
39.979998 116.327102 8800
39.979967 116.327110 8801
39.979922 116.327148 8806
39.979939 116.327143 8811
39.979940 116.327143 8816
39.979941 116.327142 8817
39.979944 116.327141 8819
39.979946 116.327140 8821
39.979934 116.327186 8826
39.979939 116.327221 8831
39.979938 116.327223 8836
39.979936 116.327225 8841
39.979934 116.327239 8842
39.979925 116.327294 8846
39.979851 116.327366 8851
39.979814 116.327368 8852
39.979664 116.327375 8856
39.979456 116.327384 8861
39.979368 116.327388 8863
39.979236 116.327393 8866
39.979000 116.327403 8871
39.978771 116.327465 8876
39.978541 116.327469 8881
39.978346 116.327472 8886
39.978256 116.327493 8888
39.978120 116.327525 8891
39.977846 116.327603 8896
39.977605 116.327611 8901
39.977409 116.327609 8906
39.977253 116.327578 8911
39.977080 116.327581 8915
39.977037 116.327582 8916
39.977005 116.327601 8917
39.976907 116.327659 8920
39.976875 116.327678 8921
39.976936 116.327898 8926
39.976951 116.328210 8931
39.976981 116.328484 8936
39.976997 116.328732 8941
39.976989 116.328934 8946
39.976979 116.329166 8951
39.977033 116.329331 8954
39.977051 116.329386 8955
39.977069 116.329441 8956
39.977118 116.329695 8961
39.977122 116.329935 8966
39.977093 116.330098 8971
39.977007 116.330102 8976
39.976861 116.330014 8981
39.976652 116.329930 8986
39.976600 116.329929 8987
39.976548 116.329928 8988
39.976391 116.329925 8991
39.976347 116.329942 8992
39.976173 116.330009 8996
39.975777 116.330337 9001
39.975463 116.330443 9005
39.975385 116.330470 9006
39.975349 116.330666 9011
39.975415 116.330751 9016
39.975447 116.330908 9021
39.975422 116.330922 9025
39.975416 116.330925 9026
39.975401 116.330941 9031
39.975423 116.330935 9035
39.975428 116.330934 9036
39.975463 116.330907 9041
39.975466 116.330900 9044
39.975468 116.330895 9046
39.975516 116.330882 9051
39.975562 116.330857 9056
39.975605 116.330831 9061
39.975669 116.330832 9066
39.975680 116.330833 9067
39.975714 116.330838 9070
39.975725 116.330839 9071
39.975736 116.330780 9076
39.975744 116.330789 9081
39.975749 116.330791 9086
