39.973913 116.376408 40690
39.973133 116.376130 40695
39.972987 116.375797 40700
39.972957 116.375731 40701
39.972868 116.375531 40704
39.972632 116.375526 40709
39.972526 116.375468 40712
39.972508 116.375345 40716
39.972603 116.375238 40720
39.972936 116.375201 40725
39.973460 116.375228 40730
39.973857 116.375258 40734
39.973956 116.375266 40735
39.974400 116.375334 40740
39.974679 116.375370 40744
39.974838 116.375405 40747
39.974891 116.375416 40748
39.975013 116.375421 40751
39.975123 116.375418 40755
39.975220 116.375447 40760
39.975303 116.375486 40765
39.975355 116.375837 40770
39.975361 116.376415 40774
39.975362 116.376559 40775
39.975360 116.377412 40780
39.975362 116.378263 40785
39.975378 116.379117 40790
39.975396 116.379768 40794
39.975401 116.379931 40795
39.975438 116.380602 40800
39.975451 116.380863 40803
39.975455 116.380950 40804
39.975459 116.381042 40806
39.975461 116.381088 40807
39.975472 116.381117 40812
39.975470 116.381161 40817
39.975474 116.381263 40820
39.975475 116.381297 40821
39.975466 116.381425 40826
39.975459 116.381431 40830
39.975457 116.381432 40831
39.975456 116.381433 40836
39.975456 116.381434 40841
39.975456 116.381435 40844
39.975456 116.381435 40846
39.975455 116.381435 40851
39.975455 116.381436 40856
39.975500 116.381598 40861
39.975703 116.381774 40865
39.975798 116.381777 40866
39.976085 116.381788 40869
39.976180 116.381791 40870
39.976532 116.381766 40873
39.976766 116.381749 40875
39.977428 116.381729 40880
39.977551 116.381723 40881
39.977674 116.381717 40882
39.977796 116.381712 40883
39.978042 116.381700 40885
39.978248 116.381686 40888
39.978385 116.381677 40890
39.978442 116.381673 40895
39.978442 116.381672 40896
39.978441 116.381670 40900
39.978459 116.381669 40905
39.978700 116.381660 40910
39.979173 116.381638 40915
39.979747 116.381603 40920
39.980118 116.381605 40924
39.980363 116.381591 40928
39.980564 116.381589 40933
39.980577 116.381594 40934
39.980630 116.381615 40938
39.980628 116.381618 40939
39.980618 116.381631 40943
39.980616 116.381632 40948
39.980615 116.381632 40953
39.980620 116.381633 40958
39.980704 116.381614 40963
39.980812 116.381602 40968
39.981022 116.381589 40973
39.981226 116.381594 40977
39.981447 116.381571 40982
39.981841 116.381526 40986
39.981939 116.381515 40987
39.982457 116.381506 40991
39.982587 116.381504 40992
39.983337 116.381483 40997
39.984121 116.381433 41002
39.984934 116.381430 41007
39.985761 116.381376 41012
39.986609 116.381327 41017
39.987469 116.381293 41022
39.988417 116.381240 41027
39.989388 116.381194 41032
39.990335 116.381185 41037
39.991233 116.381134 41042
39.992079 116.381064 41047
39.992722 116.381021 41052
39.993230 116.380986 41057
39.993730 116.381004 41061
39.993855 116.381008 41062
39.994130 116.381011 41064
39.994543 116.381016 41067
39.995019 116.381001 41070
39.995336 116.380991 41072
39.996147 116.380929 41077
39.996961 116.380896 41082
39.997596 116.380863 41086
39.997755 116.380855 41087
39.998515 116.380820 41092
39.999227 116.380793 41097
39.999505 116.380789 41099
39.999921 116.380782 41102
40.000029 116.380775 41103
40.000137 116.380768 41104
40.000352 116.380755 41106
40.000460 116.380748 41107
40.001062 116.380714 41112
40.001763 116.380679 41117
40.002029 116.380661 41119
40.002163 116.380653 41120
40.002429 116.380635 41122
40.003072 116.380610 41127
40.003727 116.380592 41132
40.004391 116.380549 41137
40.005064 116.380525 41142
40.005818 116.380487 41147
40.006702 116.380462 41152
40.006890 116.380453 41153
40.007641 116.380416 41157
40.007968 116.380388 41159
40.008295 116.380361 41161
40.008458 116.380347 41162
40.009254 116.380288 41167
40.010179 116.380227 41172
40.010359 116.380161 41173
40.011080 116.379897 41177
40.011381 116.379631 41179
40.011832 116.379231 41182
40.012397 116.378315 41187
40.012782 116.377262 41192
40.013168 116.376155 41197
40.013681 116.375138 41202
40.014204 116.374513 41206
40.014335 116.374357 41207
40.015118 116.373889 41212
40.015768 116.373775 41216
40.015931 116.373746 41217
40.016082 116.373768 41218
40.016685 116.373856 41222
40.016962 116.373995 41224
40.017378 116.374203 41227
40.018047 116.374768 41232
40.018580 116.375573 41237
40.018937 116.376604 41242
40.019111 116.377478 41246
40.019154 116.377696 41247
40.019426 116.378898 41252
40.019938 116.379867 41257
40.020034 116.380029 41258
40.020420 116.380678 41262
40.020773 116.381507 41267
40.020817 116.381677 41268
40.020861 116.381847 41269
40.020992 116.382358 41272
40.021028 116.382713 41274
40.021047 116.382891 41275
40.021065 116.383068 41276
40.021083 116.383246 41277
40.021093 116.384113 41282
40.021095 116.384320 41283
40.021102 116.385147 41287
