39.956117 116.302350 36715
39.955317 116.302600 36736
39.954633 116.302583 36747
39.953800 116.302583 36756
39.953719 116.302733 36776
39.953683 116.302800 36785
39.953217 116.302950 36803
39.952833 116.303150 36824
39.948633 116.302888 36887
39.948367 116.302871 36891
39.948300 116.302867 36892
39.948242 116.302880 36893
39.948183 116.302892 36894
39.948067 116.302917 36896
39.943983 116.303383 36938
39.943477 116.303461 36945
39.943333 116.303483 36947
39.940133 116.303750 36988
39.936367 116.303717 37023
39.935683 116.303700 37053
39.930783 116.303833 37105
39.928333 116.303783 37142
39.927726 116.303739 37158
39.927688 116.303736 37159
39.927650 116.303733 37160
39.926633 116.303767 37172
39.926461 116.303750 37174
39.926117 116.303717 37178
39.924867 116.303767 37192
39.924217 116.303717 37199
39.923984 116.303661 37203
39.923867 116.303633 37205
39.923864 116.303626 37206
39.923800 116.303467 37229
39.923500 116.303467 37250
39.922550 116.304133 37253
39.922000 116.304300 37261
39.921450 116.304167 37292
39.921133 116.304167 37315
39.920633 116.304167 37328
