39.989875 116.326915 53988
39.990045 116.326936 53993
39.990214 116.326890 53998
39.990371 116.326858 54003
39.990406 116.326854 54004
39.990512 116.326842 54007
39.990547 116.326838 54008
39.990682 116.326807 54013
39.990714 116.326815 54016
39.990735 116.326820 54018
39.990841 116.326925 54023
39.991011 116.326885 54028
39.991025 116.326881 54033
39.991021 116.326880 54038
39.991026 116.326882 54043
39.991032 116.326884 54048
39.991035 116.326885 54051
39.991037 116.326886 54053
39.991041 116.326887 54058
39.991042 116.326888 54059
39.991045 116.326891 54061
39.991047 116.326892 54062
39.991048 116.326893 54063
39.991138 116.326943 54068
39.991238 116.326930 54071
39.991271 116.326925 54072
39.991304 116.326921 54073
39.991439 116.326904 54078
39.991585 116.326886 54083
39.991668 116.326881 54086
39.991724 116.326877 54088
39.991869 116.326888 54093
39.992010 116.326884 54098
39.992137 116.326884 54103
39.992160 116.326881 54104
39.992206 116.326876 54106
39.992252 116.326871 54108
39.992275 116.326864 54109
39.992322 116.326849 54111
39.992369 116.326834 54113
39.992452 116.326851 54118
39.992496 116.326865 54120
39.992561 116.326885 54123
39.992579 116.326886 54124
39.992653 116.326890 54128
39.992752 116.326892 54133
39.992931 116.327027 54138
39.993071 116.327074 54143
39.993189 116.327154 54148
39.993278 116.327196 54152
39.993300 116.327206 54153
39.993343 116.327194 54156
39.993371 116.327186 54158
39.993516 116.327147 54163
39.993675 116.327138 54168
39.993822 116.327095 54173
39.993922 116.327110 54178
39.994029 116.327057 54183
39.994118 116.327052 54188
39.994306 116.326953 54193
39.994344 116.326945 54194
39.994498 116.326912 54198
39.994599 116.326882 54203
39.994824 116.326878 54208
39.994945 116.326749 54213
39.995084 116.326726 54217
39.995119 116.326720 54218
39.995182 116.326718 54220
39.995276 116.326714 54223
39.995414 116.326694 54228
39.995523 116.326641 54233
39.995578 116.326679 54238
39.995690 116.326762 54243
39.995892 116.326640 54248
39.996061 116.326515 54253
39.996141 116.326468 54256
39.996194 116.326436 54258
39.996386 116.326327 54263
39.996539 116.326260 54268
39.996645 116.326334 54271
39.996716 116.326383 54273
39.996836 116.326568 54278
39.996919 116.326596 54280
39.996960 116.326611 54281
39.997002 116.326625 54282
39.997043 116.326639 54283
39.997081 116.326640 54284
39.997232 116.326645 54288
39.997392 116.326644 54293
39.997583 116.326613 54298
39.997768 116.326581 54303
39.997958 116.326589 54308
39.997989 116.326601 54309
39.998112 116.326647 54313
39.998271 116.326625 54318
39.998312 116.326641 54319
39.998475 116.326704 54323
39.998668 116.326689 54328
39.998852 116.326697 54333
39.998900 116.326704 54334
39.999093 116.326733 54338
39.999143 116.326776 54340
39.999218 116.326840 54343
39.999248 116.326857 54344
39.999366 116.326923 54348
39.999508 116.326991 54353
39.999537 116.327006 54354
39.999594 116.327035 54356
39.999651 116.327065 54358
39.999750 116.327129 54363
39.999825 116.327121 54368
39.999821 116.327123 54373
39.999829 116.327126 54374
39.999862 116.327138 54378
39.999900 116.327190 54383
39.999910 116.327232 54388
39.999911 116.327242 54389
39.999916 116.327280 54393
39.999867 116.327347 54398
39.999849 116.327320 54403
39.999853 116.327235 54408
39.999863 116.327135 54413
39.999909 116.327041 54418
39.999927 116.327010 54420
39.999954 116.326963 54423
39.999997 116.326937 54428
40.000062 116.326896 54433
40.000090 116.326879 54436
40.000099 116.326874 54437
40.000108 116.326868 54438
40.000125 116.326823 54441
40.000131 116.326808 54442
40.000137 116.326793 54443
40.000175 116.326721 54448
40.000201 116.326646 54453
40.000188 116.326623 54458
40.000155 116.326580 54463
40.000177 116.326523 54468
40.000204 116.326513 54473
40.000208 116.326523 54476
40.000211 116.326530 54478
40.000209 116.326544 54482
40.000209 116.326548 54483
40.000216 116.326552 54488
40.000228 116.326552 54493
40.000882 116.326567 54518
40.001256 116.326743 54523
40.000914 116.326759 54528
40.000932 116.326675 54533
40.000505 116.326752 54558
40.000473 116.327018 54563
40.000482 116.326981 54567
40.000484 116.326972 54568
40.000503 116.326942 54572
40.000508 116.326935 54573
40.000531 116.326979 54578
40.000556 116.327043 54583
40.000592 116.327116 54588
