40.056243 116.320336 5508
40.056145 116.320465 5512
40.055988 116.320675 5516
40.055943 116.320722 5517
40.055809 116.320864 5520
40.055705 116.320954 5524
40.055708 116.320946 5527
40.055709 116.320943 5528
40.055709 116.320944 5532
40.055679 116.320985 5536
40.055558 116.321110 5540
40.055508 116.321138 5541
40.055359 116.321222 5544
40.055171 116.321368 5548
40.055005 116.321504 5552
40.054909 116.321585 5555
40.054877 116.321612 5556
40.054801 116.321673 5559
40.054776 116.321693 5560
40.054711 116.321731 5563
40.054690 116.321743 5564
40.054651 116.321791 5568
40.054654 116.321782 5572
40.054654 116.321781 5576
40.054652 116.321783 5580
40.054654 116.321782 5584
40.054654 116.321782 5585
40.054654 116.321783 5587
40.054654 116.321783 5588
40.054643 116.321791 5592
40.054634 116.321796 5595
40.054631 116.321798 5596
40.054626 116.321802 5600
40.054634 116.321798 5604
40.054638 116.321795 5608
40.054639 116.321794 5609
40.054642 116.321792 5612
40.054643 116.321791 5615
40.054643 116.321791 5616
40.054640 116.321795 5620
40.054639 116.321795 5621
40.054637 116.321797 5624
40.054641 116.321793 5628
40.054645 116.321791 5631
40.054646 116.321790 5632
40.054655 116.321783 5635
40.054658 116.321781 5636
40.054657 116.321781 5640
40.054646 116.321791 5644
40.054640 116.321796 5648
40.054643 116.321795 5652
40.054651 116.321791 5656
40.054656 116.321788 5658
40.054661 116.321785 5660
40.054662 116.321785 5664
40.054667 116.321782 5668
40.054671 116.321780 5672
40.054673 116.321779 5676
40.054671 116.321781 5680
40.054660 116.321795 5684
40.054661 116.321796 5688
40.054669 116.321790 5692
40.054668 116.321791 5694
40.054667 116.321793 5696
40.054666 116.321794 5697
40.054665 116.321795 5698
40.054665 116.321796 5699
40.054664 116.321797 5700
40.054663 116.321798 5701
40.054662 116.321799 5702
40.054659 116.321802 5704
40.054650 116.321810 5708
40.054629 116.321827 5709
40.054567 116.321877 5712
40.054352 116.322007 5716
40.054206 116.322120 5718
40.054061 116.322234 5720
40.053989 116.322289 5721
40.053774 116.322454 5724
40.053714 116.322510 5725
40.053653 116.322567 5726
40.053533 116.322680 5728
40.053402 116.322748 5730
40.053337 116.322781 5731
40.053272 116.322815 5732
40.053222 116.322850 5733
40.053071 116.322956 5736
40.053016 116.322995 5737
40.052853 116.323110 5740
40.052698 116.323215 5744
40.052678 116.323231 5745
40.052638 116.323262 5747
40.052618 116.323278 5748
40.052550 116.323343 5752
40.052509 116.323389 5754
40.052469 116.323436 5756
40.052338 116.323538 5760
40.052203 116.323602 5764
40.052036 116.323702 5768
40.051797 116.323808 5772
40.051554 116.323947 5776
40.051360 116.324064 5780
40.051228 116.324129 5784
40.051239 116.324134 5788
40.051234 116.324136 5792
40.051237 116.324134 5796
40.051240 116.324133 5800
40.051238 116.324134 5803
40.051237 116.324134 5804
40.051229 116.324138 5808
40.051170 116.324180 5812
40.051119 116.324202 5816
40.051114 116.324201 5820
40.051112 116.324202 5824
40.051110 116.324202 5828
40.051087 116.324214 5831
40.051079 116.324218 5832
40.051047 116.324251 5833
40.050952 116.324350 5836
40.050787 116.324488 5840
40.050618 116.324670 5844
40.050433 116.324862 5848
40.050238 116.325027 5852
40.049990 116.325243 5856
40.049692 116.325453 5860
40.049620 116.325509 5861
40.049404 116.325676 5864
40.049328 116.325733 5865
40.049101 116.325902 5868
40.048777 116.326154 5872
40.048441 116.326421 5876
40.048256 116.326552 5878
40.048164 116.326617 5879
40.048071 116.326683 5880
40.047708 116.326920 5884
40.047341 116.327223 5888
40.046957 116.327508 5892
40.046866 116.327579 5893
40.046594 116.327791 5896
40.046238 116.328065 5900
40.045919 116.328300 5904
40.045647 116.328521 5908
40.045368 116.328746 5912
40.045061 116.328957 5916
40.044760 116.329187 5920
40.044549 116.329350 5924
40.044387 116.329446 5928
40.044242 116.329587 5932
40.044189 116.329620 5935
40.044171 116.329631 5936
40.044165 116.329638 5937
40.044153 116.329651 5939
40.044147 116.329658 5940
40.044100 116.329700 5944
40.044084 116.329737 5948
40.044049 116.329777 5952
40.043994 116.329811 5956
40.043978 116.329833 5960
40.043978 116.329830 5961
40.043977 116.329824 5963
40.043977 116.329821 5964
40.043975 116.329823 5968
40.043951 116.329865 5972
40.043889 116.329946 5976
40.043808 116.329983 5979
40.043781 116.329995 5980
40.043734 116.330042 5984
40.043719 116.330056 5988
40.043654 116.330073 5992
40.043551 116.330138 5996
40.043396 116.330260 6000
40.043278 116.330349 6003
40.043238 116.330379 6004
40.043208 116.330396 6005
40.043146 116.330431 6007
40.043116 116.330448 6008
40.043032 116.330496 6012
40.042913 116.330603 6016
40.042757 116.330700 6020
40.042720 116.330729 6021
40.042607 116.330817 6024
40.042437 116.330915 6028
40.042401 116.330938 6029
40.042295 116.331006 6032
40.042271 116.331037 6033
40.042201 116.331131 6036
40.042044 116.331214 6040
40.041852 116.331344 6044
40.041679 116.331460 6048
40.041602 116.331517 6051
40.041576 116.331536 6052
40.041561 116.331526 6056
40.041493 116.331556 6060
40.041394 116.331625 6064
40.041385 116.331639 6068
40.041353 116.331671 6071
40.041343 116.331682 6072
40.041308 116.331712 6073
40.041238 116.331773 6075
40.041203 116.331803 6076
40.041072 116.331926 6080
40.040974 116.332011 6084
40.040955 116.332026 6085
40.040897 116.332073 6088
