40.011306 116.321112 731
40.011230 116.321046 736
40.011155 116.320982 739
40.011130 116.320960 740
40.011105 116.320939 741
40.010967 116.320799 746
40.010832 116.320661 751
40.010688 116.320536 756
40.010680 116.320525 759
40.010675 116.320518 761
40.010703 116.320532 766
40.010671 116.320502 767
40.010542 116.320382 771
40.010410 116.320294 776
40.010304 116.320222 781
40.010192 116.320132 786
40.010158 116.320110 791
40.010177 116.320165 796
40.010342 116.320307 801
40.010496 116.320457 806
40.010827 116.320709 811
40.011083 116.320892 816
40.011233 116.321018 821
40.011294 116.321050 826
40.011320 116.321018 830
40.011326 116.321010 831
40.011320 116.320964 836
40.011340 116.320981 841
40.011331 116.321000 846
40.011332 116.321001 848
40.011332 116.321002 849
40.011333 116.321003 851
40.011329 116.321011 853
40.011324 116.321023 856
40.011296 116.321036 859
40.011278 116.321045 861
40.011181 116.321016 866
40.011130 116.321005 869
40.011096 116.320998 871
40.011021 116.320907 876
40.010999 116.320885 877
40.010978 116.320863 878
40.010935 116.320818 880
40.010913 116.320796 881
40.010848 116.320770 886
40.010855 116.320781 891
40.010752 116.320672 896
40.010831 116.320729 901
40.010904 116.320775 905
40.010922 116.320787 906
40.010984 116.320829 910
40.011000 116.320839 911
40.011049 116.320884 913
40.011123 116.320952 916
40.011149 116.320969 918
40.011187 116.320994 921
40.011233 116.321043 926
40.011240 116.321035 931
40.011296 116.321116 935
40.011310 116.321136 936
40.011322 116.321072 938
40.011339 116.320975 941
40.011378 116.320857 946
40.011337 116.320599 951
40.011333 116.320571 952
40.011328 116.320543 953
40.011315 116.320459 956
40.011316 116.320471 957
40.011317 116.320483 958
40.011318 116.320494 959
40.011319 116.320506 960
40.011320 116.320518 961
40.011384 116.320700 966
40.011362 116.320689 971
40.011347 116.320681 975
40.011343 116.320679 976
40.011361 116.320582 980
40.011366 116.320558 981
40.011385 116.320512 986
40.011453 116.320605 991
40.011463 116.320717 996
40.011446 116.320831 1001
40.011432 116.320947 1006
40.011429 116.321033 1010
40.011428 116.321055 1011
40.011432 116.320986 1016
40.011390 116.320930 1021
40.011391 116.320914 1026
40.011403 116.320960 1030
40.011406 116.320971 1031
40.011402 116.320956 1036
40.011386 116.320960 1041
40.011382 116.321004 1046
40.011360 116.320983 1050
40.011355 116.320978 1051
40.011333 116.320957 1056
40.011312 116.320953 1061
40.011325 116.321063 1066
40.011338 116.321097 1070
40.011341 116.321106 1071
40.011365 116.321106 1076
40.011384 116.321104 1078
40.011413 116.321101 1081
40.011402 116.321046 1086
40.011368 116.320950 1091
40.011344 116.320843 1096
40.011344 116.320801 1100
40.011344 116.320790 1101
40.011354 116.320720 1106
40.011363 116.320717 1111
40.011364 116.320719 1116
40.011351 116.320703 1121
40.011362 116.320700 1126
40.011388 116.320690 1131
40.011386 116.320702 1135
40.011386 116.320705 1136
40.011389 116.320703 1137
40.011399 116.320697 1141
40.011407 116.320696 1143
40.011419 116.320695 1146
40.011392 116.320699 1151
40.011381 116.320700 1153
40.011365 116.320701 1156
40.011379 116.320712 1161
40.011386 116.320733 1166
40.011390 116.320740 1167
40.011405 116.320766 1171
40.011414 116.320783 1176
40.011421 116.320737 1181
40.011412 116.320700 1186
40.011408 116.320703 1191
40.011421 116.320725 1196
40.011434 116.320755 1200
40.011437 116.320763 1201
40.011451 116.320775 1203
40.011471 116.320793 1206
40.011494 116.320821 1211
40.011529 116.320875 1215
40.011538 116.320888 1216
40.011585 116.320936 1221
40.011602 116.320958 1226
40.011604 116.320965 1227
40.011607 116.320980 1229
40.011610 116.320995 1231
40.011603 116.321044 1236
40.011548 116.321048 1241
40.011510 116.321003 1246
40.011465 116.320962 1251
40.011455 116.320896 1256
40.011421 116.320853 1261
40.011401 116.320798 1266
40.011399 116.320707 1271
40.011362 116.320585 1273
40.011307 116.320402 1276
40.011328 116.320243 1281
40.011355 116.320248 1282
40.011382 116.320253 1283
40.011463 116.320267 1286
40.011486 116.320309 1291
40.011512 116.320329 1296
40.011510 116.320299 1301
40.011533 116.320351 1304
40.011541 116.320369 1305
40.011549 116.320386 1306
40.011574 116.320504 1311
40.011578 116.320526 1316
40.011563 116.320540 1321
40.011587 116.320570 1326
40.011571 116.320589 1331
