39.967040 116.333005 41778
39.966792 116.333032 41782
39.966542 116.333053 41786
39.966307 116.333095 41790
39.966270 116.333133 41791
39.966232 116.333170 41792
39.966157 116.333245 41794
39.966035 116.333595 41799
39.966028 116.334117 41804
39.966040 116.334592 41809
39.966053 116.335182 41814
39.966055 116.335820 41818
39.966055 116.335980 41819
39.966072 116.336887 41824
39.966074 116.337216 41826
39.966077 116.337545 41828
39.966078 116.337710 41829
39.966080 116.337998 41831
39.966083 116.338430 41834
39.966089 116.338791 41837
39.966093 116.339032 41839
39.966113 116.339783 41844
39.966119 116.340525 41848
39.966120 116.340710 41849
39.966135 116.341570 41854
39.966146 116.341722 41855
39.966158 116.341874 41856
39.966192 116.342330 41859
39.966240 116.343178 41864
39.966262 116.344177 41869
39.966262 116.345348 41874
39.966268 116.346498 41879
39.966270 116.347622 41884
39.966273 116.348745 41889
39.966278 116.349905 41894
39.966282 116.351028 41899
39.966273 116.352112 41904
39.966272 116.353240 41909
39.966272 116.354390 41914
39.966275 116.355480 41919
39.966277 116.356480 41924
39.966279 116.356880 41926
39.966282 116.357280 41928
39.966283 116.357480 41929
39.966289 116.357907 41931
39.966294 116.358334 41933
39.966297 116.358548 41934
39.966318 116.359486 41938
39.966323 116.359720 41939
39.966327 116.360808 41944
39.966290 116.361752 41949
39.966292 116.362593 41954
39.966318 116.363448 41959
39.966323 116.363630 41960
39.966329 116.363812 41961
39.966345 116.364357 41964
39.966368 116.365347 41969
39.966397 116.366377 41974
39.966425 116.367327 41979
39.966450 116.368190 41984
39.966472 116.368965 41989
39.966480 116.369274 41991
39.966493 116.369737 41994
39.966508 116.370523 41999
39.966511 116.370666 42000
39.966523 116.371237 42004
39.966535 116.371811 42008
39.966538 116.371955 42009
39.966582 116.372662 42014
39.966707 116.373303 42019
39.967002 116.373905 42024
39.967507 116.374397 42029
39.968140 116.374630 42034
39.968790 116.374715 42039
39.969422 116.374780 42044
39.970050 116.374850 42049
39.970630 116.374903 42054
39.970736 116.374913 42055
39.971160 116.374955 42059
39.971688 116.374983 42064
39.972213 116.374977 42069
39.972843 116.375028 42074
39.973613 116.375118 42079
39.974430 116.375202 42084
39.975207 116.375238 42089
39.975910 116.375192 42094
39.976610 116.375032 42099
39.977313 116.374847 42104
39.977468 116.374804 42105
39.978087 116.374632 42109
39.978253 116.374584 42110
39.978917 116.374393 42114
39.979712 116.374163 42119
39.980485 116.373967 42124
39.981243 116.373738 42129
39.981867 116.373558 42133
39.982023 116.373513 42134
39.982335 116.373425 42136
39.982802 116.373292 42139
39.983577 116.373065 42144
39.984198 116.372903 42148
39.984353 116.372863 42149
39.985082 116.372748 42154
39.985488 116.372648 42157
39.985623 116.372615 42158
39.985758 116.372582 42159
39.986377 116.372337 42164
39.986940 116.372233 42169
39.987310 116.372308 42174
39.987371 116.372309 42175
39.987431 116.372309 42176
39.987492 116.372310 42177
39.987552 116.372310 42178
39.987777 116.372142 42182
39.988127 116.372097 42186
39.988412 116.372008 42190
39.988473 116.371980 42191
39.988535 116.371953 42192
39.988596 116.371926 42193
39.988658 116.371898 42194
39.988726 116.371871 42196
39.988760 116.371857 42197
39.988867 116.371822 42200
39.988975 116.371777 42204
39.989347 116.371650 42209
39.989570 116.371570 42211
39.989682 116.371530 42212
39.989905 116.371450 42214
39.990488 116.371215 42219
39.991017 116.370947 42224
39.991100 116.370904 42225
39.991348 116.370775 42228
39.991416 116.370734 42229
39.991618 116.370610 42232
39.991982 116.370338 42237
39.992418 116.369990 42242
39.992526 116.369909 42243
39.992850 116.369666 42246
39.992958 116.369585 42247
39.993558 116.369100 42252
39.994185 116.368622 42257
39.994828 116.368143 42262
39.995235 116.367862 42266
39.995452 116.368112 42271
39.995575 116.368743 42276
39.995645 116.369161 42279
39.995692 116.369440 42281
39.995760 116.370050 42285
39.995777 116.370202 42286
39.995852 116.371015 42291
39.995905 116.371843 42296
39.995978 116.372633 42301
39.996028 116.372989 42303
39.996102 116.373523 42306
39.996182 116.374065 42310
39.996315 116.374260 42314
39.996658 116.374257 42319
39.997208 116.374247 42324
39.997459 116.374253 42326
39.997835 116.374262 42329
39.998462 116.374267 42334
39.999093 116.374283 42339
39.999633 116.374278 42344
39.999890 116.374355 42348
39.999901 116.374491 42350
39.999917 116.374695 42353
39.999923 116.375153 42358
39.999918 116.375528 42363
39.999773 116.375562 42367
39.999737 116.375570 42368
39.999699 116.375588 42369
39.999660 116.375606 42370
39.999545 116.375660 42373
