39.961100 116.354945 32476
39.961166 116.354944 32477
39.961233 116.354943 32478
39.961365 116.354940 32480
39.961398 116.354948 32481
39.961465 116.354965 32483
39.961550 116.354949 32504
39.961558 116.354948 32506
39.961797 116.354917 32510
39.962282 116.354880 32515
39.962838 116.354847 32520
39.963325 116.354817 32525
39.963633 116.354797 32529
39.963792 116.354692 32533
39.963808 116.354577 32535
39.963823 116.354462 32537
39.963821 116.354272 32539
39.963818 116.353988 32542
39.963823 116.353517 32547
39.963802 116.352890 32552
39.963803 116.352522 32556
39.963800 116.352451 32557
39.963797 116.352379 32558
39.963795 116.352308 32559
39.963792 116.352237 32560
39.963785 116.351927 32564
39.963752 116.351430 32569
39.963732 116.350965 32574
39.963726 116.350772 32576
39.963718 116.350483 32579
39.963715 116.350365 32580
39.963702 116.349895 32584
39.963670 116.349277 32589
39.963673 116.348843 32594
39.963732 116.348743 32598
39.963763 116.348737 32599
39.963825 116.348725 32601
39.963920 116.348713 32604
39.964023 116.348705 32608
39.964237 116.348695 32613
39.964359 116.348689 32615
39.964419 116.348686 32616
39.964480 116.348683 32617
39.964705 116.348673 32621
39.964900 116.348662 32625
39.965095 116.348648 32629
39.965282 116.348635 32633
39.965324 116.348631 32634
39.965408 116.348623 32636
39.965640 116.348593 32641
39.965840 116.348507 32646
39.965901 116.348498 32647
39.966082 116.348470 32650
39.966542 116.348442 32655
39.967068 116.348415 32660
39.967284 116.348404 32662
39.967607 116.348387 32665
39.968205 116.348348 32670
39.968830 116.348308 32675
39.969507 116.348270 32680
39.970257 116.348223 32685
39.971030 116.348165 32690
39.971833 116.348120 32695
39.972598 116.348077 32700
39.973348 116.348037 32705
39.973662 116.348021 32707
39.974133 116.347998 32710
39.974915 116.347958 32715
39.975688 116.347918 32720
39.976475 116.347873 32725
39.977252 116.347832 32730
39.977958 116.347790 32735
39.978572 116.347755 32740
39.979172 116.347725 32745
39.979678 116.347699 32749
39.979805 116.347693 32750
39.980383 116.347653 32755
39.980727 116.347624 32758
39.980957 116.347605 32760
39.981488 116.347565 32765
39.981603 116.347555 32766
39.982062 116.347517 32770
39.982483 116.347482 32774
39.982588 116.347473 32775
39.982982 116.347447 32779
39.983191 116.347441 32783
39.983243 116.347440 32784
39.983270 116.347445 32786
39.983337 116.347458 32791
39.983443 116.347465 32796
39.983639 116.347455 32800
39.983688 116.347453 32801
39.983861 116.347445 32804
39.983918 116.347442 32805
39.983978 116.347438 32806
39.984038 116.347435 32807
39.984158 116.347428 32809
39.984210 116.347425 32810
39.984365 116.347418 32813
39.984485 116.347412 32816
39.984588 116.347398 32819
39.984690 116.347392 32921
39.984767 116.347388 32926
39.984782 116.347387 32927
39.984872 116.347380 32973
39.984963 116.347373 32976
39.985212 116.347340 32981
39.985452 116.347280 32985
39.985627 116.347098 32989
39.985650 116.347044 32990
39.985672 116.346991 32991
39.985718 116.346883 32993
39.985723 116.346438 32998
39.985698 116.345742 33003
39.985672 116.345174 33007
39.985665 116.345032 33008
39.985638 116.344327 33013
39.985623 116.343705 33018
39.985612 116.343207 33023
39.985602 116.342698 33028
39.985595 116.342600 33029
39.985588 116.342502 33030
39.985574 116.342305 33032
39.985567 116.342207 33033
39.985515 116.341625 33038
39.985458 116.340858 33043
39.985434 116.340176 33047
39.985428 116.340005 33048
39.985402 116.339115 33053
39.985398 116.338983 33054
39.985382 116.338455 33058
39.985365 116.337960 33063
39.985342 116.337222 33068
39.985308 116.336302 33073
