39.945830 116.350033 19891
39.945594 116.350025 19894
39.945515 116.350023 19895
39.945466 116.350021 19896
39.945417 116.350020 19897
39.945307 116.350017 19901
39.945117 116.350013 19906
39.944838 116.350020 19910
39.944768 116.350020 19911
39.944699 116.350021 19912
39.944630 116.350021 19913
39.944560 116.350022 19914
39.944338 116.350023 19918
39.944063 116.350020 19922
39.943612 116.349990 19927
39.943406 116.349979 19929
39.943200 116.349968 19931
39.943097 116.349962 19932
39.942981 116.349957 19933
39.942518 116.349938 19937
39.941922 116.349707 19942
39.941400 116.349388 19947
39.941027 116.349253 19951
39.940966 116.349242 19952
39.940905 116.349231 19953
39.940782 116.349208 19955
39.940583 116.349207 19959
39.940421 116.349211 19962
39.940367 116.349212 19963
39.940011 116.349228 19967
39.939922 116.349232 19968
39.939533 116.349243 19973
39.939307 116.349262 19978
39.939274 116.349264 19979
39.939240 116.349265 19980
39.939207 116.349267 19981
39.939322 116.349312 19986
39.939433 116.349285 19993
39.939288 116.349327 19998
39.938765 116.349285 20002
39.938714 116.349288 20023
39.938675 116.349290 20039
39.938602 116.349295 20042
39.938577 116.349297 20043
39.938337 116.349307 20048
39.938093 116.349317 20052
39.937828 116.349328 20056
39.937583 116.349340 20060
39.937338 116.349352 20064
39.937204 116.349357 20066
39.937070 116.349363 20068
39.936637 116.349385 20073
39.936300 116.349402 20077
39.935845 116.349418 20082
39.935509 116.349433 20085
39.935397 116.349438 20086
39.935285 116.349443 20087
39.934685 116.349467 20092
39.934105 116.349493 20097
39.933490 116.349517 20102
39.933367 116.349522 20103
39.933243 116.349526 20104
39.932873 116.349540 20107
39.932243 116.349568 20112
39.931687 116.349595 20117
39.931414 116.349609 20120
39.931323 116.349613 20121
39.930897 116.349633 20126
39.930453 116.349652 20131
39.930261 116.349658 20133
39.929973 116.349668 20136
39.929764 116.349676 20138
39.929450 116.349688 20141
39.929088 116.349705 20145
39.928753 116.349718 20149
39.928298 116.349735 20154
39.928064 116.349746 20157
39.927908 116.349753 20159
39.927635 116.349767 20163
39.927543 116.349773 20173
39.927453 116.349775 20184
39.927427 116.349775 20185
39.927348 116.349777 20188
39.927098 116.349790 20193
39.926837 116.349803 20197
39.926617 116.349816 20200
39.926543 116.349820 20201
39.926390 116.349826 20203
39.926238 116.349832 20205
39.926150 116.349836 20206
39.925797 116.349852 20210
39.925605 116.349859 20212
39.925317 116.349870 20215
39.925129 116.349881 20217
39.924848 116.349898 20220
39.924410 116.349922 20225
39.924302 116.349925 20228
39.924207 116.349927 20248
39.924103 116.349928 20252
39.923875 116.349937 20257
39.923804 116.349941 20258
39.923733 116.349945 20259
39.923592 116.349953 20261
39.923521 116.349956 20262
39.923308 116.349965 20265
39.923063 116.349973 20269
39.922850 116.349982 20273
39.922652 116.349988 20277
39.922523 116.349993 20280
39.922433 116.349997 20285
39.922327 116.350022 20291
39.922065 116.350015 20296
39.921978 116.350012 20297
39.921718 116.350005 20300
39.921482 116.350010 20304
39.921255 116.350018 20309
39.921147 116.350023 20311
39.921038 116.350028 20313
39.920807 116.350038 20317
39.920572 116.350043 20321
39.920360 116.350050 20326
39.920148 116.350057 20331
39.920092 116.350060 20332
39.919979 116.350065 20334
39.919923 116.350067 20335
39.919532 116.350083 20340
39.919037 116.350100 20345
39.918961 116.350103 20346
39.918885 116.350105 20347
39.918658 116.350113 20350
39.918478 116.350121 20354
39.918433 116.350123 20355
39.918213 116.350122 20360
39.917937 116.350130 20364
39.917487 116.350153 20369
39.916970 116.350173 20374
39.916472 116.350200 20379
39.916074 116.350218 20383
39.915975 116.350223 20384
39.915768 116.350231 20386
39.915457 116.350243 20389
39.915008 116.350262 20394
39.914708 116.350275 20398
39.914472 116.350283 20402
39.914258 116.350295 20406
39.914035 116.350300 20410
39.913828 116.350297 20414
39.913630 116.350298 20418
39.913425 116.350303 20422
39.913190 116.350312 20426
39.913140 116.350313 20427
39.912992 116.350318 20430
39.912787 116.350327 20434
39.912706 116.350330 20435
39.912380 116.350343 20439
39.912204 116.350348 20441
39.912027 116.350353 20443
39.911707 116.350362 20447
39.911403 116.350378 20451
39.911253 116.350388 20453
39.911102 116.350397 20455
39.910852 116.350408 20459
39.910728 116.350405 20461
39.910605 116.350402 20463
39.910330 116.350387 20467
39.909923 116.350350 20472
39.909693 116.350327 20476
39.909485 116.350307 20481
39.909257 116.350277 20486
