2
13
20
25
30
36
54
57
68
85
89
101
113
128
132
140
175
182
193
224
234
247
283
289
296
300
301
308
324
327
333
347
348
354
366
367
373
376
396
398
405
409
418
422
433
440
443
466
469
470
495
506
514
521
539
563
565
569
571
573
592
644
650
653
658
660
682
697
716
726
745
756
758
783
807
818
820
829
855
859
864
867
874
875
890
925
937
945
946
968
975
977
982
1011
1035
1040
1050
1051
1061
1069
1074
1096
1099
1111
1143
1145
1159
1160
1172
1174
1175
1185
1189
1198
1199
1200
1201
1216
1244
1249
1251
1252
1258
1259
1260
1261
1262
1263
1270
1279
1287
1289
1292
1312
1314
1316
1318
1321
1322
1342
1350
1351
1368
1376
1394
1400
1401
1406
1407
1414
1415
1417
1435
1437
1438
1439
1446
1447
1449
1450
1463
1467
1468
1469
1470
1471
1473
1486
1490
1494
1502
1510
1511
1512
1514
1525
1526
1527
1528
1535
1537
1539
1552
1567
1568
1569
1586
1593
1594
1600
1603
1607
1615
1616
1619
1622
1653
1676
1680
1682
1683
1685
1686
1687
1688
1693
1697
1706
1715
1716
1719
1730
1733
1755
1757
1758
1759
1760
1761
1762
1776
1803
1804
1819
1820
1836
1838
1855
1870
1874
1881
1884
1886
1889
1904
1913
1914
1920
1936
1954
1965
1982
1988
2002
2034
2042
2052
2075
2076
2079
2089
2091
2092
2095
2106
2107
2108
2112
2128
2132
2173
2175
2206
2215
2230
2238
2253
2272
2281
2291
2300
2309
2330
2331
2338
2356
2357
2362
2368
2378
2383
2389
2395
2401
2402
2417
2418
2426
2430
2446
2460
2477
2482
2518
2523
2533
2535
2552
2558
2577
2604
2605
2606
2609
2610
2622
2624
2633
2660
2676
2678
2697
2700
2715
2781
2782
2871
2877
2880
2891
2903
2930
2932
2936
2937
2940
2941
2953
2954
2958
2968
2985
3019
3020
3026
3035
3057
3067
3069
3080
3086
3090
3092
3094
3096
3112
3118
3132
3138
3140
3146
3149
3158
3167
3169
3170
3176
3178
3180
3195
3197
3205
3219
3225
3239
3265
3273
3284
3293
3294
3299
3333
3362
3395
3406
3413
3416
3446
3449
3480
3481
3483
3497
3504
3516
3525
3541
3545
3557
3569
3584
3588
3596
3631
3638
3649
3680
3690
3703
3739
3745
3752
3756
3757
3764
3780
3783
3789
3803
3804
3810
3822
3823
3829
3832
3852
3854
3861
3865
3874
3878
3889
3896
3899
3922
3925
3926
3951
3962
3970
3977
3995
4019
4021
4025
4027
4029
4048
4100
4106
4109
4114
4116
4143
4165
4174
4184
4195
4209
4211
4212
4238
4255
4259
4277
4286
4288
4294
4298
4299
4301
4306
4307
4310
4312
4329
4332
4336
4343
4345
4355
4361
4365
4372
4397
4403
4416
4417
4425
4436
4440
4455
4520
4530
4536
4556
4557
4562
4569
4572
4574
4580
4581
4589
4590
4594
4604
4633
4637
4639
4641
4645
4647
4673
4692
4694
4705
4708
4726
4743
4748
4757
4769
4770
4778
4782
4795
4800
4816
4826
4844
4853
4866
4878
4893
4910
4928
4932
4933
4955
4965
4967
4970
4994
4999
5015
5024
5043
5044
5051
5058
5064
5077
5108
5138
5146
5200
5251
5285
5287
5292
5295
5302
5304
5319
5321
5355
5367
5373
5388
5389
5403
5410
5411
5412
5416
5434
5439
5441
5452
5464
5471
5472
5494
5520
5525
5530
5542
5553
5558
5565
5572
5573
5575
5600
5604
5610
5613
5615
5623
5636
5650
5663
5668
5671
5681
5696
5711
5720
5723
5733
5759
5764
5784
5800
5858
5876
5881
5891
5898
5904
5916
5923
5928
5935
5937
5957
5958
5996
6006
6017
6018
6021
6022
6036
6040
6044
6076
6100
6158
6176
6236
6239
6244
6277
6278
6295
6317
6346
6353
6356
6365
6366
6371
6397
6408
6413
6418
6425
6432
6452
6484
6497
6499
6570
6581
6585
6589
6591
6594
6610
6618
6623
6644
6651
6658
6709
6727
6736
6754
6790
6798
6805
6806
6811
6814
6823
6861
6862
6919
6939
6955
6987
6990
7005
7010
7039
7044
7046
7065
7067
7073
7074
7076
7077
7092
7102
7108
7114
7115
7117
7127
7130
7131
7159
7162
7165
7174
7176
7178
7180
7185
7186
7188
7192
7200
7210
7211
7215
7218
7229
7230
7249
7256
7257
7258
7267
7269
7272
7273
7276
7282
7283
7292
7308
7313
7320
7336
7366
7369
7374
7379
7390
7417
7420
7425
7426
7428
7437
7439
7476
7478
7485
7496
7504
7533
7547
7551
7557
7561
7563
7564
7567
7569
7573
7580
7581
7606
7617
7621
7633
7644
7651
7667
7703
7712
7713
7741
7767
7770
7776
7786
7787
7791
7812
7817
7824
7851
7855
7866
7872
7874
7875
7877
7880
7883
7907
7915
7925
7926
7932
7939
7940
7941
7947
7950
7968
7979
7999
8001
8003
8010
8023
8045
8049
8050
8053
8056
8078
8108
8109
8113
8114
8119
8131
8138
8139
8142
8153
8161
8168
8177
8184
8201
8206
8220
8227
8228
8235
8243
8247
8249
8253
8258
8263
8268
8277
8278
8282
8285
8287
8289
8297
8301
8313
8321
8332
8334
8336
8348
8352
8370
8376
8407
8411
8430
8440
8463
8469
8474
8476
8489
8492
8495
8503
8504
8506
8513
8514
8519
8521
8528
8529
8536
8540
8543
8547
8555
8561
8563
8566
8574
8580
8583
8587
8594
8597
8604
8605
8623
8624
8625
8629
8638
8644
8648
8651
8661
8662
8666
8667
8669
8670
8676
8679
8690
8696
8713
8714
8722
8726
8743
8756
8758
8779
8787
8802
8814
8827
8828
8843
8848
8849
8850
8853
8859
8860
8865
8867
8870
8887
8903
8904
8910
8912
8919
8920
8921
8926
8927
8928
8961
8962
8963
8976
8978
8990
9003
9007
9009
9010
9011
9020
9024
9037
9051
9054
9058
9069
9070
9080
9085
9094
9098
9112
9121
9128
9129
9135
9147
9148
9169
9176
9178
9182
9191
9192
9193
9194
9217
9226
9233
9243
9247
9260
9264
9265
9266
9267
9273
9296
9303
9304
9307
9310
9311
9312
9324
9329
9339
9345
9352
9362
9366
9390
9402
9404
9408
9409
9417
9423
9430
9431
9433
9437
9451
9468
9476
9479
9484
9489
9493
9507
9591
9652
9659
9664
9668
9671
9702
9706
9715
9718
9731
9736
9745
9750
9754
9767
9775
9781
9793
9819
9821
9822
9825
9857
9858
9860
9861
9862
9868
9878
9889
9961
9985
9989
10006
10008
10018
10024
10029
10031
10032
10036
10037
10044
10068
10070
10089
10103
10106
10121
10127
10128
10133
10143
10148
10151
10152
10157
10168
10173
10189
10212
10214
10217
10221
10225
10229
10231
10238
10240
10241
10243
10274
10290
10291
10295
10310
10317
10331
10338
10341
10347
10354
10358
10365
10372
10382
10383
10393
10399
10411
10414
10417
10422
10429
10430
10431
10435
10442
10469
10470
10493
10506
10512
10521
10551
10571
10574
10578
10620
10626
10627
10642
10653
10662
10666
10670
10675
10676
10692
10709
10711
10728
10739
10740
10750
10762
10780
10795
10798
10818
10837
10843
10868
10869
10885
10889
10891
10897
10903
10907
10910
10926
10934
10966
10970
10974
10976
10977
10987
10988
10993
11001
11002
11013
11019
11049
11077
11079
11083
11088
11096
11100
11106
11111
11120
11121
11128
11153
11159
11160
11175
11177
11183
11186
11193
11210
11212
11213
11214
11228
11230
11231
11240
11241
11248
11253
11275
11282
11311
11313
11315
11358
11361
11371
11376
11449
11462
11470
11473
11480
11481
11483
11498
11510
11520
11544
11558
11560
11561
11564
11567
11569
11570
11582
11583
11586
11593
11595
11606
11609
11621
11643
11650
11656
11677
11694
11695
11717
11722
11725
11753
11762
11763
11770
11771
11782
11798
11807
11818
11833
11864
11866
11892
11896
11899
11904
11915
11935
11936
11942
11948
11984
11989
12001
12004
12009
12014
12015
12018
12029
12030
12033
12043
12046
12058
12067
12074
12092
12093
12106
12108
12155
12162
12165
12166
12181
12188
12241
12256
12279
12299
12339
12344
12352
12353
12355
12356
12398
12417
12422
12425
12440
12456
12461
12477
12484
12487
12493
12501
12505
12523
12524
12530
12538
12542
12549
12550
12552
12564
12566
12570
12580
12582
12583
12585
12586
12631
12633
12634
12643
12646
12651
12652
12666
12694
12710
12738
12751
12779
12789
12798
12799
12800
12826
12831
12863
12866
12917
12942
12972
12974
12993
12998
13018
13025
13027
13067
13084
13091
13096
13098
13115
13138
13145
13148
13149
13176
13186
13198
13229
13232
13240
13278
13306
13313
13314
13321
13323
13334
13346
13365
13366
13396
13397
13438
13445
13458
13464
13471
13476
13477
13485
13491
13554
13563
13572
13575
13585
13588
13592
13642
13648
13676
13684
13709
13712
13722
13752
13753
13763
13771
13780
13794
13795
13821
13831
13846
13873
13923
13930
13934
13938
13947
14020
14033
14053
14077
14088
14105
14124
14128
14129
14144
14194
14196
14203
14224
14244
14257
14260
14268
14281
14284
14296
14297
14307
14333
14343
14389
14391
14402
14406
14407
14410
14423
14427
14433
14487
14488
14490
14511
14534
14547
14548
14552
14554
14563
14581
14582
14603
14622
14624
14704
14708
14709
14715
14725
14747
14757
14762
14763
14766
14772
14780
14809
14834
14835
14851
14857
14861
14865
14866
14868
14890
14891
14892
14893
14894
14895
14898
14901
14904
14914
14927
14955
14961
14994
15007
15019
15023
15024
15031
15052
15057
15059
15060
15063
15067
15068
15074
15093
15096
15097
15101
15116
15117
15125
15126
15138
15140
15145
15151
15167
15169
15172
15177
15216
15239
15248
15264
15265
15279
15293
15298
15311
15314
15323
15334
15343
15357
15365
15384
15399
15418
15419
15428
15434
15435
15437
15463
15465
15466
15475
15476
15477
15483
15505
15507
15509
15512
15523
15525
15535
15539
15544
15555
15567
15577
15581
15583
15627
15639
15646
15647
15661
15665
15667
15669
15673
15688
15689
15694
15702
15706
15710
15720
15722
15730
15734
15740
15741
15763
15769
15780
15784
15793
15800
15821
15826
15838
15849
15865
15876
15877
15891
15905
15909
15919
15927
15944
15945
15952
15953
15957
15958
15965
15974
15975
15979
15980
15993
15995
16000
16004
16012
16030
16065
16096
16105
16110
16116
16118
16119
16120
16129
16144
16147
16148
16149
16161
16167
16168
16178
16182
16213
16218
16222
16226
16227
16234
16258
16269
16291
16330
16337
16340
16356
16371
16377
16409
16419
16431
16434
16436
16442
16443
16445
16447
16454
16456
16465
16472
16495
16500
16522
16575
16586
16593
16594
16595
16600
16615
16617
16619
16628
16639
16640
16643
16684
16690
16696
16698
16700
16704
16706
16727
16737
16753
16755
16769
16801
16838
16841
16844
16848
16850
16852
16876
16885
16893
16900
16906
16910
16911
16913
16940
16944
16961
16988
16997
17008
17009
17011
17028
17046
17055
17060
17067
17076
17080
17087
17089
17098
17120
17146
17165
17168
17190
17203
17205
17211
17230
17281
17282
17294
17323
17330
17331
17336
17349
17368
17376
17380
17382
17383
17397
17402
17413
17426
17427
17428
17443
17458
17459
17473
17480
17481
17492
17517
17519
17523
17524
17541
17570
17575
17580
17591
17596
17605
17612
17615
17620
17622
17626
17629
17652
17670
17671
17674
17681
17688
17714
17719
17729
17743
17763
17767
17768
17775
17803
17805
17820
17847
17854
17858
17859
17866
17875
17890
17891
17892
17924
17926
17930
17932
17940
17949
17954
17958
17959
17961
17967
17972
17975
17978
17984
17993
17998
18007
18009
18017
18019
18024
18025
18032
18034
18035
18039
18048
18061
18077
18082
18087
18088
18099
18107
18111
18116
18129
18132
18134
18135
18136
18141
18150
18151
18153
18154
18156
18171
18174
18179
18180
18184
18189
18196
18201
18203
18204
18206
18210
18227
18234
18240
18247
18259
18266
18267
18268
18269
18274
18276
18280
18282
18291
18294
18316
18320
18336
18338
18372
18428
18429
18443
18456
18469
18474
18502
18503
18506
18515
18516
18522
18523
18554
18560
18613
18623
18625
18640
18644
18656
18658
18675
18680
18688
18691
18778
18779
18782
18783
18787
18791
18802
18806
18810
18819
18831
18839
18845
18861
18879
18895
18952
18954
18960
18963
18973
19016
19025
19037
19039
19052
19057
19064
19081
19082
19103
19130
19133
19143
19173
19205
19212
19261
19305
19318
19322
19330
19336
19353
19356
19374
19376
19381
19421
19425
19432
19433
19438
19441
19442
19444
19524
19561
19589
19654
19682
19707
19730
19771
19786
19810
19953
19985
19991
20112
20114
20115
20140
20155
20156
20234
20252
20254
20272
20274
20362
20380
20382
20525
20536
20542
20549
20556
20561
20570
20572
20576
20590
20602
20621
20630
20651
20692
20696
20700
20729
20732
20737
20747
20768
20801
20807
20837
20849
20857
20868
20875
20889
20928
20959
20979
20981
20988
21000
21017
21018
21020
21029
21044
21059
21065
21078
21083
21098
21106
21115
21122
21144
21190
21191
21196
21201
21205
21225
21227
21230
21235
21238
21244
21247
21250
21261
21271
21291
21294
21299
21300
21321
21328
21339
21344
21356
21368
21374
21378
21386
21398
21433
21434
21441
21454
21456
21467
21474
21492
21497
21513
21532
21553
21575
21586
21598
21610
21626
21647
21652
21679
21680
21698
21717
21723
21745
21779
21789
21802
21814
21819
21876
21895
21897
21910
21920
21961
21962
21995
22002
22005
22010
22013
22023
22028
22055
22056
22057
22117
22120
22137
22156
22162
22165
22177
22196
22207
22208
22212
22215
22242
22251
22255
22266
22276
22294
22303
22321
22330
22339
22345
22373
22375
22376
22378
22391
22393
22403
22408
22419
22434
22443
22444
22447
22449
22467
22470
22497
22510
22529
22539
22551
22555
22591
22614
22641
22647
22648
22649
22660
22693
22694
22754
22803
22807
22859
22860
22889
22895
22897
22906
22925
22946
22980
22997
23013
23016
23074
23159
23185
23219
23223
23225
23238
23246
23264
23267
23268
23272
23276
23280
23293
23296
23311
23317
23319
23337
23364
23377
23414
23424
23440
23444
23460
23471
23477
23478
23486
23490
23521
23533
23534
23548
23562
23577
23600
23618
23626
23649
23653
23660
23662
23665
23669
23670
23686
23693
23694
23705
23713
23717
23718
23724
23732
23735
23738
23747
23768
23774
23777
23778
23799
23813
23816
23824
23831
23855
23871
23872
23881
23890
23899
23918
23946
23947
23960
23962
23988
23989
24023
24025
24047
24048
24069
24087
24093
24095
24098
24107
24111
24125
24161
24162
24166
24246
24248
24254
24263
24269
24279
24298
24302
24306
24322
24333
24340
24349
24364
24370
24372
24388
24391
24392
24452
24466
24478
24497
24501
24508
24523
24540
24552
24556
24557
24559
24595
24596
24598
24627
24631
24681
24691
24696
24717
24719
24727
24730
24748
24774
24788
24797
24814
24823
24824
24825
24827
24844
24855
24859
24864
24871
24885
24903
24926
24981
24992
25003
25010
25014
25028
25040
25045
25069
25075
25087
25102
25109
25114
25116
25119
25124
25125
25138
25146
25152
25153
25177
25179
25185
25191
25219
25223
25231
25240
25246
25251
25253
25260
25268
25279
25280
25290
25294
25311
25314
25349
25356
25367
25372
25376
25388
25390
25391
25432
25441
25444
25445
25475
25489
25515
25523
25587
25610
25661
25691
25693
25702
25704
25706
25710
25728
25732
25734
25768
25795
25811
25814
25862
25909
25922
25935
25971
25990
26007
26008
26012
26018
26026
26037
26048
26058
26060
26072
26080
26103
26106
26110
26112
26116
26120
26131
26137
26167
26174
26175
26199
26200
26204
26220
26223
26226
26232
26266
26267
26268
26284
26292
26310
26320
26336
26346
26352
26353
26361
26366
26391
26393
26398
26407
26411
26421
26424
26426
26432
26443
26451
26452
26453
26454
26465
26475
26510
26524
26532
26554
26560
26599
26607
26655
26667
26669
26697
26707
26709
26720
26725
26739
26764
26794
26800
26815
26822
26829
26854
26865
26871
26872
26874
26881
26886
26890
26891
26899
26911
26991
26994
27011
27014
27030
27032
27051
27053
27077
27085
27089
27093
27106
27110
27118
27119
27120
27148
27150
27158
27163
27173
27183
27184
27197
27211
27221
27222
27223
27224
27225
27226
27227
27240
27259
27260
27268
27274
27277
27278
27296
27317
27327
27331
27363
27383
27387
27394
27404
27421
27445
27446
27450
27455
27459
27460
27466
27477
27479
27485
27513
27516
27518
27520
27521
27522
27523
27524
27525
27526
27527
27530
27531
27543
27555
27569
27571
27579
27590
27592
27608
27629
27645
27660
27666
27672
27692
27700
27705
27710
27714
27717
27728
27729
27750
27752
27755
27768
27780
27796
27797
27813
27819
27833
27835
27836
27839
27844
27845
27848
27850
27854
27863
27879
27902
27903
27920
27924
27929
27930
27952
27982
27985
27990
28004
28006
28018
28024
28031
28032
28036
28047
28051
28054
28058
28060
28063
28069
28074
28075
28076
28077
28079
28094
28109
28118
28120
28127
28142
28143
28149
28151
28175
28188
28229
28248
28256
28258
28262
28283
28284
28302
28329
28348
28360
28364
28379
28383
28395
28404
28410
28453
28454
28465
28474
28483
28485
28487
28489
28514
28545
28547
28549
28552
28557
28574
28587
28595
28598
28608
28611
28637
28638
28649
28654
28675
28679
28682
28683
28686
28688
28694
28702
28706
28712
28714
28715
28716
28726
28731
28735
28739
28741
28744
28750
28752
28762
28764
28785
28789
28792
28793
28794
28858
28860
28861
28877
28879
28884
28886
28891
28894
28895
28909
28923
28924
28926
28927
28929
28930
28939
28945
28953
28955
28961
28966
28967
28981
28984
28985
29006
29011
29012
29013
29015
29051
29070
29080
29108
29126
29136
29137
29148
29153
29154
29160
29162
29168
29180
29182
29185
29203
29207
29212
29227
29230
29232
29234
29250
29268
29278
29294
29298
29309
29322
29324
29325
29347
29348
29355
29386
29389
29391
29393
29400
29403
29450
29455
29458
29459
29462
29463
29485
29488
29494
29499
29512
29513
29514
29515
29516
29518
29540
29548
29553
29554
29561
29566
29585
29619
29624
29639
29641
29671
29683
29695
29706
29707
29725
29746
29752
29777
29782
29788
29849
29851
29854
29856
29863
29867
29883
29905
29906
29929
29935
29936
29937
29946
29962
29964
29976
29979
29980
30000
30003
30028
30031
30052
30053
30084
30087
30090
30092
30093
30094
30095
30097
30098
30099
30100
30101
30116
30120
30130
30137
30159
30160
30182
30201
30241
30272
30300
30306
30310
30314
30316
30319
30341
30346
30365
30369
30400
30406
30428
30451
30454
30464
30469
30473
30475
30477
30482
30483
30515
30538
30539
30557
30560
30592
30606
30608
30620
30672
30676
30688
30699
30713
30717
30722
30731
30733
30765
30780
30792
30793
30795
30800
30811
30827
30841
30851
30864
30874
30875
30885
30902
30903
30905
30909
30914
30939
30946
30947
30949
30966
30977
30994
30996
30997
31045
31046
31048
31058
31062
31068
31073
31096
31100
31116
31120
31122
31124
31130
31134
31150
31151
31179
31182
31183
31194
31220
31221
31224
31228
31235
31254
31256
31259
31270
31279
31288
31293
31297
31318
31320
31330
31332
31335
31342
31350
31353
31355
31358
31362
31363
31367
31370
31376
31380
31393
31403
31427
31432
31443
31456
31467
31470
31486
31492
31504
31513
31530
31542
31543
31576
31585
31595
31609
31625
31626
31627
31635
31647
31670
31675
31688
31701
31718
31741
31753
31757
31769
31796
31802
31807
31811
31814
31815
31818
31867
31873
31887
31909
31929
31954
31966
31971
31976
32020
32025
32035
32037
32040
32047
32060
32064
32069
32073
32074
32083
32085
32093
32097
32142
32143
32150
32153
32155
32162
32175
32192
32211
32212
32214
32216
32221
32231
32232
32240
32242
32251
32267
32270
32272
32275
32289
32300
32303
32304
32318
32323
32327
32330
32335
32339
32377
32384
32385
32389
32393
32396
32399
32405
32410
32411
32412
32423
32424
32427
32430
32443
32457
32465
32484
32495
32511
32515
32532
32561
32616
32628
32637
32643
32655
32661
32673
32696
32698
32718
32724
32740
32750
32760
32763
32768
32771
32773
32786
32795
32800
32802
32817
32818
32822
32825
32836
32837
32842
32843
32851
32853
32854
32865
32868
32870
32871
32885
32886
32890
32907
32911
32913
32919
32925
32930
32967
33000
33006
33023
33035
33053
33056
33060
33061
33063
33064
33069
33075
33076
33079
33080
33083
33099
33100
33105
33108
33114
33131
33139
33146
33147
33182
33193
33203
33221
33237
33240
33242
33248
33254
33264
33267
33276
33286
33288
33290
33293
33317
33320
33334
33345
33348
33354
33358
33362
33363
33374
33376
33379
33390
33394
33417
33419
33429
33460
33462
33465
33470
33476
33491
33507
33519
33544
33547
33566
33580
33585
33591
33599
33607
33631
33652
33664
33745
33755
33760
33770
33777
33785
33791
33792
33845
33887
33898
33899
33911
33913
33930
33946
33948
33960
33963
33964
33970
33972
33973
33978
33979
34002
34011
34012
34013
34015
34027
34038
34039
34042
34050
34060
34061
34064
34072
34073
34077
34080
34082
34085
34086
34096
34098
34099
34124
34129
34130
34131
34132
34145
34146
34147
34150
34158
34160
34161
34164
34165
34170
34192
34193
34195
34200
34201
34213
34224
34227
34237
34250
34252
34279
34280
34289
34304
34317
34318
34323
34324
34336
34337
34341
34345
34346
34356
34358
34364
34372
34374
34380
34394
34415
34416
34419
34470
34475
34483
34486
34496
34503
34531
34551
34564
34570
34571
34573
34580
34596
34620
34622
34623
34624
34631
34647
34657
34662
34663
34664
34666
34686
34689
34693
34699
34720
34732
34739
34744
34752
34755
34779
34784
34795
34796
34801
34812
34816
34835
34841
34901
34913
34914
34928
34929
34948
34954
34981
34982
34985
34990
35026
35028
35031
35033
35040
35044
35049
35050
35058
35061
35094
35101
35103
35110
35125
35131
35138
35160
35166
35173
35182
35215
35216
35217
35224
35238
35264
35266
35269
35273
35275
35285
35296
35297
35320
35329
35330
35331
35333
35345
35356
35357
35360
35368
35400
35415
35428
35429
35454
35456
35462
35468
35476
35481
35482
35485
35487
35491
35501
35518
35519
35521
35525
35527
35562
35573
35581
35584
35593
35596
35610
35614
35623
35628
35648
35653
35663
35675
35681
35685
35686
35693
35711
35743
35748
35772
35780
35793
35823
35828
35833
35846
35850
35892
35901
35903
35932
35943
35955
35959
35987
35992
36012
36030
36038
36039
36064
36081
36130
36170
36191
36196
36207
36222
36300
36393
36404
36430
36464
36475
36484
36497
36501
36515
36516
36528
36531
36543
36568
36576
36587
36637
36670
36675
36676
36688
36692
36761
36786
36832
36843
36862
36883
36897
36916
36917
36938
36949
36953
36965
36976
36983
36999
37038
37042
37047
37049
37051
37053
37061
37078
37102
37105
37126
37129
37130
37164
37171
37172
37177
37178
37182
37188
37197
37199
37222
37223
37241
37272
37300
37303
37307
37314
37336
37348
37375
37399
37409
37421
37434
37442
37449
37454
37459
37471
37508
37513
37534
37545
37546
37561
37566
37569
37607
37619
37631
37635
37661
37663
37670
37689
37690
37691
37696
37721
37722
37723
37733
37739
37760
37763
37775
37805
37823
37834
37836
37837
37859
37861
37863
37864
37870
37882
37894
37926
37942
37945
37960
37977
37981
37991
38000
38015
38030
38048
38062
38074
38081
38082
38083
38098
38099
38132
38149
38151
38153
38167
38175
38178
38190
38214
38215
38225
38228
38234
38235
38239
38252
38261
38266
38272
38277
38285
38290
38299
38301
38323
38327
38341
38348
38350
38365
38369
38372
38378
38382
38389
38390
38393
38394
38403
38408
38411
38417
38424
38432
38443
38444
38448
38452
38455
38460
38462
38466
38467
38473
38478
38480
38483
38486
38488
38490
38491
38496
38497
38505
38507
38513
38517
38522
38524
38527
38534
38537
38541
38542
38549
38554
38555
38563
38565
38566
38579
38584
38587
38594
38596
38599
38615
38618
38634
38643
38663
38692
38695
38698
38701
38721
38727
38752
38761
38770
38771
38774
38775
38782
38784
38797
38808
38810
38831
38832
38836
38837
38840
38841
38848
38854
38855
38856
38866
38867
38878
38889
38901
38902
38910
38919
38923
38930
38935
38943
38950
38952
38961
38965
38972
38973
38983
38996
39004
39005
39007
39015
39025
39029
39038
39040
39048
39053
39059
39060
39063
39066
39067
39068
39069
39071
39072
39074
39076
39090
39091
39092
39095
39099
39100
39101
39108
39113
39114
39120
39121
39128
39129
39132
39137
39138
39141
39150
39152
39154
39156
39161
39173
39182
39198
39208
39214
39219
39229
39232
39233
39236
39245
39272
39276
39289
39298
39313
39317
39329
39331
39336
39337
39355
39358
39369
39371
39377
39389
39394
39397
39400
39413
39420
39422
39441
39447
39456
39457
39469
39489
39490
39501
39513
39517
39537
39541
39551
39570
39585
39600
39617
39636
39641
39643
39644
39652
39672
39673
39675
39677
39687
39696
39697
39698
39711
39717
39718
39725
39729
39739
39746
39750
39757
39767
39770
39779
39789
39791
39793
39796
39820
39823
39837
39848
39851
39857
39861
39864
39872
39875
39910
39921
39929
39933
39934
39947
39950
39953
39961
39967
39972
39991
39995
39998
40006
40022
40049
40057
40058
40060
40068
40092
40108
40116
40119
40122
40130
40141
40145
40173
40174
40180
40193
40194
40205
40210
40218
40220
40232
40235
40245
40247
40249
40271
40277
40294
40314
40316
40320
40321
40327
40344
40369
40376
40380
40387
40394
40396
40399
40401
40416
40440
40441
40446
40449
40450
40489
40492
40536
40548
40553
40579
40607
40619
40641
40672
40678
40683
40684
40709
40710
40736
40737
40740
40775
40781
40785
40786
40791
40793
40807
40820
40834
40836
40844
40850
40864
40867
40873
40879
40881
40905
40909
40912
40913
40919
40928
40931
40935
40937
40939
40940
40941
40944
40946
40947
40948
40958
40969
40990
40993
40995
41003
41027
41031
41032
41043
41045
41061
41069
41070
41075
41078
41079
41080
41082
41090
41097
41101
41105
41108
41112
41114
41121
41122
41142
41148
41161
41164
41170
41171
41185
41187
41191
41194
41215
41221
41235
41236
41250
41259
41267
41300
41305
41315
41320
41324
41334
41338
41345
41347
41349
41353
41357
41359
41362
41364
41374
41396
41400
41404
41405
41410
41427
41428
41434
41438
41440
41446
41465
41469
41474
41482
41483
41484
41485
41489
41498
41507
41509
41518
41519
41527
41528
41532
41534
41544
41546
41550
41556
41565
41570
41595
41596
41601
41607
41631
41632
41635
41636
41638
41641
41643
41649
41651
41653
41669
41680
41684
41703
41711
41713
41737
41738
41740
41746
41747
41748
41755
41758
41760
41774
41778
41779
41785
41787
41789
41794
41799
41801
41814
41815
41824
41828
41840
41848
41858
41860
41862
41866
41870
41875
41878
41882
41885
41893
41897
41901
41902
41910
41921
41924
41927
41930
41934
41941
41944
41953
41967
41972
41979
41980
41981
41984
41989
41999
42004
42007
42017
42020
42021
42022
42029
42032
42035
42042
42045
42046
42056
42062
42066
42073
42078
42085
42088
42097
42101
42110
42112
42115
42117
42121
42122
42141
42150
42154
42155
42160
42166
42168
42177
42179
42181
42183
42184
42195
42200
42202
42210
42213
42228
42231
42234
42237
42240
42277
42282
42287
42289
42290
42294
42303
42311
42320
42341
42342
42344
42346
42352
42367
42377
42382
42385
42387
42391
42407
42413
42420
42428
42429
42431
42433
42434
42442
42448
42451
42458
42461
42473
42475
42479
42493
42505
42525
42539
42549
42550
42574
42577
42582
42590
42602
42627
42630
42631
42632
42645
42653
42668
42669
42672
42678
42680
42681
42685
42694
42697
42709
42710
42713
42718
42731
42733
42734
42738
42739
42740
42742
42746
42756
42762
42765
42805
42806
42807
42813
42816
42857
42858
42864
42868
42887
42888
42891
42895
42899
42903
42904
42930
42931
42945
42948
42956
42962
42964
42967
42968
42971
42976
42977
42986
42991
42999
43011
43015
43016
43017
43061
43062
43081
43098
43117
43135
43143
43153
43154
43155
43156
43175
43181
43193
43196
43203
43204
43206
43213
43223
43225
43234
43237
43240
43248
43251
43267
43279
43284
43298
43301
43302
43307
43308
43315
43320
43322
43330
43333
43334
43343
43359
43361
43378
43380
43383
43385
43393
43396
43402
43406
43410
43434
43442
43446
43447
43449
43455
43475
43476
43477
43488
43493
43494
43498
43505
43510
43523
43525
43528
43529
43530
43532
43535
43539
43549
43552
43554
43564
43569
43573
43590
43613
43621
43627
43648
43659
43670
43682
43687
43693
43695
43696
43697
43704
43708
43730
43738
43744
43749
43751
43765
43766
43768
43775
43777
43784
43785
43787
43807
43811
43826
43832
43845
43850
43851
43854
43865
43878
43879
43883
43888
43913
43921
43929
43932
43933
43939
43945
43947
43957
43960
43966
43977
44004
44015
44027
44034
44038
44060
44066
44071
44073
44085
44090
44091
44094
44100
44102
44114
44122
44126
44127
44139
44142
44145
44161
44167
44180
44194
44196
44197
44198
44199
44201
44212
44213
44218
44227
44231
44233
44242
44248
44283
44292
44310
44318
44319
44327
44331
44335
44349
44350
44354
44356
44369
44375
44383
44390
44391
44394
44397
44398
44403
44405
44412
44421
44425
44439
44446
44461
44465
44473
44480
44488
44495
44497
44504
44505
44506
44512
44539
44541
44544
44586
44587
44588
44590
44591
44599
44610
44611
44616
44619
44625
44642
44654
44658
44665
44677
44678
44688
44689
44691
44702
44716
44747
44750
44752
44762
44763
44765
44766
44768
44776
44787
44791
44795
44796
44803
44808
44815
44817
44836
44840
44844
44852
44854
44868
44872
44895
44899
44901
44904
44905
44914
44915
44959
44969
44976
44984
44992
44993
44997
45000
45008
45009
45016
45020
45021
45022
45024
45051
45061
45062
45065
45067
45070
45078
45079
45082
45096
45108
45109
45111
45116
45136
45138
45153
45163
45165
45172
45174
45184
45205
45218
45227
45236
45252
45265
45267
45273
45276
45289
45290
45308
45310
45317
45339
45341
45343
45350
45351
45359
45365
45366
45367
45369
45396
45402
45408
45409
45422
45430
45432
45445
45450
45453
45461
45462
45467
45470
45474
45481
45493
45506
45509
45521
45524
45527
45531
45536
45541
45542
45554
45567
45570
45578
45591
45593
45610
45618
45629
45641
45682
45692
45696
45697
45701
45717
45718
45722
45725
45726
45728
45731
45734
45741
45745
45763
45771
45772
45777
45787
45788
45817
45827
45836
45844
45850
45857
45859
45868
45879
45904
45911
45914
45915
45918
45921
45924
45926
45927
45930
45931
45932
45938
45951
45963
45964
45969
45973
45974
45976
45977
45978
45981
45982
45997
46009
46021
46025
46040
46051
46058
46061
46062
46063
46064
46065
46070
46077
46081
46084
46093
46097
46131
46144
46154
46173
46179
46185
46187
46190
46192
46196
46200
46201
46203
46212
46221
46222
46223
46224
46226
46228
46229
46231
46232
46234
46239
46249
46255
46257
46262
46264
46266
46270
46271
46274
46275
46277
46278
46281
46288
46292
46293
46294
46295
46296
46299
46305
46308
46315
46317
46318
46319
46321
46322
46329
46330
46338
46339
46346
46354
46361
46362
46364
46366
46368
46369
46370
46382
46383
46386
46387
46389
46390
46414
46420
46421
46430
46431
46432
46440
46441
46444
46447
46448
46450
46452
46455
46471
46472
46473
46475
46480
46485
46488
46491
46493
46494
46497
46503
46505
46507
46508
46510
46517
46521
46524
46525
46526
46528
46530
46532
46533
46535
46536
46540
46542
46548
46549
46550
46551
46552
46553
46565
46567
46568
46570
46571
46572
46575
46581
46584
46587
46588
46599
46600
46601
46603
46604
46616
46617
46618
46649
46657
46662
46679
46681
46682
46683
46685
46686
46688
46689
46691
46696
46697
46698
46700
46701
46702
46703
46705
46714
46715
46716
46727
46728
46730
46731
46733
46744
46746
46747
46749
46750
46751
46753
46757
46758
46760
46769
46774
46778
46795
46800
46810
46813
46823
46834
46840
46847
46850
46851
46852
46890
46895
46906
46930
46931
46938
46946
46956
46964
46967
46970
46975
46981
46982
46985
46991
46998
47001
47012
47023
47024
47031
47035
47044
47059
47062
47064
47065
47075
47086
47099
47105
47123
47127
47138
47144
47151
47153
47159
47164
47170
47171
47175
47209
47210
47218
47226
47233
47250
47254
47259
47261
47263
47264
47265
47266
47267
47268
47269
47270
47272
47281
47297
47298
47307
47324
47328
47334
47335
47339
47345
47347
47348
47352
47366
47372
47373
47389
47394
47411
47416
47419
47425
47439
47444
47491
47502
47510
47529
47532
47542
47557
47569
47581
47585
47594
47604
47609
47628
47629
47644
47651
47652
47662
47685
47688
47695
47725
47732
47753
47755
47762
47768
47778
47792
47798
47799
47812
47824
47897
47904
47919
47951
47963
48003
48024
48057
48099
48106
48142
48159
48161
48173
48179
48180
48183
48192
48209
48216
48224
48244
48257
48268
48293
48295
48303
48304
48306
48308
48312
48314
48315
48324
48347
48348
48366
48394
48413
48416
48417
48430
48445
48448
48480
48482
48484
48485
48491
48513
48519
48532
48538
48546
48558
48563
48584
48598
48603
48605
48615
48616
48633
48634
48647
48676
48690
48697
48707
48711
48713
48714
48719
48722
48757
48775
48789
48820
48821
48867
48882
48919
48929
48939
48941
48944
48945
48979
48994
49011
49018
49037
49042
49050
49080
49084
49103
49149
49154
49162
49200
49232
49244
49275
49277
49278
49282
49358
49375
49424
49437
49446
49450
49456
49459
49467
49469
49522
49529
49530
49571
49608
49612
49626
49627
49688
49690
49696
49714
49727
49745
49753
49762
49785
49787
49817
49823
49825
49837
49872
49882
49894
49901
49917
49918
49936
49943
49947
49955
49969
49975
49982
50014
50015
50056
50103
50106
50113
50120
50123
50148
50187
50188
50192
50200
50234
50242
50258
50262
50272
50296
50297
50305
50328
50381
50383
50386
50410
50427
50439
50443
50448
50449
50455
50475
50486
50494
50513
50519
50544
50559
50587
50626
50627
50634
50637
50644
50697
50702
50707
50724
50751
50755
50768
50770
50787
50792
50803
50804
50824
50839
50843
50856
50867
50871
50892
50914
50954
50968
50980
50983
50985
50991
51002
51007
51009
51020
51021
51039
51044
51059
51072
51081
51139
51151
51155
51177
51181
51183
51191
51194
51197
51199
51200
51203
51205
51207
51214
51220
51234
51247
51251
51268
51275
51282
51287
51300
51308
51326
51340
51343
51346
51351
51355
51368
51379
51385
51398
51402
51407
51409
51410
51414
51420
51463
51468
51490
51491
51513
51525
51535
51540
51563
51571
51580
51582
51593
51623
51637
51646
51656
51663
51682
51688
51719
51734
51743
51753
51757
51769
51774
51775
51777
51785
51814
51839
51843
51856
51858
51866
51945
51947
51948
51962
51973
52008
52035
52053
52058
52074
52079
52092
52103
52104
52117
52135
52138
52145
52147
52163
52180
52184
52203
52216
52228
52241
52267
52269
52309
52310
52319
52338
52352
52361
52366
52375
52380
52394
52395
52411
52412
52418
52420
52423
52427
52431
52434
52435
52436
52438
52439
52448
52450
52452
52457
52458
52467
52508
52513
52529
52531
52537
52543
52578
52590
52608
52622
52623
52630
52636
52647
52653
52655
52660
52674
52684
52688
52693
52695
52706
52709
52713
52717
52722
52725
52727
52732
52743
52750
52752
52767
52768
52776
52785
52793
52798
52800
52811
52837
52854
52859
52891
52900
52907
52910
52914
52922
52946
52949
52966
52978
52991
52993
52999
53000
53002
53016
53033
53041
53042
53059
53066
53084
53085
53122
53127
53135
53155
53157
53180
53183
53190
53191
53193
53194
53204
53206
53226
53251
53257
53274
53275
53279
53294
53295
53306
53314
53328
53332
53334
53335
53340
53341
53347
53351
53368
53369
53371
53383
53385
53387
53392
53396
53398
53405
53418
53427
53430
53435
53446
53454
53462
53463
53470
53471
53472
53476
53482
53483
53484
53485
53491
53493
53494
53497
53498
53505
53506
53507
53509
53515
53516
53533
53547
53550
53559
53564
53577
53593
53595
53603
53612
53636
53646
53663
53666
53672
53681
53695
53704
53716
53719
53728
53752
53753
53756
53762
53764
53772
53775
53779
53798
53809
53810
53821
53835
53836
53838
53849
53853
53897
53899
53946
53952
53957
53972
53985
53994
54021
54025
54027
54031
54034
54037
54039
54040
54047
54053
54067
54080
54083
54085
54086
54090
54121
54134
54139
54148
54159
54189
54203
54212
54222
54229
54248
54254
54280
54291
54296
54301
54302
54304
54312
54363
54365
54366
54380
54391
54400
54410
54416
54424
54448
54466
54470
54471
54476
54480
54484
54497
54509
54521
54533
54536
54538
54543
54544
54545
54548
54550
54553
54555
54560
54562
54568
54572
54574
54579
54580
54586
54587
54591
54592
54593
54599
54606
54608
54615
54616
54621
54627
54630
54635
54636
54640
54641
54642
54644
54646
54648
54676
54677
54681
54685
54687
54690
54704
54708
54710
54711
54712
54716
54719
54724
54727
54728
54757
54758
54760
54767
54772
54774
54780
54782
54784
54785
54789
54790
54791
54793
54796
54801
54816
54818
54823
54824
54827
54828
54836
54837
54842
54845
54851
54852
54854
54857
54865
54870
54871
54872
54877
54882
54886
54899
54916
54924
54925
54928
54935
54939
54940
54948
54954
54955
54957
54958
54959
54962
54963
54965
54967
54968
54970
54972
54976
54982
54987
54988
54990
54997
54999
55013
55022
55031
55035
55036
55039
55040
55041
55044
55047
55053
55056
55060
55067
55077
55084
55085
55086
55090
55092
55094
55096
55097
55123
55126
55130
55134
55137
55142
55155
55156
55160
55163
55164
55167
55176
55185
55189
55190
55193
55198
55199
55207
55208
55210
55211
55214
55215
55217
55220
55222
55223
55225
55226
55241
55248
55251
55252
55256
55259
55268
55277
55279
55280
55283
55285
55300
55303
55304
55309
55327
55330
55331
55336
55340
55348
55349
55350
55354
55363
55367
55368
55369
55373
55382
55383
55388
55408
55410
55411
55415
55416
55418
55421
55424
55425
55431
55437
55438
55442
55446
55447
55462
55466
55467
55475
55482
55486
55492
55496
55497
55506
55535
55536
55539
55540
55541
55542
55543
55545
55548
55549
55553
55558
55566
55569
55571
55575
55578
55579
55580
55589
55595
55596
55598
55600
55603
55604
55610
55619
55635
55637
55640
55644
55645
55646
55649
55650
55654
55655
55660
55666
55670
55671
55673
55675
55676
55677
55678
55679
55681
55683
55684
55686
55696
55700
55703
55708
55715
55716
55750
55752
55756
55774
55778
55813
55833
55847
55861
55868
55880
55887
55892
55905
55914
55942
55946
55960
55969
55978
55989
55999
56007
56048
56050
56056
56069
56080
56083
56086
56093
56098
56103
56104
56109
56113
56126
56136
56137
56139
56149
56162
56163
56164
56171
56186
56244
56248
56258
56288
56312
56320
56322
56329
56331
56338
56352
56363
56384
56393
56404
56410
56422
56424
56431
56433
56444
56452
56460
56470
56501
56509
56512
56529
56554
56561
56565
56572
56579
56581
56584
56586
56601
56625
56626
56631
56634
56635
56665
56698
56710
56715
56741
56769
56781
56803
56813
56841
56842
56867
56868
56894
56895
56898
56930
56938
56951
56965
56967
56975
56977
56984
57012
57018
57049
57050
57060
57063
57067
57074
57081
57083
57084
57093
57095
57099
57116
57123
57131
57144
57146
57154
57155
57156
57157
57162
57174
57195
57205
57214
57223
57224
57227
57228
57234
57238
57241
57252
57274
57288
57295
57302
57310
57319
57322
57342
57361
57374
57375
57383
57384
57392
57393
57394
57398
57406
57408
57409
57417
57421
57426
57427
57436
57445
57447
57450
57451
57453
57454
57460
57470
57483
57488
57493
57502
57507
57511
57512
57513
57517
57522
57526
57527
57529
57543
57551
57560
57566
57572
57578
57592
57609
57617
57623
57624
57637
57657
57659
57680
57686
57701
57702
57735
57745
57746
57748
57779
57780
57784
57799
57804
57808
57810
57835
57836
57843
57861
57862
57869
57883
57915
57916
57925
57934
57962
57963
57966
57969
57978
57986
58006
58021
58031
58043
58062
58104
58105
58106
58116
58168
