39.985362 116.310270 25930
39.985362 116.310270 25998
39.985350 116.310247 26002
39.985268 116.310222 26006
39.985123 116.310218 26010
39.984952 116.310208 26014
39.984753 116.310205 26018
39.984515 116.310218 26022
39.984275 116.310278 26026
39.984184 116.310306 26028
39.984092 116.310335 26030
39.984056 116.310343 26031
39.984020 116.310351 26032
39.983947 116.310368 26034
39.983800 116.310390 26038
39.983652 116.310435 26042
39.983480 116.310438 26046
39.983365 116.310442 26048
39.983250 116.310447 26050
39.983048 116.310458 26054
39.982927 116.310422 26058
39.982858 116.310425 26062
39.982877 116.310470 26066
39.982862 116.310482 26070
39.982843 116.310505 26074
39.982775 116.310517 26078
39.982758 116.310553 26082
39.982722 116.310572 26086
39.982707 116.310620 26090
39.982703 116.310660 26094
39.982702 116.310665 26098
39.982707 116.310666 26099
39.982712 116.310666 26100
39.982727 116.310668 26103
39.982755 116.310695 26107
39.982755 116.310695 26133
39.982754 116.310688 26135
39.982753 116.310677 26138
39.982743 116.310695 26142
39.982738 116.310700 26143
39.982725 116.310715 26146
39.982727 116.310727 26168
39.982727 116.310728 26169
39.982727 116.310728 26186
39.982713 116.310722 26190
39.982698 116.310728 26194
39.982692 116.310735 26200
39.982672 116.310740 26204
39.982655 116.310735 26208
39.982643 116.310748 26234
39.982507 116.310730 26238
39.982305 116.310777 26242
39.982062 116.310872 26246
39.981828 116.310970 26250
39.981650 116.310963 26254
39.981528 116.310907 26257
39.981488 116.310888 26258
39.981367 116.310858 26262
39.981285 116.310838 26266
39.981178 116.310812 26270
39.981105 116.310802 26272
39.981033 116.310792 26274
39.980850 116.310792 26278
39.980680 116.310765 26282
39.980578 116.310748 26286
39.980528 116.310738 26288
39.980477 116.310727 26290
39.980428 116.310702 26292
39.980378 116.310678 26294
39.980343 116.310650 26298
39.980308 116.310597 26302
39.980265 116.310562 26306
39.980147 116.310520 26310
39.980111 116.310506 26311
39.980002 116.310463 26314
39.979912 116.310443 26318
39.979748 116.310437 26322
39.979573 116.310458 26326
39.979410 116.310460 26330
39.979341 116.310485 26332
39.979272 116.310510 26334
39.979198 116.310553 26338
39.979108 116.310568 26342
39.979029 116.310592 26344
39.978989 116.310603 26345
39.978950 116.310615 26346
39.977858 116.310517 26369
39.977799 116.310486 26370
39.977740 116.310456 26371
39.977623 116.310395 26373
39.977565 116.310305 26377
39.977535 116.310217 26381
39.977565 116.310078 26385
39.977570 116.310033 26386
39.977585 116.309898 26389
39.977581 116.309778 26391
39.977577 116.309658 26393
39.977535 116.309595 26397
39.977495 116.309572 26401
39.977578 116.309643 26405
39.977533 116.309715 26409
39.977539 116.309734 26410
39.977557 116.309793 26413
39.977597 116.309863 26417
39.977602 116.309881 26418
39.977606 116.309899 26419
39.977615 116.309935 26421
39.977628 116.309995 26425
39.977627 116.310004 26426
39.977623 116.310030 26429
39.977617 116.310038 26430
39.977597 116.310062 26433
39.977581 116.310087 26436
39.977575 116.310095 26437
39.977523 116.310140 26441
39.977490 116.310222 26445
39.977486 116.310229 26447
39.977482 116.310237 26449
39.977497 116.310215 26451
39.977492 116.310208 26456
39.977467 116.310235 26460
39.977446 116.310224 26462
39.977425 116.310213 26464
39.977383 116.310167 26468
39.977337 116.310120 26472
39.977245 116.309945 26476
39.977210 116.309900 26480
39.977172 116.309827 26484
39.977159 116.309830 26486
39.977147 116.309832 26488
39.977103 116.309815 26493
39.977078 116.309817 26496
39.977070 116.309818 26497
39.977030 116.309875 26501
39.977052 116.309912 26573
