39.900334 116.385437 13831
39.900370 116.385396 13836
39.900390 116.385354 13841
39.900417 116.385335 13846
39.900428 116.385318 13851
39.900442 116.385333 13856
39.900459 116.385338 13861
39.900495 116.385290 13866
39.900491 116.385251 13871
39.900499 116.385205 13876
39.900508 116.385189 13878
39.900512 116.385180 13879
39.900517 116.385172 13880
39.900521 116.385164 13881
39.900509 116.385174 13884
39.900501 116.385181 13886
39.900433 116.385263 13891
39.900331 116.385421 13896
39.900219 116.385592 13901
39.900092 116.385756 13906
39.899983 116.385890 13911
39.899935 116.385965 13916
39.899982 116.385934 13921
39.900027 116.385895 13926
39.900074 116.385866 13929
39.900105 116.385847 13931
39.900172 116.385860 13936
39.900244 116.385857 13941
39.900306 116.385853 13946
39.900374 116.385806 13951
39.900443 116.385676 13956
39.900455 116.385649 13957
39.900479 116.385595 13959
39.900503 116.385541 13961
39.900553 116.385432 13966
39.900568 116.385361 13971
39.900570 116.385348 13972
39.900572 116.385335 13973
39.900579 116.385296 13976
39.900558 116.385321 13986
39.900535 116.385371 13991
39.900485 116.385503 13996
39.900429 116.385609 14001
39.900358 116.385698 14006
39.900311 116.385767 14011
39.900233 116.385859 14016
39.900312 116.385670 14021
39.900311 116.385666 14023
39.900309 116.385661 14026
39.900307 116.385475 14031
39.900245 116.385369 14036
39.900262 116.385347 14040
39.900266 116.385342 14041
39.900264 116.385332 14044
39.900263 116.385329 14045
39.900262 116.385326 14046
39.900225 116.385314 14051
39.900190 116.385340 14056
39.900136 116.385227 14060
39.900122 116.385199 14061
39.900142 116.385018 14066
39.900206 116.384878 14070
39.900222 116.384843 14071
39.900294 116.384741 14076
39.900295 116.384812 14081
39.900302 116.384862 14086
39.900296 116.384869 14091
39.900286 116.384891 14095
39.900283 116.384896 14096
39.900295 116.384870 14101
39.900292 116.384835 14106
39.900268 116.384758 14111
39.900249 116.384635 14116
39.900257 116.384438 14121
39.900243 116.384448 14125
39.900240 116.384450 14126
39.900215 116.384431 14131
39.900196 116.384448 14136
39.900208 116.384412 14141
39.900192 116.384275 14146
39.900191 116.384009 14151
39.900236 116.383740 14156
39.900330 116.383478 14160
39.900354 116.383413 14161
39.900389 116.383202 14166
39.900336 116.383112 14171
39.900312 116.383092 14176
39.900313 116.383048 14181
39.900144 116.383535 14186
39.900077 116.383870 14191
39.900081 116.383967 14195
39.900082 116.383991 14196
39.900054 116.383959 14201
39.900047 116.384008 14206
39.900064 116.384099 14211
39.900054 116.384068 14216
39.900041 116.384076 14221
39.899970 116.384298 14226
39.899914 116.384385 14229
39.899876 116.384443 14231
39.899859 116.384452 14232
39.899841 116.384461 14233
39.899789 116.384487 14236
39.899712 116.384517 14241
39.899652 116.384592 14246
39.899598 116.384666 14251
39.899546 116.384729 14256
39.899488 116.384783 14261
39.899454 116.384869 14266
39.899440 116.384911 14268
39.899419 116.384975 14271
39.899394 116.384979 14276
39.899304 116.385017 14281
39.899245 116.384993 14286
39.899317 116.384877 14289
39.899365 116.384799 14291
39.899455 116.384644 14296
39.899412 116.384621 14301
39.899377 116.384563 14306
39.899389 116.384444 14311
39.899372 116.384404 14313
39.899346 116.384343 14316
39.899373 116.384229 14321
39.899415 116.384138 14326
39.899430 116.384098 14330
39.899434 116.384088 14331
39.899437 116.384079 14332
39.899441 116.384071 14333
39.899451 116.384045 14336
39.899477 116.383981 14340
39.899484 116.383965 14341
39.899520 116.383920 14346
39.899548 116.383934 14348
39.899561 116.383940 14349
39.899589 116.383954 14351
39.899596 116.384033 14356
39.899527 116.384191 14361
39.899512 116.384226 14362
39.899454 116.384367 14366
39.899481 116.384597 14371
39.899569 116.384737 14375
39.899591 116.384772 14376
39.899767 116.384937 14381
39.899881 116.385091 14385
39.899910 116.385129 14386
39.899997 116.385406 14391
39.900042 116.385675 14396
39.900093 116.385892 14401
39.900180 116.386116 14406
39.900210 116.386194 14408
39.900256 116.386311 14411
39.900327 116.386472 14416
39.900380 116.386585 14421
39.900352 116.386636 14425
39.900345 116.386649 14426
39.900330 116.386683 14431
