39.855790 116.414152 20672
39.855955 116.415214 20677
39.856152 116.416297 20682
39.856357 116.417412 20687
39.856551 116.418536 20692
39.856747 116.419720 20697
39.856857 116.420916 20702
39.856955 116.422087 20707
39.857009 116.422910 20711
39.857023 116.423116 20712
39.857095 116.424072 20717
39.857163 116.425055 20722
39.857213 116.425859 20726
39.857226 116.426060 20727
39.857291 116.427097 20732
39.857359 116.428122 20737
39.857427 116.429047 20742
39.857490 116.430007 20747
39.857532 116.430919 20752
39.857543 116.431302 20754
39.857559 116.431876 20757
39.857554 116.432901 20762
39.857532 116.433944 20767
39.857522 116.434358 20769
39.857507 116.434979 20772
39.857471 116.435972 20777
39.857440 116.436975 20782
39.857421 116.437550 20785
39.857409 116.437933 20787
39.857404 116.438514 20790
39.857400 116.438901 20792
39.857448 116.439872 20797
39.857511 116.440626 20802
39.857552 116.440882 20804
39.857613 116.441266 20807
39.857754 116.441942 20812
39.857908 116.442562 20817
39.858095 116.443189 20822
39.858203 116.443476 20824
39.858365 116.443907 20827
39.858661 116.444569 20832
39.858973 116.445177 20837
39.859298 116.445720 20842
39.859667 116.446256 20847
39.860115 116.446854 20852
39.860588 116.447459 20857
39.861076 116.448081 20862
39.861562 116.448705 20867
39.862078 116.449351 20872
39.862591 116.450013 20877
39.863080 116.450624 20882
39.863596 116.451289 20887
39.864155 116.451993 20892
39.864734 116.452703 20897
39.865332 116.453438 20902
39.865988 116.454052 20907
39.866271 116.454234 20909
39.866695 116.454508 20912
39.867131 116.454662 20915
39.867421 116.454764 20917
39.867591 116.454779 20918
39.868270 116.454839 20922
39.868897 116.454853 20926
39.869054 116.454857 20927
39.869330 116.454861 20929
39.869743 116.454868 20932
39.870477 116.454884 20937
39.871308 116.454897 20942
39.872159 116.454908 20947
39.872969 116.454908 20952
39.873287 116.454914 20954
39.873764 116.454923 20957
39.874559 116.454942 20962
39.875334 116.454957 20967
39.876074 116.454994 20972
39.876483 116.454999 20975
39.876756 116.455002 20977
39.877479 116.455006 20982
39.877621 116.455008 20983
39.878191 116.455014 20987
39.878922 116.455031 20992
39.879510 116.455039 20997
39.880078 116.455053 21002
39.880460 116.455048 21005
39.880714 116.455044 21007
39.881377 116.455036 21012
39.882090 116.455074 21017
39.882384 116.455081 21019
39.882824 116.455092 21022
39.883554 116.455117 21027
39.884311 116.455134 21032
39.885106 116.455155 21037
39.885413 116.455159 21039
39.885873 116.455166 21042
39.886603 116.455177 21047
39.887283 116.455183 21052
39.887819 116.455203 21056
39.887953 116.455208 21057
39.888704 116.455210 21062
39.889334 116.455221 21067
39.889804 116.455242 21072
39.890362 116.455265 21077
39.891023 116.455296 21082
39.891737 116.455335 21087
39.892531 116.455349 21092
39.893302 116.455347 21097
39.894063 116.455360 21102
39.894198 116.455369 21103
39.894739 116.455403 21107
39.895289 116.455430 21112
39.895871 116.455424 21117
39.896558 116.455445 21122
39.897176 116.455445 21126
39.897330 116.455445 21127
39.897647 116.455448 21129
39.898123 116.455452 21132
39.898926 116.455474 21137
39.899718 116.455478 21142
39.899864 116.455482 21143
39.900447 116.455496 21147
39.901174 116.455504 21152
39.901952 116.455529 21157
39.902730 116.455545 21162
39.903050 116.455553 21164
39.903369 116.455561 21166
39.903529 116.455565 21167
39.904353 116.455547 21172
39.905056 116.455526 21176
39.905232 116.455521 21177
39.906106 116.455580 21182
39.906926 116.455622 21187
39.907138 116.455641 21190
39.907208 116.455647 21191
39.907279 116.455653 21192
39.907409 116.455675 21197
39.907613 116.455670 21202
39.907791 116.455667 21207
39.907892 116.455666 21211
39.907917 116.455666 21212
39.907980 116.455672 21216
39.907996 116.455673 21217
39.908144 116.455671 21221
39.908181 116.455671 21222
39.908245 116.455674 21224
39.908340 116.455678 21227
39.908471 116.455679 21232
39.908513 116.455686 21233
39.908680 116.455713 21237
39.908887 116.455802 21242
39.909070 116.455855 21247
39.909222 116.455849 21252
39.909308 116.455783 21255
39.909366 116.455739 21257
39.909408 116.455719 21262
39.909423 116.455722 21263
39.909482 116.455732 21267
39.909615 116.455757 21272
