39.960415 116.268770 38007
39.960078 116.268802 38011
39.959727 116.268840 38015
39.959551 116.268877 38017
39.959375 116.268913 38019
39.959072 116.268973 38023
39.958942 116.269001 38025
39.958877 116.269014 38026
39.958812 116.269028 38027
39.958553 116.269077 38031
39.958270 116.269137 38035
39.958092 116.269153 38037
39.957825 116.269178 38040
39.957525 116.269210 38043
39.957325 116.269232 38045
39.957127 116.269254 38047
39.956929 116.269277 38049
39.956830 116.269288 38050
39.956625 116.269307 38054
39.956619 116.269319 38058
39.956570 116.269405 38088
39.956335 116.269442 38093
39.956148 116.269520 38097
39.955948 116.269623 38101
39.955707 116.269688 38105
39.955420 116.269708 38109
39.955142 116.269758 38113
39.954928 116.269795 38117
39.954713 116.269825 38122
39.954640 116.269834 38124
39.954603 116.269838 38125
39.954493 116.269870 38129
39.954403 116.269878 38132
39.954280 116.269873 38135
39.954045 116.269788 38140
39.953995 116.269761 38141
39.953845 116.269678 38144
39.953577 116.269719 38147
39.953487 116.269733 38148
39.953398 116.269747 38149
39.952908 116.269762 38154
39.952570 116.269782 38159
39.952288 116.269768 38163
39.951852 116.269780 38168
39.951510 116.269777 38172
39.951361 116.269781 38174
39.951212 116.269785 38176
39.951042 116.269789 38179
39.950985 116.269790 38180
39.950758 116.269772 38184
39.950525 116.269690 38188
39.950288 116.269598 38192
39.949987 116.269583 38196
39.949652 116.269563 38200
39.949384 116.269527 38203
39.949205 116.269503 38205
39.948760 116.269428 38210
39.948333 116.269368 38215
39.948185 116.269325 38217
39.948037 116.269282 38219
39.947738 116.269185 38223
39.947674 116.269152 38225
39.947642 116.269135 38226
39.947527 116.269100 38230
39.947477 116.269093 38231
39.947377 116.269080 38233
39.947327 116.269073 38234
39.947112 116.269035 38238
39.947001 116.269020 38240
39.946890 116.269005 38242
39.946829 116.268992 38243
39.946645 116.268952 38246
39.946333 116.268892 38250
39.945998 116.268840 38254
39.945817 116.268816 38256
39.945726 116.268805 38257
39.945635 116.268793 38258
39.945382 116.268770 38261
39.945298 116.268762 38262
39.944997 116.268722 38266
39.944715 116.268690 38270
39.944405 116.268642 38274
39.944105 116.268603 38278
39.943840 116.268728 38283
39.943647 116.268935 38287
39.943608 116.268922 38288
39.943530 116.268895 38290
39.943443 116.268986 38292
39.943312 116.269123 38295
39.943002 116.269300 38300
39.942710 116.269210 38304
39.942556 116.269156 38306
39.942403 116.269102 38308
39.942105 116.268962 38312
39.941795 116.268873 38316
39.941653 116.268829 38318
39.941581 116.268807 38319
39.941510 116.268785 38320
39.941212 116.268722 38324
39.940787 116.268652 38329
39.940310 116.268592 38334
39.939865 116.268497 38339
39.939447 116.268388 38344
39.939163 116.268345 38347
39.938973 116.268317 38349
39.938462 116.268252 38354
39.938118 116.268240 38358
39.937898 116.268263 38362
39.937695 116.268302 38367
39.937622 116.268319 38369
39.937585 116.268328 38370
39.937475 116.268337 38373
39.937375 116.268343 38376
39.937147 116.268357 38381
39.936915 116.268367 38385
39.936533 116.268383 38390
39.936232 116.268422 38394
39.935998 116.268432 38397
39.935920 116.268435 38398
39.935622 116.268430 38402
39.935315 116.268533 38406
39.935005 116.268617 38410
39.934705 116.268652 38414
39.934433 116.268652 38418
39.934170 116.268660 38422
39.933937 116.268667 38426
39.933816 116.268668 38428
39.933695 116.268670 38430
39.933423 116.268687 38434
39.933175 116.268762 38438
39.933077 116.268763 38440
39.932970 116.268777 38445
39.932907 116.268786 38447
39.932875 116.268790 38448
39.932670 116.268778 38453
39.932445 116.268793 38457
39.932387 116.268798 38458
39.932213 116.268812 38461
39.931990 116.268847 38465
39.931723 116.268867 38469
39.931648 116.268876 38470
39.931423 116.268902 38473
39.931093 116.268925 38477
39.930765 116.268945 38481
39.930340 116.268950 38486
39.929815 116.268938 38491
39.929202 116.268973 38496
39.928585 116.268985 38501
39.928123 116.269007 38506
39.927788 116.269047 38510
39.927485 116.269088 38514
39.927217 116.269130 38518
39.927102 116.269153 38521
39.927070 116.269156 38522
39.927005 116.269163 38524
39.926938 116.269179 38527
39.926915 116.269185 38528
39.926843 116.269197 38532
39.926825 116.269200 38533
39.926712 116.269222 38537
39.926618 116.269242 38540
39.926362 116.269240 38545
39.926117 116.269278 38549
39.925858 116.269465 38554
39.925600 116.269688 38559
39.925123 116.269607 38564
39.924600 116.269470 38569
39.924125 116.269403 38574
39.923762 116.269310 38578
39.923457 116.269267 38582
39.923212 116.269240 38586
39.922960 116.269217 38590
39.922738 116.269145 38594
39.922518 116.269147 38598
39.922472 116.269152 38599
39.922332 116.269165 38602
