39.976192 116.337808 67990
39.976049 116.337869 67995
39.976020 116.337882 68000
39.976021 116.337873 68005
39.976015 116.337871 68006
39.975990 116.337861 68010
39.975946 116.337847 68015
39.975757 116.337830 68020
39.975630 116.337829 68025
39.975602 116.337814 68028
39.975584 116.337804 68030
39.975575 116.337803 68032
39.975567 116.337801 68034
39.975666 116.337785 68039
39.975698 116.337785 68041
39.975745 116.337786 68044
39.975712 116.337797 68047
39.975690 116.337805 68049
39.975759 116.337821 68054
39.975902 116.337817 68059
39.975920 116.337811 68060
39.975992 116.337785 68064
39.976101 116.337753 68069
39.976064 116.337749 68074
39.975827 116.337726 68078
39.975682 116.337750 68083
39.975651 116.337780 68088
39.975672 116.337772 68093
39.975689 116.337756 68098
39.975733 116.337744 68103
39.975776 116.337748 68108
39.975759 116.337763 68113
39.975807 116.337782 68118
39.975844 116.337832 68123
39.975868 116.337840 68125
39.975880 116.337844 68126
39.975904 116.337852 68128
39.975927 116.337835 68129
39.975980 116.337798 68134
39.975962 116.337769 68139
39.975915 116.337717 68142
39.975899 116.337700 68143
39.975863 116.337674 68145
39.975846 116.337662 68146
39.975810 116.337636 68148
39.975800 116.337622 68153
39.975694 116.337652 68158
39.975510 116.337651 68163
39.975466 116.337629 68165
39.975445 116.337618 68166
39.975401 116.337596 68168
39.975274 116.337578 68173
39.975177 116.337662 68178
39.975204 116.337717 68183
39.975238 116.337731 68187
39.975247 116.337735 68188
39.975292 116.337743 68189
39.975414 116.337764 68194
39.975479 116.337759 68199
39.975498 116.337749 68200
39.975576 116.337710 68204
39.975627 116.337691 68205
39.975771 116.338376 68265
39.975761 116.338300 68268
39.975754 116.338249 68270
39.975793 116.338073 68275
39.975756 116.338076 68279
39.975719 116.337966 68284
39.975666 116.337806 68289
39.975570 116.337776 68294
39.975554 116.337785 68299
39.975627 116.337733 68304
39.975685 116.337729 68309
39.975655 116.337759 68314
39.975626 116.337754 68317
39.975606 116.337751 68319
39.975582 116.337734 68321
39.975606 116.337734 68326
39.975617 116.337725 68331
39.975715 116.337707 68336
39.975798 116.337725 68341
39.975801 116.337726 68343
39.975804 116.337727 68345
39.975806 116.337728 68346
39.975847 116.337720 68350
39.975787 116.337706 68355
39.975751 116.337690 68360
39.975700 116.337669 68365
39.975667 116.337664 68370
39.975654 116.337623 68374
39.975643 116.337619 68377
39.975639 116.337617 68378
39.975635 116.337616 68379
39.975563 116.337699 68384
39.975553 116.337709 68385
39.975580 116.337805 68390
39.975553 116.337904 68392
39.975596 116.338008 68397
39.975599 116.338013 68398
39.975602 116.338017 68399
39.975610 116.338031 68402
39.975567 116.338052 68405
39.975496 116.338109 68410
39.975403 116.338278 68415
39.975245 116.338407 68420
39.974949 116.338539 68425
39.974763 116.338679 68430
39.974656 116.338767 68435
39.974595 116.338552 68440
39.974521 116.338473 68445
39.974469 116.338477 68450
39.974369 116.338315 68455
39.974411 116.338305 68457
39.974474 116.338290 68460
39.974555 116.338258 68465
39.974524 116.338246 68470
39.974464 116.338244 68475
39.974527 116.338255 68480
39.974533 116.338257 68481
39.974540 116.338260 68482
39.974607 116.338208 68487
39.974626 116.338196 68489
39.974635 116.338191 68490
39.974654 116.338179 68492
39.974721 116.338142 68497
39.974774 116.338114 68501
39.974787 116.338107 68502
39.974848 116.338097 68507
39.974977 116.338074 68512
39.975169 116.337998 68517
39.975267 116.337953 68522
39.975301 116.337951 68527
39.975335 116.337890 68532
39.975338 116.337882 68533
39.975350 116.337852 68537
39.975356 116.337837 68539
39.975338 116.337843 68544
39.975327 116.337848 68546
39.975321 116.337851 68547
39.975310 116.337856 68549
39.975339 116.337844 68554
39.975404 116.337819 68559
39.975416 116.337818 68561
39.975433 116.337816 68564
39.975453 116.337894 68569
39.975491 116.337886 68574
39.975499 116.337890 68577
39.975504 116.337893 68579
39.975516 116.337843 68583
39.975519 116.337831 68584
39.975538 116.337785 68588
39.975543 116.337773 68589
