39.998928 116.338523 75955
39.998958 116.338510 75960
39.998941 116.338507 75965
39.998935 116.338505 75970
39.998927 116.338500 75975
39.998920 116.338493 75980
39.998919 116.338496 75985
39.998919 116.338508 75990
39.998921 116.338516 75994
39.998921 116.338518 75995
39.998921 116.338518 76000
39.998951 116.338532 76005
39.998994 116.338536 76009
39.999005 116.338537 76010
39.999056 116.338533 76015
39.999041 116.338524 76020
39.999008 116.338498 76025
39.999026 116.338497 76030
39.999024 116.338493 76035
39.999027 116.338495 76037
39.999031 116.338498 76040
39.999033 116.338499 76045
39.999027 116.338497 76050
39.999028 116.338497 76052
39.999030 116.338498 76055
39.999052 116.338495 76060
39.999066 116.338500 76065
39.999092 116.338504 76068
39.999110 116.338507 76070
39.999145 116.338518 76073
39.999169 116.338526 76075
39.999174 116.338526 76080
39.999213 116.338534 76085
39.999225 116.338529 76087
39.999243 116.338522 76090
39.999241 116.338524 76095
39.999182 116.338522 76100
39.999176 116.338520 76105
39.999160 116.338517 76107
39.999135 116.338512 76110
39.998972 116.338483 76115
39.998898 116.338475 76120
39.998808 116.338481 76125
39.998745 116.338475 76130
39.998694 116.338459 76135
39.998673 116.338447 76140
39.998668 116.338453 76145
39.998623 116.338451 76150
39.998635 116.338456 76155
39.998683 116.338460 76160
39.998687 116.338463 76165
39.998742 116.338473 76170
39.998761 116.338468 76175
39.998772 116.338469 76180
39.998763 116.338472 76185
39.998760 116.338471 76190
39.998761 116.338472 76192
39.998762 116.338473 76195
39.998762 116.338472 76198
39.998762 116.338471 76200
39.998762 116.338471 76201
39.998761 116.338470 76205
39.998760 116.338471 76209
39.998760 116.338471 76210
39.998759 116.338472 76212
39.998757 116.338474 76215
39.998789 116.338481 76220
39.998830 116.338494 76225
39.998874 116.338511 76230
39.998890 116.338519 76235
39.998883 116.338525 76237
39.998873 116.338533 76240
39.998872 116.338532 76245
39.998856 116.338527 76250
39.999000 116.338495 76255
39.999055 116.338490 76258
39.999092 116.338486 76260
39.999102 116.338452 76265
39.999100 116.338450 76266
39.999094 116.338440 76270
39.999095 116.338435 76275
39.999103 116.338439 76280
39.999124 116.338440 76285
39.999134 116.338436 76288
39.999141 116.338434 76290
39.999150 116.338444 76295
39.999150 116.338434 76300
39.999151 116.338434 76302
39.999153 116.338434 76305
39.999150 116.338447 76310
39.999201 116.338424 76315
39.999391 116.338418 76320
39.999355 116.338426 76322
39.999300 116.338437 76325
39.999198 116.338436 76330
39.999151 116.338417 76335
39.999158 116.338429 76339
39.999160 116.338432 76340
39.999157 116.338430 76345
39.999167 116.338435 76350
39.999101 116.338452 76355
39.998998 116.338460 76360
39.998968 116.338468 76365
39.998990 116.338466 76370
39.998982 116.338463 76375
39.998970 116.338455 76380
39.998965 116.338448 76385
39.998959 116.338448 76386
39.998936 116.338447 76390
39.999007 116.338446 76395
39.999010 116.338447 76400
39.998974 116.338437 76405
39.998900 116.338444 76409
39.998881 116.338446 76410
39.998828 116.338451 76412
39.998748 116.338458 76415
39.998702 116.338471 76420
39.998598 116.338479 76425
39.998577 116.338481 76426
39.998494 116.338491 76430
39.998387 116.338493 76435
39.998350 116.338497 76440
39.998328 116.338499 76445
39.998315 116.338493 76447
39.998302 116.338488 76449
39.998296 116.338485 76450
39.998313 116.338478 76455
39.998489 116.338478 76459
39.998533 116.338478 76460
39.998699 116.338486 76465
39.998802 116.338485 76470
39.998830 116.338492 76473
39.998839 116.338495 76474
39.998848 116.338497 76475
39.998840 116.338499 76480
39.998844 116.338480 76485
39.998849 116.338482 76490
39.998855 116.338484 76494
39.998856 116.338485 76495
39.998871 116.338479 76499
39.998875 116.338477 76500
39.998890 116.338476 76504
39.998894 116.338476 76505
39.998896 116.338477 76507
39.998898 116.338478 76510
39.998920 116.338495 76515
39.998928 116.338500 76516
39.998961 116.338522 76520
39.998947 116.338551 76525
39.998884 116.338570 76530
39.998885 116.338571 76535
39.998878 116.338567 76538
39.998873 116.338565 76540
39.998946 116.338564 76545
39.998948 116.338561 76546
39.998956 116.338551 76550
39.999006 116.338525 76555
