40.106357 116.550637 53149
40.106320 116.550733 53156
40.106383 116.550805 53160
40.106637 116.550773 53165
40.106892 116.550697 53169
40.107190 116.550608 53173
40.107650 116.550497 53178
40.108153 116.550388 53183
40.108690 116.550262 53188
40.109154 116.550151 53192
40.109270 116.550123 53193
40.109405 116.550097 53194
40.109808 116.550021 53197
40.109943 116.549995 53198
40.110690 116.549848 53203
40.111368 116.549695 53208
40.112042 116.549557 53213
40.112320 116.549510 53215
40.112738 116.549440 53218
40.113472 116.549345 53223
40.114188 116.549262 53228
40.114897 116.549175 53233
40.115512 116.549097 53238
40.115837 116.549053 53243
40.115928 116.549038 53289
40.116167 116.549012 53293
40.116620 116.548960 53298
40.117225 116.548888 53303
40.117917 116.548808 53308
40.118638 116.548728 53313
40.119340 116.548655 53318
40.119474 116.548638 53319
40.119609 116.548620 53320
40.120012 116.548568 53323
40.120700 116.548490 53328
40.121383 116.548428 53333
40.121653 116.548408 53335
40.122058 116.548377 53338
40.122695 116.548323 53343
40.123085 116.548276 53346
40.123345 116.548245 53348
40.123891 116.548181 53352
40.124027 116.548165 53353
40.124737 116.548062 53358
40.125497 116.547970 53363
40.126332 116.547880 53368
40.127135 116.547787 53373
40.127868 116.547757 53378
40.128485 116.547852 53383
40.129073 116.548035 53388
40.129580 116.548202 53393
40.129818 116.548268 53397
40.129923 116.548307 53421
40.130127 116.548380 53425
40.130397 116.548470 53429
40.130653 116.548524 53432
40.130823 116.548560 53434
40.131352 116.548503 53439
40.131950 116.548315 53444
40.132582 116.548090 53449
40.133084 116.547900 53453
40.133210 116.547853 53454
40.133843 116.547602 53459
40.134465 116.547372 53464
40.135118 116.547137 53469
40.135513 116.546991 53472
40.135777 116.546893 53474
40.135906 116.546848 53475
40.136420 116.546668 53479
40.137005 116.546468 53484
40.137572 116.546282 53489
40.138178 116.546197 53494
40.138893 116.546222 53499
40.139045 116.546246 53500
40.139652 116.546342 53504
40.140295 116.546413 53509
40.140960 116.546540 53514
40.141622 116.546652 53519
40.142272 116.546753 53524
40.142595 116.546805 53527
40.142810 116.546840 53529
40.143478 116.546917 53534
40.144052 116.547010 53539
40.144368 116.547053 53542
40.144473 116.547068 53543
40.144578 116.547082 53544
40.145015 116.547152 53549
40.145060 116.547155 53550
40.145149 116.547160 53552
40.145238 116.547165 53554
40.145340 116.547195 53588
40.145460 116.547200 53592
40.145728 116.547210 53597
40.145906 116.547215 53599
40.146172 116.547223 53602
40.146541 116.547219 53606
40.146633 116.547218 53607
40.147127 116.547207 53612
40.147592 116.547207 53617
40.147922 116.547212 53621
40.148200 116.547213 53625
40.148261 116.547214 53626
40.148442 116.547218 53629
40.148655 116.547220 53634
40.148660 116.547212 53635
40.148674 116.547187 53638
40.148703 116.547137 53644
40.148592 116.547120 53649
40.148528 116.547127 53650
40.148338 116.547147 53653
40.148146 116.547147 53655
40.147857 116.547148 53658
40.147747 116.547146 53659
40.147308 116.547138 53663
40.146745 116.547138 53668
40.146178 116.547118 53673
40.145808 116.547100 53677
40.145715 116.547095 53678
40.145563 116.546978 53682
40.145533 116.546785 53686
40.145540 116.546482 53690
40.145544 116.546393 53691
40.145558 116.546037 53695
40.145555 116.545363 53700
40.145595 116.544438 53705
40.145653 116.543430 53710
40.145707 116.542452 53715
40.145750 116.541445 53720
40.145765 116.541057 53722
40.145787 116.540475 53725
40.145810 116.539528 53730
40.145828 116.538819 53734
40.145833 116.538642 53735
40.145870 116.537885 53740
40.146012 116.537577 53744
