39.907338 116.471163 36730
39.907336 116.471246 36734
39.907335 116.471267 36735
39.907322 116.471330 36739
39.907308 116.471395 36743
39.907304 116.471403 36744
39.907292 116.471427 36747
39.907297 116.471482 36751
39.907292 116.471507 36756
39.907312 116.471535 36760
39.907295 116.471620 36764
39.907288 116.471672 36767
39.907285 116.471690 36768
39.907253 116.471763 36772
39.907207 116.471917 36776
39.907217 116.472012 36780
39.907288 116.471965 36784
39.907316 116.471920 36787
39.907325 116.471905 36788
39.907332 116.471915 36792
39.907377 116.471943 36796
39.907388 116.471950 36797
39.907410 116.471915 36801
39.907427 116.471922 36803
39.907445 116.471928 36805
39.907453 116.471882 36809
39.907517 116.471778 36813
39.907568 116.471680 36817
39.907560 116.471677 36821
39.907583 116.471653 36825
39.907612 116.471643 36829
39.907625 116.471638 36833
39.907645 116.471588 36837
39.907677 116.471553 36841
39.907668 116.471559 36842
39.907660 116.471565 36843
39.907650 116.471554 36846
39.907647 116.471550 36847
39.907695 116.471527 36851
39.907752 116.471435 36855
39.907778 116.471483 36859
39.907822 116.471430 36863
39.907849 116.471369 36866
39.907858 116.471348 36867
39.907900 116.471298 36871
39.907958 116.471295 36875
39.908003 116.471290 36879
39.908070 116.471283 36883
39.908103 116.471358 36887
39.908143 116.471325 36891
39.908180 116.471317 36893
39.908198 116.471314 36894
39.908217 116.471310 36895
39.908278 116.471365 36899
39.908332 116.471415 36903
39.908385 116.471403 36907
39.908448 116.471458 36911
39.908562 116.471493 36915
39.908638 116.471592 36919
39.908682 116.471617 36920
39.908815 116.471692 36923
39.908922 116.471717 36927
39.908932 116.471702 36929
39.908942 116.471687 36931
39.908957 116.471672 36936
39.908993 116.471587 36940
39.909022 116.471598 36944
39.909055 116.471593 36951
39.909055 116.471608 36955
39.909060 116.471617 36957
39.909060 116.471617 36961
39.909062 116.471618 36974
39.909082 116.471612 36978
39.909105 116.471640 36982
39.909140 116.471737 36986
39.909145 116.471755 36988
39.909415 116.472217 36993
39.909467 116.472305 36997
39.909492 116.472407 37001
39.909520 116.472452 37003
39.909772 116.472291 37049
39.909783 116.472284 37051
39.909788 116.472280 37052
39.909872 116.472283 37056
39.909883 116.472291 37066
39.909895 116.472300 37077
39.909828 116.472240 37087
39.909770 116.471928 37091
39.909753 116.471897 37092
39.909702 116.471805 37095
39.909733 116.471763 37099
39.909792 116.471717 37102
39.909812 116.471702 37103
39.909849 116.471673 37105
39.909887 116.471645 37107
39.909897 116.471609 37108
39.909927 116.471503 37111
39.909953 116.471406 37113
39.909978 116.471308 37115
39.910097 116.471288 37118
39.910137 116.471282 37119
39.910388 116.471332 37123
39.910547 116.471401 37125
39.910627 116.471435 37126
39.910707 116.471470 37127
39.910873 116.471552 37131
39.910948 116.471623 37135
39.910953 116.471665 37136
39.910967 116.471792 37139
39.911018 116.471965 37143
39.911143 116.471945 37147
39.911265 116.471865 37151
39.911322 116.471805 37155
39.911325 116.471815 37159
39.911308 116.471885 37163
39.911290 116.471968 37167
39.911328 116.472015 37171
39.911322 116.471987 37175
39.911362 116.472012 37179
39.911400 116.472043 37182
39.911412 116.472053 37183
39.911407 116.472083 37187
39.911380 116.472095 37191
39.911389 116.472106 37193
39.911397 116.472117 37195
39.911417 116.472125 37199
39.911457 116.472153 37203
39.911515 116.472200 37207
39.911567 116.472212 37211
39.911598 116.472200 37215
39.911663 116.472137 37219
39.911711 116.472036 37222
39.911727 116.472002 37223
39.911746 116.471961 37224
39.911765 116.471919 37225
39.911802 116.471837 37227
39.911910 116.471777 37231
39.912062 116.471782 37235
39.912242 116.471845 37239
39.912460 116.471915 37243
39.912515 116.471920 37244
39.912680 116.471937 37247
39.912713 116.471934 37248
39.912812 116.471925 37251
39.912905 116.471942 37255
39.912940 116.471960 37257
39.912975 116.471978 37259
39.913013 116.472022 37263
39.913026 116.472033 37266
39.913030 116.472037 37267
39.913053 116.472057 37271
39.913043 116.472083 37275
39.913020 116.472070 37279
39.913048 116.472002 37283
39.913087 116.471945 37287
39.913093 116.471922 37291
39.913072 116.471887 37295
39.913063 116.471874 37296
39.913044 116.471846 37298
39.913035 116.471833 37299
39.913017 116.471820 37303
39.913102 116.471875 37330
