39.932243 116.448320 17883
39.932237 116.448287 17888
39.932236 116.448286 17893
39.932237 116.448286 17895
39.932238 116.448285 17896
39.932239 116.448285 17898
39.932239 116.448285 17903
39.932239 116.448285 17908
39.932239 116.448285 17913
39.932239 116.448285 17918
39.932242 116.448286 17923
39.932246 116.448288 17926
39.932248 116.448290 17928
39.932251 116.448285 17933
39.932252 116.448288 17938
39.932255 116.448292 17943
39.932257 116.448295 17948
39.932257 116.448295 17953
39.932257 116.448295 17955
39.932256 116.448294 17958
39.932256 116.448294 17960
39.932256 116.448294 17963
39.932256 116.448293 17968
39.932255 116.448293 17971
39.932255 116.448293 17973
39.932255 116.448292 17978
39.932255 116.448292 17982
39.932255 116.448292 17983
39.932255 116.448291 17988
39.932255 116.448291 17989
39.932255 116.448291 17993
39.932255 116.448291 17995
39.932255 116.448291 17998
39.932255 116.448291 18003
39.932255 116.448291 18008
39.932255 116.448291 18013
39.932255 116.448290 18015
39.932255 116.448289 18018
39.932264 116.448254 18023
39.932278 116.448259 18026
39.932287 116.448263 18028
39.932306 116.448255 18033
39.932327 116.448401 18038
39.932339 116.448536 18041
39.932355 116.448699 18044
39.932374 116.448856 18047
39.932375 116.448898 18048
39.932376 116.448982 18050
39.932399 116.449005 18055
39.932399 116.449002 18060
39.932399 116.449002 18065
39.932398 116.448999 18070
39.932397 116.449004 18075
39.932397 116.449004 18076
39.932397 116.449005 18080
39.932396 116.449003 18085
39.932395 116.449007 18090
39.932394 116.449004 18095
39.932395 116.449001 18098
39.932395 116.448999 18100
39.932395 116.448999 18105
39.932395 116.449001 18109
39.932395 116.449002 18110
39.932370 116.449100 18115
39.932340 116.449416 18120
39.932346 116.449773 18124
39.932356 116.450311 18129
39.932316 116.451016 18134
39.932309 116.451602 18139
39.932335 116.452049 18143
39.932333 116.452493 18147
39.932307 116.452884 18151
39.932304 116.452937 18152
39.932297 116.453042 18154
39.932290 116.453148 18156
39.932291 116.453148 18157
39.932292 116.453148 18158
39.932294 116.453149 18159
39.932296 116.453149 18161
39.932296 116.453150 18166
39.932313 116.453198 18171
39.932351 116.453508 18176
39.932347 116.453595 18177
39.932342 116.453682 18178
39.932338 116.453770 18179
39.932334 116.453857 18180
39.932346 116.454099 18184
39.932339 116.454372 18188
39.932321 116.454506 18192
39.932309 116.454537 18197
39.932309 116.454542 18202
39.932309 116.454543 18206
39.932309 116.454543 18207
39.932309 116.454544 18212
39.932309 116.454540 18217
39.932309 116.454536 18221
39.932309 116.454535 18222
39.932309 116.454533 18226
39.932309 116.454532 18227
39.932309 116.454534 18232
39.932310 116.454534 18236
39.932310 116.454534 18237
39.932310 116.454534 18238
39.932311 116.454532 18242
39.932311 116.454532 18247
39.932312 116.454532 18252
39.932312 116.454526 18257
39.932312 116.454523 18262
39.932312 116.454523 18267
39.932313 116.454524 18272
39.932317 116.454525 18277
39.932320 116.454527 18282
39.932321 116.454527 18287
39.932322 116.454527 18292
39.932322 116.454527 18297
39.932322 116.454527 18302
39.932321 116.454528 18307
39.932322 116.454528 18312
39.932326 116.454574 18315
39.932328 116.454605 18317
39.932327 116.454935 18322
39.932301 116.455281 18326
39.932314 116.455682 18330
39.932301 116.456051 18334
39.932309 116.456394 18338
39.932313 116.456794 18342
39.932316 116.457070 18345
39.932317 116.457162 18346
39.932306 116.457557 18350
39.932302 116.458175 18355
39.932293 116.458865 18360
39.932291 116.459376 18365
39.932288 116.459524 18367
39.932284 116.459672 18369
39.932305 116.459990 18374
39.932310 116.460295 18378
39.932317 116.460478 18380
39.932325 116.460661 18382
39.932336 116.461086 18386
39.932332 116.461248 18388
39.932327 116.461411 18390
39.932316 116.461510 18392
39.932311 116.461560 18393
39.932319 116.461623 18398
39.932323 116.461625 18403
39.932324 116.461624 18408
39.932323 116.461636 18413
39.932324 116.461643 18418
39.932324 116.461645 18419
39.932325 116.461652 18423
39.932383 116.461876 18428
39.932367 116.461952 18429
39.932320 116.462180 18432
39.932320 116.462501 18436
39.932331 116.462854 18440
39.932326 116.463397 18445
39.932376 116.464002 18450
39.932389 116.464330 18453
39.932393 116.464439 18454
39.932395 116.464823 18458
39.932394 116.464979 18461
39.932396 116.465054 18466
39.932421 116.465057 18468
39.932458 116.465061 18471
39.932457 116.465062 18476
39.932456 116.465061 18481
