39.972182 116.442546 67228
39.972154 116.442454 67229
39.971841 116.441865 67253
39.971827 116.441918 67258
39.971810 116.441965 67263
39.971826 116.441911 67268
39.971833 116.441908 67273
39.971845 116.441916 67278
39.971836 116.441940 67282
39.971834 116.441946 67283
39.971815 116.441976 67288
39.971803 116.441986 67293
39.971806 116.441986 67297
39.971807 116.441986 67298
39.971803 116.441992 67303
39.971801 116.441980 67308
39.971802 116.441972 67313
39.971801 116.441972 67318
39.971796 116.441975 67323
39.971792 116.441976 67325
39.971786 116.441978 67328
39.971759 116.441998 67333
39.971770 116.441989 67338
39.971769 116.441989 67340
39.971767 116.441990 67343
39.971763 116.442003 67348
39.971733 116.442115 67353
39.971743 116.442125 67356
39.971749 116.442132 67358
39.971765 116.442169 67361
39.971776 116.442193 67363
39.971812 116.442321 67367
39.971994 116.442524 67372
39.972056 116.442561 67373
39.972241 116.442672 67376
39.972499 116.442798 67380
39.972730 116.442965 67384
39.972978 116.443134 67388
39.973133 116.443233 67391
39.973185 116.443266 67392
39.973256 116.443338 67395
39.973340 116.443374 67400
39.973388 116.443446 67405
39.973471 116.443559 67409
39.973674 116.443780 67413
39.974018 116.444112 67418
39.974405 116.444477 67423
39.974828 116.444859 67428
39.975287 116.445333 67433
39.975755 116.445773 67438
39.976139 116.446142 67442
39.976516 116.446461 67447
39.976749 116.446686 67451
39.976974 116.446932 67455
39.977146 116.447116 67459
39.977213 116.447195 67462
39.977219 116.447194 67464
39.977228 116.447192 67467
39.977225 116.447198 67470
39.977223 116.447202 67472
39.977236 116.447208 67473
39.977290 116.447231 67477
39.977441 116.447319 67481
39.977479 116.447341 67482
39.977540 116.447387 67483
39.977721 116.447526 67486
39.977967 116.447666 67490
39.978159 116.447823 67494
39.978336 116.447979 67499
39.978416 116.448056 67502
39.978443 116.448078 67504
39.978483 116.448110 67507
39.978480 116.448094 67512
39.978491 116.448074 67517
39.978508 116.448077 67522
39.978516 116.448077 67525
39.978521 116.448077 67527
39.978523 116.448066 67532
39.978524 116.448062 67533
39.978530 116.448044 67537
39.978532 116.448046 67542
39.978534 116.448047 67547
39.978540 116.448052 67552
39.978545 116.448057 67555
39.978549 116.448060 67557
39.978553 116.448064 67562
39.978549 116.448060 67567
39.978546 116.448058 67569
39.978541 116.448054 67572
39.978530 116.448045 67577
39.978516 116.448033 67582
39.978501 116.448021 67587
39.978498 116.448018 67589
39.978494 116.448014 67592
39.978489 116.448009 67597
39.978480 116.448001 67602
39.978471 116.447994 67606
39.978469 116.447992 67607
39.978474 116.447994 67612
39.978498 116.448010 67617
39.978687 116.448182 67622
39.978875 116.448348 67626
39.979097 116.448546 67630
39.979327 116.448727 67634
39.979543 116.448894 67638
39.980119 116.449148 67643
39.980557 116.449529 67648
39.980664 116.449605 67649
39.980879 116.449758 67651
39.981636 116.450597 67678
39.981815 116.450690 67683
39.982025 116.450778 67686
39.982100 116.450777 67688
39.982137 116.450777 67689
39.982209 116.450794 67691
39.982245 116.450803 67692
39.982460 116.450865 67697
39.982715 116.450985 67701
39.983007 116.451028 67704
39.983104 116.451042 67705
39.983489 116.451041 67710
39.983696 116.451024 67714
39.983952 116.451015 67718
39.984110 116.451032 67720
39.984188 116.451041 67721
39.984267 116.451049 67722
39.984397 116.451079 67724
39.984422 116.451096 67728
39.984428 116.451100 67729
39.984434 116.451070 67734
39.984442 116.451092 67739
39.984459 116.451088 67742
39.984464 116.451087 67743
39.984470 116.451086 67744
39.984512 116.451068 67749
39.984555 116.451057 67754
39.984603 116.451046 67759
39.984665 116.451022 67763
39.984680 116.451016 67764
39.984738 116.451009 67768
39.984752 116.451007 67769
39.984795 116.451007 67773
39.984806 116.451007 67774
39.984832 116.451011 67776
39.984872 116.451016 67779
39.984906 116.450952 67784
39.984913 116.450928 67785
39.984942 116.450833 67789
39.984974 116.450734 67794
39.985013 116.450683 67799
39.985042 116.450642 67804
39.985056 116.450607 67807
39.985065 116.450583 67809
39.985108 116.450573 67814
39.985117 116.450575 67815
39.985153 116.450585 67819
39.985198 116.450588 67824
