40.050673 116.360946 31670
40.050645 116.360792 31673
40.050624 116.360676 31676
40.050610 116.360618 31677
40.050581 116.360503 31679
40.050574 116.360457 31680
40.050559 116.360365 31682
40.050538 116.360268 31687
40.050515 116.360133 31692
40.050496 116.360027 31697
40.050471 116.359913 31702
40.050457 116.359859 31707
40.050451 116.359831 31712
40.050451 116.359832 31716
40.050451 116.359832 31717
40.050450 116.359831 31722
40.050451 116.359832 31727
40.050451 116.359832 31732
40.050451 116.359832 31735
40.050451 116.359832 31737
40.050451 116.359831 31742
40.050451 116.359832 31747
40.050450 116.359828 31752
40.050429 116.359740 31755
40.050422 116.359711 31756
40.050413 116.359652 31758
40.050403 116.359592 31760
40.050391 116.359492 31763
40.050387 116.359459 31764
40.050349 116.359358 31769
40.050268 116.359271 31774
40.050053 116.359247 31779
40.049656 116.359386 31784
40.049436 116.359477 31786
40.049105 116.359613 31789
40.048399 116.359909 31794
40.047567 116.360253 31799
40.046656 116.360626 31804
40.045716 116.361019 31809
40.045526 116.361096 31810
40.044956 116.361329 31813
40.044766 116.361406 31814
40.043881 116.361746 31819
40.043061 116.362082 31824
40.042301 116.362393 31829
40.041612 116.362682 31834
40.040974 116.362972 31839
40.040374 116.363220 31844
40.039810 116.363473 31849
40.039648 116.363523 31851
40.039487 116.363574 31853
40.039290 116.363619 31857
40.039013 116.363713 31861
40.038582 116.363845 31866
40.038340 116.363920 31869
40.038259 116.363945 31870
40.037942 116.364033 31874
40.037636 116.364129 31878
40.037352 116.364209 31882
40.037032 116.364295 31886
40.036703 116.364383 31890
40.036540 116.364418 31892
40.036377 116.364454 31894
40.036215 116.364483 31896
40.036054 116.364512 31898
40.035794 116.364581 31902
40.035697 116.364589 31904
40.035600 116.364597 31906
40.035509 116.364534 31909
40.035437 116.364256 31914
40.035317 116.363761 31919
40.035254 116.363526 31921
40.035191 116.363291 31923
40.035087 116.362894 31927
40.035061 116.362805 31928
40.034985 116.362539 31931
40.034843 116.361970 31936
40.034720 116.361505 31940
40.034694 116.361399 31941
40.034616 116.361080 31944
40.034508 116.360664 31948
40.034483 116.360567 31949
40.034406 116.360275 31952
40.034372 116.360144 31954
40.034336 116.360049 31959
40.034323 116.359970 31962
40.034315 116.359918 31964
40.034304 116.359860 31969
40.034292 116.359820 31970
40.034258 116.359702 31973
40.034182 116.359452 31977
40.034092 116.359115 31981
40.034014 116.358814 31985
40.033983 116.358686 31987
40.033951 116.358558 31989
40.033889 116.358329 31994
40.033878 116.358320 31999
40.033878 116.358320 32003
40.033878 116.358320 32004
40.033878 116.358320 32005
40.033878 116.358320 32009
40.033877 116.358321 32014
40.033877 116.358321 32019
40.033877 116.358321 32024
40.033877 116.358321 32027
40.033877 116.358321 32029
40.033877 116.358321 32034
40.033876 116.358321 32039
40.033876 116.358321 32040
40.033876 116.358321 32044
40.033876 116.358321 32047
40.033876 116.358321 32049
40.033876 116.358321 32054
40.033865 116.358282 32058
40.033862 116.358272 32059
40.033824 116.358114 32062
40.033866 116.358025 32064
40.033929 116.357891 32067
40.034128 116.357791 32070
40.034195 116.357758 32071
40.034479 116.357617 32075
40.034700 116.357517 32078
40.034773 116.357483 32079
40.035185 116.357298 32084
40.035682 116.357077 32089
40.035776 116.357035 32090
40.036152 116.356865 32094
40.036461 116.356722 32098
40.036712 116.356611 32102
40.036945 116.356506 32106
40.037190 116.356391 32110
40.037319 116.356269 32113
40.037362 116.356229 32114
40.037357 116.356148 32115
40.037343 116.355905 32118
40.037228 116.355524 32122
40.037171 116.355356 32124
40.037113 116.355187 32126
40.036960 116.354569 32131
40.036831 116.353988 32135
40.036799 116.353843 32136
40.036654 116.353136 32141
40.036507 116.352398 32146
40.036346 116.351603 32151
40.036189 116.350866 32156
40.036074 116.350405 32160
40.035966 116.349995 32164
40.035853 116.349573 32168
40.035748 116.349204 32172
40.035671 116.348878 32176
40.035649 116.348752 32178
40.035644 116.348739 32179
40.035622 116.348688 32183
40.035623 116.348691 32188
40.035625 116.348693 32193
40.035627 116.348695 32198
40.035629 116.348697 32202
40.035629 116.348698 32203
40.035630 116.348700 32208
40.035623 116.348657 32213
40.035539 116.348328 32218
40.035447 116.347956 32222
40.035370 116.347643 32226
40.035350 116.347577 32227
40.035291 116.347379 32230
40.035197 116.347006 32234
40.035102 116.346594 32238
40.034997 116.346215 32242
40.034888 116.345826 32246
40.034747 116.345294 32251
40.034695 116.345109 32253
40.034642 116.344924 32255
40.034547 116.344573 32259
40.034465 116.344288 32263
40.034432 116.344173 32266
