40.000439 116.327256 2007
40.000436 116.327260 2008
40.000425 116.327278 2012
40.000411 116.327326 2017
40.000393 116.327320 2022
40.000351 116.327306 2026
40.000341 116.327303 2027
40.000258 116.327281 2032
40.000239 116.327239 2037
40.000229 116.327237 2041
40.000226 116.327237 2042
40.000756 116.327336 2062
40.000745 116.327310 2063
40.000701 116.327206 2067
40.000622 116.327137 2072
40.000625 116.327099 2077
40.000674 116.327037 2082
40.000747 116.327004 2085
40.000795 116.326982 2087
40.000809 116.326967 2092
40.000857 116.326955 2094
40.000928 116.326936 2097
40.000940 116.326934 2098
40.000975 116.326930 2101
40.000987 116.326928 2102
40.001060 116.326925 2106
40.001078 116.326924 2107
40.001069 116.326902 2112
40.001002 116.326938 2117
40.000993 116.326944 2118
40.000959 116.326967 2122
40.000948 116.326987 2127
40.000901 116.326983 2132
40.000871 116.326997 2137
40.000858 116.327002 2140
40.000850 116.327005 2142
40.000801 116.327014 2147
40.000769 116.327047 2152
40.000731 116.327051 2157
40.000685 116.327057 2162
40.000577 116.327067 2167
40.000495 116.327076 2172
40.000443 116.327052 2177
40.000428 116.327028 2182
40.000450 116.326990 2186
40.000455 116.326981 2187
40.000480 116.326943 2192
40.000513 116.326924 2197
40.000537 116.326909 2202
40.000533 116.326919 2206
40.000532 116.326921 2207
40.000515 116.326953 2212
40.000504 116.326984 2217
40.000516 116.326996 2222
40.000522 116.327003 2227
40.000525 116.327016 2232
40.000523 116.327029 2237
40.000510 116.327025 2242
40.000499 116.327018 2247
40.000507 116.326992 2252
40.000514 116.326983 2257
40.000550 116.326991 2262
40.000642 116.326999 2267
40.000659 116.327006 2268
40.000727 116.327034 2272
40.000753 116.327120 2277
40.000868 116.327182 2282
40.000946 116.327290 2287
40.001057 116.327391 2292
40.001144 116.327479 2297
40.001075 116.327484 2302
40.001075 116.327486 2307
40.000953 116.327444 2312
40.000749 116.327414 2317
40.000455 116.327277 2322
40.000432 116.327283 2325
40.000417 116.327287 2327
40.000363 116.327208 2332
40.000393 116.327217 2333
40.000423 116.327226 2334
40.000512 116.327254 2337
40.000550 116.327235 2342
40.000503 116.327269 2347
40.000518 116.327294 2352
40.000514 116.327297 2354
40.000508 116.327301 2357
40.000450 116.327204 2360
40.000430 116.327171 2361
40.000411 116.327139 2362
40.000403 116.327041 2367
40.000386 116.326992 2372
40.000406 116.326971 2377
40.000401 116.326963 2382
40.000380 116.326973 2384
40.000348 116.326988 2387
40.000323 116.326994 2389
40.000285 116.327003 2392
40.000248 116.326990 2397
40.000256 116.327000 2402
40.000299 116.326999 2407
40.000449 116.326999 2412
40.000447 116.326967 2417
40.000441 116.326963 2419
40.000433 116.326957 2422
40.000466 116.326986 2427
40.000524 116.327024 2432
40.000544 116.327023 2437
40.000546 116.327018 2441
40.000546 116.327017 2442
40.000540 116.326993 2446
40.000539 116.326987 2447
40.000526 116.326970 2448
40.000472 116.326904 2452
40.000424 116.326913 2457
40.000428 116.326892 2462
40.000475 116.326876 2467
40.000506 116.326839 2472
40.000496 116.326841 2477
40.000510 116.326853 2480
40.000514 116.326857 2481
40.000519 116.326861 2482
40.000529 116.326863 2483
40.000557 116.326870 2486
40.000567 116.326872 2487
40.000571 116.326879 2492
40.000612 116.326852 2497
40.000615 116.326910 2502
40.000610 116.326912 2507
40.000645 116.326906 2512
40.000697 116.326923 2517
40.000728 116.326932 2522
40.000732 116.326918 2524
40.000738 116.326896 2527
40.000714 116.326872 2532
40.000685 116.326871 2537
40.000678 116.326868 2538
40.000649 116.326855 2542
40.000661 116.326828 2547
40.000646 116.326823 2548
40.000586 116.326801 2552
40.000472 116.326767 2557
40.000481 116.326770 2562
40.000486 116.326779 2567
40.000471 116.326777 2568
40.000410 116.326769 2572
40.000307 116.326765 2577
40.000281 116.326773 2582
40.000312 116.326803 2587
40.000330 116.326782 2592
40.000334 116.326788 2594
40.000341 116.326797 2597
40.000367 116.326792 2602
40.000447 116.326810 2607
