39.981814 116.414301
39.981815 116.414263
39.981816 116.414223
39.981816 116.414210
0.000000 0.000000
0.000000 0.000000
39.987034 116.412578
39.987483 116.411765
39.987470 116.411736
39.987461 116.411715
39.987453 116.411696
39.987450 116.411688
39.987465 116.411725
39.987473 116.411743
39.987478 116.411756
39.987476 116.411749
39.986923 116.412512
0.000000 0.000000
39.987474 116.411745
39.986883 116.412489
39.986865 116.412478
39.986851 116.412469
39.986847 116.412467
39.986839 116.412462
39.986810 116.412445
39.986806 116.412443
39.986815 116.412448
0.000000 0.000000
0.000000 0.000000
0.000000 0.000000
0.000000 0.000000
0.000000 0.000000
0.000000 0.000000
0.000000 0.000000
0.000000 0.000000
0.000000 0.000000
0.000000 0.000000
0.000000 0.000000
0.000000 0.000000
0.000000 0.000000
0.000000 0.000000
0.000000 0.000000
0.000000 0.000000
0.000000 0.000000
0.000000 0.000000
0.000000 0.000000
0.000000 0.000000
0.000000 0.000000
0.000000 0.000000
0.000000 0.000000
0.000000 0.000000
0.000000 0.000000
0.000000 0.000000
0.000000 0.000000
0.000000 0.000000
0.000000 0.000000
0.000000 0.000000
0.000000 0.000000
0.000000 0.000000
0.000000 0.000000
0.000000 0.000000
0.000000 0.000000
0.000000 0.000000
0.000000 0.000000
0.000000 0.000000
0.000000 0.000000
0.000000 0.000000
0.000000 0.000000
0.000000 0.000000
0.000000 0.000000
0.000000 0.000000
0.000000 0.000000
0.000000 0.000000
0.000000 0.000000
0.000000 0.000000
0.000000 0.000000
0.000000 0.000000
0.000000 0.000000
0.000000 0.000000
0.000000 0.000000
0.000000 0.000000
0.000000 0.000000
0.000000 0.000000
0.000000 0.000000
0.000000 0.000000
0.000000 0.000000
0.000000 0.000000
0.000000 0.000000
0.000000 0.000000
0.000000 0.000000
0.000000 0.000000
0.000000 0.000000
0.000000 0.000000
0.000000 0.000000
0.000000 0.000000
0.000000 0.000000
0.000000 0.000000
0.000000 0.000000
0.000000 0.000000
0.000000 0.000000
0.000000 0.000000
0.000000 0.000000
0.000000 0.000000
0.000000 0.000000
0.000000 0.000000
0.000000 0.000000
0.000000 0.000000
0.000000 0.000000
0.000000 0.000000
0.000000 0.000000
0.000000 0.000000
0.000000 0.000000
0.000000 0.000000
0.000000 0.000000
0.000000 0.000000
0.000000 0.000000
0.000000 0.000000
0.000000 0.000000
0.000000 0.000000
0.000000 0.000000
0.000000 0.000000
0.000000 0.000000
0.000000 0.000000
0.000000 0.000000
0.000000 0.000000
0.000000 0.000000
0.000000 0.000000
0.000000 0.000000
0.000000 0.000000
0.000000 0.000000
0.000000 0.000000
0.000000 0.000000
0.000000 0.000000
0.000000 0.000000
0.000000 0.000000
0.000000 0.000000
0.000000 0.000000
0.000000 0.000000
0.000000 0.000000
0.000000 0.000000
0.000000 0.000000
0.000000 0.000000
0.000000 0.000000
0.000000 0.000000
0.000000 0.000000
0.000000 0.000000
0.000000 0.000000
0.000000 0.000000
0.000000 0.000000
0.000000 0.000000
0.000000 0.000000
0.000000 0.000000
0.000000 0.000000
0.000000 0.000000
0.000000 0.000000
0.000000 0.000000
0.000000 0.000000
0.000000 0.000000
0.000000 0.000000
0.000000 0.000000
0.000000 0.000000
0.000000 0.000000
0.000000 0.000000
0.000000 0.000000
0.000000 0.000000
0.000000 0.000000
0.000000 0.000000
0.000000 0.000000
0.000000 0.000000
0.000000 0.000000
0.000000 0.000000
0.000000 0.000000
0.000000 0.000000
0.000000 0.000000
0.000000 0.000000
0.000000 0.000000
0.000000 0.000000
0.000000 0.000000
0.000000 0.000000
0.000000 0.000000
0.000000 0.000000
0.000000 0.000000
0.000000 0.000000
0.000000 0.000000
0.000000 0.000000
0.000000 0.000000
0.000000 0.000000
0.000000 0.000000
0.000000 0.000000
0.000000 0.000000
0.000000 0.000000
0.000000 0.000000
0.000000 0.000000
0.000000 0.000000
0.000000 0.000000
0.000000 0.000000
0.000000 0.000000
0.000000 0.000000
0.000000 0.000000
0.000000 0.000000
0.000000 0.000000
0.000000 0.000000
0.000000 0.000000
0.000000 0.000000
0.000000 0.000000
0.000000 0.000000
0.000000 0.000000
0.000000 0.000000
0.000000 0.000000
0.000000 0.000000
0.000000 0.000000
0.000000 0.000000
0.000000 0.000000
0.000000 0.000000
0.000000 0.000000
0.000000 0.000000
0.000000 0.000000
0.000000 0.000000
0.000000 0.000000
0.000000 0.000000
0.000000 0.000000
0.000000 0.000000
0.000000 0.000000
0.000000 0.000000
0.000000 0.000000
0.000000 0.000000
0.000000 0.000000
0.000000 0.000000
0.000000 0.000000
0.000000 0.000000
0.000000 0.000000
0.000000 0.000000
0.000000 0.000000
0.000000 0.000000
0.000000 0.000000
0.000000 0.000000
0.000000 0.000000
0.000000 0.000000
0.000000 0.000000
0.000000 0.000000
0.000000 0.000000
0.000000 0.000000
0.000000 0.000000
0.000000 0.000000
0.000000 0.000000
0.000000 0.000000
0.000000 0.000000
0.000000 0.000000
0.000000 0.000000
0.000000 0.000000
0.000000 0.000000
0.000000 0.000000
0.000000 0.000000
0.000000 0.000000
0.000000 0.000000
0.000000 0.000000
0.000000 0.000000
0.000000 0.000000
0.000000 0.000000
0.000000 0.000000
0.000000 0.000000
0.000000 0.000000
0.000000 0.000000
0.000000 0.000000
0.000000 0.000000
0.000000 0.000000
0.000000 0.000000
0.000000 0.000000
0.000000 0.000000
0.000000 0.000000
0.000000 0.000000
0.000000 0.000000
0.000000 0.000000
0.000000 0.000000
0.000000 0.000000
0.000000 0.000000
0.000000 0.000000
0.000000 0.000000
0.000000 0.000000
0.000000 0.000000
0.000000 0.000000
0.000000 0.000000
0.000000 0.000000
0.000000 0.000000
0.000000 0.000000
0.000000 0.000000
0.000000 0.000000
0.000000 0.000000
0.000000 0.000000
0.000000 0.000000
0.000000 0.000000
39.985421 116.413551
39.985380 116.413395
39.985337 116.413230
39.985291 116.413056
39.985235 116.412844
39.985201 116.412578
39.985203 116.412452
39.985207 116.412211
39.985211 116.411993
39.984868 116.411282
39.984726 116.411193
39.984547 116.411082
39.984433 116.411011
39.984248 116.410895
39.984213 116.410874
39.984188 116.410858
39.984167 116.410845
39.984152 116.410836
39.984147 116.410832
39.984151 116.410835
39.984168 116.410846
39.984195 116.410863
39.984224 116.410880
39.984253 116.410898
39.984275 116.410912
39.984284 116.410918
39.984300 116.410928
39.984323 116.410942
39.984363 116.410967
39.984401 116.410991
39.984431 116.411009
39.984444 116.411018
39.984467 116.411032
39.984496 116.411050
39.984515 116.411062
39.984736 116.411200
39.984751 116.411209
39.984752 116.411210
39.984753 116.411210
39.986779 116.412426
39.986775 116.412424
0.000000 0.000000
0.000000 0.000000
39.986774 116.412424
0.000000 0.000000
0.000000 0.000000
0.000000 0.000000
0.000000 0.000000
0.000000 0.000000
39.986766 116.412419
39.986755 116.412412
39.986749 116.412409
39.986750 116.412409
39.986760 116.412415
39.986768 116.412420
0.000000 0.000000
0.000000 0.000000
0.000000 0.000000
0.000000 0.000000
0.000000 0.000000
39.986765 116.412418
0.000000 0.000000
0.000000 0.000000
39.986768 116.412420
39.986793 116.412435
39.986819 116.412450
39.986841 116.412463
39.986860 116.412475
39.986871 116.412481
39.986871 116.412481
39.986880 116.412487
39.986885 116.412490
39.986895 116.412496
39.986871 116.412481
39.986875 116.412484
39.986874 116.412483
39.986899 116.412498
39.986903 116.412500
39.986896 116.412496
39.986896 116.412496
39.986896 116.412496
39.986896 116.412496
39.986896 116.412496
39.986896 116.412496
39.986896 116.412496
39.986902 116.412500
39.986932 116.412518
39.986954 116.412530
39.986972 116.412542
39.986990 116.412552
39.987002 116.412559
39.987003 116.412560
39.987086 116.412609
39.987128 116.412634
39.987168 116.412658
39.987201 116.412678
39.987257 116.412711
0.000000 0.000000
0.000000 0.000000
0.000000 0.000000
0.000000 0.000000
0.000000 0.000000
0.000000 0.000000
0.000000 0.000000
0.000000 0.000000
39.987269 116.415806
39.987269 116.415806
39.987355 116.415900
39.987344 116.416137
39.987277 116.416142
39.987709 116.416669
39.987268 116.416883
39.987272 116.417062
39.987268 116.417224
39.987431 116.417403
39.987500 116.417216
39.987526 116.417048
39.987598 116.416842
39.987707 116.416582
39.987700 116.416345
39.987642 116.416136
39.987694 116.416145
39.987269 116.415806
0.000000 0.000000
0.000000 0.000000
0.000000 0.000000
0.000000 0.000000
0.000000 0.000000
0.000000 0.000000
0.000000 0.000000
39.987676 116.412960
39.987676 116.412960
39.987555 116.412888
39.987672 116.412661
39.987640 116.412137
39.987533 116.411885
39.987439 116.411663
39.987351 116.411456
39.987266 116.411255
39.987183 116.411061
39.987099 116.410864
39.987010 116.410654
39.986945 116.410500
39.986906 116.410409
39.986860 116.410300
39.986811 116.410185
0.000000 0.000000
0.000000 0.000000
0.000000 0.000000
0.000000 0.000000
39.987496 116.408459
39.987397 116.408342
39.987282 116.408206
39.987168 116.408070
39.987242 116.407629
39.987243 116.407319
39.987216 116.406977
39.987354 116.406828
39.987474 116.406651
0.000000 0.000000
0.000000 0.000000
0.000000 0.000000
0.000000 0.000000
0.000000 0.000000
0.000000 0.000000
0.000000 0.000000
0.000000 0.000000
0.000000 0.000000
0.000000 0.000000
39.986883 116.402807
39.986989 116.402582
39.987095 116.402356
39.987206 116.402120
39.987312 116.401597
39.987206 116.401285
39.987234 116.401113
39.986846 116.400701
39.987347 116.400191
39.987284 116.399843
39.987216 116.399474
39.987046 116.398535
39.987005 116.398312
39.987005 116.398312
39.986698 116.397836
0.000000 0.000000
0.000000 0.000000
0.000000 0.000000
0.000000 0.000000
0.000000 0.000000
39.987384 116.395360
39.987312 116.395110
39.987238 116.394851
39.987169 116.394608
39.987044 116.394371
39.986944 116.394209
39.986845 116.394048
39.986755 116.393904
39.986664 116.393756
39.986915 116.393234
39.986913 116.393234
39.986907 116.393234
0.000000 0.000000
0.000000 0.000000
0.000000 0.000000
0.000000 0.000000
0.000000 0.000000
0.000000 0.000000
0.000000 0.000000
0.000000 0.000000
0.000000 0.000000
0.000000 0.000000
0.000000 0.000000
0.000000 0.000000
0.000000 0.000000
0.000000 0.000000
0.000000 0.000000
39.986735 116.387770
39.986744 116.387769
39.986751 116.387439
0.000000 0.000000
39.986705 116.386219
0.000000 0.000000
39.986837 116.383369
39.986819 116.382743
39.986620 116.381750
39.986488 116.381775
39.986875 116.381260
39.986688 116.380532
39.986789 116.380068
39.986637 116.379913
39.986488 116.379761
39.986642 116.379071
39.986627 116.378628
39.986626 116.378445
39.986452 116.377863
39.986597 116.377631
39.986746 116.377392
0.000000 0.000000
0.000000 0.000000
0.000000 0.000000
0.000000 0.000000
0.000000 0.000000
0.000000 0.000000
0.000000 0.000000
0.000000 0.000000
0.000000 0.000000
39.986211 116.369381
0.000000 0.000000
0.000000 0.000000
39.986129 116.365510
0.000000 0.000000
0.000000 0.000000
0.000000 0.000000
39.986404 116.360947
39.986372 116.360060
39.985969 116.358877
39.986310 116.358109
0.000000 0.000000
39.985824 116.355733
39.985937 116.355640
39.986040 116.355556
39.986137 116.355476
0.000000 0.000000
0.000000 0.000000
39.985929 116.353815
39.985931 116.353814
39.985927 116.353653
39.985911 116.353271
39.985908 116.352958
39.986166 116.352662
39.985877 116.352298
39.985958 116.352112
39.985884 116.351824
39.985989 116.351670
39.986067 116.351484
39.986155 116.351273
39.986155 116.351273
39.986155 116.351273
0.000000 0.000000
0.000000 0.000000
0.000000 0.000000
0.000000 0.000000
0.000000 0.000000
39.986107 116.349392
39.986107 116.349392
39.986107 116.349392
39.985946 116.349210
39.985898 116.349155
39.985851 116.349102
39.985798 116.349041
39.985828 116.348818
39.985892 116.348739
39.985955 116.348660
39.986067 116.348327
39.986060 116.348129
39.986056 116.348019
39.986056 116.348019
39.986056 116.348019
39.985685 116.347828
0.000000 0.000000
0.000000 0.000000
0.000000 0.000000
0.000000 0.000000
39.985697 116.345955
39.985697 116.345955
39.985697 116.345955
39.985356 116.345636
39.985353 116.345376
39.985350 116.345108
39.985684 116.344869
39.985578 116.344082
39.985578 116.344082
39.985578 116.344072
39.985572 116.343827
39.985566 116.343595
39.985561 116.343373
39.985556 116.343150
39.985627 116.342953
39.985553 116.342953
39.985553 116.342953
39.986066 116.342232
39.986058 116.342028
39.986051 116.341821
39.986042 116.341607
39.986035 116.341405
39.986027 116.341208
39.986020 116.341016
39.985564 116.340694
39.985565 116.340694
39.985554 116.340396
39.985565 116.340235
39.985533 116.340226
39.985513 116.340221
39.985851 116.339964
39.985849 116.339857
39.985848 116.339726
39.985846 116.339574
39.985845 116.339443
39.985845 116.339443
0.000000 0.000000
0.000000 0.000000
0.000000 0.000000
0.000000 0.000000
0.000000 0.000000
39.986045 116.337911
0.000000 0.000000
39.985135 116.337356
39.985175 116.337132
39.985212 116.336924
39.985246 116.336736
39.985278 116.336556
39.985307 116.336391
39.985460 116.336130
39.985529 116.336066
39.985572 116.335985
39.985817 116.335682
39.985814 116.335590
39.985838 116.335399
39.985860 116.335227
39.985885 116.334954
39.985878 116.334835
39.985873 116.334752
39.985867 116.334665
39.985861 116.334563
39.985856 116.334483
39.984960 116.334534
39.984960 116.334534
39.984960 116.334534
39.984942 116.334535
39.984818 116.334539
39.984701 116.334543
39.984592 116.334547
39.984466 116.334551
39.984411 116.334553
39.984171 116.334761
39.984011 116.334775
39.983839 116.334790
39.983661 116.334806
39.983472 116.334823
39.983279 116.334840
39.983085 116.334858
39.982889 116.334875
39.982772 116.334606
39.982468 116.334292
39.982280 116.334315
39.982108 116.334336
39.981864 116.334644
39.981859 116.334596
39.981668 116.334405
39.981552 116.334428
39.981439 116.334451
39.981330 116.334474
39.981189 116.334503
39.981038 116.334534
39.980888 116.334565
39.980751 116.334592
39.980640 116.334615
39.980546 116.334634
39.980424 116.334659
39.980284 116.334688
39.980141 116.334717
39.979990 116.334748
39.979842 116.334779
39.979705 116.334807
39.979587 116.334831
39.979494 116.334850
39.979408 116.334868
39.979321 116.334885
39.979205 116.334909
39.979062 116.334938
39.978926 116.334966
39.978781 116.334996
39.978637 116.335026
39.978509 116.335052
39.978390 116.335076
39.978203 116.335017
39.978127 116.335115
39.978002 116.335117
39.977877 116.335118
39.977753 116.335120
39.977620 116.335122
39.977490 116.335123
39.977378 116.335125
39.977295 116.335126
39.977240 116.335127
39.977203 116.335127
39.977146 116.335128
39.977059 116.335129
39.976954 116.335130
39.976831 116.335132
39.976718 116.335134
39.976518 116.335574
39.976515 116.335634
39.976425 116.335684
39.976320 116.335753
39.976321 116.335822
39.976141 116.335916
39.976140 116.335991
39.976140 116.336033
39.976140 116.336069
39.976140 116.336129
39.975886 116.336106
39.975857 116.336185
39.975824 116.336276
39.975785 116.336381
39.975743 116.336495
39.975690 116.336530
39.975643 116.336532
39.975576 116.336534
39.975731 116.336529
39.975474 116.336538
39.975731 116.336529
39.975731 116.336529
39.975381 116.336541
39.975351 116.336542
39.975337 116.336543
39.975307 116.336544
39.975299 116.336544
39.975271 116.336545
39.975250 116.336546
39.975232 116.336546
39.975225 116.336547
39.975223 116.336547
39.975220 116.336547
39.975223 116.336547
39.975225 116.336547
0.000000 0.000000
0.000000 0.000000
39.975034 116.335087
39.975034 116.335087
39.975055 116.335023
39.975107 116.334863
39.975159 116.334705
39.975212 116.334544
39.975263 116.334388
39.975311 116.334242
39.975175 116.333954
39.975217 116.333653
39.975280 116.333649
39.975277 116.333649
39.975177 116.333655
39.974828 116.332729
39.974877 116.332610
39.974951 116.332432
39.975038 116.332222
39.975126 116.332010
39.975141 116.331974
39.975141 116.331974
39.975141 116.331974
0.000000 0.000000
0.000000 0.000000
0.000000 0.000000
0.000000 0.000000
0.000000 0.000000
0.000000 0.000000
0.000000 0.000000
0.000000 0.000000
0.000000 0.000000
0.000000 0.000000
0.000000 0.000000
0.000000 0.000000
0.000000 0.000000
0.000000 0.000000
0.000000 0.000000
39.975591 116.331837
39.975591 116.331837
39.975591 116.331837
39.975591 116.331837
39.975591 116.331837
39.975591 116.331837
39.975591 116.331837
39.975591 116.331837
39.975591 116.331837
39.975591 116.331837
39.975591 116.331837
39.975591 116.331837
39.975591 116.331837
0.000000 0.000000
0.000000 0.000000
0.000000 0.000000
0.000000 0.000000
0.000000 0.000000
0.000000 0.000000
0.000000 0.000000
0.000000 0.000000
0.000000 0.000000
0.000000 0.000000
0.000000 0.000000
0.000000 0.000000
0.000000 0.000000
0.000000 0.000000
0.000000 0.000000
0.000000 0.000000
0.000000 0.000000
0.000000 0.000000
0.000000 0.000000
0.000000 0.000000
0.000000 0.000000
0.000000 0.000000
0.000000 0.000000
39.975141 116.331974
