39.947770 116.394392 20613
39.947767 116.393923 20616
39.947766 116.393766 20617
39.947765 116.393610 20618
39.947760 116.393282 20620
39.947758 116.393118 20621
39.947755 116.392954 20622
39.947753 116.392790 20623
39.947743 116.391927 20628
39.947725 116.391183 20633
39.947721 116.390854 20636
39.947718 116.390635 20638
39.947721 116.390439 20641
39.947723 116.390308 20643
39.947718 116.390245 20645
39.947715 116.390213 20646
39.947720 116.390118 20667
39.947700 116.389908 20670
39.947693 116.389838 20671
39.947695 116.389440 20675
39.947695 116.389340 20676
39.947715 116.388775 20681
39.947722 116.388138 20686
39.947722 116.387755 20691
39.947750 116.387295 20696
39.947748 116.386779 20700
39.947748 116.386650 20701
39.947723 116.386012 20705
39.947717 116.385852 20706
39.947715 116.385007 20711
39.947712 116.384272 20716
39.947708 116.383662 20721
39.947687 116.382947 20726
39.947688 116.382652 20728
39.947690 116.382210 20731
39.947670 116.381417 20736
39.947653 116.380638 20741
39.947655 116.379807 20746
39.947659 116.379659 20747
39.947675 116.379065 20751
39.947675 116.378944 20752
39.947675 116.378579 20755
39.947675 116.378458 20756
39.947677 116.377855 20761
39.947673 116.377237 20766
39.947645 116.376513 20771
39.947643 116.376203 20773
39.947640 116.375737 20776
39.947640 116.374912 20781
39.947628 116.374010 20786
39.947605 116.373123 20791
39.947592 116.372280 20796
39.947588 116.371793 20799
39.947586 116.371630 20800
39.947585 116.371468 20801
39.947592 116.371224 20803
39.947596 116.371102 20804
39.947600 116.370980 20805
39.947606 116.370922 20806
39.947612 116.370863 20807
39.947610 116.370755 20811
39.947611 116.370735 20812
39.947613 116.370716 20813
39.947616 116.370677 20815
39.947617 116.370657 20816
39.947618 116.370636 20818
39.947620 116.370615 20820
39.947623 116.370563 20825
39.947624 116.370538 20826
39.947627 116.370437 20830
39.947617 116.370248 20834
39.947610 116.370140 20837
39.947605 116.370112 20838
39.947595 116.370055 20840
39.947590 116.370027 20841
39.947558 116.369793 20846
39.947547 116.369673 20848
39.947535 116.369553 20850
39.947533 116.369498 20851
39.947530 116.369443 20852
39.947531 116.369398 20854
39.947533 116.369352 20856
39.947542 116.369253 20872
39.947540 116.369130 20875
39.947538 116.369048 20877
39.947533 116.368805 20881
39.947525 116.368539 20884
39.947520 116.368362 20886
39.947485 116.367775 20891
39.947447 116.367237 20896
39.947436 116.366963 20899
39.947432 116.366872 20900
39.947442 116.366577 20904
39.947443 116.366509 20905
39.947444 116.366440 20906
39.947446 116.366372 20907
39.947447 116.366303 20908
39.947450 116.366047 20912
39.947452 116.365998 20913
39.947455 116.365950 20914
39.947417 116.365863 20941
39.947359 116.365839 20944
39.947320 116.365823 20946
39.947105 116.365777 20950
39.946840 116.365843 20954
39.946793 116.365855 20955
39.946650 116.365892 20958
39.946438 116.365953 20962
39.946187 116.365985 20966
39.945977 116.366002 20970
39.945885 116.365993 20976
39.945792 116.365988 20981
39.945548 116.365988 20986
39.945414 116.365987 20989
39.945325 116.365987 20991
39.945220 116.365982 20995
39.945194 116.365978 20996
39.945118 116.365968 20999
39.945015 116.365957 21003
39.944984 116.365956 21004
39.944922 116.365955 21006
39.944881 116.365952 21007
39.944839 116.365949 21008
39.944715 116.365940 21011
39.944532 116.365943 21015
39.944308 116.365952 21019
39.944226 116.365956 21021
39.944144 116.365961 21023
39.944103 116.365963 21024
39.943993 116.365977 21030
39.943930 116.365977 21032
39.943867 116.365977 21034
39.943648 116.365975 21039
39.943445 116.365973 21043
39.943398 116.365974 21044
39.943350 116.365975 21045
39.943245 116.365977 21056
39.943152 116.365973 21059
39.942890 116.366000 21064
39.942633 116.366017 21068
39.942337 116.366038 21072
39.941975 116.366057 21076
39.941885 116.366062 21077
39.941393 116.366098 21082
39.941303 116.366106 21083
39.940943 116.366138 21087
39.940623 116.366178 21091
39.940556 116.366189 21092
39.940357 116.366222 21095
39.940142 116.366262 21099
39.939942 116.366332 21104
39.939837 116.366342 21128
39.939643 116.366347 21133
39.939383 116.366388 21137
39.939093 116.366418 21141
39.938775 116.366447 21145
39.938468 116.366472 21149
39.938162 116.366490 21153
39.937878 116.366507 21157
39.937605 116.366502 21161
39.937387 116.366495 21165
39.937175 116.366473 21170
39.937065 116.366495 21175
39.936973 116.366505 21201
39.936863 116.366510 21206
39.936822 116.366508 21209
39.936809 116.366507 21210
39.936768 116.366505 21213
