39.999898 116.326679 9387
39.999707 116.326635 9392
39.999618 116.326555 9397
39.999612 116.326504 9399
39.999602 116.326427 9402
39.999770 116.326241 9407
39.999715 116.326100 9412
39.999905 116.325481 9417
39.999926 116.324905 9422
39.999765 116.324617 9425
39.999712 116.324521 9426
39.999658 116.324425 9427
39.999622 116.324206 9432
39.999678 116.324222 9433
39.999844 116.324271 9436
39.999799 116.323801 9441
39.999637 116.323236 9446
39.999492 116.323271 9449
39.999396 116.323294 9451
39.999350 116.323405 9455
39.999438 116.323321 9460
39.999420 116.323329 9465
39.998964 116.323455 9470
40.000187 116.327114 9475
40.000216 116.327130 9476
40.000275 116.327161 9478
40.000265 116.327028 9482
40.000263 116.326995 9483
40.000168 116.326650 9488
40.000092 116.326392 9492
40.000032 116.326658 9497
40.000032 116.326704 9498
40.000032 116.326749 9499
40.000027 116.326760 9500
40.000013 116.326791 9503
39.999988 116.326785 9508
39.999951 116.326743 9512
39.999861 116.326689 9517
39.999839 116.326671 9518
39.999816 116.326653 9519
39.999778 116.326711 9522
39.999752 116.326749 9524
39.999663 116.326790 9528
39.999647 116.326793 9529
39.999632 116.326796 9530
39.999640 116.326802 9532
39.999649 116.326807 9534
39.999647 116.326802 9536
39.999646 116.326799 9537
39.999645 116.326796 9538
39.999618 116.326703 9543
39.999535 116.326645 9547
39.999483 116.326628 9548
39.999378 116.326594 9550
39.999357 116.326587 9551
39.999315 116.326572 9553
39.999227 116.326535 9556
39.999185 116.326562 9561
39.999186 116.326561 9562
39.999189 116.326560 9564
39.999191 116.326559 9565
39.999192 116.326558 9566
39.999280 116.326553 9570
39.999323 116.326570 9572
39.999366 116.326587 9574
39.999387 116.326596 9575
39.999500 116.326663 9578
39.999625 116.326708 9582
39.999706 116.326733 9587
39.999845 116.326765 9591
39.999880 116.326773 9592
39.999866 116.326766 9593
39.999852 116.326760 9594
39.999838 116.326753 9595
39.999823 116.326758 9600
39.999742 116.326779 9604
39.999911 116.326738 9609
40.000063 116.326727 9613
40.000134 116.326672 9618
40.000137 116.326662 9619
40.000146 116.326633 9622
40.000126 116.326606 9627
40.000137 116.326693 9630
40.000140 116.326722 9631
40.000111 116.326749 9632
40.000054 116.326804 9634
40.000025 116.326831 9635
39.999962 116.326851 9638
39.999920 116.326865 9640
39.999902 116.326876 9641
39.999865 116.326897 9643
39.999829 116.326918 9645
39.999779 116.326926 9647
39.999818 116.326894 9652
39.999878 116.326859 9655
39.999888 116.326818 9660
39.999916 116.326803 9663
39.999934 116.326793 9665
39.999979 116.326777 9669
39.999922 116.326763 9674
39.999944 116.326611 9677
40.000478 116.328259 9717
40.001225 116.330566 9773
40.001226 116.330458 9777
40.001226 116.330431 9778
40.001164 116.329978 9782
40.001138 116.329941 9786
40.001116 116.329929 9791
40.001112 116.329921 9796
39.999819 116.326947 9878
39.999661 116.326935 9883
39.999788 116.326922 9888
40.000352 116.327015 9893
40.000286 116.327067 9898
40.000284 116.327097 9903
40.000258 116.327069 9908
40.000206 116.326999 9912
40.000166 116.326918 9915
40.000152 116.326891 9916
40.000108 116.326753 9920
40.000046 116.326650 9924
40.000030 116.326624 9925
39.999992 116.326709 9929
39.999968 116.326715 9930
39.999944 116.326720 9931
39.999897 116.326732 9933
39.999897 116.326746 9935
39.999898 116.326754 9936
39.999898 116.326768 9938
39.999892 116.326764 9943
39.999905 116.326763 9946
39.999910 116.326763 9947
39.999914 116.326763 9948
39.999926 116.326766 9953
39.999912 116.326768 9957
39.999909 116.326769 9958
39.999889 116.326786 9963
39.999888 116.326788 9964
39.999886 116.326793 9966
39.999885 116.326796 9967
39.999884 116.326798 9968
39.999887 116.326803 9973
39.999885 116.326804 9977
39.999885 116.326804 9978
39.999731 116.326959 9983
