39.937634 116.340425 324
39.937920 116.341289 329
39.938213 116.342147 334
39.938465 116.343058 339
39.938547 116.343602 342
39.938602 116.343964 344
39.938731 116.344854 349
39.938769 116.345206 351
39.938827 116.345734 354
39.938918 116.346615 359
39.938954 116.346965 361
39.938990 116.347315 363
39.939008 116.347490 364
39.939086 116.348332 369
39.939103 116.349105 374
39.939099 116.349478 378
39.939098 116.349571 379
39.939110 116.349916 384
39.939113 116.350146 389
39.939111 116.350342 394
39.939110 116.350502 399
39.939131 116.350658 404
39.939128 116.350736 406
39.939124 116.350854 409
39.939124 116.351013 414
39.939131 116.351051 419
39.939137 116.351058 421
39.939145 116.351068 424
39.939152 116.351069 429
39.939152 116.351081 431
39.939152 116.351098 434
39.939151 116.351121 435
39.939150 116.351144 436
39.939148 116.351168 437
39.939146 116.351214 439
39.939135 116.351272 441
39.939130 116.351302 442
39.939119 116.351360 444
39.939111 116.351380 445
39.939078 116.351460 449
39.939065 116.351736 454
39.939077 116.351845 456
39.939084 116.351900 457
39.939096 116.352009 459
39.939118 116.352476 464
39.939141 116.353095 469
39.939138 116.353528 474
39.939142 116.353653 475
39.939147 116.353779 476
39.939160 116.354155 479
39.939179 116.354897 484
39.939152 116.355694 489
39.939129 116.356500 494
39.939134 116.357293 499
39.939157 116.357968 504
39.939161 116.358108 505
39.939176 116.358666 509
39.939158 116.359418 514
39.939169 116.360081 519
39.939215 116.360710 524
39.939224 116.361228 529
39.939241 116.361390 534
39.939240 116.361386 536
39.939238 116.361381 539
39.939332 116.361611 544
39.939336 116.361913 549
39.939336 116.361980 550
39.939336 116.362246 554
39.939345 116.362516 559
39.939329 116.362653 561
39.939306 116.362859 564
39.939293 116.363122 567
39.939285 116.363297 569
39.939284 116.363399 570
39.939279 116.363805 574
39.939273 116.364251 578
39.939271 116.364362 579
39.939273 116.364526 581
39.939275 116.364771 584
39.939283 116.365108 589
39.939314 116.365520 594
39.939298 116.365914 599
39.939256 116.366055 604
39.939254 116.366053 606
39.939251 116.366051 609
39.939237 116.366055 614
39.939255 116.366045 618
39.939259 116.366043 619
39.939254 116.366044 622
39.939251 116.366045 624
39.939257 116.366049 627
39.939261 116.366051 629
39.939282 116.366057 634
39.939286 116.366060 635
39.939303 116.366070 639
39.939309 116.366085 644
39.939299 116.366097 649
39.939298 116.366095 650
39.939295 116.366087 654
39.939295 116.366085 657
39.939295 116.366084 658
39.939295 116.366083 659
39.939295 116.366077 664
39.939294 116.366083 669
39.939294 116.366079 671
39.939293 116.366074 674
39.939332 116.366105 679
39.939343 116.366323 684
39.939505 116.366491 689
39.939605 116.366491 691
39.939755 116.366490 694
39.939882 116.366466 698
39.939914 116.366460 699
39.940000 116.366521 704
39.940038 116.366622 706
39.940075 116.366723 708
39.940094 116.366773 709
39.940187 116.367209 714
39.940295 116.367636 719
39.940496 116.367974 724
39.940705 116.368272 729
39.940867 116.368562 734
39.941015 116.368875 739
39.941056 116.369152 744
39.941052 116.369160 749
39.941068 116.369145 754
39.941068 116.369147 755
39.941067 116.369156 759
39.941068 116.369166 764
39.941044 116.369167 769
39.941045 116.369119 774
39.941072 116.369109 778
39.941079 116.369107 779
39.941085 116.369137 781
39.941094 116.369181 784
39.941109 116.369251 789
39.941084 116.369325 794
39.941082 116.369342 795
39.941076 116.369411 799
39.941085 116.369475 804
39.941111 116.369535 809
39.941160 116.369585 814
39.941177 116.369607 816
39.941194 116.369628 818
39.941203 116.369639 819
39.941234 116.369689 824
39.941269 116.369726 828
39.941278 116.369735 829
39.941320 116.369732 833
39.941330 116.369731 834
39.941363 116.369733 839
39.941368 116.369734 840
39.941378 116.369737 842
39.941383 116.369739 843
39.941388 116.369740 844
39.941436 116.369747 849
39.941537 116.369743 854
39.941611 116.369744 859
39.941665 116.369730 863
39.941679 116.369727 864
39.941745 116.369713 868
39.941761 116.369709 869
39.941779 116.369719 873
39.941784 116.369722 874
39.941812 116.369716 876
39.941855 116.369708 879
39.941859 116.369653 884
39.941863 116.369633 885
39.941867 116.369613 886
39.941879 116.369552 889
39.941884 116.369503 894
39.941869 116.369491 899
39.941868 116.369482 904
39.941870 116.369486 907
39.941871 116.369488 908
39.941872 116.369489 909
39.941873 116.369489 912
39.941873 116.369489 914
39.941871 116.369487 915
39.941861 116.369477 919
39.941846 116.369458 924
