39.980571 116.329322 20580
39.980589 116.329286 20584
39.980592 116.329277 20588
39.980600 116.329272 20589
39.980608 116.329267 20590
39.980624 116.329256 20592
39.980655 116.329250 20595
39.980666 116.329248 20596
39.980674 116.329246 20600
39.980683 116.329251 20604
39.980692 116.329255 20605
39.980718 116.329266 20608
39.980751 116.329295 20612
39.980802 116.329308 20616
39.980821 116.329327 20620
39.980828 116.329333 20621
39.980835 116.329339 20622
39.980841 116.329345 20623
39.980848 116.329351 20624
39.980871 116.329360 20628
39.980894 116.329385 20631
39.980902 116.329393 20632
39.980917 116.329399 20634
39.980925 116.329402 20635
39.980932 116.329405 20636
39.980966 116.329429 20640
39.980968 116.329419 20644
39.980957 116.329406 20648
39.980950 116.329393 20652
39.980952 116.329390 20655
39.980952 116.329389 20656
39.980952 116.329389 20657
39.980952 116.329387 20660
39.980948 116.329389 20664
39.980944 116.329396 20668
39.980942 116.329399 20670
39.980939 116.329402 20672
39.980931 116.329406 20676
39.980926 116.329423 20680
39.980921 116.329431 20684
39.980918 116.329434 20686
39.980915 116.329437 20688
39.980912 116.329440 20690
39.980911 116.329442 20691
39.980909 116.329443 20692
39.980891 116.329447 20695
39.980885 116.329448 20696
39.980878 116.329453 20697
39.980856 116.329470 20700
39.980856 116.329475 20701
39.980855 116.329491 20704
39.980859 116.329511 20708
39.980867 116.329527 20712
39.980880 116.329543 20716
39.980883 116.329543 20717
39.980893 116.329543 20720
39.980900 116.329543 20724
39.980903 116.329531 20725
39.980912 116.329496 20728
39.980913 116.329462 20732
39.980913 116.329450 20736
39.980919 116.329463 20738
39.980921 116.329469 20739
39.980924 116.329475 20740
39.980913 116.329484 20744
39.980912 116.329484 20748
39.980906 116.329488 20752
39.980902 116.329503 20756
39.980878 116.329538 20760
39.980868 116.329548 20764
39.980861 116.329568 20768
39.980834 116.329621 20772
39.980819 116.329691 20776
39.980830 116.329741 20780
39.980824 116.329744 20781
39.980818 116.329747 20782
39.980806 116.329753 20784
39.980800 116.329744 20786
39.980797 116.329739 20787
39.980794 116.329734 20788
39.980796 116.329719 20792
39.980794 116.329718 20795
39.980793 116.329718 20796
39.980792 116.329718 20797
39.980790 116.329716 20800
39.980786 116.329691 20804
39.980786 116.329681 20805
39.980785 116.329651 20808
39.980793 116.329640 20811
39.980796 116.329636 20812
39.980794 116.329629 20814
39.980793 116.329626 20815
39.980792 116.329623 20816
39.980792 116.329619 20817
39.980791 116.329606 20820
39.980790 116.329596 20824
39.980791 116.329592 20828
39.980796 116.329593 20832
39.980802 116.329597 20836
39.980807 116.329598 20840
39.980817 116.329581 20844
39.980817 116.329571 20845
39.980818 116.329542 20848
39.980820 116.329532 20849
39.980827 116.329501 20852
39.980837 116.329457 20856
39.980839 116.329441 20858
39.980840 116.329433 20859
39.980841 116.329425 20860
39.980869 116.329403 20864
39.980904 116.329372 20868
39.980931 116.329354 20872
39.980936 116.329355 20874
39.980941 116.329356 20876
39.980961 116.329367 20880
39.980966 116.329368 20881
39.980982 116.329370 20884
39.980984 116.329373 20885
39.980988 116.329381 20888
39.980988 116.329384 20889
39.980989 116.329386 20890
39.980989 116.329391 20892
39.980956 116.329418 20896
39.980937 116.329462 20900
39.980919 116.329489 20902
39.980900 116.329517 20904
39.980893 116.329575 20906
39.980889 116.329603 20907
39.980886 116.329632 20908
39.980888 116.329661 20909
39.980892 116.329720 20911
39.980894 116.329749 20912
39.980888 116.329864 20916
39.980911 116.329877 20919
39.980919 116.329882 20920
39.980960 116.329819 20924
39.980973 116.329793 20928
39.980988 116.329759 20932
39.980995 116.329755 20933
39.981002 116.329750 20934
39.981016 116.329742 20936
39.981025 116.329740 20938
39.981034 116.329738 20940
39.981041 116.329714 20944
39.981053 116.329692 20947
39.981057 116.329685 20948
39.981084 116.329673 20952
39.981087 116.329681 20954
39.981090 116.329690 20956
39.981085 116.329704 20960
39.981032 116.329706 20964
39.980965 116.329698 20968
39.980870 116.329689 20972
39.980789 116.329686 20976
39.980761 116.329694 20978
39.980732 116.329703 20980
39.980685 116.329715 20984
39.980676 116.329711 20985
39.980649 116.329698 20988
39.980659 116.329645 20992
39.980660 116.329624 20996
39.980668 116.329617 20999
39.980670 116.329614 21000
39.980656 116.329605 21004
39.980645 116.329607 21008
39.980636 116.329615 21010
39.980627 116.329623 21012
39.980633 116.329654 21016
39.980633 116.329657 21017
39.980634 116.329661 21018
39.980635 116.329667 21020
39.980629 116.329668 21024
39.980625 116.329668 21028
39.980628 116.329668 21032
39.980635 116.329668 21035
39.980637 116.329668 21036
39.980643 116.329668 21040
39.980650 116.329671 21044
39.980650 116.329674 21046
39.980651 116.329675 21047
39.980651 116.329676 21048
39.980651 116.329680 21052
39.980648 116.329681 21056
39.980644 116.329681 21060
39.980643 116.329673 21064
39.980661 116.329626 21068
39.980689 116.329583 21071
39.980699 116.329569 21072
39.980708 116.329562 21073
39.980733 116.329542 21076
39.980758 116.329548 21080
39.980781 116.329553 21083
39.980789 116.329555 21084
39.980816 116.329588 21088
39.980834 116.329611 21092
39.980845 116.329637 21096
39.980866 116.329660 21100
39.980869 116.329661 21101
39.980877 116.329664 21104
39.980885 116.329667 21108
39.980889 116.329665 21109
39.980900 116.329657 21112
39.980918 116.329656 21116
39.980941 116.329648 21120
39.980956 116.329631 21123
39.980961 116.329625 21124
39.980963 116.329625 21125
39.980964 116.329625 21126
39.980968 116.329625 21128
39.980944 116.329615 21132
39.980920 116.329606 21136
39.980914 116.329607 21140
39.980914 116.329606 21144
39.980886 116.329608 21148
39.980870 116.329612 21149
39.980822 116.329624 21152
39.980770 116.329610 21156
39.980736 116.329578 21160
39.980719 116.329539 21164
39.980713 116.329502 21168
39.980695 116.329475 21172
39.980693 116.329469 21173
39.980691 116.329463 21174
39.980689 116.329457 21175
39.980687 116.329451 21176
