39.975147 116.333653 3724
39.975149 116.333654 3725
39.975150 116.333655 3726
39.975208 116.333533 3736
39.975202 116.333314 3738
39.975193 116.332985 3741
39.975185 116.332872 3742
39.975155 116.332418 3746
39.975130 116.331842 3751
39.975130 116.331739 3752
39.975131 116.331534 3754
39.975132 116.331328 3756
39.975210 116.330863 3761
39.975327 116.330433 3766
39.975329 116.330264 3769
39.975330 116.330152 3771
39.975384 116.330033 3775
39.975398 116.330003 3776
39.975417 116.329988 3777
39.975473 116.329945 3780
39.975492 116.329930 3781
39.975508 116.329922 3784
39.975518 116.329917 3786
39.975537 116.329902 3791
39.975593 116.329794 3793
39.975677 116.329633 3796
39.975648 116.329348 3801
39.975578 116.329013 3806
39.975547 116.328728 3811
39.975550 116.328711 3812
39.975557 116.328677 3814
39.975563 116.328643 3816
39.975560 116.328657 3821
39.975562 116.328663 3825
39.975562 116.328665 3826
39.975553 116.328655 3831
39.975555 116.328639 3834
39.975557 116.328628 3836
39.975582 116.328517 3841
39.975543 116.328486 3842
39.975385 116.328360 3846
39.975282 116.328003 3851
39.975279 116.327916 3852
39.975265 116.327570 3856
39.975265 116.327107 3861
39.975310 116.326513 3866
39.975380 116.325917 3871
39.975438 116.325503 3876
39.975460 116.325415 3881
39.975502 116.325415 3886
39.975510 116.325420 3891
39.975467 116.325450 3896
39.975427 116.325442 3901
39.975375 116.325250 3906
39.975343 116.325195 3907
39.975280 116.325085 3909
39.975217 116.324975 3911
39.975248 116.324450 3916
39.975183 116.323835 3921
39.975182 116.323348 3924
39.975182 116.323023 3926
39.975138 116.322350 3931
39.975078 116.321750 3936
39.975042 116.321222 3941
39.975027 116.320865 3946
39.975012 116.320743 3951
39.975007 116.320737 3952
39.975002 116.320731 3953
39.974987 116.320713 3956
39.974975 116.320712 3961
39.974962 116.320625 3966
39.974947 116.320566 3967
39.974917 116.320448 3969
39.974887 116.320330 3971
39.974873 116.320144 3973
39.974859 116.319958 3975
39.974852 116.319865 3976
39.974840 116.319455 3980
39.974837 116.319353 3981
39.974958 116.318985 3986
39.974985 116.318747 3990
39.974992 116.318687 3991
39.974965 116.318317 3996
39.974972 116.317903 4001
39.974965 116.317663 4006
39.974981 116.317607 4008
39.975005 116.317522 4011
39.974985 116.317442 4016
39.974975 116.317468 4021
39.974977 116.317478 4026
39.974975 116.317482 4031
39.974977 116.317488 4035
39.974978 116.317490 4036
39.974983 116.317503 4041
39.974987 116.317515 4046
39.974987 116.317513 4050
39.974987 116.317513 4051
39.974948 116.317207 4056
39.974936 116.316943 4059
39.974932 116.316855 4060
39.974928 116.316767 4061
39.974929 116.316443 4064
39.974930 116.316227 4066
39.974913 116.316096 4067
39.974845 116.315570 4071
39.974846 116.315301 4073
39.974847 116.314898 4076
39.974877 116.314644 4078
39.974923 116.314263 4081
39.974917 116.313683 4086
39.974886 116.313350 4089
39.974865 116.313128 4091
39.974860 116.312743 4096
39.974823 116.312667 4101
39.974835 116.312678 4106
39.974840 116.312695 4111
39.974858 116.312698 4116
39.974878 116.312673 4121
39.974898 116.312642 4126
39.974898 116.312632 4128
39.974898 116.312618 4131
39.974914 116.312566 4135
39.974918 116.312553 4136
39.975043 116.312152 4141
39.975060 116.311730 4146
39.975010 116.311318 4151
39.974918 116.310922 4156
39.974913 116.310513 4161
39.974901 116.310441 4163
39.974888 116.310368 4165
39.974882 116.310332 4166
39.974848 116.310213 4170
39.974840 116.310183 4171
39.974780 116.310092 4176
39.974737 116.310012 4181
39.974690 116.309900 4186
39.974672 116.309808 4190
39.974668 116.309785 4191
39.974628 116.309677 4196
39.974615 116.309530 4201
39.974622 116.309315 4206
39.974600 116.309168 4208
39.974590 116.309095 4209
39.974568 116.308948 4211
39.974593 116.308884 4213
39.974618 116.308819 4215
39.974630 116.308787 4216
39.974682 116.308730 4221
39.974688 116.308723 4226
39.974685 116.308726 4227
39.974673 116.308737 4231
39.974663 116.308742 4236
39.974677 116.308730 4241
39.974690 116.308707 4246
39.974672 116.308630 4251
39.974667 116.308545 4256
39.974663 116.308468 4261
39.974627 116.308493 4266
39.974583 116.308448 4271
39.974555 116.308293 4276
39.974558 116.308136 4278
39.974561 116.307979 4280
39.974562 116.307900 4281
39.974561 116.307837 4282
39.974558 116.307585 4286
39.974528 116.307174 4289
39.974518 116.307037 4290
39.974508 116.306900 4291
39.974542 116.306268 4296
39.974539 116.306190 4297
39.974528 116.305878 4301
39.974413 116.305838 4306
39.974423 116.305843 4309
39.974427 116.305845 4310
39.974430 116.305847 4311
39.974431 116.305846 4313
39.974432 116.305846 4314
39.974433 116.305845 4316
