39.986945 116.393522 27458
39.986942 116.393258 27462
39.986939 116.393073 27464
39.986935 116.392888 27466
39.986922 116.392445 27470
39.986916 116.392334 27471
39.986897 116.392002 27474
39.986872 116.391663 27478
39.986854 116.391409 27481
39.986848 116.391325 27482
39.986832 116.391021 27485
39.986827 116.390920 27486
39.986824 116.390823 27487
39.986818 116.390630 27489
39.986815 116.390533 27490
39.986803 116.390205 27494
39.986802 116.390137 27495
39.986798 116.389935 27498
39.986792 116.389692 27502
39.986788 116.389468 27506
39.986782 116.389237 27510
39.986775 116.388977 27514
39.986767 116.388693 27518
39.986758 116.388388 27522
39.986752 116.388149 27525
39.986750 116.388070 27526
39.986678 116.387798 27530
39.986738 116.387344 27542
39.986768 116.387117 27548
39.986708 116.386683 27552
39.986699 116.386493 27554
39.986694 116.386398 27555
39.986690 116.386303 27556
39.986682 116.385893 27560
39.986677 116.385690 27562
39.986672 116.385488 27564
39.986662 116.385148 27568
39.986660 116.385060 27569
39.986652 116.384795 27572
39.986638 116.384405 27576
39.986630 116.384040 27580
39.986623 116.383727 27584
39.986621 116.383658 27585
39.986615 116.383452 27588
39.986612 116.383356 27590
39.986610 116.383260 27592
39.986607 116.383130 27596
39.986607 116.383020 27600
39.986607 116.382970 27601
39.986607 116.382920 27602
39.986607 116.382820 27604
39.986610 116.382472 27608
39.986618 116.382025 27612
39.986620 116.381906 27613
39.986622 116.381788 27614
39.986627 116.381550 27616
39.986655 116.381107 27620
39.986640 116.380859 27622
39.986625 116.380612 27624
39.986630 116.380220 27627
39.986632 116.380090 27628
39.986633 116.379560 27632
39.986630 116.379060 27636
39.986602 116.378550 27640
39.986570 116.378000 27644
39.986535 116.377442 27648
39.986493 116.376878 27652
39.986465 116.376258 27656
39.986460 116.376090 27657
39.986445 116.375585 27660
39.986422 116.374852 27664
39.986392 116.374070 27668
39.986357 116.373065 27673
39.986328 116.372062 27678
39.986295 116.371017 27683
39.986263 116.369872 27688
39.986231 116.368886 27692
39.986223 116.368640 27693
39.986187 116.367398 27698
39.986148 116.366223 27703
39.986118 116.365112 27708
39.986088 116.364038 27713
39.986064 116.363189 27717
39.986058 116.362977 27718
39.986027 116.361903 27723
39.985995 116.360850 27728
39.985989 116.360640 27729
39.985963 116.359800 27733
39.985933 116.358775 27738
39.985900 116.357757 27743
39.985857 116.356728 27748
39.985823 116.355652 27753
39.985795 116.354598 27758
39.985765 116.353602 27763
39.985752 116.353202 27765
39.985725 116.352198 27770
39.985698 116.351228 27775
39.985682 116.350684 27778
39.985677 116.350502 27779
39.985655 116.349818 27783
39.985653 116.349654 27784
39.985647 116.349162 27787
39.985646 116.348998 27788
39.985644 116.348835 27789
39.985642 116.348507 27791
39.985627 116.347832 27795
39.985612 116.347118 27799
39.985588 116.346363 27803
39.985565 116.345612 27807
39.985551 116.345236 27809
39.985538 116.344860 27811
39.985532 116.344668 27812
39.985515 116.344093 27815
39.985488 116.343305 27819
39.985472 116.342525 27823
39.985472 116.341870 27827
39.985478 116.341330 27831
39.985475 116.341202 27832
39.985473 116.341075 27833
39.985467 116.340820 27835
39.985458 116.340315 27839
39.985448 116.339852 27843
39.985432 116.339408 27847
39.985422 116.338953 27851
39.985415 116.338527 27855
39.985433 116.338168 27859
39.985445 116.337987 27861
39.985457 116.337807 27863
39.985452 116.337559 27865
39.985447 116.337312 27867
39.985430 116.336863 27870
39.985425 116.336713 27871
39.985418 116.336542 27872
39.985398 116.336027 27875
39.985365 116.335268 27879
39.985357 116.335069 27880
39.985350 116.334870 27881
39.985318 116.333948 27886
39.985277 116.333132 27890
39.985270 116.332763 27892
39.985262 116.332393 27894
39.985261 116.332109 27896
39.985260 116.331967 27897
39.985260 116.331825 27898
39.985237 116.331463 27900
39.985226 116.331283 27901
39.985215 116.331102 27902
39.985205 116.330953 27903
39.985177 116.330505 27906
39.985140 116.330032 27910
39.985117 116.329730 27914
39.985107 116.329640 27918
39.985105 116.329633 27921
39.985105 116.329630 27922
39.985104 116.329593 27925
39.985103 116.329580 27926
39.985097 116.329462 27929
39.985095 116.329423 27930
39.985083 116.329157 27934
39.985076 116.329077 27935
39.985069 116.328997 27936
39.985055 116.328838 27938
39.985022 116.328473 27942
39.985014 116.328337 27944
39.985005 116.328200 27946
39.985002 116.328123 27950
39.985000 116.328108 27951
39.984999 116.328094 27952
39.984997 116.328080 27953
39.984995 116.328065 27954
39.984991 116.327989 27956
39.984990 116.327950 27957
39.984988 116.327912 27958
39.984977 116.327713 27962
39.984974 116.327652 27963
39.984971 116.327590 27964
39.984965 116.327468 27966
39.984923 116.327250 27970
39.984738 116.327093 27974
39.984664 116.327067 27975
39.984590 116.327040 27976
39.984443 116.326987 27978
39.984070 116.326963 27982
39.983708 116.326983 27986
39.983609 116.326990 27987
39.983511 116.326997 27988
39.983313 116.327010 27990
39.982923 116.327040 27994
39.982558 116.327068 27998
39.982385 116.327081 28000
39.982213 116.327095 28002
39.981858 116.327113 28006
39.981470 116.327133 28010
39.981274 116.327154 28012
39.981078 116.327175 28014
39.980792 116.327205 28018
39.980758 116.327207 28019
39.980724 116.327208 28020
39.980655 116.327212 28022
39.980627 116.327210 28026
39.980621 116.327210 28027
39.980605 116.327212 28030
39.980571 116.327208 28032
39.980538 116.327203 28034
39.980484 116.327196 28036
39.980430 116.327188 28038
39.980260 116.327188 28042
39.980202 116.327189 28043
39.980028 116.327192 28046
39.979883 116.327209 28048
39.979810 116.327218 28049
39.979737 116.327227 28050
39.979360 116.327263 28054
