39.975364 116.327842 32823
39.975442 116.327790 32827
39.975548 116.327775 32831
39.975577 116.327775 32832
39.975605 116.327774 32833
39.975662 116.327773 32835
39.975745 116.327778 32838
39.975773 116.327780 32839
39.975860 116.327739 32843
39.976020 116.327799 32847
39.976043 116.327790 32848
39.976112 116.327764 32851
39.976198 116.327787 32855
39.976290 116.327798 32859
39.976367 116.327774 32863
39.976399 116.327769 32864
39.976432 116.327764 32865
39.976464 116.327758 32866
39.976496 116.327753 32867
39.976688 116.327775 32871
39.976768 116.327772 32874
39.976794 116.327771 32875
39.976856 116.327764 32877
39.976888 116.327760 32878
39.976919 116.327756 32879
39.977047 116.327748 32883
39.977192 116.327727 32887
39.977353 116.327731 32891
39.977467 116.327747 32895
39.977569 116.327712 32898
39.977603 116.327700 32899
39.977634 116.327684 32900
39.977726 116.327638 32903
39.977847 116.327642 32907
39.977986 116.327643 32911
39.978038 116.327639 32913
39.978091 116.327635 32915
39.978228 116.327573 32919
39.978321 116.327593 32923
39.978472 116.327602 32927
39.978499 116.327584 32929
39.978527 116.327565 32931
39.978593 116.327598 32933
39.978626 116.327614 32934
39.978659 116.327631 32935
39.978739 116.327635 32938
39.978765 116.327637 32939
39.978791 116.327630 32940
39.978867 116.327611 32943
39.978897 116.327612 32944
39.978987 116.327613 32947
39.979128 116.327612 32951
39.979216 116.327584 32955
39.979326 116.327543 32959
39.979356 116.327544 32960
39.979445 116.327545 32963
39.979626 116.327580 32967
39.979668 116.327585 32968
39.979792 116.327599 32971
39.979909 116.327555 32975
39.980005 116.327545 32979
39.980049 116.327537 32981
39.980071 116.327532 32982
39.980093 116.327528 32983
39.980239 116.327489 32987
39.980395 116.327471 32991
39.980582 116.327493 32995
39.980712 116.327454 32999
39.980845 116.327440 33003
39.980951 116.327440 33007
39.981048 116.327476 33011
39.981158 116.327537 33015
39.981264 116.327562 33019
39.981409 116.327541 33023
39.981448 116.327526 33024
39.981488 116.327510 33025
39.981566 116.327480 33027
39.981603 116.327468 33029
39.981622 116.327463 33030
39.981640 116.327457 33031
39.981773 116.327469 33035
39.981865 116.327483 33038
39.981895 116.327487 33039
39.981906 116.327502 33040
39.981939 116.327546 33043
39.982070 116.327555 33047
39.982118 116.327548 33048
39.982260 116.327526 33051
39.982354 116.327506 33054
39.982386 116.327499 33055
39.982428 116.327524 33057
39.982448 116.327537 33058
39.982469 116.327549 33059
39.982520 116.327542 33060
39.982672 116.327521 33063
39.982785 116.327543 33067
39.982891 116.327563 33071
39.982971 116.327548 33075
39.983117 116.327561 33079
39.983218 116.327536 33083
39.983329 116.327518 33087
39.983360 116.327526 33088
39.983453 116.327551 33091
39.983479 116.327566 33092
39.983556 116.327610 33095
39.983640 116.327643 33099
39.983695 116.327641 33101
39.983722 116.327641 33102
39.983750 116.327640 33103
39.983941 116.327511 33107
39.984044 116.327497 33111
39.984197 116.327489 33115
39.984250 116.327482 33117
39.984303 116.327474 33119
39.984348 116.327426 33123
39.984349 116.327426 33124
39.984351 116.327426 33127
39.984355 116.327429 33128
39.984366 116.327439 33131
39.984367 116.327439 33132
39.984367 116.327439 33133
39.984369 116.327439 33135
39.984369 116.327439 33139
39.984364 116.327438 33143
39.984364 116.327438 33145
39.984365 116.327437 33147
39.984369 116.327437 33149
39.984371 116.327437 33150
39.984373 116.327437 33151
39.984373 116.327437 33152
39.984375 116.327435 33154
39.984375 116.327435 33155
39.984377 116.327435 33159
39.984397 116.327431 33162
39.984403 116.327430 33163
39.984433 116.327410 33167
39.984488 116.327396 33171
39.984578 116.327347 33175
39.984605 116.327343 33176
39.984632 116.327339 33177
39.984686 116.327332 33179
39.984728 116.327331 33181
39.984769 116.327329 33183
39.984846 116.327352 33187
39.984876 116.327354 33190
39.984886 116.327354 33191
39.984899 116.327327 33195
39.984903 116.327321 33197
39.984906 116.327315 33199
39.984931 116.327315 33203
39.984986 116.327307 33207
39.985035 116.327277 33211
39.985119 116.327252 33215
39.985198 116.327238 33219
39.985236 116.327240 33221
39.985275 116.327243 33223
39.985360 116.327232 33227
39.985394 116.327226 33228
39.985497 116.327209 33231
39.985599 116.327216 33235
39.985656 116.327206 33239
39.985725 116.327261 33242
39.985748 116.327279 33243
39.985888 116.327327 33247
39.985977 116.327313 33251
39.985986 116.327311 33253
39.985996 116.327308 33255
39.986077 116.327189 33259
39.986080 116.327184 33260
39.986084 116.327179 33261
39.986091 116.327169 33263
39.986189 116.327163 33267
39.986301 116.327124 33271
39.986410 116.327112 33275
39.986569 116.327089 33278
39.986622 116.327081 33279
39.986780 116.327197 33283
39.986958 116.327224 33287
39.987032 116.327218 33289
39.987070 116.327215 33290
39.987107 116.327212 33291
39.987234 116.327176 33295
39.987388 116.327168 33299
39.987561 116.327164 33303
39.987711 116.327140 33307
39.987855 116.327137 33311
39.987953 116.327126 33314
39.987986 116.327122 33315
39.988018 116.327119 33316
39.988113 116.327111 33319
39.988282 116.327075 33323
39.988413 116.327056 33326
39.988457 116.327050 33327
39.988610 116.327052 33331
39.988764 116.327036 33335
39.988911 116.327022 33339
39.989036 116.327007 33343
39.989071 116.327007 33344
39.989177 116.327006 33347
39.989321 116.326989 33351
39.989353 116.326988 33352
39.989451 116.326983 33355
39.989604 116.326964 33359
39.989759 116.326948 33363
39.989863 116.326922 33366
39.989898 116.326913 33367
39.989929 116.326912 33368
39.989961 116.326911 33369
39.990024 116.326909 33371
39.990097 116.326950 33375
39.990224 116.326980 33379
39.990355 116.326953 33383
39.990493 116.326921 33387
39.990624 116.326967 33391
39.990655 116.326960 33392
39.990750 116.326939 33395
39.990823 116.326980 33399
39.990944 116.327032 33403
39.991054 116.327069 33407
39.991130 116.327051 33411
39.991140 116.327066 33415
39.991143 116.327066 33416
39.991146 116.327065 33417
39.991149 116.327065 33418
39.991152 116.327064 33419
