39.995661 116.328701 18511
39.995692 116.328706 18517
39.995720 116.328801 18522
39.995740 116.328824 18527
39.995757 116.328769 18532
39.995809 116.328684 18537
39.995804 116.328609 18542
39.995815 116.328593 18543
39.995857 116.328530 18547
39.995824 116.328477 18552
39.995744 116.328457 18557
39.995721 116.328443 18559
39.995710 116.328436 18560
39.995698 116.328429 18561
39.995687 116.328422 18562
39.995632 116.328409 18565
39.995595 116.328401 18567
39.995492 116.328407 18572
39.995476 116.328356 18577
39.995454 116.328296 18582
39.995402 116.328259 18587
39.995378 116.328215 18592
39.995343 116.328160 18597
39.995317 116.328112 18602
39.995287 116.328061 18607
39.995258 116.328025 18610
39.995239 116.328001 18612
39.995220 116.327948 18617
39.995185 116.327890 18622
39.995137 116.327848 18627
39.995119 116.327771 18632
39.995075 116.327716 18636
39.995064 116.327702 18637
39.995052 116.327697 18638
39.995028 116.327686 18640
39.995016 116.327680 18641
39.995004 116.327675 18642
39.994976 116.327636 18647
39.994882 116.327585 18652
39.994868 116.327576 18653
39.994854 116.327566 18654
39.994826 116.327547 18656
39.994812 116.327538 18657
39.994735 116.327501 18662
39.994718 116.327496 18663
39.994650 116.327476 18667
39.994639 116.327454 18672
39.994627 116.327458 18677
39.994582 116.327493 18682
39.994546 116.327475 18687
39.994499 116.327470 18692
39.994430 116.327512 18696
39.994413 116.327523 18697
39.994379 116.327607 18699
39.994327 116.327734 18702
39.994190 116.327943 18707
39.994101 116.327979 18708
39.993747 116.328122 18712
39.993579 116.328168 18716
39.993537 116.328179 18717
39.993389 116.328182 18720
39.993340 116.328183 18721
39.993291 116.328184 18722
39.993061 116.328143 18727
39.992694 116.328116 18732
39.992502 116.328151 18736
39.992454 116.328160 18737
39.992392 116.328168 18739
39.992299 116.328180 18742
39.992241 116.328137 18746
39.992226 116.328126 18747
39.992106 116.328154 18752
39.992004 116.328326 18757
39.991876 116.328583 18762
39.991777 116.328860 18767
39.991771 116.329039 18771
39.991770 116.329084 18772
39.991770 116.329264 18777
39.991755 116.329425 18782
39.991676 116.329646 18787
39.991658 116.329847 18792
39.991615 116.330018 18797
39.991593 116.330108 18801
39.991588 116.330130 18802
39.991610 116.330289 18807
39.991631 116.330404 18812
39.991640 116.330486 18817
39.991667 116.330584 18822
39.991691 116.330639 18827
39.991709 116.330707 18832
39.991711 116.330763 18836
39.991711 116.330777 18837
39.991741 116.330836 18842
39.991753 116.330908 18847
39.991742 116.330981 18852
39.991753 116.331091 18857
39.991752 116.331117 18858
39.991748 116.331221 18862
39.991784 116.331264 18865
39.991808 116.331292 18867
39.991825 116.331335 18870
39.991830 116.331350 18871
39.991836 116.331364 18872
39.991857 116.331362 18877
39.991894 116.331368 18882
39.991908 116.331360 18887
39.991909 116.331358 18888
39.991913 116.331349 18892
39.991913 116.331314 18897
39.991916 116.331310 18902
39.991921 116.331320 18905
39.991922 116.331323 18906
39.991924 116.331326 18907
39.991926 116.331326 18908
39.991927 116.331326 18909
39.991932 116.331325 18912
39.991897 116.331345 18917
39.991899 116.331349 18922
39.991905 116.331346 18927
39.991698 116.331098 18932
39.991295 116.331163 18937
39.991315 116.331164 18942
39.991305 116.331181 18944
39.991291 116.331206 18947
39.991304 116.331216 18950
39.991308 116.331220 18951
39.991312 116.331223 18952
39.991389 116.331188 18957
39.991496 116.331190 18961
39.991523 116.331191 18962
39.991543 116.331199 18965
39.991549 116.331201 18966
39.991556 116.331204 18967
39.991579 116.331348 18972
39.991606 116.331317 18977
39.991672 116.331275 18982
39.991652 116.331219 18987
39.991656 116.331170 18989
39.991661 116.331097 18992
39.991641 116.330920 18997
39.991637 116.330778 19002
39.991620 116.330740 19003
39.991603 116.330702 19004
39.991568 116.330626 19006
39.991551 116.330588 19007
39.991553 116.330569 19008
39.991555 116.330549 19009
39.991556 116.330530 19010
39.991560 116.330491 19012
39.991574 116.330343 19016
39.991578 116.330306 19017
39.991592 116.330116 19022
39.991591 116.330027 19024
39.991591 116.329983 19025
39.991590 116.329894 19027
39.991581 116.329664 19032
39.991595 116.329469 19036
39.991599 116.329420 19037
39.991608 116.329370 19038
39.991646 116.329170 19042
39.991607 116.328930 19047
39.991616 116.328891 19048
39.991644 116.328776 19051
39.991653 116.328737 19052
39.991627 116.328567 19055
39.991609 116.328453 19057
39.991635 116.328267 19061
39.991642 116.328221 19062
39.991637 116.327986 19067
39.991649 116.327707 19072
39.991634 116.327481 19077
39.991657 116.327227 19082
39.991646 116.327207 19083
39.991635 116.327187 19084
39.991601 116.327128 19087
39.991688 116.327057 19092
39.991839 116.326992 19097
39.991969 116.326958 19101
39.992001 116.326950 19102
39.992163 116.326784 19107
