39.915316 116.538477 14707
39.915610 116.538487 14712
39.915822 116.538506 14717
39.916107 116.538517 14722
39.916341 116.538525 14725
39.916497 116.538530 14727
39.916935 116.538472 14732
39.917058 116.538456 14734
39.917242 116.538433 14737
39.917511 116.538225 14742
39.917648 116.538122 14744
39.917785 116.538019 14746
39.917853 116.537968 14747
39.918254 116.537839 14752
39.918730 116.537875 14757
39.919160 116.537816 14761
39.919267 116.537801 14762
39.919835 116.537748 14767
39.920393 116.537698 14772
39.920946 116.537664 14777
39.921404 116.537669 14782
39.921854 116.537692 14787
39.922017 116.537712 14789
39.922262 116.537742 14792
39.922527 116.537721 14797
39.922778 116.537781 14802
39.922894 116.537795 14804
39.923068 116.537817 14807
39.923358 116.537830 14812
39.923486 116.537834 14814
39.923678 116.537841 14817
39.923757 116.537840 14818
39.923835 116.537839 14819
39.923914 116.537838 14820
39.924071 116.537836 14822
39.924257 116.537823 14824
39.924349 116.537817 14825
39.924535 116.537804 14827
39.924588 116.537798 14828
39.924799 116.537773 14832
39.924813 116.537751 14837
39.924817 116.537751 14839
39.924818 116.537752 14840
39.924822 116.537752 14842
39.924856 116.537747 14847
39.925075 116.537717 14852
39.925297 116.537649 14857
39.925329 116.537634 14858
39.925360 116.537619 14859
39.925455 116.537573 14862
39.925763 116.537459 14867
39.926193 116.537450 14872
39.926701 116.537477 14877
39.927234 116.537484 14882
39.927804 116.537480 14887
39.927920 116.537477 14888
39.928386 116.537467 14892
39.928936 116.537421 14897
39.929504 116.537394 14902
39.930040 116.537283 14907
39.930636 116.537208 14912
39.931251 116.537189 14917
39.931461 116.537195 14919
39.931776 116.537203 14922
39.932144 116.537236 14927
39.932248 116.537277 14932
39.932249 116.537276 14933
39.932251 116.537272 14937
39.932253 116.537267 14942
39.932262 116.537267 14944
39.932276 116.537268 14947
39.932310 116.537278 14950
39.932332 116.537284 14952
39.932346 116.537283 14953
39.932400 116.537279 14957
39.932452 116.537251 14961
39.932465 116.537244 14962
39.932491 116.537250 14964
39.932531 116.537258 14967
39.932602 116.537268 14972
39.932666 116.537225 14977
39.932723 116.537224 14982
39.932782 116.537218 14987
39.932814 116.537224 14989
39.932862 116.537232 14992
39.932921 116.537227 14997
39.932984 116.537223 15001
39.933000 116.537222 15002
39.933050 116.537228 15005
39.933084 116.537232 15007
39.933131 116.537231 15010
39.933162 116.537231 15012
39.933227 116.537235 15017
39.933240 116.537239 15018
39.933290 116.537253 15022
39.933339 116.537266 15027
39.933395 116.537277 15032
39.933392 116.537283 15033
39.933378 116.537306 15037
39.933380 116.537312 15040
39.933381 116.537314 15041
39.933382 116.537316 15042
39.933391 116.537314 15047
39.933455 116.537281 15052
39.933477 116.537271 15054
39.933511 116.537255 15057
39.933579 116.537242 15062
39.933658 116.537245 15067
39.933712 116.537244 15072
39.933735 116.537236 15074
39.933769 116.537225 15077
39.933796 116.537235 15081
39.933803 116.537237 15082
39.933839 116.537233 15087
39.933832 116.537218 15089
39.933825 116.537203 15091
39.933821 116.537196 15092
39.933796 116.537141 15097
39.933751 116.537055 15102
39.933737 116.536940 15107
39.933710 116.536849 15112
39.933726 116.536758 15117
39.933724 116.536668 15122
39.933687 116.536590 15127
39.933729 116.536572 15132
39.933708 116.536467 15137
39.933707 116.536425 15138
39.933704 116.536256 15142
39.933729 116.536239 15147
39.933724 116.536168 15152
39.933715 116.536144 15157
39.933697 116.536156 15161
39.933693 116.536159 15162
39.933683 116.536179 15164
39.933668 116.536210 15167
39.933655 116.536265 15172
39.933644 116.536292 15177
39.933648 116.536301 15178
39.933666 116.536337 15182
39.933654 116.536387 15187
39.933646 116.536440 15192
39.933638 116.536476 15197
39.933635 116.536490 15199
39.933632 116.536503 15201
39.933630 116.536510 15202
39.933721 116.536637 15207
39.933719 116.536759 15211
39.933718 116.536789 15212
39.933712 116.536893 15216
39.933710 116.536919 15217
39.933697 116.537076 15222
39.933686 116.537085 15223
39.933664 116.537104 15225
39.933653 116.537114 15226
39.933642 116.537123 15227
39.933577 116.537147 15232
39.933518 116.537178 15237
39.933443 116.537242 15242
39.933384 116.537291 15246
39.933369 116.537303 15247
39.933320 116.537353 15251
39.933308 116.537365 15252
39.933244 116.537371 15256
39.933228 116.537373 15257
39.933196 116.537373 15259
39.933147 116.537372 15262
39.933060 116.537364 15267
39.933036 116.537370 15268
39.933012 116.537376 15269
39.932939 116.537393 15272
39.932853 116.537382 15277
39.932772 116.537397 15282
39.932694 116.537401 15287
39.932647 116.537404 15290
39.932631 116.537405 15291
39.932615 116.537406 15292
39.932570 116.537407 15295
39.932540 116.537408 15297
39.932526 116.537408 15298
39.932470 116.537408 15302
39.932387 116.537406 15307
