39.989151 116.447863 58252
39.989330 116.447907 58253
39.989385 116.447963 58258
39.989413 116.447959 58260
39.989454 116.447953 58263
39.989513 116.447927 58268
39.989565 116.447888 58272
39.989578 116.447878 58273
39.989653 116.447849 58278
39.988447 116.447780 58282
39.988502 116.447756 58287
39.988518 116.447754 58288
39.988584 116.447748 58292
39.988654 116.447718 58296
39.988672 116.447711 58297
39.988755 116.447677 58302
39.988815 116.447658 58307
39.988826 116.447652 58308
39.988849 116.447640 58310
39.988861 116.447634 58311
39.988872 116.447628 58312
39.988882 116.447625 58313
39.988923 116.447612 58317
39.988982 116.447619 58322
39.988996 116.447618 58323
39.989024 116.447616 58325
39.989052 116.447614 58327
39.989132 116.447614 58332
39.989194 116.447617 58336
39.989209 116.447618 58337
39.989197 116.447595 58342
39.989197 116.447592 58343
39.989195 116.447578 58347
39.989204 116.447582 58349
39.989217 116.447587 58352
39.989244 116.447574 58353
39.989325 116.447534 58356
39.989423 116.447501 58361
39.989510 116.447502 58366
39.989614 116.447524 58370
39.989667 116.447516 58375
39.989739 116.447509 58380
39.989757 116.447519 58384
39.989761 116.447522 58385
39.989764 116.447528 58387
39.989769 116.447537 58390
39.989771 116.447507 58395
39.989884 116.447478 58398
39.989969 116.447416 58403
39.990035 116.447405 58408
39.990112 116.447412 58413
39.990128 116.447414 58414
39.990190 116.447423 58418
39.990200 116.447427 58419
39.990242 116.447445 58423
39.990247 116.447452 58428
39.990247 116.447460 58433
39.990337 116.447428 58436
39.990417 116.447371 58440
39.990435 116.447349 58442
39.990445 116.447339 58443
39.990454 116.447328 58444
39.990463 116.447317 58445
39.990509 116.447319 58447
39.990578 116.447323 58450
39.990654 116.447328 58455
39.990733 116.447321 58460
39.990758 116.447325 58463
39.990775 116.447328 58465
39.990773 116.447333 58467
39.990771 116.447335 58468
39.990769 116.447340 58470
39.990798 116.447327 58475
39.990898 116.447267 58479
39.990983 116.447217 58484
39.991098 116.447222 58489
39.991108 116.447218 58490
39.991147 116.447200 58494
39.991187 116.447191 58498
39.991197 116.447189 58499
39.991261 116.447172 58504
39.991300 116.447173 58509
39.991316 116.447179 58513
39.991320 116.447181 58514
39.991339 116.447193 58519
39.991354 116.447180 58520
39.991416 116.447126 58524
39.991424 116.447134 58526
39.991436 116.447146 58529
39.991417 116.447172 58534
39.991408 116.447197 58539
39.991406 116.447219 58544
39.991400 116.447233 58549
39.991411 116.447242 58554
39.991743 116.447088 58558
39.991835 116.447032 58561
39.991936 116.447013 58566
39.991990 116.447021 58570
39.992004 116.447023 58571
39.992095 116.447062 58576
39.992123 116.447064 58577
39.992207 116.447070 58580
39.992253 116.447085 58585
39.992260 116.447116 58590
39.992279 116.447163 58595
39.992272 116.447250 58600
39.992249 116.447267 58605
39.992252 116.447274 58606
39.992262 116.447304 58610
39.992263 116.447305 58615
39.992378 116.447250 58617
39.992551 116.447168 58620
39.992628 116.447096 58624
39.992636 116.447087 58625
39.992668 116.447049 58629
39.992739 116.447027 58634
39.992825 116.447009 58639
39.992898 116.447003 58644
39.992983 116.447071 58649
39.993023 116.447120 58652
39.993050 116.447153 58654
39.993063 116.447241 58659
39.993085 116.447308 58664
39.993075 116.447380 58669
39.993123 116.447471 58674
39.993156 116.447514 58676
39.993189 116.447558 58678
39.993197 116.447576 58679
39.993230 116.447647 58683
39.993249 116.447711 58688
39.993239 116.447810 58693
39.993255 116.447888 58698
39.993259 116.447925 58700
39.993264 116.447962 58702
39.993266 116.447981 58703
39.993271 116.448025 58705
39.993278 116.448090 58708
39.993291 116.448158 58713
39.993302 116.448206 58718
39.993298 116.448256 58723
39.993274 116.448340 58728
39.993282 116.448386 58732
39.993284 116.448397 58733
39.993294 116.448437 58736
39.993301 116.448464 58738
39.993329 116.448569 58743
39.993343 116.448653 58747
39.993346 116.448674 58748
39.993345 116.448727 58751
39.993344 116.448763 58753
39.993320 116.448861 58758
39.993344 116.448922 58760
39.993356 116.448953 58761
39.993368 116.448984 58762
39.993395 116.449041 58764
39.993423 116.449098 58766
39.993451 116.449120 58769
39.993469 116.449135 58771
39.993465 116.449157 58772
39.993458 116.449202 58774
39.993450 116.449247 58776
39.993444 116.449345 58781
39.993463 116.449422 58786
39.993465 116.449436 58787
39.993470 116.449479 58790
39.993472 116.449493 58791
39.993493 116.449569 58796
39.993500 116.449621 58799
39.993505 116.449656 58801
39.993520 116.449755 58806
39.993486 116.449836 58810
39.993478 116.449856 58811
39.993460 116.449874 58812
39.993404 116.449930 58815
39.993313 116.450017 58820
39.993304 116.450052 58822
39.993299 116.450069 58823
39.993290 116.450104 58825
39.993287 116.450144 58830
39.993277 116.450175 58832
39.993271 116.450190 58833
39.993261 116.450221 58835
39.993242 116.450298 58840
39.993254 116.450342 58845
39.993252 116.450384 58847
39.993250 116.450404 58848
39.993248 116.450446 58850
