40.001210 116.342911 39934
40.001237 116.342912 39935
40.001291 116.342913 39937
40.001318 116.342914 39938
40.001454 116.342906 39942
40.001490 116.342900 39943
40.001598 116.342881 39946
40.001632 116.342881 39947
40.001734 116.342882 39950
40.001767 116.342881 39951
40.001866 116.342877 39954
40.001925 116.342883 39957
40.001965 116.342887 39959
40.002077 116.342861 39964
40.002175 116.342839 39968
40.002288 116.342858 39972
40.002385 116.342860 39976
40.002409 116.342860 39977
40.002440 116.342861 39978
40.002532 116.342865 39981
40.002568 116.342870 39982
40.002604 116.342875 39983
40.002675 116.342885 39985
40.002808 116.342863 39989
40.002965 116.342828 39994
40.003093 116.342820 39998
40.003253 116.342850 40003
40.003327 116.342902 40007
40.003346 116.342969 40010
40.003300 116.343100 40014
40.003288 116.343133 40015
40.003285 116.343375 40020
40.003282 116.343535 40024
40.003277 116.343566 40025
40.003264 116.343660 40028
40.003164 116.343695 40033
40.003136 116.343701 40034
40.003025 116.343725 40038
40.002911 116.343726 40043
40.002749 116.343714 40048
40.002714 116.343761 40052
40.002710 116.343827 40055
40.002741 116.343876 40060
40.002783 116.343912 40065
40.002809 116.343953 40070
40.002831 116.343978 40075
40.002838 116.343978 40079
40.002840 116.343978 40080
40.002851 116.343979 40085
40.002875 116.343977 40090
40.002903 116.343982 40095
40.002916 116.343987 40098
40.002925 116.343990 40100
40.002945 116.343992 40105
40.002968 116.343992 40110
40.002972 116.343984 40112
40.002974 116.343981 40113
40.002978 116.343973 40115
40.002916 116.343874 40116
40.002793 116.343677 40118
40.002769 116.343690 40119
40.002698 116.343729 40122
40.002727 116.343773 40126
40.002735 116.343773 40131
40.002736 116.343773 40132
40.002742 116.343774 40136
40.002750 116.343774 40141
40.002790 116.343792 40146
40.002796 116.343822 40151
40.002816 116.343850 40154
40.002829 116.343868 40156
40.002847 116.343878 40158
40.002875 116.343894 40161
40.002895 116.343951 40165
40.002900 116.343965 40166
40.002932 116.344084 40171
40.002932 116.344096 40172
40.002933 116.344131 40175
40.002933 116.344143 40176
40.002930 116.344150 40177
40.002919 116.344176 40181
40.002885 116.344212 40185
40.002876 116.344221 40186
40.002866 116.344226 40187
40.002857 116.344231 40188
40.002828 116.344247 40191
40.002792 116.344272 40196
40.002784 116.344280 40197
40.002775 116.344288 40198
40.002758 116.344303 40200
40.002750 116.344311 40201
40.002786 116.345631 40233
40.002791 116.345620 40238
40.002798 116.345620 40243
40.002770 116.345415 40245
40.002785 116.345416 40250
40.002784 116.345414 40255
40.002779 116.345406 40260
40.002792 116.345405 40265
40.002799 116.345083 40269
40.002801 116.345003 40270
40.002804 116.344904 40272
40.002805 116.344854 40273
40.002807 116.344804 40274
40.002813 116.344753 40275
40.002830 116.344601 40278
40.002843 116.344519 40280
40.002857 116.344437 40282
40.002861 116.344408 40283
40.002865 116.344378 40284
40.002873 116.344319 40286
40.002824 116.344207 40291
40.002798 116.344194 40294
40.002780 116.344185 40296
40.002767 116.344188 40301
40.002768 116.344189 40306
40.002785 116.344197 40311
40.002788 116.344205 40312
40.002800 116.344239 40316
40.002785 116.344296 40321
40.002815 116.344340 40326
40.002819 116.344363 40327
40.002824 116.344386 40328
40.002837 116.344454 40331
40.002825 116.344670 40336
40.002764 116.344746 40338
40.002734 116.344784 40339
40.003761 116.343624 40386
40.003804 116.343747 40391
40.002489 116.344061 40396
40.002490 116.343946 40401
40.002461 116.343907 40406
40.002464 116.343920 40407
40.002468 116.343933 40408
40.002475 116.343959 40410
40.002492 116.344009 40414
40.002520 116.344029 40417
40.002529 116.344035 40418
40.002560 116.344065 40421
40.002608 116.344078 40425
40.002710 116.344068 40430
40.002759 116.344033 40434
40.002772 116.343981 40439
40.002799 116.343940 40443
40.002809 116.343912 40446
40.002815 116.343893 40448
40.002820 116.343882 40451
40.002822 116.343878 40452
40.002824 116.343874 40453
40.002832 116.343882 40458
40.002825 116.343893 40459
40.002811 116.343914 40461
40.002782 116.343923 40464
40.002772 116.343926 40465
40.002741 116.343916 40469
40.002710 116.343893 40472
40.002676 116.343869 40476
40.002659 116.343856 40481
40.002650 116.343857 40482
40.002623 116.343860 40485
40.002580 116.343835 40489
40.002540 116.343787 40494
40.002504 116.343759 40499
40.002516 116.343757 40504
40.002535 116.343756 40505
40.002573 116.343755 40507
40.002586 116.343762 40508
40.002613 116.343776 40510
40.002602 116.343779 40511
40.002590 116.343782 40512
40.002568 116.343788 40514
40.002568 116.343829 40519
40.002607 116.343851 40522
40.002635 116.343874 40525
40.002663 116.343895 40527
40.002677 116.343906 40528
40.002692 116.343915 40529
40.002723 116.343932 40531
