39.979737 116.321342 68827
39.979667 116.321450 68851
39.979688 116.321669 68854
39.979695 116.321742 68855
39.979690 116.321889 68857
39.979688 116.321962 68858
39.979685 116.322035 68859
39.979674 116.322162 68861
39.979669 116.322226 68862
39.979663 116.322290 68863
39.979628 116.322527 68867
39.979615 116.322853 68871
39.979605 116.323162 68875
39.979602 116.323236 68876
39.979592 116.323460 68879
39.979586 116.323589 68881
39.979583 116.323654 68882
39.979580 116.323718 68883
39.979588 116.323998 68887
39.979613 116.324448 68892
39.979622 116.324712 68896
39.979630 116.324998 68900
39.979680 116.325430 68905
39.979708 116.325579 68907
39.979735 116.325728 68909
39.979700 116.326213 68914
39.979697 116.326573 68918
39.979694 116.326653 68919
39.979683 116.326892 68922
39.979625 116.327142 68926
39.979493 116.327186 68928
39.979295 116.327253 68931
39.978668 116.327298 68936
39.977945 116.327327 68941
39.977078 116.327243 68946
39.976402 116.327378 68951
39.976131 116.327382 68953
39.975860 116.327385 68955
39.975725 116.327387 68956
39.975355 116.327450 68961
39.975147 116.327572 68965
39.975073 116.327953 68970
39.975077 116.328520 68975
39.975085 116.328755 68977
39.975098 116.329108 68980
39.975097 116.329374 68982
39.975095 116.329772 68985
39.975077 116.330442 68990
39.975108 116.331047 68995
39.975123 116.331492 68999
39.975082 116.331743 69003
39.975000 116.331802 69008
39.974959 116.331806 69010
39.974897 116.331812 69013
39.974705 116.331797 69017
39.974657 116.331793 69018
39.974552 116.331791 69020
39.974500 116.331789 69021
39.974447 116.331788 69022
39.974183 116.331765 69027
39.973763 116.331950 69032
39.973363 116.331986 69036
39.973263 116.331995 69037
39.973197 116.332011 69038
39.973132 116.332027 69039
39.973002 116.332038 69043
39.972911 116.332058 69044
39.972820 116.332078 69045
39.972548 116.332137 69048
39.972063 116.332105 69053
39.971682 116.332117 69057
39.971511 116.332145 69059
39.971340 116.332173 69061
39.971057 116.332238 69065
39.970835 116.332263 69069
39.970592 116.332300 69074
39.970469 116.332322 69076
39.970345 116.332343 69078
39.970268 116.332356 69079
39.970038 116.332395 69082
39.969782 116.332453 69086
39.969558 116.332490 69090
39.969519 116.332499 69091
39.969442 116.332518 69093
39.969352 116.332548 69096
39.969253 116.332568 69099
39.969045 116.332598 69104
39.968982 116.332607 69105
39.968919 116.332617 69106
39.968856 116.332626 69107
39.968793 116.332635 69108
39.968669 116.332653 69110
39.968607 116.332663 69111
39.968545 116.332672 69112
39.968478 116.332684 69113
39.968412 116.332695 69114
39.968278 116.332718 69116
39.967988 116.332752 69120
39.967703 116.332792 69124
39.967690 116.332795 69125
39.967613 116.332810 69131
39.967492 116.332833 69135
39.967283 116.332867 69139
39.967047 116.332905 69143
39.966770 116.332925 69147
39.966518 116.332945 69152
39.966493 116.332926 69153
39.966468 116.332906 69154
39.966443 116.332887 69155
39.966422 116.332572 69160
39.966422 116.332242 69164
39.966428 116.331923 69168
39.966447 116.331650 69172
39.966464 116.331565 69174
39.966490 116.331438 69177
39.966485 116.331248 69181
39.966480 116.331127 69184
39.966475 116.331022 69193
39.966466 116.330948 69196
39.966463 116.330923 69197
39.966480 116.330822 69203
39.966480 116.330754 69206
39.966480 116.330708 69208
39.966480 116.330657 69209
39.966480 116.330502 69212
39.966483 116.330393 69215
39.966487 116.330192 69220
39.966490 116.329953 69225
39.966493 116.329757 69229
39.966482 116.329662 69237
39.966488 116.329572 69241
39.966490 116.329525 69243
39.966493 116.329478 69245
39.966506 116.329471 69246
39.966585 116.329430 69252
39.966698 116.329428 69256
39.966734 116.329422 69257
39.966771 116.329416 69258
39.966807 116.329410 69259
39.966947 116.329245 69264
39.966965 116.329015 69268
39.966967 116.328818 69273
39.966958 116.328723 69277
39.966954 116.328679 69278
39.966945 116.328590 69280
39.966973 116.328462 69283
39.967028 116.328375 69286
39.967144 116.328352 69295
39.967157 116.328350 69296
39.967265 116.328343 69299
39.967373 116.328340 69303
39.967421 116.328328 69305
39.967444 116.328323 69306
39.967468 116.328317 69307
39.967535 116.328302 69310
39.967558 116.328297 69311
39.967560 116.328390 69329
39.967590 116.328354 69342
39.967632 116.328305 69360
39.967600 116.328395 69402
39.967538 116.328478 69407
39.967540 116.328513 69409
39.967541 116.328530 69410
39.967542 116.328548 69411
39.967545 116.328600 69414
39.967585 116.328710 69417
39.967609 116.328774 69419
39.967621 116.328806 69420
39.967645 116.328870 69422
39.967702 116.328998 69426
39.967702 116.329021 69427
39.967700 116.329090 69430
39.967688 116.329118 69433
39.967665 116.329173 69439
