39.960480 116.328685 5997
39.960551 116.328676 5998
39.960622 116.328666 5999
39.960699 116.328661 6000
39.960777 116.328653 6001
39.960858 116.328643 6002
39.960940 116.328631 6003
39.961018 116.328618 6004
39.961095 116.328607 6005
39.961173 116.328600 6006
39.961250 116.328591 6007
39.961330 116.328580 6008
39.961410 116.328569 6009
39.961490 116.328557 6010
39.961568 116.328544 6011
39.961651 116.328537 6012
39.961737 116.328530 6013
39.961826 116.328526 6014
39.961911 116.328517 6015
39.961992 116.328509 6016
39.962074 116.328503 6017
39.962159 116.328497 6018
39.962243 116.328488 6019
39.962326 116.328481 6020
39.962405 116.328474 6021
39.962482 116.328465 6022
39.962555 116.328454 6023
39.962627 116.328446 6024
39.962699 116.328439 6025
39.962777 116.328433 6026
39.962852 116.328426 6027
39.962925 116.328416 6028
39.962998 116.328408 6029
39.963063 116.328397 6030
39.963131 116.328385 6031
39.963199 116.328372 6032
39.963266 116.328360 6033
39.963332 116.328347 6034
39.963395 116.328335 6035
39.963461 116.328323 6036
39.963512 116.328304 6037
39.963556 116.328296 6038
39.963614 116.328269 6040
39.963666 116.328238 6043
39.963644 116.328236 6048
39.963668 116.328220 6053
39.963731 116.328219 6055
39.963783 116.328216 6056
39.963842 116.328216 6057
39.963916 116.328203 6058
39.963987 116.328192 6059
39.964065 116.328182 6060
39.964143 116.328177 6061
39.964228 116.328179 6062
39.964313 116.328184 6063
39.964412 116.328189 6064
39.964511 116.328191 6065
39.964609 116.328200 6066
39.964704 116.328202 6067
39.964803 116.328199 6068
39.964899 116.328196 6069
39.964996 116.328192 6070
39.965085 116.328188 6071
39.965169 116.328187 6072
39.965249 116.328186 6073
39.965322 116.328184 6074
39.965396 116.328180 6075
39.965466 116.328176 6076
39.965533 116.328168 6077
39.965598 116.328161 6078
39.965667 116.328159 6079
39.965734 116.328158 6080
39.965802 116.328150 6081
39.965873 116.328148 6082
39.965941 116.328143 6083
39.966009 116.328132 6084
39.966075 116.328118 6085
39.966138 116.328103 6086
39.966201 116.328086 6087
39.966263 116.328068 6088
39.966324 116.328048 6089
39.966382 116.328028 6090
39.966441 116.328015 6091
39.966498 116.328004 6092
39.966557 116.327992 6093
39.966616 116.327981 6094
39.966683 116.327974 6095
39.966753 116.327961 6096
39.966829 116.327952 6097
39.966907 116.327964 6098
39.966979 116.327965 6099
39.967045 116.327961 6100
39.967125 116.327955 6101
39.967205 116.327946 6102
39.967286 116.327937 6103
39.967368 116.327932 6104
39.967447 116.327933 6105
39.967527 116.327931 6106
39.967607 116.327925 6107
39.967689 116.327922 6108
39.967770 116.327916 6109
39.967851 116.327905 6110
39.967936 116.327895 6111
39.968027 116.327885 6112
39.968121 116.327879 6113
39.968219 116.327876 6114
39.968312 116.327874 6115
39.968398 116.327871 6116
39.968484 116.327866 6117
39.968574 116.327862 6118
39.968658 116.327859 6119
39.968740 116.327853 6120
39.968818 116.327847 6121
39.968894 116.327844 6122
39.968971 116.327843 6123
39.969045 116.327844 6124
39.969119 116.327849 6125
39.969186 116.327854 6126
39.969249 116.327858 6127
39.969303 116.327855 6128
39.969350 116.327850 6129
39.969419 116.327832 6131
39.969470 116.327817 6133
39.969534 116.327827 6136
39.969609 116.327844 6138
39.969659 116.327851 6139
39.969712 116.327849 6140
39.969770 116.327853 6141
39.969828 116.327855 6142
39.969895 116.327858 6143
39.969967 116.327859 6144
39.970035 116.327857 6145
39.970102 116.327856 6146
39.970172 116.327854 6147
39.970245 116.327856 6148
39.970321 116.327856 6149
39.970395 116.327851 6150
39.970462 116.327845 6151
39.970530 116.327838 6152
39.970593 116.327829 6153
39.970649 116.327813 6154
39.970698 116.327807 6155
39.970770 116.327790 6157
39.970823 116.327776 6160
39.970832 116.327779 6165
39.970843 116.327763 6170
39.970856 116.327750 6175
39.970849 116.327740 6180
39.970895 116.327748 6184
39.970984 116.327759 6186
39.971050 116.327762 6187
39.971123 116.327763 6188
39.971205 116.327769 6189
39.971282 116.327766 6190
39.971366 116.327764 6191
39.971454 116.327761 6192
39.971539 116.327757 6193
39.971623 116.327755 6194
39.971712 116.327758 6195
39.971795 116.327759 6196
39.971876 116.327757 6197
39.971956 116.327749 6198
39.972036 116.327742 6199
39.972115 116.327734 6200
39.972200 116.327729 6201
39.972284 116.327725 6202
39.972370 116.327719 6203
39.972455 116.327714 6204
39.972543 116.327711 6205
39.972623 116.327704 6206
39.972705 116.327704 6207
39.972785 116.327699 6208
39.972868 116.327696 6209
39.972958 116.327694 6210
39.973052 116.327688 6211
39.973151 116.327681 6212
39.973248 116.327675 6213
39.973347 116.327674 6214
39.973447 116.327673 6215
39.973544 116.327669 6216
39.973643 116.327664 6217
39.973734 116.327659 6218
39.973823 116.327659 6219
39.973906 116.327653 6220
39.973984 116.327647 6221
39.974066 116.327644 6222
39.974143 116.327644 6223
39.974217 116.327648 6224
39.974282 116.327654 6225
39.974340 116.327660 6226
39.974403 116.327670 6228
39.974390 116.327665 6230
39.974354 116.327662 6233
39.974338 116.327683 6238
39.974394 116.327695 6241
39.974442 116.327701 6242
39.974494 116.327693 6243
39.974554 116.327681 6244
39.974618 116.327684 6245
39.974691 116.327691 6246
39.974765 116.327698 6247
39.974839 116.327697 6248
39.974908 116.327695 6249
39.974986 116.327691 6250
39.975064 116.327682 6251
39.975140 116.327666 6252
39.975212 116.327654 6253
39.975285 116.327639 6254
39.975354 116.327625 6255
39.975423 116.327615 6256
39.975493 116.327602 6257
39.975565 116.327593 6258
39.975640 116.327593 6259
39.975714 116.327587 6260
39.975789 116.327581 6261
39.975864 116.327568 6262
39.975937 116.327554 6263
39.976013 116.327547 6264
39.976085 116.327535 6265
39.976156 116.327521 6266
39.976228 116.327507 6267
39.976300 116.327494 6268
39.976374 116.327486 6269
39.976451 116.327476 6270
39.976519 116.327464 6271
39.976593 116.327453 6272
39.976665 116.327447 6273
39.976736 116.327445 6274
39.976797 116.327443 6275
39.976856 116.327437 6276
39.976916 116.327436 6277
39.976976 116.327428 6278
39.977039 116.327424 6279
39.977107 116.327416 6280
39.977176 116.327413 6281
39.977245 116.327407 6282
39.977299 116.327391 6283
39.977362 116.327389 6284
39.977433 116.327395 6285
39.977494 116.327396 6286
39.977547 116.327393 6287
39.977592 116.327383 6288
39.977661 116.327373 6290
39.977685 116.327342 6295
39.977709 116.327288 6299
39.977749 116.327227 6301
39.977822 116.327206 6303
39.977872 116.327197 6304
39.977934 116.327182 6305
39.978009 116.327190 6306
39.978089 116.327209 6307
39.978165 116.327223 6308
39.978248 116.327226 6309
39.978334 116.327230 6310
39.978433 116.327244 6311
39.978521 116.327253 6312
39.978613 116.327265 6313
39.978703 116.327276 6314
39.978798 116.327277 6315
39.978895 116.327274 6316
39.979004 116.327269 6317
39.979106 116.327275 6318
39.979216 116.327277 6319
39.979320 116.327278 6320
39.979427 116.327281 6321
39.979532 116.327280 6322
39.979657 116.327283 6323
39.979759 116.327292 6324
39.979844 116.327291 6325
39.979935 116.327287 6326
39.980025 116.327284 6327
39.980109 116.327281 6328
39.980193 116.327275 6329
39.980278 116.327267 6330
39.980366 116.327263 6331
39.980458 116.327263 6332
39.980545 116.327261 6333
39.980629 116.327260 6334
39.980712 116.327257 6335
39.980794 116.327250 6336
39.980874 116.327243 6337
39.980956 116.327238 6338
39.981040 116.327232 6339
39.981118 116.327237 6340
39.981200 116.327252 6341
39.981277 116.327264 6342
39.981357 116.327270 6343
39.981424 116.327275 6344
39.981495 116.327275 6345
39.981558 116.327280 6346
39.981620 116.327287 6347
39.981676 116.327300 6348
39.981724 116.327306 6349
39.981770 116.327299 6350
39.981841 116.327283 6352
39.981889 116.327264 6354
39.981883 116.327263 6359
39.981883 116.327263 6362
39.981877 116.327261 6364
39.981862 116.327264 6369
39.981848 116.327273 6374
39.981830 116.327275 6379
39.981810 116.327279 6384
39.981801 116.327285 6389
39.981794 116.327292 6394
39.981790 116.327298 6399
39.981790 116.327298 6402
39.981796 116.327302 6404
39.981837 116.327297 6409
39.981887 116.327287 6411
39.981943 116.327275 6413
39.982013 116.327265 6415
39.982061 116.327259 6416
39.982112 116.327251 6417
39.982175 116.327240 6418
39.982251 116.327229 6419
39.982327 116.327218 6420
39.982402 116.327207 6421
39.982480 116.327198 6422
39.982563 116.327186 6423
39.982635 116.327171 6424
39.982693 116.327154 6425
39.982754 116.327145 6426
39.982830 116.327149 6427
39.982908 116.327156 6428
39.982987 116.327164 6429
39.983074 116.327177 6430
39.983156 116.327181 6431
39.983240 116.327186 6432
39.983329 116.327192 6433
39.983412 116.327196 6434
39.983494 116.327200 6435
39.983573 116.327202 6436
39.983667 116.327207 6437
39.983748 116.327201 6438
39.983826 116.327196 6439
39.983920 116.327200 6440
39.983993 116.327190 6441
39.984044 116.327180 6442
39.984094 116.327171 6443
39.984170 116.327158 6445
39.984219 116.327162 6447
39.984270 116.327157 6450
39.984272 116.327147 6455
39.984272 116.327147 6458
39.984265 116.327139 6460
39.984256 116.327123 6465
39.984254 116.327117 6470
39.984254 116.327117 6473
39.984250 116.327114 6475
39.984236 116.327113 6480
39.984227 116.327106 6485
39.984227 116.327093 6490
39.984224 116.327078 6495
39.984221 116.327072 6500
39.984221 116.327072 6503
39.984224 116.327066 6505
39.984249 116.327071 6510
39.984293 116.327093 6512
39.984358 116.327112 6514
39.984429 116.327134 6516
39.984485 116.327140 6517
39.984569 116.327148 6519
39.984731 116.327159 6520
39.984985 116.327152 6521
39.985236 116.327137 6522
39.985289 116.327154 6523
39.985404 116.327155 6524
39.985504 116.327173 6525
39.985637 116.327181 6527
39.985720 116.327186 6528
39.985785 116.327190 6529
39.985852 116.327191 6530
39.985906 116.327191 6531
39.985955 116.327192 6532
39.986017 116.327192 6534
39.986060 116.327177 6536
39.986069 116.327134 6540
39.986059 116.327109 6545
39.986106 116.327101 6549
39.986174 116.327086 6551
39.986262 116.327078 6553
39.986307 116.327074 6554
39.986353 116.327071 6555
39.986401 116.327066 6556
39.986453 116.327058 6557
39.986503 116.327049 6558
39.986554 116.327042 6559
39.986608 116.327036 6560
39.986662 116.327030 6561
39.986715 116.327025 6562
39.986773 116.327023 6563
39.986832 116.327022 6564
39.986886 116.327018 6565
39.986936 116.327008 6566
39.986984 116.326999 6567
39.987057 116.327010 6568
39.987133 116.327023 6569
39.987206 116.327032 6570
39.987258 116.327025 6571
39.987311 116.327018 6572
39.987398 116.327023 6573
39.987455 116.327003 6576
39.987562 116.327017 6580
39.987655 116.327023 6581
39.987765 116.327026 6582
39.987844 116.327014 6583
39.987924 116.327002 6584
39.988006 116.326990 6585
39.988095 116.326982 6586
39.988190 116.326971 6587
39.988290 116.326956 6588
39.988435 116.326962 6589
39.988516 116.326955 6590
39.988617 116.326952 6591
39.988708 116.326952 6592
39.988802 116.326959 6593
39.988882 116.326968 6594
39.988953 116.326977 6595
39.989016 116.326982 6596
