39.989046 116.309699 38976
39.988857 116.309654 38981
39.988748 116.309671 38986
39.988693 116.309715 38991
39.988667 116.309727 38996
39.988640 116.309748 39001
39.988553 116.309771 39006
39.988429 116.309820 39011
39.988285 116.309836 39016
39.988112 116.309831 39021
39.987856 116.309772 39026
39.987552 116.309602 39031
39.987317 116.309539 39036
39.987138 116.309538 39041
39.986980 116.309532 39046
39.986804 116.309487 39051
39.986658 116.309441 39056
39.986498 116.309446 39061
39.986336 116.309472 39066
39.986171 116.309460 39071
39.985993 116.309438 39076
39.985834 116.309443 39081
39.985621 116.309436 39086
39.985446 116.309395 39091
39.985233 116.309396 39096
39.985070 116.309418 39101
39.985061 116.309461 39106
39.985074 116.309463 39111
39.984954 116.309372 39116
39.984824 116.309317 39121
39.984747 116.309311 39126
39.984658 116.309354 39131
39.984537 116.309419 39136
39.984439 116.309468 39141
39.984369 116.309547 39146
39.984364 116.309604 39151
39.984370 116.309609 39156
39.984376 116.309610 39161
39.984376 116.309610 39166
39.984376 116.309609 39171
39.984375 116.309609 39176
39.984375 116.309609 39179
39.984383 116.309602 39181
39.984394 116.309605 39186
39.984401 116.309580 39191
39.984393 116.309564 39196
39.984413 116.309588 39201
39.984428 116.309656 39206
39.984447 116.309776 39211
39.984447 116.309898 39216
39.984372 116.309973 39221
39.984299 116.310033 39226
39.984197 116.310024 39231
39.984102 116.310001 39236
39.984046 116.309988 39241
39.983911 116.309954 39246
39.983771 116.309922 39251
39.983675 116.309891 39256
39.983613 116.309901 39261
39.983576 116.309928 39266
39.983523 116.309956 39271
39.983443 116.310012 39276
39.983395 116.310117 39281
39.983223 116.310136 39286
39.983120 116.310160 39291
39.983031 116.310168 39296
39.982961 116.310164 39301
39.982877 116.310195 39306
39.982752 116.310220 39311
39.982666 116.310197 39316
39.982545 116.310218 39321
39.982407 116.310200 39326
39.982298 116.310234 39331
39.982191 116.310241 39336
39.982087 116.310269 39341
39.982013 116.310300 39346
39.981930 116.310310 39351
39.981872 116.310371 39356
39.981672 116.310331 39361
39.981559 116.310340 39366
39.981384 116.310285 39371
39.981278 116.310247 39376
39.981116 116.310194 39381
39.981005 116.310175 39386
39.980849 116.310133 39391
39.980678 116.310104 39396
39.980538 116.310102 39401
39.980441 116.310196 39406
39.980299 116.310261 39411
39.980227 116.310327 39416
39.980133 116.310365 39421
39.980055 116.310388 39426
39.979988 116.310337 39431
39.979955 116.310336 39436
39.979934 116.310400 39441
39.979748 116.310509 39446
39.979434 116.310574 39451
39.979221 116.310599 39456
39.978836 116.310515 39461
39.978580 116.310511 39466
39.978502 116.310527 39471
39.978494 116.310529 39476
39.978490 116.310528 39481
39.978487 116.310528 39486
39.978485 116.310529 39491
39.978485 116.310529 39494
39.978483 116.310531 39496
39.978468 116.310550 39501
39.978452 116.310577 39506
39.978454 116.310565 39511
39.978438 116.310565 39516
39.978438 116.310593 39521
39.978403 116.310572 39526
39.978368 116.310589 39531
39.978353 116.310530 39536
39.978274 116.310478 39541
39.978119 116.310472 39546
39.977982 116.310434 39551
39.977787 116.310410 39556
39.977624 116.310370 39561
39.977563 116.310374 39566
39.977459 116.310367 39571
39.977324 116.310332 39576
