39.914793 116.402355 38228
39.914890 116.402554 38233
39.914834 116.402508 38238
39.914768 116.402408 38243
39.914781 116.402514 38248
39.914784 116.402567 38253
39.914717 116.402332 38258
39.914779 116.402426 38263
39.914775 116.402444 38268
39.914803 116.402462 38273
39.914602 116.402269 38278
39.914575 116.402299 38283
39.914406 116.401177 38288
39.914357 116.401212 38293
39.914337 116.401226 38298
39.914324 116.401307 38303
39.914313 116.401119 38308
39.914394 116.401185 38313
39.914434 116.401169 38318
39.914409 116.401051 38323
39.914409 116.401016 38328
39.914433 116.401029 38333
39.914509 116.401137 38338
39.914565 116.401225 38343
39.914611 116.401338 38348
39.914671 116.401479 38353
39.914728 116.401666 38358
39.914804 116.401826 38363
39.914807 116.401842 38368
39.914674 116.401375 38373
39.914616 116.401209 38378
39.914584 116.401222 38383
39.914553 116.401111 38388
39.914573 116.401122 38393
39.914620 116.401161 38398
39.914653 116.401148 38403
39.914723 116.401207 38408
39.914742 116.401283 38413
39.914698 116.401347 38418
39.914682 116.401367 38423
39.914745 116.401452 38428
39.914752 116.401637 38433
39.914718 116.401702 38438
39.914727 116.401756 38443
39.914777 116.401886 38448
39.914803 116.401993 38453
39.914835 116.402128 38458
39.914853 116.402273 38463
39.914873 116.402326 38468
39.914901 116.402350 38473
39.914874 116.402247 38478
39.914859 116.402183 38483
39.914863 116.402249 38488
39.914864 116.402194 38493
39.914848 116.402066 38498
39.914824 116.401849 38503
39.914757 116.401713 38508
39.914716 116.401656 38513
39.914714 116.401614 38518
39.914718 116.401655 38523
39.914772 116.401683 38528
39.914741 116.401589 38533
39.914696 116.401470 38538
39.914675 116.401340 38543
39.914708 116.401374 38548
39.914734 116.401458 38553
39.914765 116.401564 38558
39.914803 116.401642 38563
39.914786 116.401547 38568
39.914733 116.401459 38573
39.914688 116.401378 38578
39.914651 116.401311 38583
39.914639 116.401293 38588
39.914639 116.401302 38593
39.914679 116.401334 38598
39.914715 116.401437 38603
39.914787 116.401561 38608
39.914799 116.401649 38613
39.914843 116.401741 38618
39.914904 116.401873 38623
39.914924 116.401976 38628
39.914919 116.402005 38633
39.914847 116.401812 38638
39.914761 116.401614 38643
39.914734 116.401484 38648
39.914719 116.401404 38653
39.914749 116.401381 38658
39.914771 116.401424 38663
39.914754 116.401460 38668
39.914751 116.401429 38673
39.914767 116.401469 38678
39.914817 116.401574 38683
39.914872 116.401560 38688
39.914880 116.401454 38693
39.914880 116.401379 38698
39.914905 116.401314 38703
39.914930 116.401372 38708
39.914938 116.401457 38713
39.914956 116.401654 38718
39.915008 116.401841 38723
39.915073 116.402086 38728
39.915141 116.402350 38733
39.915187 116.402531 38738
39.915145 116.402318 38803
39.915210 116.402453 38808
39.915235 116.402496 38813
39.915235 116.402496 38816
39.915231 116.402502 38818
39.915112 116.402318 38823
39.915157 116.402443 38828
