40.006337 116.335780 38912
40.006333 116.335709 38916
40.006345 116.335652 38919
40.006324 116.335585 38923
40.006298 116.335522 38927
40.006243 116.335501 38931
40.006187 116.335486 38935
40.006140 116.335483 38938
40.006098 116.335471 38942
40.006039 116.335437 38947
40.005994 116.335425 38950
40.005944 116.335409 38954
40.005895 116.335384 38957
40.005842 116.335358 38960
40.005798 116.335331 38964
40.005779 116.335331 38969
40.005730 116.335316 38974
40.005680 116.335284 38978
40.005627 116.335255 38981
40.005583 116.335237 38984
40.005534 116.335219 38987
40.005483 116.335194 38990
40.005437 116.335170 38993
40.005408 116.335149 38998
40.005408 116.335149 39001
40.005401 116.335143 39003
40.005352 116.335131 39008
40.005310 116.335104 39011
40.005265 116.335082 39014
40.005212 116.335071 39019
40.005166 116.335049 39023
40.005115 116.335023 39027
40.005073 116.334998 39030
40.005030 116.334971 39033
40.004973 116.334959 39036
40.004930 116.334938 39038
40.004863 116.334912 39041
40.004801 116.334881 39044
40.004739 116.334851 39047
40.004695 116.334813 39049
40.004648 116.334802 39051
40.004595 116.334789 39054
40.004537 116.334765 39057
40.004483 116.334724 39060
40.004422 116.334709 39063
40.004362 116.334681 39066
40.004302 116.334652 39069
40.004251 116.334623 39072
40.004197 116.334583 39075
40.004145 116.334557 39078
40.004095 116.334504 39081
40.004048 116.334467 39084
40.003991 116.334431 39087
40.003944 116.334394 39090
40.003906 116.334361 39092
40.003854 116.334321 39095
40.003802 116.334285 39098
40.003748 116.334247 39101
40.003701 116.334200 39104
40.003649 116.334151 39107
40.003600 116.334126 39110
40.003543 116.334091 39113
40.003495 116.334038 39116
40.003448 116.333993 39119
40.003390 116.333964 39122
40.003346 116.333928 39125
40.003306 116.333885 39129
40.003275 116.333829 39133
40.003265 116.333830 39138
40.003228 116.333815 39143
40.003180 116.333805 39146
40.003115 116.333786 39149
40.003069 116.333760 39152
40.003010 116.333730 39155
40.002961 116.333709 39158
40.002911 116.333692 39161
40.002854 116.333680 39164
40.002791 116.333660 39167
40.002719 116.333614 39170
40.002656 116.333594 39173
40.002605 116.333573 39175
40.002561 116.333561 39179
40.002513 116.333555 39183
40.002467 116.333556 39187
40.002383 116.333509 39190
40.002346 116.333475 39194
40.002309 116.333430 39196
40.002255 116.333383 39198
40.002207 116.333357 39202
40.002155 116.333376 39206
40.002114 116.333341 39210
40.002090 116.333326 39215
40.002048 116.333302 39219
40.002000 116.333303 39221
40.001974 116.333256 39226
40.001914 116.333215 39228
40.001868 116.333185 39231
40.001804 116.333182 39235
40.001752 116.333193 39237
40.001717 116.333164 39242
40.001664 116.333202 39244
40.001615 116.333200 39248
40.001576 116.333150 39253
40.001540 116.333119 39258
40.001509 116.333074 39263
40.001465 116.333047 39268
40.001416 116.333017 39273
40.001367 116.333016 39276
40.001324 116.332997 39280
40.001276 116.332974 39284
40.001227 116.332972 39289
40.001199 116.332954 39294
40.001209 116.332946 39299
40.001216 116.332950 39304
40.001216 116.332950 39307
40.001214 116.332945 39309
40.001205 116.332941 39314
40.001154 116.332936 39318
40.001091 116.332921 39322
40.001031 116.332872 39325
40.000980 116.332829 39327
40.000934 116.332783 39329
40.000892 116.332746 39331
40.000842 116.332735 39333
40.000794 116.332711 39335
40.000741 116.332669 39338
40.000690 116.332658 39340
40.000629 116.332620 39343
40.000584 116.332612 39345
40.000536 116.332601 39347
40.000471 116.332583 39350
40.000430 116.332562 39353
40.000387 116.332561 39356
40.000341 116.332555 39359
40.000297 116.332559 39363
40.000242 116.332503 39367
40.000197 116.332483 39369
40.000150 116.332470 39371
40.000099 116.332443 39373
40.000047 116.332429 39376
40.000004 116.332410 39380
39.999957 116.332394 39382
39.999912 116.332363 39384
39.999858 116.332343 39387
39.999795 116.332326 39390
39.999746 116.332311 39394
39.999693 116.332290 39398
39.999655 116.332255 39402
39.999613 116.332232 39406
39.999564 116.332230 39410
39.999513 116.332257 39415
39.999495 116.332325 39418
39.999477 116.332395 39421
39.999476 116.332485 39424
39.999475 116.332552 39426
39.999462 116.332641 39428
39.999459 116.332729 39430
39.999460 116.332807 39432
39.999458 116.332887 39434
39.999457 116.332965 39436
39.999470 116.333044 39438
39.999480 116.333120 39440
39.999473 116.333192 39442
39.999470 116.333267 39444
39.999468 116.333336 39446
39.999457 116.333394 39448
39.999439 116.333459 39450
39.999440 116.333525 39452
39.999447 116.333591 39454
39.999452 116.333679 39457
39.999447 116.333743 39459
39.999468 116.333825 39462
39.999477 116.333894 39464
39.999476 116.333965 39466
39.999488 116.334039 39468
39.999503 116.334110 39470
39.999509 116.334185 39472
39.999516 116.334254 39474
39.999512 116.334317 39476
39.999509 116.334378 39478
39.999505 116.334448 39480
39.999508 116.334521 39482
39.999500 116.334582 39484
39.999504 116.334654 39486
39.999515 116.334727 39488
39.999519 116.334795 39490
39.999521 116.334865 39492
39.999523 116.334932 39494
39.999521 116.335005 39496
39.999510 116.335084 39498
39.999501 116.335147 39500
39.999502 116.335217 39502
39.999502 116.335288 39504
39.999504 116.335365 39506
39.999500 116.335441 39508
39.999501 116.335512 39510
39.999500 116.335589 39512
