40.143492 116.477117 37708
40.143720 116.477143 37709
40.143947 116.477170 37710
40.144175 116.477197 37711
40.144410 116.477225 37712
40.144645 116.477263 37713
40.144878 116.477300 37714
40.145110 116.477338 37715
40.145338 116.477372 37716
40.145565 116.477408 37717
40.145792 116.477445 37718
40.146017 116.477483 37719
40.146242 116.477523 37720
40.146462 116.477557 37721
40.146683 116.477593 37722
40.146905 116.477627 37723
40.147123 116.477657 37724
40.147342 116.477687 37725
40.147558 116.477722 37726
40.147780 116.477762 37727
40.148000 116.477805 37728
40.148217 116.477847 37729
40.148430 116.477888 37730
40.148645 116.477938 37731
40.148853 116.477985 37732
40.149055 116.478030 37733
40.149253 116.478075 37734
40.149443 116.478115 37735
40.149625 116.478152 37736
40.149803 116.478195 37737
40.149982 116.478235 37738
40.150155 116.478280 37739
40.150327 116.478327 37740
40.150498 116.478375 37741
40.150677 116.478432 37742
40.150842 116.478480 37743
40.150992 116.478537 37744
40.151140 116.478603 37745
40.151282 116.478685 37746
40.151417 116.478772 37747
40.151547 116.478870 37748
40.151670 116.478975 37749
40.151795 116.479090 37750
40.151908 116.479213 37751
40.152015 116.479345 37752
40.152113 116.479480 37753
40.152205 116.479622 37754
40.152293 116.479770 37755
40.152380 116.479928 37756
40.152463 116.480088 37757
40.152543 116.480252 37758
40.152617 116.480415 37759
40.152685 116.480582 37760
40.152752 116.480760 37761
40.152812 116.480948 37762
40.152862 116.481140 37763
40.152905 116.481333 37764
40.152943 116.481528 37765
40.152975 116.481728 37766
40.152998 116.481927 37767
40.153013 116.482120 37768
40.153022 116.482310 37769
40.153025 116.482503 37770
40.153027 116.482697 37771
40.153022 116.482887 37772
40.153012 116.483080 37773
40.152995 116.483277 37774
40.152972 116.483482 37775
40.152950 116.483692 37776
40.152925 116.483903 37777
40.152898 116.484120 37778
40.152870 116.484342 37779
40.152842 116.484568 37780
40.152813 116.484798 37781
40.152785 116.485030 37782
40.152755 116.485265 37783
40.152725 116.485507 37784
40.152693 116.485755 37785
40.152660 116.486008 37786
40.152623 116.486267 37787
40.152585 116.486533 37788
40.152543 116.486792 37789
40.152500 116.487057 37790
40.152455 116.487327 37791
40.152410 116.487597 37792
40.152363 116.487872 37793
40.152317 116.488150 37794
40.152267 116.488433 37795
40.152217 116.488718 37796
40.152165 116.489008 37797
40.152115 116.489300 37798
40.152065 116.489593 37799
40.152015 116.489888 37800
40.151962 116.490185 37801
40.151907 116.490485 37802
40.151850 116.490787 37803
40.151793 116.491092 37804
40.151737 116.491400 37805
40.151678 116.491713 37806
40.151618 116.492028 37807
40.151557 116.492345 37808
40.151488 116.492662 37809
40.151418 116.492982 37810
40.151347 116.493303 37811
40.151277 116.493630 37812
40.151205 116.493958 37813
40.151133 116.494292 37814
40.151060 116.494625 37815
40.150988 116.494963 37816
40.150915 116.495303 37817
40.150842 116.495642 37818
40.150768 116.495977 37819
40.150693 116.496305 37820
40.150618 116.496630 37821
40.150543 116.496952 37822
40.150467 116.497272 37823
40.150390 116.497590 37824
40.150312 116.497910 37825
40.150233 116.498232 37826
40.150152 116.498557 37827
40.150068 116.498882 37828
40.149982 116.499210 37829
40.149895 116.499538 37830
40.149807 116.499870 37831
40.149713 116.500203 37832
40.149618 116.500537 37833
40.149522 116.500870 37834
40.149425 116.501202 37835
40.149327 116.501535 37836
40.149232 116.501872 37837
40.149143 116.502200 37838
40.149053 116.502528 37839
40.148963 116.502852 37840
40.148872 116.503173 37841
40.148780 116.503497 37842
40.148688 116.503817 37843
40.148598 116.504135 37844
40.148507 116.504452 37845
40.148412 116.504768 37846
40.148317 116.505085 37847
40.148225 116.505405 37848
40.148133 116.505727 37849
40.148038 116.506047 37850
40.147945 116.506368 37851
40.147847 116.506692 37852
40.147752 116.507018 37853
40.147660 116.507347 37854
40.147567 116.507678 37855
40.147475 116.508012 37856
40.147385 116.508353 37857
40.147295 116.508693 37858
40.147208 116.509038 37859
40.147117 116.509383 37860
40.147023 116.509725 37861
40.146935 116.510070 37862
40.146835 116.510403 37863
40.146772 116.510752 37864
40.146710 116.511102 37865
40.146638 116.511448 37866
40.146575 116.511795 37867
40.146513 116.512145 37868
40.146453 116.512493 37869
40.146393 116.512842 37870
40.146333 116.513185 37871
40.146278 116.513525 37872
40.146227 116.513863 37873
40.146175 116.514198 37874
40.146123 116.514528 37875
40.146075 116.514857 37876
40.146030 116.515182 37877
40.145985 116.515505 37878
40.145943 116.515828 37879
40.145893 116.516150 37880
40.145843 116.516472 37881
40.145795 116.516795 37882
40.145750 116.517122 37883
40.145708 116.517452 37884
40.145668 116.517782 37885
40.145630 116.518115 37886
40.145590 116.518450 37887
40.145553 116.518790 37888
40.145518 116.519132 37889
40.145483 116.519477 37890
40.145450 116.519825 37891
40.145418 116.520177 37892
40.145388 116.520533 37893
40.145358 116.520893 37894
40.145332 116.521257 37895
40.145303 116.521620 37896
40.145277 116.521983 37897
40.145252 116.522350 37898
40.145228 116.522715 37899
40.145207 116.523078 37900
40.145187 116.523437 37901
40.145168 116.523795 37902
40.145152 116.524152 37903
40.145135 116.524502 37904
40.145123 116.524848 37905
40.145108 116.525192 37906
40.145093 116.525535 37907
40.145080 116.525878 37908
40.145065 116.526222 37909
40.145053 116.526563 37910
40.145038 116.526900 37911
40.145023 116.527237 37912
40.145008 116.527572 37913
40.144997 116.527908 37914
40.144987 116.528250 37915
40.144975 116.528590 37916
40.144965 116.528938 37917
40.144952 116.529287 37918
40.144937 116.529637 37919
40.144923 116.529988 37920
40.144910 116.530343 37921
40.144895 116.530697 37922
40.144880 116.531050 37923
40.144865 116.531402 37924
40.144852 116.531758 37925
40.144838 116.532115 37926
40.144823 116.532472 37927
40.144808 116.532832 37928
40.144793 116.533190 37929
40.144777 116.533543 37930
40.144758 116.533892 37931
40.144740 116.534235 37932
40.144720 116.534578 37933
40.144700 116.534920 37934
40.144682 116.535262 37935
40.144663 116.535603 37936
40.144647 116.535945 37937
40.144633 116.536290 37938
40.144620 116.536635 37939
40.144607 116.536980 37940
40.144593 116.537325 37941
40.144583 116.537663 37942
40.144575 116.538000 37943
40.144563 116.538330 37944
40.144548 116.538655 37945
40.144533 116.538973 37946
40.144517 116.539287 37947
40.144503 116.539597 37948
40.144487 116.539900 37949
40.144472 116.540197 37950
40.144455 116.540485 37951
40.144440 116.540770 37952
40.144422 116.541052 37953
40.144402 116.541328 37954
40.144380 116.541597 37955
40.144358 116.541862 37956
40.144338 116.542117 37957
40.144318 116.542360 37958
40.144300 116.542592 37959
40.144282 116.542813 37960
40.144263 116.543027 37961
40.144242 116.543235 37962
40.144220 116.543435 37963
40.144198 116.543620 37964
40.144175 116.543793 37965
40.144153 116.543953 37966
40.144128 116.544103 37967
40.144098 116.544242 37968
40.144065 116.544370 37969
40.144033 116.544483 37970
40.144002 116.544588 37971
40.143970 116.544687 37972
40.143940 116.544782 37973
40.143910 116.544872 37974
40.143887 116.544962 37975
40.143852 116.545103 37977
40.143845 116.545205 37992
40.143830 116.545345 37995
40.143820 116.545493 37997
40.143815 116.545670 37999
40.143810 116.545768 38000
40.143805 116.545870 38001
40.143793 116.545978 38002
40.143782 116.546090 38003
40.143770 116.546203 38004
40.143755 116.546318 38005
40.143738 116.546432 38006
40.143720 116.546537 38007
40.143703 116.546637 38008
40.143687 116.546792 38010
40.143708 116.546893 38012
40.143785 116.546978 38014
40.143952 116.547038 38016
40.144070 116.547057 38017
40.144168 116.547080 38018
40.144315 116.547083 38020
40.144433 116.547068 38021
40.144605 116.547053 38023
40.144758 116.547053 38025
40.144890 116.547070 38027
40.145015 116.547090 38029
40.145123 116.547105 38031
40.145232 116.547113 38034
40.145327 116.547110 38068
40.145432 116.547077 38071
40.145508 116.546982 38073
40.145555 116.546815 38075
40.145572 116.546710 38076
40.145583 116.546597 38077
40.145593 116.546482 38078
40.145602 116.546360 38079
40.145597 116.546255 38080
40.145602 116.546137 38081
40.145612 116.546002 38082
40.145615 116.545865 38083
40.145623 116.545728 38084
40.145622 116.545587 38085
40.145612 116.545440 38086
40.145612 116.545292 38087
40.145603 116.545138 38088
40.145607 116.544992 38089
40.145605 116.544842 38090
40.145600 116.544685 38091
40.145600 116.544528 38092
40.145597 116.544370 38093
40.145592 116.544210 38094
40.145592 116.544052 38095
40.145578 116.543895 38096
40.145572 116.543743 38097
40.145570 116.543593 38098
40.145575 116.543447 38099
40.145567 116.543290 38100
40.145563 116.543133 38101
40.145562 116.542977 38102
40.145557 116.542817 38103
40.145550 116.542652 38104
40.145543 116.542487 38105
40.145548 116.542322 38106
40.145553 116.542162 38107
40.145557 116.542002 38108
40.145557 116.541840 38109
40.145560 116.541678 38110
40.145567 116.541517 38111
40.145568 116.541353 38112
40.145575 116.541190 38113
40.145590 116.541030 38114
40.145598 116.540870 38115
40.145608 116.540713 38116
40.145605 116.540557 38117
40.145612 116.540405 38118
40.145620 116.540252 38119
40.145638 116.540102 38120
40.145643 116.539952 38121
40.145637 116.539795 38122
40.145653 116.539642 38123
40.145658 116.539492 38124
40.145665 116.539347 38125
40.145673 116.539213 38126
40.145693 116.539098 38127
40.145698 116.538990 38128
40.145720 116.538880 38129
40.145727 116.538763 38130
40.145720 116.538647 38131
40.145717 116.538527 38132
40.145717 116.538410 38133
40.145723 116.538298 38134
40.145727 116.538190 38135
40.145732 116.538087 38136
40.145742 116.537990 38137
40.145753 116.537900 38138
40.145768 116.537747 38140
40.145827 116.537640 38142
40.145913 116.537575 38144
40.145998 116.537532 38146
40.146090 116.537490 38148
40.146187 116.537472 38149
40.146285 116.537497 38151
40.146415 116.537540 38153
40.146547 116.537545 38155
40.146665 116.537537 38157
40.146765 116.537498 38159
40.146853 116.537435 38161
40.146907 116.537360 38163
40.146938 116.537263 38165
40.146945 116.537162 38167
40.146945 116.537043 38170
40.146963 116.536953 38173
40.147035 116.536868 38176
40.147135 116.536860 38179
40.147292 116.536878 38181
40.147407 116.536912 38183
40.147502 116.536917 38185
40.147590 116.536898 38187
40.147703 116.536900 38190
40.147803 116.536868 38224
40.147882 116.536803 38227
40.147967 116.536727 38229
40.148048 116.536608 38231
40.148120 116.536455 38233
40.148177 116.536280 38235
40.148197 116.536190 38236
40.148218 116.536102 38237
40.148237 116.536013 38238
40.148260 116.535923 38239
40.148283 116.535833 38240
40.148352 116.535667 38242
40.148445 116.535532 38244
40.148547 116.535437 38246
40.148660 116.535333 38248
40.148753 116.535222 38250
40.148832 116.535117 38252
40.148942 116.535080 38255
40.149005 116.535145 38259
40.149083 116.535205 38262
40.149170 116.535252 38265
40.149272 116.535297 38269
40.149402 116.535335 38272
40.149522 116.535332 38275
40.149615 116.535247 38277
40.149677 116.535145 38279
40.149750 116.535032 38282
40.149817 116.534940 38284
40.149913 116.534862 38286
40.150023 116.534818 38288
40.150153 116.534820 38290
40.150270 116.534807 38292
40.150417 116.534848 38294
40.150578 116.534895 38296
40.150740 116.534948 38298
40.150845 116.535043 38300
40.150890 116.535140 38302
40.150833 116.535283 38304
40.150805 116.535435 38306
40.150763 116.535585 38308
