39.984662 116.315763 1604
39.984658 116.315657 1605
39.984658 116.315555 1606
39.984657 116.315463 1607
39.984657 116.315308 1609
39.984657 116.315193 1611
39.984660 116.315098 1613
39.984660 116.315007 1616
39.984655 116.314900 1619
39.984652 116.314808 1621
39.984648 116.314703 1623
39.984647 116.314588 1625
39.984643 116.314472 1627
39.984643 116.314367 1629
39.984642 116.314275 1631
39.984632 116.314153 1634
39.984588 116.314067 1637
39.984500 116.314035 1640
39.984403 116.314045 1643
39.984303 116.314067 1646
39.984217 116.314108 1652
39.984183 116.314200 1656
39.984180 116.314297 1658
39.984182 116.314438 1660
39.984182 116.314598 1662
39.984185 116.314765 1664
39.984190 116.314937 1666
39.984198 116.315115 1668
39.984205 116.315205 1669
39.984207 116.315297 1670
39.984210 116.315388 1671
39.984213 116.315480 1672
39.984215 116.315570 1673
39.984217 116.315660 1674
39.984222 116.315835 1676
39.984227 116.316010 1678
39.984233 116.316183 1680
39.984238 116.316358 1682
39.984240 116.316457 1683
39.984242 116.316557 1684
39.984243 116.316657 1685
39.984245 116.316757 1686
39.984247 116.316855 1687
39.984252 116.316955 1688
39.984257 116.317057 1689
39.984262 116.317162 1690
39.984270 116.317268 1691
39.984278 116.317382 1692
39.984288 116.317502 1693
39.984298 116.317630 1694
39.984308 116.317765 1695
39.984317 116.317903 1696
39.984327 116.318047 1697
39.984337 116.318195 1698
39.984345 116.318345 1699
39.984353 116.318498 1700
39.984363 116.318653 1701
39.984373 116.318813 1702
39.984383 116.318978 1703
39.984395 116.319145 1704
39.984405 116.319315 1705
39.984415 116.319490 1706
39.984425 116.319663 1707
39.984433 116.319842 1708
39.984442 116.320018 1709
39.984448 116.320198 1710
39.984453 116.320380 1711
39.984460 116.320563 1712
39.984467 116.320747 1713
39.984472 116.320928 1714
39.984477 116.321098 1715
39.984485 116.321267 1716
39.984497 116.321450 1717
39.984503 116.321637 1718
39.984505 116.321823 1719
39.984510 116.322003 1720
39.984517 116.322187 1721
39.984522 116.322365 1722
39.984528 116.322548 1723
39.984533 116.322735 1724
39.984538 116.322927 1725
39.984543 116.323117 1726
39.984553 116.323308 1727
39.984553 116.323452 1728
39.984565 116.323635 1729
39.984580 116.323855 1730
39.984588 116.324067 1731
39.984607 116.324272 1732
39.984623 116.324480 1733
39.984633 116.324685 1734
39.984642 116.324888 1735
39.984650 116.325092 1736
39.984658 116.325292 1737
39.984667 116.325493 1738
39.984675 116.325693 1739
39.984682 116.325897 1740
39.984692 116.326098 1741
39.984700 116.326302 1742
39.984708 116.326505 1743
39.984717 116.326708 1744
39.984723 116.326910 1745
39.984727 116.327107 1746
39.984728 116.327283 1747
39.984753 116.327465 1748
39.984757 116.327658 1749
39.984772 116.327858 1750
39.984778 116.328060 1751
39.984783 116.328262 1752
39.984797 116.328462 1753
39.984805 116.328660 1754
39.984815 116.328855 1755
39.984827 116.329050 1756
39.984838 116.329245 1757
39.984850 116.329442 1758
39.984862 116.329640 1759
39.984873 116.329840 1760
39.984885 116.330038 1761
39.984897 116.330238 1762
39.984908 116.330440 1763
39.984920 116.330640 1764
39.984932 116.330840 1765
39.984945 116.331040 1766
39.984957 116.331240 1767
39.984970 116.331438 1768
39.984980 116.331638 1769
39.984990 116.331837 1770
39.985002 116.332037 1771
39.985017 116.332238 1772
39.985030 116.332447 1773
39.985042 116.332640 1774
39.985050 116.332850 1775
39.985052 116.333062 1776
39.985060 116.333270 1777
39.985068 116.333478 1778
39.985080 116.333687 1779
39.985088 116.333893 1780
39.985097 116.334103 1781
39.985108 116.334312 1782
39.985118 116.334522 1783
39.985142 116.334723 1784
39.985165 116.334938 1785
39.985172 116.335152 1786
39.985175 116.335363 1787
39.985182 116.335568 1788
39.985188 116.335773 1789
39.985193 116.335975 1790
39.985200 116.336180 1791
39.985205 116.336383 1792
39.985212 116.336585 1793
39.985218 116.336790 1794
39.985225 116.336990 1795
39.985232 116.337187 1796
39.985237 116.337378 1797
39.985243 116.337567 1798
39.985250 116.337752 1799
39.985257 116.337935 1800
39.985262 116.338122 1801
39.985267 116.338310 1802
39.985272 116.338497 1803
39.985273 116.338678 1804
39.985275 116.338847 1805
39.985277 116.339002 1806
39.985280 116.339148 1807
39.985283 116.339288 1808
39.985287 116.339430 1809
39.985290 116.339572 1810
39.985293 116.339715 1811
39.985298 116.339857 1812
39.985303 116.339997 1813
39.985307 116.340137 1814
39.985310 116.340275 1815
39.985315 116.340408 1816
39.985318 116.340540 1817
39.985322 116.340668 1818
39.985327 116.340793 1819
39.985330 116.340915 1820
39.985333 116.341030 1821
39.985337 116.341138 1822
39.985340 116.341240 1823
39.985343 116.341338 1824
39.985348 116.341437 1825
39.985353 116.341535 1826
39.985358 116.341638 1827
39.985363 116.341748 1828
39.985367 116.341865 1829
39.985372 116.341982 1830
39.985375 116.342102 1831
39.985380 116.342223 1832
39.985385 116.342347 1833
39.985387 116.342468 1834
39.985390 116.342592 1835
39.985392 116.342715 1836
39.985395 116.342832 1837
39.985400 116.342942 1838
39.985405 116.343048 1839
39.985408 116.343153 1840
39.985412 116.343258 1841
39.985415 116.343367 1842
39.985418 116.343477 1843
39.985422 116.343585 1844
39.985425 116.343695 1845
39.985427 116.343808 1846
39.985430 116.343927 1847
39.985433 116.344047 1848
39.985437 116.344172 1849
39.985440 116.344297 1850
39.985443 116.344423 1851
39.985447 116.344550 1852
39.985452 116.344678 1853
39.985455 116.344803 1854
39.985458 116.344922 1855
39.985462 116.345030 1856
39.985463 116.345130 1857
39.985467 116.345223 1858
39.985468 116.345313 1859
39.985470 116.345403 1860
39.985472 116.345493 1861
39.985477 116.345665 1863
39.985480 116.345817 1865
39.985485 116.345977 1867
39.985492 116.346153 1869
39.985495 116.346245 1870
39.985498 116.346338 1871
39.985502 116.346435 1872
39.985505 116.346532 1873
39.985507 116.346628 1874
39.985510 116.346793 1876
39.985515 116.346920 1878
39.985522 116.347048 1880
39.985527 116.347192 1882
39.985530 116.347315 1884
39.985532 116.347430 1886
39.985535 116.347545 1888
39.985537 116.347668 1890
39.985540 116.347817 1892
39.985545 116.347972 1894
39.985548 116.348138 1896
39.985550 116.348295 1898
39.985552 116.348433 1900
39.985553 116.348558 1902
39.985555 116.348670 1904
39.985557 116.348783 1906
39.985558 116.348902 1908
39.985562 116.349027 1910
39.985567 116.349153 1912
39.985567 116.349287 1914
39.985570 116.349430 1916
39.985572 116.349583 1918
39.985575 116.349752 1920
39.985582 116.349930 1922
39.985587 116.350107 1924
39.985590 116.350282 1926
39.985595 116.350452 1928
39.985600 116.350613 1930
39.985605 116.350760 1932
39.985612 116.350897 1934
39.985615 116.351032 1936
39.985618 116.351167 1938
39.985622 116.351305 1940
39.985625 116.351453 1942
39.985630 116.351607 1944
39.985635 116.351755 1946
39.985640 116.351898 1948
39.985645 116.352048 1950
39.985652 116.352212 1952
39.985657 116.352390 1954
39.985658 116.352483 1955
39.985662 116.352582 1956
39.985663 116.352683 1957
39.985665 116.352787 1958
39.985670 116.352890 1959
39.985672 116.352988 1960
39.985675 116.353080 1961
39.985683 116.353253 1963
39.985698 116.353427 1965
39.985705 116.353517 1966
39.985713 116.353612 1967
39.985718 116.353708 1968
39.985723 116.353810 1969
39.985727 116.353920 1970
39.985730 116.354035 1971
39.985735 116.354155 1972
39.985740 116.354282 1973
39.985743 116.354405 1974
39.985747 116.354522 1975
39.985753 116.354632 1976
39.985760 116.354735 1977
39.985767 116.354838 1978
39.985773 116.354943 1979
39.985780 116.355053 1980
39.985787 116.355168 1981
39.985790 116.355290 1982
39.985797 116.355415 1983
39.985800 116.355542 1984
39.985805 116.355672 1985
39.985810 116.355803 1986
39.985817 116.355935 1987
39.985820 116.356063 1988
39.985823 116.356190 1989
39.985828 116.356313 1990
39.985830 116.356437 1991
39.985835 116.356562 1992
39.985840 116.356692 1993
39.985843 116.356823 1994
39.985848 116.356953 1995
39.985850 116.357083 1996
39.985855 116.357210 1997
39.985858 116.357337 1998
39.985863 116.357467 1999
39.985868 116.357602 2000
39.985870 116.357740 2001
39.985873 116.357877 2002
39.985877 116.358012 2003
39.985880 116.358145 2004
39.985883 116.358282 2005
39.985887 116.358422 2006
39.985890 116.358562 2007
39.985895 116.358705 2008
39.985898 116.358855 2009
39.985903 116.359010 2010
39.985907 116.359168 2011
39.985912 116.359332 2012
39.985917 116.359498 2013
39.985922 116.359668 2014
39.985928 116.359837 2015
39.985935 116.360003 2016
39.985942 116.360173 2017
39.985943 116.360343 2018
39.985947 116.360515 2019
39.985947 116.360685 2020
39.985948 116.360853 2021
39.985952 116.361022 2022
39.985957 116.361190 2023
39.985960 116.361360 2024
39.985967 116.361530 2025
39.985972 116.361702 2026
39.985977 116.361873 2027
39.985980 116.362047 2028
39.985985 116.362223 2029
39.985990 116.362402 2030
39.985995 116.362582 2031
39.986000 116.362762 2032
39.986003 116.362947 2033
39.986005 116.363133 2034
39.986008 116.363318 2035
39.986012 116.363505 2036
39.986015 116.363690 2037
39.986018 116.363868 2038
39.986023 116.364042 2039
39.986025 116.364212 2040
39.986030 116.364377 2041
39.986037 116.364538 2042
39.986042 116.364697 2043
39.986047 116.364853 2044
39.986050 116.365010 2045
39.986053 116.365167 2046
39.986058 116.365325 2047
39.986062 116.365487 2048
39.986067 116.365652 2049
39.986070 116.365822 2050
39.986073 116.365997 2051
39.986077 116.366173 2052
39.986080 116.366352 2053
39.986083 116.366533 2054
39.986088 116.366715 2055
39.986090 116.366900 2056
39.986093 116.367085 2057
39.986097 116.367270 2058
39.986100 116.367453 2059
39.986105 116.367638 2060
39.986110 116.367823 2061
39.986117 116.368010 2062
39.986122 116.368197 2063
39.986127 116.368380 2064
39.986128 116.368563 2065
39.986132 116.368745 2066
39.986135 116.368925 2067
39.986138 116.369103 2068
39.986140 116.369283 2069
39.986145 116.369463 2070
39.986148 116.369645 2071
39.986155 116.369828 2072
39.986162 116.370012 2073
39.986168 116.370197 2074
39.986172 116.370382 2075
39.986177 116.370567 2076
39.986182 116.370748 2077
39.986187 116.370928 2078
39.986192 116.371105 2079
39.986200 116.371277 2080
39.986203 116.371447 2081
39.986208 116.371613 2082
39.986212 116.371778 2083
39.986215 116.371942 2084
39.986218 116.372105 2085
39.986223 116.372270 2086
39.986227 116.372437 2087
39.986230 116.372608 2088
39.986233 116.372785 2089
39.986237 116.372963 2090
39.986242 116.373145 2091
39.986245 116.373332 2092
39.986248 116.373518 2093
39.986253 116.373705 2094
39.986258 116.373892 2095
39.986263 116.374082 2096
39.986267 116.374273 2097
39.986272 116.374467 2098
39.986277 116.374658 2099
39.986282 116.374850 2100
39.986285 116.375038 2101
39.986290 116.375227 2102
39.986295 116.375417 2103
39.986300 116.375603 2104
39.986307 116.375788 2105
39.986310 116.375970 2106
39.986315 116.376148 2107
39.986315 116.376325 2108
39.986318 116.376493 2109
39.986323 116.376655 2110
39.986328 116.376810 2111
39.986332 116.376955 2112
39.986337 116.377092 2113
39.986340 116.377220 2114
39.986343 116.377335 2115
39.986347 116.377437 2116
39.986345 116.377533 2117
39.986345 116.377623 2118
39.986348 116.377787 2120
39.986353 116.377928 2122
39.986358 116.378062 2124
39.986362 116.378192 2126
39.986367 116.378327 2128
39.986372 116.378487 2130
39.986373 116.378662 2132
39.986373 116.378753 2133
39.986373 116.378848 2134
39.986375 116.378947 2135
39.986377 116.379043 2136
39.986378 116.379140 2137
39.986380 116.379242 2138
39.986383 116.379343 2139
39.986387 116.379443 2140
39.986393 116.379538 2141
39.986397 116.379633 2142
39.986397 116.379730 2143
39.986395 116.379827 2144
39.986397 116.379922 2145
39.986400 116.380015 2146
39.986400 116.380110 2147
39.986398 116.380213 2148
39.986400 116.380320 2149
39.986403 116.380433 2150
39.986408 116.380550 2151
39.986410 116.380670 2152
39.986410 116.380792 2153
39.986408 116.380920 2154
39.986410 116.381050 2155
39.986402 116.381197 2156
39.986400 116.381340 2157
39.986402 116.381492 2158
39.986405 116.381640 2159
39.986405 116.381793 2160
39.986393 116.381962 2161
39.986395 116.382118 2162
39.986398 116.382275 2163
39.986400 116.382432 2164
39.986402 116.382583 2165
39.986408 116.382728 2166
39.986412 116.382865 2167
39.986427 116.382992 2168
39.986428 116.383120 2169
39.986425 116.383245 2170
39.986418 116.383368 2171
39.986417 116.383492 2172
39.986415 116.383617 2173
39.986415 116.383743 2174
39.986415 116.383873 2175
39.986417 116.384003 2176
39.986417 116.384137 2177
39.986415 116.384272 2178
39.986413 116.384407 2179
39.986410 116.384547 2180
39.986408 116.384690 2181
39.986403 116.384838 2182
39.986400 116.384988 2183
39.986397 116.385138 2184
39.986390 116.385287 2185
39.986385 116.385432 2186
39.986380 116.385575 2187
39.986373 116.385718 2188
39.986367 116.385858 2189
39.986362 116.385995 2190
39.986357 116.386128 2191
39.986352 116.386258 2192
39.986340 116.386382 2193
39.986318 116.386498 2194
39.986282 116.386607 2195
39.986233 116.386698 2196
39.986167 116.386770 2197
39.986090 116.386825 2198
39.986005 116.386862 2199
39.985908 116.386878 2200
39.985807 116.386888 2201
39.985697 116.386898 2202
39.985580 116.386908 2203
39.985458 116.386917 2204
