39.966722 116.409505 4821
39.968623 116.407992 4871
39.968308 116.408292 4874
39.967985 116.408552 4877
39.967888 116.408618 4878
39.967363 116.409562 4881
39.967447 116.409610 4885
39.967540 116.409622 4889
39.967538 116.409720 4979
39.967535 116.409812 4984
39.967535 116.409933 4987
39.967497 116.410057 4990
39.967467 116.410142 4992
39.967407 116.410283 4994
39.967355 116.410387 4995
39.967313 116.410543 4997
39.967312 116.410713 4999
39.967308 116.410870 5001
39.967303 116.410988 5003
39.967317 116.411098 5005
39.967372 116.411185 5007
39.967418 116.411300 5010
39.967427 116.411393 5012
39.967395 116.411520 5015
39.967308 116.411607 5018
39.967212 116.411628 5020
39.967092 116.411638 5021
39.966923 116.411647 5023
39.966833 116.411652 5024
39.966740 116.411658 5025
39.966617 116.411660 5027
39.966380 116.411660 5029
39.966272 116.411667 5030
39.966152 116.411675 5031
39.966035 116.411682 5032
39.965918 116.411688 5033
39.965795 116.411695 5034
39.965673 116.411700 5035
39.965550 116.411705 5036
39.965418 116.411710 5037
39.965297 116.411717 5038
39.965177 116.411725 5039
39.965055 116.411730 5040
39.964952 116.411745 5041
39.964837 116.411760 5042
39.964718 116.411770 5043
39.964610 116.411780 5044
39.964502 116.411788 5045
39.964403 116.411797 5046
39.964265 116.411788 5048
39.964152 116.411800 5050
39.964062 116.411813 5053
39.963947 116.411818 5097
39.963835 116.411818 5100
39.963728 116.411818 5102
39.963553 116.411830 5104
39.963398 116.411840 5106
39.963232 116.411862 5108
39.963050 116.411875 5110
39.962945 116.411880 5111
39.962833 116.411885 5112
39.962727 116.411890 5113
39.962618 116.411895 5114
39.962512 116.411900 5115
39.962402 116.411905 5116
39.962295 116.411912 5117
39.962195 116.411917 5118
39.962098 116.411922 5119
39.962003 116.411923 5120
39.961912 116.411925 5121
39.961820 116.411925 5122
39.961728 116.411925 5123
39.961635 116.411922 5124
39.961535 116.411922 5125
39.961435 116.411925 5126
39.961323 116.411935 5127
39.961217 116.411942 5128
39.961110 116.411947 5129
39.961002 116.411950 5130
39.960893 116.411955 5131
39.960785 116.411960 5132
39.960677 116.411967 5133
39.960575 116.411973 5134
39.960475 116.411982 5135
39.960375 116.411988 5136
39.960273 116.411995 5137
39.960170 116.411998 5138
39.960065 116.412003 5139
39.959958 116.412008 5140
39.959855 116.412012 5141
39.959748 116.412017 5142
39.959645 116.412020 5143
39.959530 116.412030 5144
39.959422 116.412035 5145
39.959305 116.412045 5146
39.959192 116.412053 5147
39.959082 116.412062 5148
39.958968 116.412068 5149
39.958858 116.412075 5150
39.958743 116.412083 5151
39.958628 116.412092 5152
39.958510 116.412102 5153
39.958407 116.412102 5154
39.958307 116.412107 5155
39.958205 116.412118 5156
39.958112 116.412125 5157
39.958015 116.412132 5158
39.957923 116.412133 5159
39.957833 116.412135 5160
39.957655 116.412137 5162
39.957560 116.412137 5163
39.957463 116.412133 5164
39.957353 116.412140 5165
39.957248 116.412142 5166
39.957128 116.412150 5167
39.957008 116.412157 5168
39.956887 116.412163 5169
39.956763 116.412170 5170
39.956645 116.412177 5171
39.956530 116.412183 5172
39.956417 116.412195 5173
39.956312 116.412205 5174
39.956213 116.412217 5175
39.956118 116.412230 5176
39.955955 116.412267 5178
39.955805 116.412302 5180
39.955663 116.412323 5182
39.955523 116.412333 5184
39.955362 116.412348 5186
39.955270 116.412362 5187
39.955180 116.412370 5188
39.955013 116.412377 5190
39.954852 116.412380 5192
39.954677 116.412385 5194
39.954512 116.412378 5196
39.954335 116.412385 5198
39.954235 116.412395 5199
39.954143 116.412402 5200
39.954052 116.412407 5201
39.953887 116.412412 5203
39.953728 116.412420 5205
39.953593 116.412430 5207
39.953482 116.412438 5209
39.953387 116.412443 5211
39.953260 116.412453 5214
39.953170 116.412468 5218
39.953058 116.412478 5272
39.952947 116.412480 5275
39.952843 116.412485 5277
39.952712 116.412500 5279
39.952583 116.412518 5281
39.952433 116.412548 5283
39.952277 116.412563 5285
39.952097 116.412580 5287
39.951995 116.412585 5288
39.951885 116.412597 5289
39.951780 116.412603 5290
39.951677 116.412608 5291
39.951578 116.412612 5292
39.951478 116.412617 5293
39.951375 116.412622 5294
39.951267 116.412625 5295
39.951155 116.412628 5296
39.951040 116.412623 5297
39.950927 116.412620 5298
39.950818 116.412613 5299
39.950717 116.412600 5300
39.950617 116.412562 5301
39.950510 116.412512 5302
39.950407 116.412450 5303
39.950292 116.412373 5304
39.950190 116.412270 5305
39.950087 116.412153 5306
39.950028 116.412008 5307
39.949968 116.411863 5308
39.949935 116.411710 5309
39.949923 116.411552 5310
39.949910 116.411405 5311
39.949900 116.411262 5312
39.949895 116.411127 5313
39.949888 116.411010 5314
39.949878 116.410900 5315
39.949868 116.410733 5317
39.949847 116.410588 5319
39.949807 116.410468 5321
39.949762 116.410358 5323
39.949705 116.410238 5325
39.949612 116.410105 5327
39.949548 116.410038 5328
39.949398 116.409938 5330
39.949225 116.409895 5332
39.949128 116.409887 5333
39.949028 116.409887 5334
39.948932 116.409890 5335
39.948835 116.409895 5336
39.948742 116.409898 5337
39.948573 116.409895 5339
39.948458 116.409892 5341
39.948367 116.409897 5344
39.948273 116.409908 5348
39.948168 116.409922 5352
39.948093 116.409817 5355
39.948072 116.409660 5357
39.948067 116.409473 5359
39.948065 116.409367 5360
39.948063 116.409252 5361
39.948063 116.409132 5362
39.948062 116.409007 5363
39.948060 116.408885 5364
39.948058 116.408763 5365
39.948055 116.408638 5366
39.948048 116.408507 5367
39.948040 116.408373 5368
39.948035 116.408237 5369
39.948030 116.408098 5370
39.948027 116.407958 5371
39.948023 116.407818 5372
39.948020 116.407680 5373
39.948017 116.407545 5374
39.948013 116.407412 5375
39.948008 116.407280 5376
39.948007 116.407152 5377
39.948003 116.407028 5378
39.948000 116.406910 5379
39.947997 116.406795 5380
39.947993 116.406682 5381
39.947990 116.406568 5382
39.947987 116.406452 5383
39.947982 116.406332 5384
39.947977 116.406210 5385
39.947972 116.406085 5386
39.947968 116.405962 5387
39.947958 116.405838 5388
39.947953 116.405718 5389
39.947947 116.405602 5390
39.947943 116.405477 5391
39.947940 116.405348 5392
39.947935 116.405220 5393
39.947932 116.405090 5394
39.947923 116.404960 5395
39.947912 116.404830 5396
39.947900 116.404700 5397
39.947887 116.404568 5398
39.947877 116.404437 5399
39.947868 116.404302 5400
39.947862 116.404167 5401
39.947857 116.404028 5402
39.947850 116.403895 5403
39.947845 116.403753 5404
39.947845 116.403605 5405
39.947847 116.403453 5406
39.947847 116.403300 5407
39.947843 116.403142 5408
39.947842 116.402983 5409
39.947838 116.402825 5410
39.947835 116.402667 5411
39.947830 116.402518 5412
39.947827 116.402367 5413
39.947828 116.402210 5414
39.947822 116.402060 5415
39.947822 116.401907 5416
39.947822 116.401757 5417
39.947817 116.401617 5418
39.947815 116.401475 5419
39.947822 116.401328 5420
39.947828 116.401187 5421
