39.985163 116.381098 34674
39.985018 116.381135 34677
39.984877 116.381160 34679
39.984710 116.381182 34681
39.984617 116.381192 34682
39.984520 116.381203 34683
39.984420 116.381213 34684
39.984320 116.381223 34685
39.984220 116.381233 34686
39.984120 116.381240 34687
39.984023 116.381247 34688
39.983928 116.381252 34689
39.983833 116.381258 34690
39.983742 116.381263 34691
39.983568 116.381278 34693
39.983413 116.381288 34695
39.983290 116.381335 34697
39.983148 116.381365 34699
39.982985 116.381377 34701
39.982810 116.381383 34703
39.982712 116.381392 34704
39.982617 116.381400 34705
39.982523 116.381408 34706
39.982433 116.381415 34707
39.982342 116.381422 34708
39.982252 116.381423 34709
39.982113 116.381413 34711
39.982013 116.381387 34713
39.981868 116.381368 34715
39.981660 116.381378 34717
39.981570 116.381383 34718
39.981470 116.381390 34719
39.981357 116.381402 34721
39.981265 116.381415 34724
39.981182 116.381302 34776
39.981135 116.381143 34778
39.981120 116.381047 34779
39.981108 116.380943 34780
39.981098 116.380830 34781
39.981093 116.380712 34782
39.981090 116.380588 34783
39.981082 116.380463 34784
39.981075 116.380347 34785
39.981073 116.380253 34786
39.981047 116.380140 34788
39.980977 116.380205 34798
39.980998 116.380345 34801
39.981010 116.380507 34803
39.981020 116.380598 34804
39.981027 116.380693 34805
39.981032 116.380785 34806
39.981040 116.380935 34808
39.981033 116.381025 34811
39.981030 116.381132 34879
39.981045 116.381245 34881
39.981088 116.381385 34883
39.981165 116.381493 34885
39.981272 116.381552 34887
39.981422 116.381540 34889
39.981515 116.381525 34890
39.981607 116.381517 34891
39.981790 116.381495 34893
39.981893 116.381487 34894
39.982005 116.381480 34895
39.982113 116.381457 34896
39.982235 116.381452 34897
39.982358 116.381447 34898
39.982457 116.381400 34899
39.982573 116.381380 34900
39.982673 116.381333 34901
39.982820 116.381358 34902
39.982972 116.381388 34903
39.983107 116.381393 34904
39.983238 116.381388 34905
39.983373 116.381383 34906
39.983510 116.381380 34907
39.983657 116.381388 34908
39.983802 116.381393 34909
39.983942 116.381390 34910
39.984090 116.381400 34911
39.984230 116.381398 34912
39.984375 116.381397 34913
39.984520 116.381395 34914
39.984663 116.381393 34915
39.984805 116.381392 34916
39.984943 116.381387 34917
39.985082 116.381383 34918
39.985220 116.381380 34919
39.985358 116.381375 34920
39.985495 116.381370 34921
39.985633 116.381365 34922
39.985773 116.381360 34923
39.985913 116.381352 34924
39.986052 116.381347 34925
39.986192 116.381343 34926
39.986330 116.381340 34927
39.986470 116.381340 34928
39.986608 116.381333 34929
39.986747 116.381325 34930
39.986888 116.381317 34931
39.987030 116.381307 34932
39.987168 116.381295 34933
39.987305 116.381285 34934
39.987442 116.381278 34935
39.987578 116.381272 34936
39.987717 116.381265 34937
39.987858 116.381258 34938
39.988000 116.381250 34939
39.988143 116.381242 34940
39.988287 116.381230 34941
39.988425 116.381210 34942
39.988563 116.381195 34943
39.988702 116.381182 34944
39.988843 116.381170 34945
39.988980 116.381153 34946
39.989115 116.381142 34947
39.989242 116.381123 34948
39.989360 116.381090 34949
39.989472 116.381063 34950
39.989577 116.381027 34951
39.989693 116.381018 34952
39.989807 116.381003 34953
39.989910 116.380977 34954
39.990028 116.380980 34955
39.990123 116.380947 34956
39.990217 116.380918 34957
39.990298 116.380872 34958
39.990388 116.380838 34959
39.990463 116.380780 34960
39.990610 116.380700 34962
39.990748 116.380662 34964
39.990880 116.380625 34966
39.990990 116.380715 34967
39.991082 116.380662 34969
39.991178 116.380620 34971
39.991297 116.380573 34973
39.991452 116.380555 34975
39.991568 116.380568 34976
39.991703 116.380543 34978
39.991840 116.380545 34980
39.991938 116.380542 34982
39.992070 116.380562 34986
39.992160 116.380568 35017
39.992265 116.380562 35019
39.992402 116.380553 35021
39.992533 116.380547 35023
39.992665 116.380540 35025
39.992837 116.380537 35027
39.992948 116.380558 35028
39.993060 116.380578 35029
39.993175 116.380598 35030
39.993287 116.380600 35031
39.993405 116.380613 35032
39.993520 116.380615 35033
39.993648 116.380628 35034
39.993775 116.380627 35035
39.993918 116.380648 35036
39.994072 116.380677 35037
39.994222 116.380693 35038
39.994373 116.380713 35039
39.994530 116.380740 35040
39.994682 116.380753 35041
39.994832 116.380763 35042
39.994977 116.380770 35043
39.995120 116.380772 35044
39.995262 116.380772 35045
39.995398 116.380770 35046
39.995535 116.380768 35047
39.995672 116.380768 35048
39.995810 116.380768 35049
39.995950 116.380768 35050
39.996092 116.380767 35051
39.996233 116.380767 35052
39.996377 116.380767 35053
39.996520 116.380765 35054
39.996663 116.380763 35055
39.996807 116.380760 35056
39.996950 116.380757 35057
39.997093 116.380752 35058
39.997235 116.380743 35059
39.997375 116.380730 35060
39.997523 116.380727 35061
39.997672 116.380722 35062
39.997820 116.380717 35063
39.997965 116.380712 35064
39.998112 116.380705 35065
39.998257 116.380700 35066
39.998400 116.380695 35067
39.998540 116.380690 35068
39.998678 116.380685 35069
39.998813 116.380680 35070
39.998945 116.380675 35071
39.999075 116.380673 35072
39.999207 116.380673 35073
39.999323 116.380658 35074
39.999440 116.380650 35075
39.999548 116.380645 35076
39.999648 116.380643 35077
39.999745 116.380645 35078
39.999838 116.380650 35079
39.999930 116.380657 35080
40.000023 116.380665 35081
40.000123 116.380673 35082
40.000222 116.380677 35083
40.000405 116.380657 35085
40.000502 116.380653 35086
40.000603 116.380652 35087
40.000710 116.380650 35088
40.000820 116.380648 35089
40.000933 116.380647 35090
40.001048 116.380643 35091
40.001163 116.380640 35092
40.001280 116.380635 35093
40.001397 116.380630 35094
40.001512 116.380625 35095
40.001628 116.380618 35096
40.001752 116.380613 35097
40.001882 116.380607 35098
40.002013 116.380597 35099
40.002150 116.380587 35100
40.002283 116.380577 35101
40.002417 116.380567 35102
40.002550 116.380558 35103
40.002685 116.380555 35104
40.002818 116.380550 35105
40.002950 116.380545 35106
40.003082 116.380542 35107
40.003213 116.380537 35108
40.003345 116.380530 35109
40.003475 116.380522 35110
40.003605 116.380515 35111
40.003740 116.380507 35112
40.003878 116.380502 35113
40.004018 116.380500 35114
40.004157 116.380500 35115
40.004293 116.380497 35116
40.004425 116.380492 35117
40.004552 116.380482 35118
40.004677 116.380473 35119
40.004803 116.380467 35120
40.004933 116.380460 35121
40.005065 116.380453 35122
40.005200 116.380447 35123
40.005335 116.380440 35124
40.005472 116.380433 35125
40.005612 116.380425 35126
40.005753 116.380415 35127
40.005897 116.380407 35128
40.006042 116.380397 35129
40.006183 116.380387 35130
40.006325 116.380378 35131
40.006467 116.380370 35132
40.006607 116.380363 35133
40.006745 116.380357 35134
40.006882 116.380350 35135
40.007017 116.380345 35136
40.007150 116.380338 35137
40.007278 116.380332 35138
40.007400 116.380327 35139
40.007513 116.380323 35140
40.007618 116.380323 35141
40.007712 116.380322 35142
40.007862 116.380320 35144
40.007963 116.380317 35146
40.008057 116.380308 35151
40.008160 116.380302 35188
40.008277 116.380293 35191
40.008382 116.380250 35193
40.008477 116.380160 35195
40.008548 116.380023 35197
40.008587 116.379870 35199
40.008598 116.379758 35201
40.008602 116.379655 35203
40.008603 116.379530 35205
40.008612 116.379357 35207
40.008622 116.379245 35208
40.008632 116.379123 35209
40.008637 116.378997 35210
40.008635 116.378862 35211
40.008632 116.378718 35212
40.008628 116.378567 35213
40.008623 116.378403 35214
40.008620 116.378237 35215
40.008618 116.378070 35216
40.008615 116.377902 35217
40.008613 116.377728 35218
40.008612 116.377550 35219
40.008610 116.377370 35220
40.008608 116.377188 35221
40.008607 116.377008 35222
40.008605 116.376832 35223
40.008605 116.376658 35224
40.008605 116.376492 35225
40.008603 116.376332 35226
40.008603 116.376177 35227
40.008603 116.376030 35228
40.008605 116.375887 35229
40.008608 116.375743 35230
40.008613 116.375602 35231
40.008618 116.375458 35232
40.008622 116.375313 35233
40.008623 116.375170 35234
40.008623 116.375025 35235
40.008622 116.374878 35236
40.008622 116.374727 35237
40.008622 116.374570 35238
40.008623 116.374407 35239
40.008623 116.374238 35240
40.008623 116.374068 35241
40.008622 116.373892 35242
40.008622 116.373712 35243
40.008620 116.373527 35244
40.008620 116.373340 35245
40.008618 116.373148 35246
40.008617 116.372958 35247
40.008613 116.372770 35248
40.008612 116.372587 35249
40.008608 116.372407 35250
40.008605 116.372233 35251
40.008602 116.372062 35252
40.008600 116.371893 35253
40.008598 116.371723 35254
40.008597 116.371552 35255
40.008597 116.371380 35256
40.008598 116.371208 35257
40.008598 116.371042 35258
40.008598 116.370880 35259
40.008598 116.370722 35260
40.008598 116.370572 35261
40.008598 116.370430 35262
40.008598 116.370292 35263
40.008598 116.370158 35264
40.008600 116.370028 35265
40.008600 116.369905 35266
40.008600 116.369788 35267
40.008600 116.369680 35268
40.008600 116.369580 35269
40.008598 116.369418 35271
40.008600 116.369318 35274
