39.987297 116.412900 77468
39.987302 116.413155 77469
39.987305 116.413415 77470
39.987303 116.413683 77471
39.987310 116.413935 77472
39.987317 116.414197 77473
39.987318 116.414462 77474
39.987325 116.414725 77475
39.987328 116.414997 77476
39.987335 116.415263 77477
39.987342 116.415530 77478
39.987348 116.415793 77479
39.987355 116.416053 77480
39.987360 116.416317 77481
39.987368 116.416575 77482
39.987378 116.416828 77483
39.987388 116.417082 77484
39.987397 116.417337 77485
39.987405 116.417593 77486
39.987413 116.417850 77487
39.987420 116.418108 77488
39.987428 116.418370 77489
39.987435 116.418635 77490
39.987442 116.418902 77491
39.987450 116.419172 77492
39.987457 116.419445 77493
39.987463 116.419723 77494
39.987468 116.420007 77495
39.987475 116.420292 77496
39.987482 116.420577 77497
39.987488 116.420860 77498
39.987495 116.421150 77499
39.987503 116.421450 77500
39.987512 116.421760 77501
39.987520 116.422077 77502
39.987528 116.422395 77503
39.987537 116.422717 77504
39.987545 116.423043 77505
39.987553 116.423373 77506
39.987565 116.423703 77507
39.987575 116.424028 77508
39.987582 116.424355 77509
39.987592 116.424688 77510
39.987602 116.425023 77511
39.987610 116.425365 77512
39.987620 116.425705 77513
39.987630 116.426048 77514
39.987638 116.426392 77515
39.987650 116.426742 77516
39.987662 116.427093 77517
39.987673 116.427445 77518
39.987683 116.427795 77519
39.987693 116.428142 77520
39.987702 116.428477 77521
39.987710 116.428798 77522
39.987718 116.429105 77523
39.987725 116.429402 77524
39.987730 116.429693 77525
39.987732 116.429980 77526
39.987730 116.430262 77527
39.987722 116.430540 77528
39.987707 116.430815 77529
39.987692 116.431072 77530
39.987673 116.431307 77531
39.987652 116.431533 77532
39.987625 116.431760 77533
39.987590 116.431988 77534
39.987558 116.432215 77535
39.987528 116.432442 77536
39.987487 116.432668 77537
39.987432 116.432907 77538
39.987373 116.433142 77539
39.987307 116.433372 77540
39.987232 116.433603 77541
39.987155 116.433835 77542
39.987072 116.434070 77543
39.986987 116.434305 77544
39.986900 116.434540 77545
39.986810 116.434778 77546
39.986717 116.435022 77547
39.986622 116.435268 77548
39.986525 116.435517 77549
39.986428 116.435763 77550
39.986338 116.435998 77551
39.986252 116.436223 77552
39.986168 116.436440 77553
39.986085 116.436665 77554
39.985997 116.436880 77555
39.985927 116.437080 77556
39.985847 116.437295 77557
39.985760 116.437518 77558
39.985673 116.437737 77559
39.985583 116.437963 77560
39.985497 116.438188 77561
39.985408 116.438415 77562
39.985315 116.438650 77563
39.985223 116.438890 77564
39.985132 116.439138 77565
39.985037 116.439392 77566
39.984937 116.439645 77567
39.984835 116.439897 77568
39.984732 116.440150 77569
39.984627 116.440407 77570
39.984520 116.440665 77571
39.984410 116.440923 77572
39.984298 116.441182 77573
39.984183 116.441435 77574
39.984062 116.441682 77575
39.983932 116.441920 77576
39.983795 116.442152 77577
39.983655 116.442378 77578
39.983515 116.442603 77579
39.983373 116.442828 77580
39.983230 116.443053 77581
39.983085 116.443277 77582
39.982938 116.443500 77583
39.982793 116.443722 77584
39.982650 116.443940 77585
39.982507 116.444155 77586
39.982372 116.444362 77587
39.982238 116.444560 77588
39.982110 116.444755 77589
39.981985 116.444945 77590
39.981860 116.445130 77591
39.981737 116.445315 77592
39.981615 116.445500 77593
39.981492 116.445682 77594
39.981367 116.445868 77595
39.981250 116.446057 77596
39.981127 116.446250 77597
39.980995 116.446448 77598
39.980860 116.446650 77599
39.980728 116.446848 77600
39.980595 116.447052 77601
39.980463 116.447252 77602
39.980330 116.447457 77603
39.980193 116.447663 77604
39.980060 116.447865 77605
39.979923 116.448072 77606
39.979782 116.448290 77607
39.979637 116.448515 77608
39.979487 116.448742 77609
39.979323 116.448990 77610
39.979157 116.449240 77611
39.978987 116.449495 77612
39.978815 116.449753 77613
39.978640 116.450015 77614
39.978468 116.450278 77615
39.978295 116.450545 77616
39.978117 116.450817 77617
39.977937 116.451088 77618
39.977760 116.451355 77619
39.977582 116.451623 77620
39.977403 116.451887 77621
39.977223 116.452145 77622
39.977045 116.452402 77623
39.976873 116.452650 77624
39.976715 116.452883 77625
39.976570 116.453097 77626
39.976433 116.453300 77627
39.976302 116.453498 77628
39.976170 116.453692 77629
39.976038 116.453888 77630
39.975903 116.454088 77631
39.975765 116.454293 77632
39.975625 116.454503 77633
39.975483 116.454715 77634
39.975340 116.454930 77635
39.975198 116.455145 77636
39.975060 116.455358 77637
39.974923 116.455567 77638
39.974792 116.455768 77639
39.974665 116.455963 77640
39.974540 116.456150 77641
39.974420 116.456332 77642
39.974303 116.456508 77643
39.974190 116.456682 77644
39.974077 116.456857 77645
39.973958 116.457027 77646
39.973867 116.457188 77647
39.973758 116.457357 77648
39.973648 116.457518 77649
39.973542 116.457673 77650
39.973435 116.457822 77651
39.973335 116.457968 77652
39.973245 116.458095 77653
39.973160 116.458218 77654
39.973068 116.458345 77655
39.972972 116.458473 77656
39.972870 116.458600 77657
39.972765 116.458728 77658
39.972658 116.458857 77659
39.972545 116.458988 77660
39.972432 116.459122 77661
39.972322 116.459257 77662
39.972213 116.459388 77663
39.972108 116.459512 77664
39.972005 116.459630 77665
39.971902 116.459738 77666
39.971793 116.459842 77667
39.971682 116.459938 77668
39.971565 116.460028 77669
39.971443 116.460115 77670
39.971315 116.460193 77671
39.971183 116.460268 77672
39.971048 116.460335 77673
39.970908 116.460397 77674
39.970763 116.460450 77675
39.970613 116.460497 77676
39.970457 116.460533 77677
39.970295 116.460562 77678
39.970127 116.460578 77679
39.969957 116.460583 77680
39.969788 116.460573 77681
39.969618 116.460553 77682
39.969448 116.460522 77683
39.969280 116.460475 77684
39.969112 116.460417 77685
39.968948 116.460347 77686
39.968785 116.460267 77687
39.968625 116.460182 77688
39.968467 116.460083 77689
39.968315 116.459973 77690
39.968168 116.459847 77691
39.968023 116.459710 77692
39.967887 116.459577 77693
39.967760 116.459453 77694
39.967647 116.459348 77695
39.967550 116.459263 77696
39.967467 116.459193 77697
39.967353 116.459103 77699
39.967252 116.459015 77715
39.967165 116.458918 77717
39.967060 116.458808 77719
39.966937 116.458678 77721
39.966870 116.458610 77722
39.966803 116.458543 77723
39.966738 116.458478 77724
39.966670 116.458408 77725
39.966597 116.458332 77726
39.966522 116.458248 77727
39.966445 116.458163 77728
39.966365 116.458078 77729
39.966285 116.457988 77730
39.966200 116.457897 77731
39.966112 116.457800 77732
39.966015 116.457695 77733
39.965915 116.457587 77734
39.965810 116.457473 77735
39.965703 116.457355 77736
39.965595 116.457237 77737
39.965485 116.457118 77738
39.965375 116.457000 77739
39.965267 116.456880 77740
39.965153 116.456760 77741
39.965040 116.456637 77742
39.964923 116.456512 77743
39.964807 116.456383 77744
39.964688 116.456252 77745
39.964567 116.456115 77746
39.964438 116.455978 77747
39.964310 116.455837 77748
39.964180 116.455698 77749
39.964052 116.455560 77750
39.963925 116.455423 77751
39.963797 116.455287 77752
39.963670 116.455152 77753
39.963543 116.455018 77754
39.963418 116.454887 77755
39.963297 116.454757 77756
39.963180 116.454622 77757
39.963063 116.454492 77758
39.962950 116.454358 77759
39.962835 116.454225 77760
39.962722 116.454095 77761
39.962610 116.453965 77762
39.962498 116.453835 77763
39.962385 116.453707 77764
39.962270 116.453585 77765
39.962157 116.453463 77766
39.962038 116.453357 77767
39.961923 116.453248 77768
39.961803 116.453148 77769
39.961688 116.453042 77770
39.961595 116.452913 77771
39.961500 116.452788 77772
39.961398 116.452673 77773
39.961298 116.452565 77774
39.961193 116.452460 77775
39.961090 116.452350 77776
39.960987 116.452235 77777
39.960882 116.452117 77778
39.960775 116.451997 77779
39.960667 116.451873 77780
39.960558 116.451750 77781
39.960448 116.451633 77782
39.960342 116.451513 77783
39.960237 116.451395 77784
39.960130 116.451273 77785
39.960023 116.451153 77786
39.959912 116.451042 77787
39.959807 116.450928 77788
39.959710 116.450815 77789
39.959620 116.450708 77790
39.959537 116.450597 77791
39.959457 116.450490 77792
39.959378 116.450380 77793
39.959302 116.450265 77794
39.959228 116.450147 77795
39.959160 116.450030 77796
39.959100 116.449927 77797
39.959047 116.449837 77798
39.958972 116.449707 77800
39.958930 116.449623 77802
39.958878 116.449525 77816
39.958832 116.449392 77819
39.958788 116.449253 77821
39.958765 116.449163 77822
39.958748 116.449057 77823
39.958738 116.448938 77824
39.958727 116.448818 77825
39.958720 116.448678 77826
39.958710 116.448533 77827
39.958700 116.448383 77828
39.958682 116.448237 77829
39.958662 116.448088 77830
39.958627 116.447952 77831
39.958573 116.447820 77832
39.958500 116.447697 77833
39.958412 116.447587 77834
39.958320 116.447483 77835
39.958223 116.447383 77836
39.958128 116.447282 77837
39.958028 116.447187 77838
39.957938 116.447088 77839
39.957852 116.447017 77840
39.957790 116.446947 77841
39.957733 116.446792 77843
39.957748 116.446632 77845
39.957787 116.446547 77846
39.957843 116.446463 77847
39.957903 116.446382 77848
39.957968 116.446290 77849
39.958033 116.446197 77850
39.958100 116.446110 77851
39.958157 116.446035 77852
39.958222 116.445950 77853
39.958297 116.445857 77854
39.958373 116.445760 77855
39.958442 116.445663 77856
39.958515 116.445598 77857
39.958590 116.445540 77858
39.958660 116.445457 77859
39.958700 116.445340 77860
39.958757 116.445210 77861
39.958832 116.445073 77862
39.958927 116.444952 77863
39.959040 116.444847 77864
39.959157 116.444722 77865
39.959267 116.444602 77866
39.959352 116.444465 77867
39.959482 116.444337 77868
39.959592 116.444183 77869
39.959718 116.444033 77870
39.959778 116.443897 77871
39.959847 116.443747 77872
39.959920 116.443592 77873
39.960007 116.443432 77874
39.960087 116.443273 77875
39.960162 116.443107 77876
39.960257 116.442952 77877
39.960338 116.442795 77878
39.960435 116.442620 77879
39.960533 116.442448 77880
39.960635 116.442273 77881
39.960737 116.442092 77882
39.960842 116.441918 77883
39.960948 116.441752 77884
39.961048 116.441572 77885
39.961155 116.441383 77886
39.961263 116.441198 77887
39.961378 116.441008 77888
39.961497 116.440817 77889
39.961617 116.440625 77890
39.961743 116.440425 77891
39.961870 116.440227 77892
39.961997 116.440025 77893
39.962125 116.439827 77894
39.962253 116.439628 77895
39.962383 116.439432 77896
39.962512 116.439235 77897
39.962642 116.439040 77898
39.962773 116.438842 77899
39.962902 116.438643 77900
39.963033 116.438442 77901
39.963167 116.438240 77902
39.963297 116.438037 77903
39.963423 116.437832 77904
39.963553 116.437632 77905
39.963682 116.437430 77906
39.963812 116.437230 77907
39.963942 116.437032 77908
39.964072 116.436833 77909
39.964192 116.436620 77910
39.964315 116.436413 77911
39.964440 116.436207 77912
39.964562 116.435998 77913
39.964688 116.435798 77914
39.964815 116.435602 77915
39.964940 116.435405 77916
39.965067 116.435210 77917
39.965192 116.435013 77918
39.965320 116.434818 77919
39.965447 116.434622 77920
39.965573 116.434425 77921
39.965702 116.434232 77922
39.965830 116.434042 77923
39.965955 116.433848 77924
39.966080 116.433655 77925
39.966207 116.433473 77926
39.966332 116.433288 77927
39.966455 116.433103 77928
39.966578 116.432918 77929
39.966702 116.432733 77930
39.966823 116.432547 77931
39.966943 116.432360 77932
39.967067 116.432178 77933
39.967183 116.431993 77934
39.967298 116.431810 77935
39.967413 116.431627 77936
39.967522 116.431433 77937
39.967637 116.431242 77938
39.967762 116.431067 77939
39.967850 116.430860 77940
39.967917 116.430612 77941
39.967997 116.430402 77942
39.968068 116.430193 77943
39.968120 116.429970 77944
39.968172 116.429757 77945
39.968215 116.429535 77946
39.968253 116.429320 77947
39.968287 116.429095 77948
39.968312 116.428868 77949
39.968325 116.428635 77950
39.968332 116.428398 77951
39.968333 116.428163 77952
39.968333 116.427930 77953
39.968328 116.427700 77954
39.968320 116.427470 77955
39.968312 116.427240 77956
39.968305 116.427010 77957
39.968297 116.426780 77958
39.968287 116.426548 77959
39.968275 116.426317 77960
39.968263 116.426085 77961
39.968250 116.425845 77962
39.968242 116.425610 77963
39.968233 116.425367 77964
39.968222 116.425127 77965
39.968208 116.424895 77966
39.968197 116.424657 77967
39.968190 116.424413 77968
39.968183 116.424178 77969
39.968177 116.423937 77970
39.968168 116.423692 77971
39.968163 116.423445 77972
39.968160 116.423200 77973
39.968155 116.422953 77974
39.968148 116.422703 77975
39.968143 116.422452 77976
39.968138 116.422198 77977
39.968128 116.421947 77978
39.968117 116.421693 77979
39.968107 116.421435 77980
39.968097 116.421177 77981
39.968088 116.420920 77982
39.968080 116.420667 77983
39.968072 116.420412 77984
39.968063 116.420157 77985
39.968053 116.419902 77986
39.968047 116.419653 77987
39.968040 116.419408 77988
39.968035 116.419165 77989
39.968028 116.418927 77990
39.968023 116.418693 77991
39.968017 116.418463 77992
39.968010 116.418235 77993
39.968002 116.418010 77994
39.967995 116.417778 77995
39.967988 116.417547 77996
39.967982 116.417312 77997
39.967973 116.417072 77998
39.967967 116.416828 77999
39.967960 116.416580 78000
39.967952 116.416328 78001
39.967943 116.416077 78002
39.967938 116.415820 78003
39.967933 116.415562 78004
39.967927 116.415302 78005
39.967920 116.415040 78006
39.967913 116.414777 78007
39.967907 116.414515 78008
39.967900 116.414253 78009
39.967892 116.413992 78010
39.967887 116.413727 78011
39.967880 116.413463 78012
39.967875 116.413197 78013
39.967870 116.412928 78014
39.967867 116.412657 78015
39.967865 116.412383 78016
39.967862 116.412108 78017
39.967855 116.411837 78018
39.967848 116.411567 78019
39.967842 116.411298 78020
39.967835 116.411033 78021
39.967827 116.410775 78022
39.967820 116.410515 78023
39.967813 116.410257 78024
39.967807 116.409998 78025
39.967800 116.409743 78026
39.967793 116.409490 78027
39.967787 116.409240 78028
39.967782 116.408992 78029
39.967777 116.408750 78030
39.967772 116.408515 78031
39.967770 116.408285 78032
39.967767 116.408062 78033
39.967763 116.407840 78034
39.967763 116.407637 78035
39.967772 116.407463 78036
39.967782 116.407325 78037
39.967793 116.407208 78038
39.967810 116.407100 78039
39.967827 116.406997 78040
39.967842 116.406887 78041
39.967838 116.406782 78042
39.967832 116.406672 78043
39.967818 116.406555 78044
39.967807 116.406433 78045
39.967803 116.406287 78046
39.967808 116.406127 78047
39.967807 116.405972 78048
39.967807 116.405813 78049
39.967807 116.405655 78050
39.967807 116.405498 78051
39.967807 116.405342 78052
39.967775 116.405242 78053
39.967768 116.405090 78054
39.967782 116.404903 78055
39.967785 116.404722 78056
39.967785 116.404548 78057
39.967787 116.404382 78058
39.967797 116.404207 78059
39.967807 116.404032 78060
39.967795 116.403900 78061
39.967787 116.403775 78062
39.967770 116.403648 78063
39.967757 116.403488 78064
39.967763 116.403287 78065
39.967768 116.403110 78066
39.967780 116.402933 78067
39.967790 116.402768 78068
