39.994655 116.327435 85833
39.994607 116.327342 85835
39.994523 116.327252 85838
39.994435 116.327178 85841
39.994352 116.327098 85845
39.994292 116.327027 85848
39.994230 116.326933 85852
39.994187 116.326848 85886
39.994120 116.326782 85890
39.994083 116.326685 85892
39.994060 116.326580 85894
39.994000 116.326405 85896
39.993893 116.326418 85900
39.993803 116.326387 85903
39.993700 116.326412 85907
39.993617 116.326447 85909
39.993515 116.326495 85912
39.993417 116.326533 85914
39.993332 116.326665 85915
39.993263 116.326740 85916
39.993142 116.326858 85918
39.993042 116.326863 85921
39.992967 116.326792 85924
39.992868 116.326758 85927
39.992772 116.326775 85930
39.992662 116.326835 85933
39.992533 116.326792 85935
39.992427 116.326773 85938
39.992330 116.326718 85940
39.992218 116.326783 85942
39.992125 116.326772 85944
39.992035 116.326783 85946
39.991942 116.326793 85949
39.991828 116.326715 85952
39.991772 116.326638 85954
39.991717 116.326533 85957
39.991622 116.326520 85961
39.991518 116.326502 86029
39.991418 116.326507 86034
39.991315 116.326460 86049
39.991225 116.326448 86052
39.991128 116.326395 86055
39.991042 116.326430 86059
39.990950 116.326472 86062
39.990877 116.326528 86064
39.990780 116.326558 86067
39.990672 116.326572 86070
39.990582 116.326583 86073
39.990492 116.326587 86076
39.990405 116.326612 86079
39.990320 116.326665 86082
39.990240 116.326707 86085
39.990162 116.326753 86087
39.990088 116.326830 86089
39.989975 116.326872 86092
39.989855 116.326887 86095
39.989743 116.326890 86098
39.989640 116.326798 86101
39.989565 116.326740 86103
39.989453 116.326708 86107
39.989343 116.326695 86110
39.989228 116.326695 86113
39.989118 116.326695 86116
39.989023 116.326692 86119
39.988917 116.326698 86122
39.988818 116.326678 86125
39.988717 116.326658 86128
39.988622 116.326637 86131
39.988495 116.326625 86134
39.988383 116.326632 86137
39.988265 116.326638 86140
39.988143 116.326670 86143
39.988035 116.326680 86146
39.987920 116.326665 86149
39.987817 116.326680 86152
39.987707 116.326618 86155
39.987617 116.326632 86157
39.987535 116.326677 86159
39.987427 116.326697 86162
39.987330 116.326765 86165
39.987220 116.326785 86168
39.987113 116.326763 86171
39.987010 116.326865 86173
39.986927 116.326915 86175
39.986795 116.326975 86178
39.986702 116.327030 86180
39.986588 116.327062 86183
39.986480 116.327087 86186
39.986368 116.327182 86189
39.986298 116.327287 86191
39.986238 116.327392 86193
39.986188 116.327482 86195
39.986100 116.327572 86198
39.985980 116.327582 86201
39.985887 116.327547 86203
39.985783 116.327525 86205
39.985698 116.327493 86207
39.985602 116.327455 86210
39.985515 116.327385 86213
39.985437 116.327323 86215
39.985330 116.327265 86218
39.985260 116.327182 86220
39.985185 116.327132 86222
39.985090 116.327122 86225
39.985013 116.327037 86228
39.985013 116.326928 86231
39.985020 116.326820 86234
39.985025 116.326708 86237
39.985038 116.326597 86239
39.985053 116.326473 86241
39.985042 116.326357 86243
39.985032 116.326258 86245
39.985027 116.326140 86247
39.985023 116.326003 86250
39.985013 116.325898 86252
39.985007 116.325805 86254
39.984990 116.325683 86256
39.984967 116.325577 86258
39.984952 116.325465 86260
39.984953 116.325370 86262
39.984952 116.325253 86264
39.984945 116.325150 86266
39.984948 116.325048 86268
39.984948 116.324942 86270
39.984947 116.324830 86272
39.984953 116.324715 86274
39.984943 116.324617 86276
39.984948 116.324487 86279
39.984943 116.324368 86281
39.984945 116.324242 86283
39.984953 116.324150 86285
39.984960 116.324015 86288
39.984955 116.323865 86291
39.984950 116.323775 86293
39.984963 116.323658 86296
39.984960 116.323567 86298
39.984962 116.323473 86300
39.984947 116.323302 86304
39.984940 116.323200 86306
39.984925 116.323073 86309
39.984930 116.322962 86312
39.984920 116.322843 86314
39.984912 116.322737 86316
39.984913 116.322635 86318
39.984912 116.322545 86320
39.984927 116.322455 86322
39.984942 116.322352 86324
39.984942 116.322262 86326
39.984930 116.322167 86328
39.984940 116.322002 86330
39.984928 116.321873 86332
39.984918 116.321772 86334
39.984912 116.321673 86336
39.984908 116.321562 86338
39.984902 116.321413 86341
39.984895 116.321292 86343
39.984890 116.321197 86345
39.984882 116.321102 86347
39.984872 116.321008 86349
39.984860 116.320872 86352
39.984853 116.320737 86355
39.984845 116.320637 86357
39.984838 116.320497 86360
39.984848 116.320400 86362
39.984905 116.320303 86365
39.985007 116.320272 86369
39.985008 116.320182 86370
39.985018 116.320058 86373
39.984995 116.319970 86375
39.984945 116.319892 86379
39.984917 116.319798 86382
39.984903 116.319697 86385
39.984930 116.319575 86388
39.984972 116.319485 86391
39.985047 116.319418 86395
39.985127 116.319355 1
39.985178 116.319278 26
39.985270 116.319282 30
39.985312 116.319363 34
