39.993010 116.297722 38225
39.993012 116.297748 38226
39.993015 116.297792 38228
39.993018 116.297815 38230
39.993023 116.297837 38232
39.993032 116.297868 38234
39.993037 116.297895 38236
39.993052 116.297927 38238
39.993057 116.297948 38240
39.993057 116.297957 38242
39.993057 116.297965 38244
39.993062 116.297972 38246
39.993065 116.297985 38248
39.993062 116.298007 38250
39.993063 116.298025 38252
39.993057 116.298028 38254
39.993045 116.298022 38256
39.993028 116.298015 38258
39.993000 116.298000 38260
39.992970 116.297990 38262
39.992948 116.297990 38264
39.992902 116.297982 38266
39.992873 116.297985 38268
39.992837 116.297950 38270
39.992795 116.297935 38272
39.992783 116.297945 38274
39.992795 116.297958 38276
39.992795 116.297947 38278
39.992792 116.297930 38280
39.992790 116.297925 38282
39.992802 116.297918 38284
39.992803 116.297908 38286
39.992770 116.297923 38288
39.992770 116.297923 38305
39.992767 116.297932 38307
39.992777 116.297930 38309
39.992782 116.297937 38312
39.992782 116.297937 38323
39.992782 116.297942 38325
39.992768 116.297943 38330
39.992758 116.297948 38332
39.992748 116.297985 38334
39.992760 116.298025 38336
39.992783 116.298030 38339
39.992795 116.298022 38341
39.992812 116.298015 38343
39.992830 116.297998 38345
39.992855 116.297987 38347
39.992878 116.297978 38349
39.992902 116.297968 38351
39.992927 116.297953 38353
39.992960 116.297928 38355
39.992985 116.297932 38357
39.993010 116.297942 38359
39.993035 116.297955 38361
39.993050 116.297975 38363
39.993070 116.297997 38365
39.993080 116.298022 38367
39.993087 116.298050 38369
39.993090 116.298077 38371
39.993085 116.298103 38373
39.993072 116.298133 38375
39.993063 116.298158 38377
39.993058 116.298182 38379
39.993052 116.298210 38381
39.993053 116.298242 38383
39.993070 116.298277 38385
39.993077 116.298305 38387
39.993082 116.298343 38389
39.993093 116.298373 38391
39.993117 116.298370 38393
39.993132 116.298373 38395
39.993132 116.298382 38397
39.993138 116.298397 38399
39.993142 116.298398 38401
39.993162 116.298388 38403
39.993197 116.298382 38405
39.993218 116.298408 38407
39.993248 116.298452 38409
39.993265 116.298470 38411
39.993270 116.298480 38413
39.993270 116.298480 38416
39.993270 116.298475 38418
39.993275 116.298488 38420
39.993273 116.298493 38424
39.993282 116.298500 38426
39.993293 116.298513 38428
39.993303 116.298528 38430
39.993310 116.298582 38432
39.993313 116.298637 38434
39.993322 116.298682 38436
39.993312 116.298737 38438
39.993295 116.298770 38440
39.993288 116.298773 38442
39.993278 116.298772 38444
39.993258 116.298772 38446
39.993225 116.298767 38448
39.993185 116.298767 38450
39.993140 116.298763 38452
39.993095 116.298758 38454
39.993047 116.298750 38456
39.992993 116.298735 38458
39.992940 116.298712 38460
39.992887 116.298698 38462
39.992832 116.298688 38464
39.992767 116.298682 38466
39.992703 116.298682 38468
39.992653 116.298672 38470
39.992593 116.298667 38472
39.992537 116.298665 38474
39.992485 116.298667 38476
39.992452 116.298663 38478
39.992420 116.298667 38480
39.992378 116.298698 38482
39.992337 116.298727 38484
39.992277 116.298748 38486
39.992217 116.298757 38488
39.992162 116.298760 38490
39.992102 116.298758 38492
39.992052 116.298748 38494
39.991992 116.298755 38496
39.991932 116.298752 38498
39.991875 116.298750 38500
39.991830 116.298748 38502
39.991770 116.298757 38504
39.991712 116.298770 38506
39.991657 116.298798 38508
39.991622 116.298825 38510
39.991598 116.298855 38512
39.991580 116.298878 38514
39.991563 116.298918 38516
39.991545 116.298953 38518
39.991528 116.298993 38520
39.991517 116.299047 38522
39.991503 116.299105 38524
39.991488 116.299167 38526
39.991478 116.299223 38528
39.991472 116.299275 38530
39.991457 116.299325 38532
39.991435 116.299375 38534
39.991405 116.299418 38536
39.991370 116.299455 38538
39.991338 116.299492 38540
39.991308 116.299535 38542
39.991278 116.299588 38544
39.991252 116.299650 38546
39.991232 116.299720 38548
39.991218 116.299793 38550
39.991207 116.299857 38552
39.991188 116.299923 38554
39.991172 116.299992 38556
39.991158 116.300053 38558
39.991143 116.300110 38560
39.991130 116.300167 38562
39.991113 116.300222 38564
39.991090 116.300268 38566
39.991060 116.300297 38568
39.991025 116.300305 38570
39.990988 116.300302 38572
39.990950 116.300283 38574
39.990910 116.300270 38576
39.990873 116.300275 38578
39.990833 116.300293 38580
39.990785 116.300308 38582
39.990728 116.300300 38584
39.990672 116.300298 38586
39.990613 116.300295 38588
39.990552 116.300298 38590
39.990492 116.300297 38592
39.990433 116.300295 38594
39.990375 116.300292 38596
39.990318 116.300290 38598
39.990260 116.300295 38600
39.990200 116.300295 38602
39.990140 116.300298 38604
39.990080 116.300310 38606
39.990020 116.300320 38608
39.989960 116.300333 38610
39.989900 116.300338 38612
39.989838 116.300350 38614
39.989780 116.300362 38616
39.989722 116.300370 38618
39.989665 116.300380 38620
39.989612 116.300392 38622
39.989558 116.300405 38624
39.989500 116.300415 38626
39.989440 116.300430 38628
39.989382 116.300450 38630
39.989322 116.300462 38632
39.989267 116.300472 38634
39.989210 116.300473 38636
39.989152 116.300470 38638
39.989093 116.300460 38640
39.989035 116.300450 38642
39.988977 116.300433 38644
39.988928 116.300423 38646
39.988837 116.300432 38648
39.988790 116.300412 38650
39.988718 116.300387 38652
39.988668 116.300373 38654
39.988615 116.300350 38656
39.988582 116.300305 38658
39.988525 116.300298 38660
39.988467 116.300295 38662
39.988403 116.300300 38664
39.988333 116.300327 38666
39.988277 116.300333 38668
39.988225 116.300343 38670
39.988177 116.300345 38672
39.988138 116.300343 38674
39.988100 116.300378 38676
39.988062 116.300423 38678
39.988037 116.300477 38680
39.988032 116.300520 38682
39.988027 116.300555 38684
39.988015 116.300595 38686
39.988010 116.300652 38688
39.988007 116.300713 38690
39.987995 116.300773 38692
39.987970 116.300832 38694
39.987943 116.300900 38696
39.987910 116.300958 38698
39.987883 116.301005 38700
39.987855 116.301042 38702
39.987823 116.301092 38704
39.987782 116.301145 38706
39.987748 116.301178 38708
39.987713 116.301235 38710
39.987687 116.301285 38712
39.987653 116.301330 38714
39.987613 116.301367 38716
39.987573 116.301408 38718
39.987535 116.301453 38720
39.987497 116.301492 38722
39.987463 116.301528 38724
39.987448 116.301578 38726
39.987443 116.301623 38728
39.987447 116.301647 38730
39.987448 116.301642 38732
39.987435 116.301688 38734
39.987423 116.301765 38736
39.987422 116.301853 38738
39.987415 116.301922 38740
39.987415 116.301993 38742
39.987427 116.302058 38744
39.987430 116.302138 38746
39.987420 116.302240 38748
39.987417 116.302325 38750
39.987418 116.302400 38752
39.987415 116.302473 38754
39.987415 116.302538 38756
39.987422 116.302602 38758
39.987420 116.302655 38760
39.987417 116.302698 38762
39.987420 116.302723 38764
39.987423 116.302755 38766
39.987425 116.302783 38768
39.987410 116.302812 38770
39.987383 116.302830 38772
39.987353 116.302850 38774
39.987320 116.302862 38776
39.987265 116.302865 38778
39.987207 116.302875 38780
39.987155 116.302868 38782
39.987095 116.302877 38784
39.987037 116.302900 38786
39.987000 116.302942 38788
39.986988 116.302998 38790
39.986990 116.303058 38792
39.986988 116.303115 38794
39.986980 116.303162 38796
39.986972 116.303192 38798
39.986958 116.303215 38800
39.986945 116.303237 38802
39.986932 116.303260 38804
39.986920 116.303280 38806
