39.869657 116.389815 84633
39.869621 116.389906 84635
39.869591 116.389958 84636
39.869569 116.390020 84637
39.869546 116.390086 84638
39.869520 116.390152 84639
39.869499 116.390238 84640
39.869474 116.390328 84641
39.869454 116.390441 84642
39.869439 116.390535 84643
39.869438 116.390633 84644
39.869439 116.390731 84645
39.869435 116.390843 84646
39.869432 116.390953 84647
39.869418 116.391063 84648
39.869420 116.391166 84649
39.869418 116.391275 84650
39.869412 116.391383 84651
39.869410 116.391482 84652
39.869416 116.391586 84653
39.869418 116.391682 84654
39.869413 116.391782 84655
39.869405 116.391886 84656
39.869403 116.391981 84657
39.869410 116.392072 84658
39.869413 116.392157 84659
39.869393 116.392243 84660
39.869391 116.392322 84661
39.869376 116.392392 84662
39.869367 116.392455 84663
39.869342 116.392512 84664
39.869290 116.392607 84666
39.869236 116.392648 84667
39.869159 116.392684 84668
39.869085 116.392722 84669
39.868999 116.392763 84670
39.868915 116.392806 84671
39.868811 116.392859 84672
39.868719 116.392906 84673
39.868625 116.392949 84674
39.868528 116.392990 84675
39.868414 116.393010 84676
39.868308 116.393035 84677
39.868199 116.393063 84678
39.868072 116.393062 84679
39.867957 116.393077 84680
39.867840 116.393097 84681
39.867721 116.393117 84682
39.867596 116.393137 84683
39.867473 116.393152 84684
39.867349 116.393162 84685
39.867227 116.393167 84686
39.867106 116.393166 84687
39.866971 116.393172 84688
39.866851 116.393165 84689
39.866727 116.393151 84690
39.866597 116.393158 84691
39.866462 116.393173 84692
39.866340 116.393169 84693
39.866212 116.393167 84694
39.866088 116.393165 84695
39.865976 116.393163 84696
39.865869 116.393162 84697
39.865767 116.393158 84698
39.865649 116.393157 84699
39.865551 116.393159 84700
39.865463 116.393159 84701
39.865378 116.393161 84702
39.865294 116.393163 84703
39.865210 116.393161 84704
39.865135 116.393159 84705
39.865074 116.393159 84706
39.865023 116.393159 84707
39.864939 116.393156 84709
39.864878 116.393155 84712
39.864841 116.393142 84717
39.864851 116.393140 84722
39.864867 116.393134 84727
39.864874 116.393132 84732
39.864870 116.393134 84737
39.864870 116.393134 84740
39.864862 116.393136 84742
39.864845 116.393139 84747
39.864836 116.393139 84752
39.864836 116.393139 84755
39.864830 116.393141 84757
39.864820 116.393144 84762
39.864820 116.393144 84765
39.864816 116.393145 84767
39.864768 116.393152 84770
39.864720 116.393161 84771
39.864669 116.393169 84772
39.864578 116.393168 84774
39.864525 116.393168 84775
39.864466 116.393163 84776
39.864407 116.393167 84777
39.864351 116.393171 84778
39.864300 116.393177 84779
39.864249 116.393181 84780
39.864193 116.393182 84781
39.864138 116.393189 84782
39.864072 116.393197 84783
39.864006 116.393200 84784
39.863942 116.393196 84785
39.863876 116.393192 84786
39.863815 116.393182 84787
39.863743 116.393185 84788
39.863661 116.393185 84789
39.863582 116.393194 84790
39.863497 116.393190 84791
39.863414 116.393199 84792
39.863310 116.393203 84793
39.863207 116.393207 84794
39.863100 116.393212 84795
39.862999 116.393214 84796
39.862898 116.393220 84797
39.862799 116.393217 84798
39.862686 116.393224 84799
39.862576 116.393235 84800
39.862464 116.393240 84801
39.862351 116.393246 84802
39.862230 116.393246 84803
39.862108 116.393243 84804
39.861981 116.393237 84805
39.861859 116.393250 84806
39.861733 116.393253 84807
39.861615 116.393265 84808
39.861500 116.393272 84809
39.861378 116.393275 84810
39.861248 116.393281 84811
39.861125 116.393288 84812
39.861001 116.393298 84813
39.860868 116.393309 84814
39.860751 116.393310 84815
39.860624 116.393316 84816
39.860502 116.393321 84817
39.860380 116.393331 84818
39.860259 116.393338 84819
39.860145 116.393331 84820
39.860032 116.393336 84821
39.859914 116.393351 84822
39.859810 116.393348 84823
39.859697 116.393354 84824
39.859597 116.393356 84825
39.859498 116.393347 84826
39.859408 116.393352 84827
39.859333 116.393345 84828
39.859241 116.393345 84829
39.859161 116.393340 84830
39.859090 116.393336 84831
39.859017 116.393332 84832
39.858963 116.393316 84833
39.858898 116.393314 84834
39.858826 116.393312 84835
39.858755 116.393314 84836
39.858688 116.393317 84837
39.858614 116.393318 84838
39.858543 116.393317 84839
39.858469 116.393320 84840
39.858393 116.393325 84841
39.858319 116.393329 84842
39.858244 116.393336 84843
39.858180 116.393349 84844
39.858120 116.393350 84845
39.858048 116.393346 84846
39.857977 116.393341 84847
39.857890 116.393359 84848
39.857829 116.393369 84849
39.857755 116.393369 84850
39.857689 116.393380 84851
39.857618 116.393378 84852
39.857548 116.393386 84853
39.857474 116.393396 84854
39.857404 116.393405 84855
39.857312 116.393415 84857
39.857255 116.393424 84859
39.857188 116.393420 84862
39.857143 116.393415 84864
39.857081 116.393416 84866
39.857039 116.393380 84869
39.856976 116.393348 84871
39.856903 116.393318 84873
39.856810 116.393303 84875
39.856759 116.393305 84876
39.856692 116.393320 84877
39.856629 116.393341 84878
39.856559 116.393365 84879
39.856490 116.393381 84880
39.856409 116.393398 84881
39.856323 116.393396 84882
39.856239 116.393404 84883
39.856157 116.393409 84884
39.856078 116.393412 84885
39.856002 116.393417 84886
39.855930 116.393424 84887
39.855857 116.393430 84888
39.855779 116.393449 84889
39.855708 116.393451 84890
39.855643 116.393451 84891
39.855586 116.393462 84892
39.855531 116.393451 84893
39.855471 116.393459 84894
39.855391 116.393472 84895
39.855327 116.393471 84896
39.855256 116.393476 84897
39.855187 116.393477 84898
39.855127 116.393472 84899
39.855067 116.393477 84900
39.855010 116.393474 84901
39.854955 116.393472 84902
39.854898 116.393427 84904
39.854838 116.393365 84906
39.854779 116.393273 84908
39.854776 116.393163 84910
39.854791 116.393059 84912
39.854844 116.392965 84914
39.854882 116.392910 84915
39.854915 116.392855 84916
39.854954 116.392796 84917
39.854999 116.392753 84918
39.855034 116.392705 84919
39.855070 116.392668 84920
39.855138 116.392619 84921
39.855190 116.392581 84922
39.855250 116.392551 84923
39.855355 116.392522 84925
39.855401 116.392512 84927
39.855451 116.392546 84930
39.855455 116.392610 84933
39.855493 116.392669 84936
39.855520 116.392744 84938
39.855522 116.392839 84940
39.855527 116.392951 84942
39.855529 116.393070 84944
39.855536 116.393179 84946
39.855538 116.393282 84948
39.855534 116.393384 84950
39.855545 116.393492 84952
39.855547 116.393553 84953
39.855549 116.393616 84954
39.855551 116.393681 84955
39.855556 116.393742 84956
39.855564 116.393802 84957
39.855596 116.393904 84959
39.855614 116.394014 84961
39.855622 116.394096 84962
39.855597 116.394199 84963
39.855560 116.394299 84964
39.855480 116.394418 84965
39.855409 116.394544 84966
39.855410 116.394657 84967
39.855406 116.394746 84968
39.855431 116.394844 84969
39.855409 116.394934 84970
39.855407 116.395036 84971
39.855439 116.395145 84972
39.855462 116.395259 84973
39.855476 116.395380 84974
39.855485 116.395491 84975
39.855484 116.395605 84976
39.855484 116.395722 84977
39.855493 116.395834 84978
39.855499 116.395958 84979
39.855494 116.396086 84980
39.855510 116.396216 84981
39.855506 116.396348 84982
39.855506 116.396478 84983
39.855509 116.396600 84984
39.855512 116.396723 84985
39.855511 116.396833 84986
39.855507 116.396930 84987
39.855509 116.397022 84988
39.855507 116.397110 84989
39.855494 116.397186 84990
39.855488 116.397249 84991
39.855494 116.397345 84993
39.855478 116.397454 84996
39.855462 116.397572 84998
39.855461 116.397641 84999
39.855464 116.397721 85000
39.855464 116.397803 85001
39.855468 116.397888 85002
39.855470 116.397988 85003
39.855469 116.398089 85004
39.855485 116.398196 85005
39.855486 116.398290 85006
39.855453 116.398409 85007
39.855445 116.398506 85008
39.855425 116.398620 85009
39.855374 116.398717 85010
39.855367 116.398814 85011
39.855368 116.398904 85012
39.855363 116.399008 85013
39.855382 116.399102 85014
39.855388 116.399195 85015
39.855379 116.399295 85016
39.855383 116.399382 85017
39.855383 116.399473 85018
39.855374 116.399574 85019
39.855358 116.399681 85020
39.855348 116.399788 85021
39.855341 116.399895 85022
39.855339 116.399997 85023
39.855345 116.400099 85024
39.855350 116.400209 85025
39.855354 116.400326 85026
39.855362 116.400444 85027
39.855366 116.400555 85028
39.855376 116.400679 85029
39.855382 116.400811 85030
39.855371 116.400943 85031
39.855381 116.401076 85032
39.855408 116.401216 85033
39.855420 116.401347 85034
39.855497 116.401497 85035
39.855509 116.401615 85036
39.855530 116.401747 85037
39.855535 116.401864 85038
39.855533 116.401988 85039
39.855533 116.402109 85040
39.855537 116.402233 85041
39.855541 116.402351 85042
39.855539 116.402474 85043
39.855526 116.402613 85044
39.855553 116.402742 85045
39.855539 116.402873 85046
39.855544 116.402999 85047
39.855521 116.403134 85048
39.855520 116.403252 85049
39.855514 116.403364 85050
39.855517 116.403478 85051
39.855522 116.403589 85052
39.855535 116.403696 85053
39.855536 116.403796 85054
39.855536 116.403897 85055
39.855541 116.403986 85056
39.855538 116.404080 85057
39.855536 116.404154 85058
39.855536 116.404225 85059
39.855521 116.404307 85060
39.855498 116.404384 85061
39.855498 116.404452 85062
39.855496 116.404549 85064
39.855480 116.404614 85065
39.855475 116.404680 85066
39.855472 116.404748 85067
39.855471 116.404807 85068
39.855475 116.404918 85070
39.855483 116.405014 85072
39.855496 116.405106 85074
39.855510 116.405183 85077
39.855544 116.405186 85080
39.855591 116.405172 85082
39.855639 116.405157 85085
39.855689 116.405118 85087
39.855696 116.405160 85092
39.855686 116.405233 85094
39.855645 116.405344 85096
39.855624 116.405406 85097
39.855615 116.405463 85098
39.855606 116.405521 85099
39.855578 116.405590 85100
39.855554 116.405661 85101
39.855526 116.405735 85102
39.855513 116.405804 85103
39.855484 116.405919 85105
39.855466 116.406019 85107
39.855456 116.406113 85109
39.855464 116.406175 85112
39.855484 116.406215 85117
39.855509 116.406247 85122
39.855515 116.406299 85127
39.855530 116.406332 85132
39.855518 116.406418 85135
39.855510 116.406490 85137
39.855503 116.406600 85139
39.855499 116.406722 85141
39.855485 116.406827 85143
39.855482 116.406890 85144
39.855487 116.406952 85145
39.855499 116.407071 85147
39.855495 116.407149 85148
39.855488 116.407236 85149
39.855480 116.407317 85150
39.855474 116.407400 85151
39.855484 116.407470 85152
39.855476 116.407560 85153
39.855464 116.407643 85154
39.855456 116.407730 85155
39.855462 116.407806 85156
39.855458 116.407888 85157
39.855478 116.407964 85158
39.855486 116.408041 85159
39.855496 116.408118 85160
39.855482 116.408219 85161
39.855472 116.408318 85162
39.855482 116.408414 85163
39.855463 116.408523 85164
39.855464 116.408617 85165
39.855467 116.408706 85166
39.855464 116.408797 85167
39.855461 116.408885 85168
39.855461 116.408978 85169
39.855455 116.409077 85170
39.855452 116.409172 85171
39.855432 116.409274 85172
39.855428 116.409368 85173
39.855431 116.409459 85174
39.855434 116.409529 85175
39.855419 116.409605 85176
39.855416 116.409679 85177
39.855401 116.409743 85178
39.855404 116.409834 85180
39.855394 116.409932 85182
39.855395 116.410022 85184
39.855390 116.410097 85186
39.855409 116.410165 85188
39.855409 116.410239 85190
39.855428 116.410318 85192
39.855416 116.410390 85194
39.855406 116.410474 85197
39.855424 116.410533 85201
39.855455 116.410567 85206
39.855428 116.410616 85208
39.855449 116.410688 85211
39.855490 116.410725 85214
39.855480 116.410794 85216
39.855516 116.410851 85219
39.855527 116.410848 85224
39.855540 116.410849 85229
