39.865453 116.301535 19132
39.865530 116.301593 19146
39.865553 116.301685 19148
39.865568 116.301818 19150
39.865575 116.301967 19152
39.865577 116.302135 19154
39.865578 116.302313 19156
39.865578 116.302403 19157
39.865577 116.302495 19158
39.865575 116.302590 19159
39.865572 116.302683 19160
39.865560 116.302858 19162
39.865553 116.303003 19164
39.865547 116.303102 19166
39.865555 116.303195 19168
39.865593 116.303277 19171
39.865705 116.303262 19174
39.865802 116.303218 19176
39.865932 116.303247 19179
39.866050 116.303222 19181
39.866133 116.303133 19183
39.866143 116.302992 19185
39.866125 116.302893 19186
39.866103 116.302790 19187
39.866080 116.302688 19188
39.866055 116.302583 19189
39.866037 116.302468 19190
39.866020 116.302348 19191
39.866007 116.302225 19192
39.865995 116.302098 19193
39.865985 116.301972 19194
39.865975 116.301842 19195
39.865967 116.301713 19196
39.865957 116.301582 19197
39.865947 116.301447 19198
39.865938 116.301308 19199
39.865927 116.301165 19200
39.865917 116.301022 19201
39.865908 116.300880 19202
39.865900 116.300740 19203
39.865892 116.300602 19204
39.865882 116.300460 19205
39.865872 116.300320 19206
39.865860 116.300182 19207
39.865850 116.300052 19208
39.865838 116.299925 19209
39.865830 116.299805 19210
39.865822 116.299688 19211
39.865813 116.299572 19212
39.865803 116.299457 19213
39.865795 116.299338 19214
39.865787 116.299228 19215
39.865778 116.299125 19216
39.865773 116.299032 19217
39.865768 116.298942 19218
39.865763 116.298767 19220
39.865760 116.298675 19221
39.865760 116.298522 19223
39.865753 116.298377 19225
39.865738 116.298203 19227
39.865730 116.298107 19228
39.865720 116.298002 19229
39.865708 116.297892 19230
39.865698 116.297772 19231
39.865685 116.297648 19232
39.865675 116.297525 19233
39.865665 116.297402 19234
39.865655 116.297283 19235
39.865647 116.297167 19236
39.865637 116.297048 19237
39.865627 116.296923 19238
39.865617 116.296793 19239
39.865607 116.296663 19240
39.865597 116.296540 19241
39.865592 116.296432 19242
39.865585 116.296330 19243
39.865580 116.296227 19244
39.865570 116.296123 19245
39.865557 116.296017 19246
39.865532 116.295908 19247
39.865505 116.295792 19248
39.865485 116.295670 19249
39.865468 116.295535 19250
39.865450 116.295388 19251
39.865433 116.295237 19252
39.865417 116.295082 19253
39.865398 116.294922 19254
39.865380 116.294752 19255
39.865368 116.294577 19256
39.865358 116.294392 19257
39.865340 116.294202 19258
39.865323 116.294010 19259
39.865310 116.293818 19260
39.865293 116.293627 19261
39.865282 116.293430 19262
39.865267 116.293233 19263
39.865252 116.293035 19264
39.865238 116.292835 19265
39.865222 116.292627 19266
39.865203 116.292415 19267
39.865183 116.292200 19268
39.865165 116.291983 19269
39.865148 116.291763 19270
39.865132 116.291538 19271
39.865115 116.291310 19272
39.865097 116.291083 19273
39.865080 116.290855 19274
39.865063 116.290628 19275
39.865048 116.290405 19276
39.865033 116.290183 19277
39.865018 116.289963 19278
39.865002 116.289745 19279
39.864983 116.289527 19280
39.864967 116.289305 19281
39.864948 116.289087 19282
39.864933 116.288870 19283
39.864917 116.288655 19284
39.864900 116.288438 19285
39.864883 116.288223 19286
39.864868 116.288008 19287
39.864853 116.287795 19288
39.864840 116.287587 19289
39.864827 116.287382 19290
39.864812 116.287178 19291
39.864798 116.286975 19292
39.864785 116.286775 19293
39.864772 116.286575 19294
39.864760 116.286375 19295
39.864747 116.286175 19296
39.864735 116.285975 19297
39.864722 116.285775 19298
39.864708 116.285577 19299
39.864697 116.285377 19300
39.864683 116.285178 19301
39.864670 116.284980 19302
39.864657 116.284787 19303
39.864643 116.284595 19304
39.864632 116.284403 19305
39.864620 116.284205 19306
39.864608 116.284003 19307
39.864595 116.283802 19308
39.864582 116.283598 19309
39.864567 116.283408 19310
39.864560 116.283222 19311
39.864555 116.283038 19312
39.864552 116.282862 19313
39.864548 116.282683 19314
39.864540 116.282498 19315
39.864530 116.282312 19316
39.864520 116.282128 19317
39.864508 116.281950 19318
39.864498 116.281770 19319
39.864488 116.281595 19320
39.864477 116.281428 19321
39.864465 116.281272 19322
39.864453 116.281122 19323
39.864445 116.280975 19324
39.864437 116.280835 19325
39.864427 116.280697 19326
39.864418 116.280567 19327
39.864407 116.280450 19328
39.864400 116.280343 19329
39.864388 116.280245 19330
39.864387 116.280138 19331
39.864387 116.280032 19332
39.864387 116.279922 19333
39.864390 116.279812 19334
39.864393 116.279710 19335
39.864400 116.279558 19337
39.864403 116.279418 19339
39.864407 116.279292 19341
39.864415 116.279165 19343
39.864427 116.279027 19345
39.864445 116.278860 19347
39.864457 116.278765 19348
39.864472 116.278675 19349
39.864488 116.278583 19350
39.864510 116.278492 19351
39.864538 116.278400 19352
39.864567 116.278313 19353
39.864630 116.278153 19355
39.864703 116.278003 19357
39.864788 116.277852 19359
39.864838 116.277772 19360
39.864893 116.277692 19361
39.864952 116.277615 19362
39.865017 116.277542 19363
39.865085 116.277467 19364
39.865158 116.277402 19365
39.865235 116.277332 19366
39.865318 116.277270 19367
39.865402 116.277215 19368
39.865487 116.277165 19369
39.865572 116.277115 19370
39.865660 116.277063 19371
39.865750 116.277008 19372
39.865845 116.276950 19373
39.865945 116.276893 19374
39.866045 116.276838 19375
39.866145 116.276783 19376
39.866243 116.276727 19377
39.866342 116.276663 19378
39.866445 116.276600 19379
39.866553 116.276530 19380
39.866665 116.276452 19381
39.866782 116.276368 19382
39.866903 116.276280 19383
39.867030 116.276188 19384
39.867158 116.276097 19385
39.867288 116.276007 19386
39.867420 116.275917 19387
39.867555 116.275825 19388
39.867693 116.275733 19389
39.867835 116.275640 19390
39.867977 116.275547 19391
39.868122 116.275455 19392
39.868268 116.275362 19393
39.868415 116.275263 19394
39.868565 116.275165 19395
39.868715 116.275065 19396
39.868863 116.274967 19397
39.869012 116.274868 19398
39.869165 116.274768 19399
39.869318 116.274665 19400
39.869470 116.274562 19401
39.869620 116.274462 19402
39.869768 116.274363 19403
39.869915 116.274263 19404
39.870060 116.274168 19405
39.870203 116.274073 19406
39.870345 116.273978 19407
39.870487 116.273885 19408
39.870632 116.273790 19409
39.870780 116.273698 19410
39.870930 116.273605 19411
39.871083 116.273512 19412
39.871238 116.273413 19413
39.871395 116.273320 19414
39.871550 116.273232 19415
39.871707 116.273148 19416
39.871868 116.273067 19417
39.872030 116.272985 19418
39.872192 116.272907 19419
39.872353 116.272832 19420
39.872515 116.272758 19421
39.872675 116.272688 19422
39.872837 116.272620 19423
39.873000 116.272555 19424
39.873168 116.272490 19425
39.873340 116.272423 19426
39.873512 116.272357 19427
39.873687 116.272290 19428
39.873860 116.272227 19429
39.874030 116.272163 19430
39.874198 116.272100 19431
39.874362 116.272033 19432
39.874518 116.271968 19433
39.874687 116.271908 19434
39.874845 116.271853 19435
39.875008 116.271800 19436
39.875168 116.271743 19437
39.875328 116.271687 19438
39.875490 116.271647 19439
39.875648 116.271587 19440
39.875805 116.271527 19441
39.875963 116.271465 19442
39.876120 116.271407 19443
39.876278 116.271347 19444
39.876435 116.271287 19445
39.876588 116.271228 19446
39.876745 116.271170 19447
39.876902 116.271112 19448
39.877060 116.271053 19449
39.877220 116.270993 19450
39.877382 116.270932 19451
39.877545 116.270870 19452
39.877708 116.270810 19453
39.877868 116.270753 19454
39.878025 116.270697 19455
39.878177 116.270642 19456
39.878325 116.270588 19457
39.878472 116.270535 19458
39.878617 116.270485 19459
39.878762 116.270435 19460
39.878903 116.270383 19461
39.879043 116.270332 19462
39.879183 116.270280 19463
39.879320 116.270230 19464
39.879457 116.270178 19465
39.879593 116.270127 19466
39.879728 116.270075 19467
39.879865 116.270023 19468
39.880000 116.269972 19469
39.880133 116.269922 19470
39.880268 116.269867 19471
39.880403 116.269810 19472
39.880540 116.269753 19473
39.880675 116.269695 19474
39.880812 116.269637 19475
39.880952 116.269577 19476
39.881092 116.269518 19477
39.881232 116.269463 19478
39.881372 116.269408 19479
39.881515 116.269353 19480
39.881663 116.269298 19481
39.881812 116.269243 19482
39.881958 116.269192 19483
39.882103 116.269140 19484
39.882248 116.269090 19485
39.882390 116.269040 19486
39.882532 116.268990 19487
39.882673 116.268943 19488
39.882813 116.268897 19489
39.882953 116.268850 19490
39.883087 116.268808 19491
39.883220 116.268768 19492
39.883352 116.268730 19493
39.883482 116.268693 19494
39.883610 116.268658 19495
39.883735 116.268625 19496
39.883862 116.268593 19497
39.883992 116.268562 19498
39.884123 116.268527 19499
39.884260 116.268493 19500
39.884400 116.268460 19501
39.884543 116.268428 19502
39.884688 116.268398 19503
39.884835 116.268368 19504
39.884983 116.268338 19505
39.885128 116.268312 19506
39.885270 116.268287 19507
39.885408 116.268265 19508
39.885547 116.268243 19509
39.885687 116.268223 19510
39.885828 116.268202 19511
39.885967 116.268183 19512
39.886107 116.268167 19513
39.886245 116.268152 19514
39.886385 116.268137 19515
39.886523 116.268123 19516
39.886668 116.268113 19517
39.886818 116.268105 19518
39.886972 116.268098 19519
39.887128 116.268090 19520
39.887292 116.268083 19521
39.887457 116.268078 19522
39.887622 116.268073 19523
39.887783 116.268072 19524
39.887940 116.268070 19525
39.888093 116.268072 19526
39.888242 116.268072 19527
39.888390 116.268075 19528
39.888533 116.268077 19529
39.888677 116.268078 19530
39.888815 116.268082 19531
39.888953 116.268087 19532
39.889092 116.268092 19533
39.889230 116.268097 19534
39.889368 116.268100 19535
39.889508 116.268102 19536
39.889648 116.268105 19537
39.889787 116.268107 19538
39.889920 116.268105 19539
39.890050 116.268105 19540
39.890182 116.268103 19541
39.890312 116.268103 19542
39.890438 116.268103 19543
39.890563 116.268103 19544
39.890685 116.268107 19545
39.890805 116.268112 19546
39.890930 116.268115 19547
39.891053 116.268118 19548
39.891177 116.268120 19549
39.891300 116.268123 19550
39.891425 116.268128 19551
39.891555 116.268135 19552
39.891688 116.268142 19553
39.891827 116.268145 19554
39.891965 116.268147 19555
39.892105 116.268148 19556
39.892248 116.268150 19557
39.892393 116.268150 19558
39.892540 116.268152 19559
39.892687 116.268155 19560
39.892832 116.268157 19561
39.892973 116.268158 19562
39.893115 116.268158 19563
39.893253 116.268163 19564
39.893385 116.268168 19565
39.893508 116.268173 19566
39.893625 116.268178 19567
39.893740 116.268182 19568
39.893853 116.268183 19569
39.893970 116.268182 19570
39.894085 116.268182 19571
39.894195 116.268182 19572
39.894298 116.268182 19573
39.894398 116.268183 19574
39.894495 116.268192 19575
39.894592 116.268207 19576
39.894690 116.268227 19577
39.894790 116.268248 19578
39.894887 116.268275 19579
39.894983 116.268315 19580
39.895093 116.268362 19581
39.895205 116.268405 19582
39.895315 116.268442 19583
39.895420 116.268485 19584
39.895528 116.268527 19585
39.895635 116.268568 19586
39.895728 116.268595 19587
39.895823 116.268622 19588
39.895927 116.268680 19589
39.896052 116.268733 19590
39.896172 116.268777 19591
39.896290 116.268808 19592
39.896398 116.268835 19593
39.896492 116.268862 19594
39.896582 116.268887 19595
39.896668 116.268915 19596
39.896753 116.268945 19597
39.896938 116.269005 19599
39.897033 116.269032 19600
39.897163 116.269058 19602
39.897248 116.269008 19604
39.897325 116.268923 19606
39.897393 116.268860 19607
39.897457 116.268782 19608
39.897520 116.268703 19609
39.897592 116.268628 19610
39.897673 116.268558 19611
39.897760 116.268497 19612
39.897847 116.268448 19613
39.897942 116.268407 19614
39.898038 116.268380 19615
39.898130 116.268363 19616
39.898288 116.268355 19618
39.898410 116.268355 19620
39.898503 116.268348 19624
39.898610 116.268328 19627
39.898707 116.268332 19713
39.898797 116.268335 19716
39.898897 116.268332 19718
39.899017 116.268328 19720
39.899163 116.268325 19722
39.899313 116.268330 19724
39.899483 116.268335 19726
39.899585 116.268337 19727
39.899678 116.268337 19728
39.899775 116.268337 19729
39.899875 116.268337 19730
39.899977 116.268333 19731
39.900082 116.268328 19732
