39.861264 116.623353 36314
39.861334 116.623444 36316
39.861409 116.623552 36318
39.861492 116.623664 36320
39.861571 116.623763 36322
39.861649 116.623864 36324
39.861734 116.623978 36326
39.861819 116.624099 36328
39.861908 116.624218 36330
39.862011 116.624349 36332
39.862127 116.624499 36334
39.862230 116.624658 36336
39.862303 116.624833 36338
39.862334 116.625056 36340
39.862344 116.625183 36341
39.862349 116.625320 36342
39.862355 116.625467 36343
39.862353 116.625620 36344
39.862353 116.625772 36345
39.862354 116.625937 36346
39.862352 116.626104 36347
39.862350 116.626272 36348
39.862350 116.626442 36349
39.862345 116.626636 36350
39.862341 116.626828 36351
39.862336 116.627023 36352
39.862331 116.627229 36353
39.862329 116.627438 36354
39.862327 116.627652 36355
39.862322 116.627869 36356
39.862322 116.628087 36357
39.862325 116.628313 36358
39.862327 116.628541 36359
39.862327 116.628779 36360
39.862331 116.629018 36361
39.862336 116.629262 36362
39.862339 116.629501 36363
39.862340 116.629742 36364
39.862337 116.629986 36365
39.862335 116.630227 36366
39.862331 116.630464 36367
39.862324 116.630702 36368
39.862320 116.630953 36369
39.862319 116.631195 36370
39.862320 116.631450 36371
39.862325 116.631705 36372
39.862323 116.631965 36373
39.862318 116.632237 36374
39.862310 116.632515 36375
39.862305 116.632791 36376
39.862305 116.633059 36377
39.862305 116.633332 36378
39.862305 116.633607 36379
39.862307 116.633891 36380
39.862301 116.634168 36381
39.862296 116.634453 36382
39.862287 116.634743 36383
39.862286 116.635034 36384
39.862285 116.635327 36385
39.862286 116.635624 36386
39.862283 116.635918 36387
39.862281 116.636217 36388
39.862278 116.636515 36389
39.862281 116.636814 36390
39.862285 116.637110 36391
39.862289 116.637396 36392
39.862293 116.637668 36393
39.862296 116.637924 36394
39.862295 116.638162 36395
39.862293 116.638392 36396
39.862288 116.638624 36397
39.862282 116.638860 36398
39.862284 116.639111 36399
39.862279 116.639365 36400
39.862271 116.639621 36401
39.862273 116.639884 36402
39.862277 116.640148 36403
39.862274 116.640422 36404
39.862269 116.640692 36405
39.862271 116.640969 36406
39.862268 116.641250 36407
39.862263 116.641530 36408
39.862265 116.641817 36409
39.862263 116.642101 36410
39.862262 116.642387 36411
39.862259 116.642675 36412
39.862256 116.642958 36413
39.862257 116.643238 36414
39.862250 116.643505 36415
39.862246 116.643768 36416
39.862249 116.644018 36417
39.862254 116.644245 36418
39.862251 116.644447 36419
39.862244 116.644620 36420
39.862245 116.644765 36421
39.862264 116.644883 36422
39.862286 116.645003 36423
39.862378 116.645126 36425
39.862488 116.645202 36427
39.862618 116.645192 36429
39.862787 116.645157 36431
39.862879 116.645145 36432
39.862975 116.645141 36433
39.863072 116.645135 36434
39.863179 116.645121 36435
39.863290 116.645114 36436
39.863405 116.645107 36437
39.863526 116.645100 36438
39.863652 116.645094 36439
39.863784 116.645092 36440
39.863920 116.645094 36441
39.864059 116.645098 36442
39.864207 116.645101 36443
39.864355 116.645105 36444
39.864503 116.645113 36445
39.864658 116.645117 36446
39.864818 116.645126 36447
39.864974 116.645135 36448
39.865136 116.645129 36449
39.865301 116.645126 36450
39.865462 116.645117 36451
39.865621 116.645113 36452
39.865774 116.645112 36453
39.865930 116.645113 36454
39.866086 116.645121 36455
39.866239 116.645127 36456
39.866396 116.645126 36457
39.866557 116.645125 36458
39.866719 116.645120 36459
39.866882 116.645118 36460
39.867041 116.645118 36461
39.867198 116.645121 36462
39.867353 116.645123 36463
39.867504 116.645125 36464
39.867654 116.645124 36465
39.867797 116.645130 36466
39.867932 116.645136 36467
39.868053 116.645141 36468
39.868165 116.645137 36469
39.868264 116.645137 36470
39.868423 116.645109 36472
39.868519 116.645112 36473
39.868620 116.645111 36474
39.868727 116.645113 36475
39.868842 116.645111 36476
39.868962 116.645118 36477
39.869090 116.645124 36478
39.869222 116.645124 36479
39.869358 116.645122 36480
39.869492 116.645126 36481
39.869635 116.645127 36482
39.869782 116.645121 36483
39.869934 116.645122 36484
39.870082 116.645119 36485
39.870234 116.645114 36486
39.870386 116.645112 36487
39.870534 116.645110 36488
39.870679 116.645116 36489
39.870816 116.645123 36490
39.870945 116.645127 36491
39.871054 116.645129 36492
39.871149 116.645132 36493
39.871247 116.645132 36494
39.871353 116.645124 36495
39.871463 116.645121 36496
39.871582 116.645117 36497
39.871703 116.645116 36498
39.871829 116.645118 36499
39.871957 116.645120 36500
39.872085 116.645124 36501
39.872221 116.645131 36502
39.872357 116.645133 36503
39.872490 116.645136 36504
39.872611 116.645134 36505
39.872719 116.645126 36506
39.872810 116.645118 36507
39.872959 116.645110 36509
39.873058 116.645111 36511
39.873136 116.645116 36516
39.873132 116.645111 36521
39.873129 116.645111 36526
39.873125 116.645111 36531
39.873125 116.645111 36534
39.873124 116.645110 36536
39.873145 116.645111 36541
39.873233 116.645135 36545
39.873326 116.645140 36547
39.873454 116.645148 36549
39.873599 116.645149 36551
39.873736 116.645154 36553
39.873850 116.645159 36555
39.873942 116.645170 36557
39.874048 116.645183 36561
39.874068 116.645184 36566
39.874077 116.645185 36571
39.874146 116.645164 36576
39.874196 116.645136 36581
39.874327 116.645154 36585
39.874450 116.645173 36588
39.874540 116.645273 36592
39.874521 116.645436 36595
39.874480 116.645613 36597
39.874449 116.645831 36599
39.874434 116.645959 36600
39.874422 116.646095 36601
39.874410 116.646243 36602
39.874400 116.646391 36603
39.874393 116.646544 36604
39.874394 116.646701 36605
39.874397 116.646865 36606
39.874399 116.647031 36607
39.874400 116.647203 36608
39.874403 116.647380 36609
39.874407 116.647558 36610
39.874410 116.647736 36611
39.874407 116.647920 36612
39.874406 116.648101 36613
39.874409 116.648286 36614
39.874413 116.648477 36615
39.874414 116.648674 36616
39.874415 116.648873 36617
39.874418 116.649073 36618
39.874415 116.649273 36619
39.874414 116.649472 36620
39.874416 116.649673 36621
39.874416 116.649876 36622
39.874416 116.650077 36623
39.874415 116.650281 36624
39.874412 116.650485 36625
39.874414 116.650689 36626
39.874418 116.650890 36627
39.874420 116.651083 36628
39.874421 116.651277 36629
39.874422 116.651467 36630
39.874420 116.651654 36631
39.874426 116.651845 36632
39.874431 116.652038 36633
39.874437 116.652230 36634
39.874439 116.652423 36635
39.874441 116.652632 36636
39.874437 116.652836 36637
39.874431 116.653039 36638
39.874421 116.653253 36639
39.874415 116.653469 36640
39.874416 116.653676 36641
39.874416 116.653885 36642
39.874411 116.654098 36643
39.874408 116.654305 36644
39.874407 116.654514 36645
39.874407 116.654713 36646
39.874401 116.654907 36647
39.874398 116.655103 36648
39.874397 116.655290 36649
39.874396 116.655472 36650
39.874398 116.655657 36651
39.874402 116.655844 36652
39.874397 116.656032 36653
39.874397 116.656215 36654
39.874398 116.656396 36655
39.874397 116.656576 36656
39.874395 116.656746 36657
39.874389 116.656906 36658
39.874381 116.657067 36659
39.874375 116.657216 36660
39.874378 116.657364 36661
39.874378 116.657508 36662
39.874378 116.657646 36663
39.874368 116.657786 36664
39.874367 116.657932 36665
39.874358 116.658069 36666
39.874355 116.658201 36667
39.874352 116.658330 36668
39.874356 116.658451 36669
39.874361 116.658659 36671
39.874370 116.658837 36673
39.874378 116.658998 36675
39.874392 116.659170 36677
39.874396 116.659362 36679
39.874410 116.659556 36681
39.874402 116.659773 36683
39.874405 116.659894 36684
39.874407 116.660022 36685
39.874410 116.660155 36686
39.874414 116.660303 36687
39.874412 116.660468 36688
39.874414 116.660636 36689
39.874412 116.660819 36690
39.874411 116.660999 36691
39.874410 116.661188 36692
39.874408 116.661379 36693
39.874409 116.661566 36694
39.874413 116.661758 36695
39.874413 116.661945 36696
39.874412 116.662125 36697
39.874412 116.662301 36698
39.874410 116.662469 36699
39.874408 116.662640 36700
39.874413 116.662805 36701
39.874415 116.662969 36702
39.874417 116.663137 36703
39.874418 116.663297 36704
39.874418 116.663457 36705
39.874417 116.663618 36706
39.874418 116.663775 36707
39.874416 116.663925 36708
39.874415 116.664094 36709
39.874417 116.664255 36710
39.874420 116.664417 36711
39.874419 116.664592 36712
39.874423 116.664761 36713
39.874437 116.664935 36714
39.874462 116.665108 36715
39.874487 116.665291 36716
39.874536 116.665468 36717
39.874585 116.665638 36718
39.874637 116.665812 36719
39.874704 116.665990 36720
39.874776 116.666159 36721
39.874853 116.666309 36722
39.874935 116.666454 36723
39.875019 116.666589 36724
39.875109 116.666716 36725
39.875203 116.666835 36726
39.875296 116.666965 36727
39.875389 116.667089 36728
39.875488 116.667217 36729
39.875587 116.667344 36730
39.875685 116.667475 36731
39.875782 116.667605 36732
39.875881 116.667731 36733
39.875976 116.667860 36734
39.876069 116.667981 36735
39.876159 116.668101 36736
39.876252 116.668204 36737
39.876335 116.668302 36738
39.876415 116.668391 36739
39.876482 116.668478 36740
39.876585 116.668635 36742
39.876666 116.668733 36744
39.876738 116.668815 36749
39.876752 116.668830 36754
39.876753 116.668832 36759
39.876754 116.668833 36764
39.876756 116.668835 36769
39.876756 116.668835 36772
39.876762 116.668841 36774
39.876841 116.668930 36777
39.876922 116.669032 36780
39.876993 116.669116 36783
39.877063 116.669201 36785
39.877141 116.669302 36787
39.877232 116.669424 36789
39.877328 116.669550 36791
39.877444 116.669682 36793
39.877572 116.669844 36795
39.877643 116.669932 36796
39.877711 116.670026 36797
39.877784 116.670131 36798
39.877862 116.670254 36799
39.877942 116.670378 36800
39.878019 116.670505 36801
39.878098 116.670631 36802
39.878172 116.670757 36803
39.878238 116.670879 36804
39.878300 116.671001 36805
39.878364 116.671126 36806
39.878425 116.671245 36807
39.878485 116.671362 36808
39.878534 116.671498 36809
39.878587 116.671627 36810
39.878641 116.671756 36811
39.878693 116.671896 36812
39.878747 116.672043 36813
39.878801 116.672185 36814
39.878852 116.672335 36815
39.878903 116.672479 36816
39.878957 116.672620 36817
39.879017 116.672762 36818
39.879078 116.672904 36819
39.879131 116.673046 36820
39.879186 116.673179 36821
39.879239 116.673311 36822
39.879293 116.673452 36823
39.879350 116.673594 36824
39.879404 116.673733 36825
39.879464 116.673882 36826
39.879524 116.674029 36827
39.879580 116.674175 36828
39.879632 116.674318 36829
39.879688 116.674467 36830
39.879743 116.674618 36831
39.879800 116.674774 36832
39.879859 116.674929 36833
39.879918 116.675081 36834
39.879971 116.675227 36835
39.880023 116.675372 36836
39.880077 116.675518 36837
39.880129 116.675658 36838
39.880185 116.675777 36839
39.880234 116.675910 36840
39.880287 116.676047 36841
39.880339 116.676183 36842
39.880384 116.676320 36843
39.880427 116.676455 36844
39.880469 116.676587 36845
39.880508 116.676704 36846
39.880552 116.676820 36847
39.880592 116.676932 36848
39.880670 116.677125 36850
39.880734 116.677308 36852
39.880799 116.677478 36854
39.880868 116.677647 36856
39.880938 116.677833 36858
39.881015 116.678040 36860
39.881058 116.678152 36861
39.881100 116.678263 36862
39.881182 116.678468 36864
39.881257 116.678667 36866
39.881328 116.678857 36868
39.881400 116.679048 36870
39.881464 116.679216 36872
39.881505 116.679350 36874
39.881550 116.679475 36877
39.881594 116.679565 36882
39.881623 116.679577 36887
39.881622 116.679571 36892
39.881622 116.679571 36897
39.881622 116.679571 36900
39.881622 116.679576 36902
39.881640 116.679651 36907
39.881637 116.679705 36912
