39.985700 116.359750 83411
39.985707 116.359983 83413
39.985715 116.360233 83415
39.985723 116.360480 83417
39.985728 116.360717 83419
39.985732 116.360915 83421
39.985730 116.361042 83423
39.985722 116.361133 83425
39.985715 116.361215 83427
39.985717 116.361272 83429
39.985723 116.361282 83453
39.985727 116.361397 83456
39.985737 116.361522 83458
39.985752 116.361677 83460
39.985780 116.361857 83462
39.985798 116.362063 83464
39.985805 116.362288 83466
39.985805 116.362533 83468
39.985810 116.362782 83470
39.985813 116.363040 83472
39.985817 116.363315 83474
39.985822 116.363605 83476
39.985833 116.363907 83478
39.985855 116.364217 83480
39.985872 116.364528 83482
39.985882 116.364830 83484
39.985887 116.365117 83486
39.985892 116.365372 83488
39.985892 116.365625 83490
39.985890 116.365883 83492
39.985883 116.366163 83494
39.985875 116.366457 83496
39.985875 116.366753 83498
39.985873 116.367063 83500
39.985875 116.367388 83502
39.985885 116.367720 83504
39.985880 116.368058 83506
39.985877 116.368395 83508
39.985883 116.370023 83518
39.985863 116.370317 83520
39.985813 116.370573 83522
39.985743 116.370757 83524
39.985750 116.370927 83526
39.985793 116.371093 83528
39.985877 116.371243 83530
39.985978 116.371397 83532
39.986022 116.371592 83534
39.986042 116.371807 83536
39.986055 116.372028 83538
39.986072 116.372262 83540
39.986080 116.372512 83542
39.986087 116.372778 83544
39.986088 116.373060 83546
39.986075 116.373317 83548
39.986045 116.373540 83550
39.986013 116.373710 83552
39.985980 116.373857 83554
39.985942 116.374002 83556
39.985897 116.374202 83559
39.985903 116.374338 83561
39.985912 116.374407 83562
39.985943 116.374527 83564
39.985972 116.374655 83566
39.986003 116.374807 83568
39.986023 116.374967 83570
39.986045 116.375203 83573
39.986055 116.375368 83575
39.986063 116.375543 83577
39.986072 116.375735 83579
39.986077 116.375958 83581
39.986083 116.376202 83583
39.986090 116.376448 83585
39.986102 116.376685 83587
39.986112 116.376895 83589
39.986118 116.377057 83591
39.986115 116.377155 83593
39.986100 116.377252 83595
39.986083 116.377360 83597
39.986080 116.377452 83599
39.986080 116.377497 83601
39.986080 116.377497 83618
39.986080 116.377498 83620
39.986085 116.377610 83623
39.986097 116.377738 83625
39.986118 116.377902 83627
39.986137 116.378090 83629
39.986150 116.378303 83631
39.986160 116.378533 83633
39.986167 116.378778 83635
39.986175 116.379050 83637
39.986190 116.379335 83639
39.986212 116.379633 83641
39.986238 116.379942 83643
39.986262 116.380258 83645
39.986275 116.380588 83647
39.986288 116.380930 83649
39.986338 116.382657 83659
39.986348 116.382980 83661
39.986367 116.383295 83663
39.986388 116.383597 83665
39.986410 116.383897 83667
39.986437 116.384198 83669
39.986448 116.384515 83671
39.986458 116.384842 83673
39.986498 116.386642 83683
39.986530 116.388443 83693
39.986600 116.390182 83703
39.986608 116.391952 83713
39.986667 116.393697 83723
39.986703 116.395423 83733
39.986698 116.395760 83735
39.986665 116.396053 83737
39.986652 116.396310 83739
39.986683 116.396468 83741
39.986680 116.396525 83743
39.986677 116.396513 83745
39.986672 116.396480 83748
39.986653 116.396473 83751
39.986623 116.396453 83754
39.986633 116.396472 83757
39.986647 116.396483 83760
39.986648 116.396538 83763
39.986647 116.396593 83766
39.986638 116.396662 83769
39.986635 116.396697 83772
39.986638 116.396725 83775
39.986632 116.396767 83778
39.986628 116.396822 83781
39.986625 116.396888 83784
39.986622 116.396922 83787
39.986615 116.396957 83790
39.986618 116.396985 83793
39.986633 116.397025 83796
39.986655 116.397038 83799
39.986677 116.397077 83802
39.986697 116.397130 83805
39.986705 116.397163 83808
39.986695 116.397197 83811
39.986700 116.397260 83814
39.986690 116.397330 83817
39.986663 116.397385 83820
39.986657 116.397455 83823
39.986647 116.397480 83826
39.986645 116.397520 83829
39.986642 116.397560 83832
39.986650 116.397590 83835
39.986658 116.397620 83838
39.986628 116.397665 83841
39.986608 116.397685 83844
39.986617 116.397707 83847
39.986612 116.397735 83850
39.986613 116.397760 83853
39.986577 116.397802 83856
39.986573 116.397835 83859
39.986583 116.397833 83862
39.986647 116.397823 83865
39.986687 116.397823 83868
39.986715 116.397827 83871
39.986745 116.397835 83874
39.986743 116.397818 83888
39.986743 116.397818 83898
39.986743 116.397812 83900
39.986730 116.397827 83903
39.986717 116.397853 83906
39.986767 116.397872 83909
39.986838 116.397888 83912
39.986915 116.397867 83915
39.986997 116.397853 83918
39.987102 116.397818 83921
39.987167 116.397792 83924
39.987222 116.397755 83927
39.987252 116.397743 83930
39.987278 116.397720 83933
39.987287 116.397695 83936
39.987292 116.397652 83939
39.987287 116.397625 83942
39.987277 116.397608 83945
39.987263 116.397583 83948
39.987260 116.397557 83951
39.987258 116.397517 83954
39.987250 116.397492 83957
39.987315 116.397460 83960
39.987307 116.397435 83963
39.987307 116.397418 83966
39.987325 116.397385 83969
39.987340 116.397328 83972
39.987332 116.397285 83975
39.987323 116.397238 83978
39.987313 116.397182 83981
39.987335 116.397140 83984
39.987342 116.397083 83987
39.987347 116.397023 83990
39.987352 116.396998 83993
39.987345 116.396938 83996
39.987358 116.396855 83999
39.987360 116.396815 84002
39.987382 116.396750 84005
39.987382 116.396687 84008
39.987378 116.396648 84011
