39.966922 116.372367 6398
39.966890 116.372445 6400
39.966857 116.372528 6402
39.966840 116.372615 6404
39.966842 116.372697 6406
39.966835 116.372772 6408
39.966832 116.372833 6410
39.966833 116.372890 6412
39.966718 116.374990 6452
39.966738 116.375225 6454
39.966765 116.375352 6456
39.966753 116.375447 6458
39.966777 116.375518 6460
39.966800 116.375670 6462
39.966780 116.375765 6464
39.966762 116.375830 6466
39.966735 116.375882 6468
39.966715 116.376527 6480
39.966742 116.376752 6482
39.966758 116.376907 6484
39.966772 116.377027 6486
39.966767 116.377153 6488
39.966772 116.377310 6490
39.966765 116.377470 6492
39.966758 116.377640 6494
39.966773 116.377817 6496
39.966785 116.377997 6498
39.966772 116.378183 6500
39.966763 116.378352 6502
39.966750 116.378502 6504
39.966747 116.378635 6506
39.966753 116.378773 6508
39.966757 116.379180 6514
39.966722 116.379285 6516
39.966780 116.379513 6522
39.966760 116.379467 6524
39.966762 116.379450 6531
39.966768 116.379467 6533
39.966778 116.379503 6535
39.967298 116.384532 6605
39.967242 116.384492 6607
39.967303 116.384593 6610
39.967305 116.384667 6612
39.967225 116.385653 6638
39.967145 116.385707 6640
39.967125 116.385738 6642
39.967058 116.385775 6644
39.967047 116.385800 6646
39.967048 116.385820 6648
39.967057 116.385842 6650
39.967052 116.386280 6662
39.967037 116.386342 6664
39.967085 116.387858 6694
39.967063 116.387913 6696
39.967102 116.388710 6707
39.967095 116.388970 6709
39.967083 116.389265 6711
39.967098 116.389487 6713
39.967088 116.389663 6715
39.967090 116.389780 6717
39.967083 116.389885 6719
39.967067 116.390005 6721
39.967050 116.390152 6723
39.967080 116.390403 6725
39.967093 116.390603 6727
39.967087 116.390792 6729
39.967098 116.390992 6731
39.967112 116.391187 6733
39.967115 116.391397 6735
39.967112 116.391602 6737
39.967120 116.391825 6739
39.967090 116.393600 6789
39.967047 116.393718 6791
39.967037 116.393867 6793
39.967070 116.394083 6795
39.967143 116.394370 6797
39.967188 116.394782 6804
39.967370 116.394878 6806
39.967270 116.394858 6811
39.967160 116.394840 6813
39.967127 116.394838 6815
39.967108 116.394835 6817
39.967043 116.394845 6819
39.967033 116.394837 6821
39.967030 116.394832 6823
39.967033 116.394835 6825
39.967030 116.394858 6827
39.967042 116.394895 6829
39.967052 116.394970 6831
39.967058 116.395073 6833
39.967068 116.395193 6835
39.967093 116.395365 6837
39.967102 116.395500 6839
39.967110 116.395645 6841
39.967118 116.395792 6843
39.967122 116.395933 6845
39.967490 116.404572 6912
39.967475 116.404660 6914
39.967460 116.404752 6916
39.967467 116.404827 6918
39.967395 116.404970 6920
39.967362 116.405070 6922
39.967350 116.405150 6924
39.967353 116.405242 6926
39.967382 116.405350 6928
39.967388 116.405455 6930
39.967400 116.405562 6932
39.967427 116.405677 6934
39.967425 116.405792 6936
39.967443 116.405817 6938
39.967455 116.405827 6940
39.967465 116.405820 6942
39.967462 116.405822 6944
39.967470 116.405805 6948
39.967465 116.405813 6950
39.967440 116.406527 6966
39.967543 116.406808 6968
39.967580 116.407062 6970
39.967558 116.407333 6972
39.967557 116.407598 6974
39.967560 116.407862 6976
39.967577 116.408137 6978
39.967598 116.408453 6980
39.967625 116.409198 6985
39.967630 116.409613 6988
39.967673 116.410295 6993
39.967603 116.410588 6996
39.967628 116.410783 6998
