39.981602 116.310747 40747
39.981624 116.310747 40749
39.981662 116.310763 40751
39.981690 116.310779 40753
39.981717 116.310789 40755
39.981727 116.310806 40757
39.981742 116.310817 40759
39.981757 116.310835 40761
39.981771 116.310841 40763
39.981771 116.310839 40765
39.981772 116.310839 40767
39.981772 116.310840 40769
39.981772 116.310840 40771
39.981773 116.310840 40773
39.981773 116.310841 40775
39.981773 116.310842 40777
39.981776 116.310842 40779
39.981777 116.310843 40781
39.981780 116.310843 40783
39.981782 116.310843 40785
39.981784 116.310843 40787
39.981783 116.310844 40789
39.981782 116.310845 40791
39.981783 116.310845 40793
39.981783 116.310845 40795
39.981783 116.310845 40797
39.981784 116.310846 40799
39.981784 116.310846 40801
39.981784 116.310846 40803
39.981784 116.310847 40805
39.981785 116.310847 40807
39.981785 116.310847 40809
39.981785 116.310847 40811
39.981785 116.310847 40813
39.981785 116.310847 40815
39.981785 116.310847 40817
39.981785 116.310847 40819
39.981785 116.310847 40821
39.981785 116.310847 40823
39.981785 116.310846 40825
39.981786 116.310847 40827
39.981786 116.310847 40829
39.981786 116.310846 40831
39.981795 116.310838 40833
39.981821 116.310824 40835
39.981865 116.310813 40837
39.981902 116.310815 40839
39.981950 116.310801 40841
39.982006 116.310793 40843
39.982019 116.310806 40845
39.982024 116.310799 40847
39.982045 116.310774 40849
39.982065 116.310758 40851
39.982080 116.310747 40853
39.982084 116.310746 40855
39.982084 116.310746 40857
39.982084 116.310745 40859
39.982085 116.310744 40861
39.982088 116.310743 40863
39.982097 116.310704 40865
39.982141 116.310700 40867
39.982195 116.310701 40869
39.982254 116.310741 40871
39.982319 116.310713 40873
39.982407 116.310688 40875
39.982546 116.310623 40877
39.982719 116.310581 40879
39.982880 116.310544 40881
39.983012 116.310533 40883
39.983122 116.310517 40885
39.983224 116.310522 40887
39.983326 116.310507 40889
39.983433 116.310504 40891
39.983553 116.310501 40893
39.983658 116.310492 40895
39.983752 116.310473 40897
39.983857 116.310461 40899
39.983966 116.310431 40901
39.984074 116.310398 40903
39.984181 116.310360 40905
39.984302 116.310347 40907
39.984436 116.310337 40909
39.984573 116.310312 40911
39.984710 116.310286 40913
39.984848 116.310265 40915
39.984990 116.310259 40917
39.985115 116.310250 40919
39.985221 116.310234 40921
39.985315 116.310218 40923
39.985384 116.310204 40925
39.985470 116.310198 40927
39.985543 116.310189 40929
39.985628 116.310177 40931
39.985687 116.310158 40933
39.985741 116.310159 40935
39.985791 116.310171 40937
39.985838 116.310178 40939
39.985856 116.310196 40941
39.985873 116.310223 40943
39.985885 116.310244 40945
39.985887 116.310244 40947
39.985889 116.310244 40949
39.985889 116.310244 40951
39.985893 116.310244 40953
39.985902 116.310243 40955
39.985976 116.310248 40957
39.986032 116.310249 40959
39.986094 116.310241 40961
39.986167 116.310249 40963
39.986252 116.310252 40965
39.986304 116.310247 40967
39.986326 116.310257 40969
39.986326 116.310258 40971
39.986328 116.310258 40973
39.986329 116.310257 40975
39.986329 116.310257 40977
39.986329 116.310257 40979
39.986330 116.310256 40981
39.986331 116.310256 40983
39.986333 116.310256 40985
39.986337 116.310260 40987
39.986386 116.310269 40989
39.986470 116.310287 40991
39.986590 116.310286 40993
39.986738 116.310255 40995
39.986889 116.310222 40997
39.987055 116.310195 40999
39.987220 116.310138 41001
39.987399 116.310119 41003
39.987582 116.310104 41005
39.987749 116.310073 41007
39.987881 116.310040 41009
39.987983 116.310040 41011
39.988052 116.310068 41013
39.988102 116.310063 41015
39.988126 116.310093 41017
39.988173 116.310131 41019
39.988248 116.310144 41021
39.988327 116.310124 41023
39.988407 116.310093 41025
39.988480 116.310084 41027
39.988548 116.310074 41029
39.988632 116.310096 41031
39.988663 116.310074 41033
39.988722 116.310099 41035
39.988732 116.310077 41037
39.988737 116.310078 41039
39.988740 116.310085 41041
39.988751 116.310088 41043
39.988776 116.310092 41045
39.988806 116.310089 41047
39.988842 116.310090 41049
39.988876 116.310129 41051
39.988918 116.310141 41053
39.988951 116.310148 41055
39.988992 116.310156 41057
39.989016 116.310139 41059
39.989042 116.310104 41061
39.989073 116.310096 41063
39.989098 116.310096 41065
39.989112 116.310092 41067
39.989130 116.310080 41069
39.989156 116.310070 41071
39.989179 116.310061 41073
39.989197 116.310064 41075
39.989223 116.310060 41077
39.989236 116.310056 41079
39.989266 116.310050 41081
39.989295 116.310050 41083
39.989297 116.310054 41085
39.989303 116.310074 41087
39.989304 116.310071 41089
39.989299 116.310060 41091
39.989294 116.310024 41093
39.989231 116.309979 41095
39.989219 116.309949 41097
39.989214 116.309922 41099
39.989198 116.309881 41101
39.989174 116.309842 41103
39.989185 116.309796 41105
39.989172 116.309761 41107
39.989164 116.309737 41109
39.989214 116.309702 41111
39.989273 116.309677 41113
39.989327 116.309670 41115
39.989381 116.309654 41117
39.989416 116.309654 41119
39.989464 116.309648 41121
39.989505 116.309633 41123
39.989537 116.309624 41125
39.989580 116.309617 41127
39.989624 116.309599 41129
39.989627 116.309606 41131
39.989625 116.309621 41133
39.989622 116.309629 41135
39.989640 116.309649 41137
39.989675 116.309658 41139
39.989724 116.309681 41141
39.989773 116.309687 41143
39.989807 116.309691 41145
39.989834 116.309712 41147
39.989876 116.309737 41149
39.989904 116.309744 41151
39.989936 116.309754 41153
39.989980 116.309775 41155
39.990008 116.309807 41157
39.990054 116.309813 41159
39.990101 116.309825 41161
39.990147 116.309849 41163
39.990131 116.309948 41165
39.990174 116.309961 41167
39.990201 116.309977 41169
39.990241 116.309975 41171
39.990274 116.309988 41173
39.990344 116.309955 41175
39.990405 116.309923 41177
39.990432 116.309909 41179
39.990464 116.309883 41181
39.990486 116.309866 41183
39.990511 116.309872 41185
39.990517 116.309877 41187
39.990543 116.309882 41189
39.990550 116.309881 41191
39.990570 116.309869 41193
39.990607 116.309851 41195
39.990636 116.309845 41197
39.990661 116.309848 41199
39.990689 116.309843 41201
39.990717 116.309809 41203
39.990754 116.309745 41205
39.990756 116.309694 41207
39.990788 116.309605 41209
39.990794 116.309566 41211
39.990802 116.309519 41213
39.990795 116.309486 41215
39.990820 116.309418 41217
39.990831 116.309375 41219
39.990846 116.309310 41221
39.990826 116.309264 41223
39.990825 116.309210 41225
39.990821 116.309168 41227
39.990815 116.309130 41229
39.990816 116.309086 41231
39.990825 116.309043 41233
39.990838 116.308996 41235
39.990849 116.308952 41237
39.990853 116.308903 41239
39.990850 116.308864 41241
39.990858 116.308823 41243
39.990857 116.308786 41245
39.990834 116.308774 41247
39.990815 116.308780 41249
39.990808 116.308793 41251
39.990794 116.308797 41253
39.990767 116.308796 41255
39.990761 116.308806 41257
39.990759 116.308826 41259
39.990759 116.308834 41261
39.990753 116.308841 41263
39.990753 116.308846 41265
39.990754 116.308852 41267
39.990754 116.308855 41269
39.990754 116.308858 41271
39.990754 116.308861 41273
39.990755 116.308865 41275
39.990755 116.308869 41277
39.990754 116.308868 41279
39.990746 116.308879 41281
39.990733 116.308886 41283
39.990731 116.308884 41285
39.990730 116.308877 41287
39.990726 116.308867 41289
39.990715 116.308862 41291
39.990717 116.308829 41293
39.990738 116.308822 41295
39.990763 116.308769 41297
39.990793 116.308731 41299
39.990822 116.308684 41301
39.990847 116.308613 41303
39.990879 116.308549 41305
39.990911 116.308481 41307
39.990953 116.308415 41309
39.990983 116.308347 41311
39.990979 116.308275 41313
39.990973 116.308195 41315
39.990975 116.308116 41317
39.990966 116.308033 41319
39.990941 116.307947 41321
39.990923 116.307862 41323
39.990915 116.307781 41325
39.990906 116.307704 41327
39.990890 116.307639 41329
39.990881 116.307560 41331
39.990880 116.307484 41333
39.990874 116.307408 41335
39.990872 116.307326 41337
39.990865 116.307244 41339
39.990862 116.307182 41341
39.990848 116.307105 41343
39.990837 116.307034 41345
39.990828 116.306955 41347
