39.980633 116.417966 37159
39.980626 116.417965 37161
39.980612 116.417965 37163
39.980567 116.417952 37165
39.980518 116.417938 37167
39.980452 116.417924 37169
39.980381 116.418005 37171
39.980347 116.418013 37173
39.980332 116.418013 37175
39.980299 116.418005 37177
39.980224 116.418003 37179
39.980130 116.418012 37181
39.980034 116.418020 37183
39.979989 116.418032 37185
39.979982 116.418044 37187
39.979981 116.418047 37189
39.979927 116.418014 37191
39.979857 116.418014 37193
39.979770 116.417993 37195
39.979712 116.417976 37197
39.979703 116.417981 37199
39.979678 116.417961 37201
39.979578 116.417958 37203
39.979480 116.417977 37205
39.979391 116.417951 37207
39.979282 116.417973 37209
39.979182 116.417965 37211
39.979088 116.417961 37213
39.978977 116.417979 37215
39.978850 116.417956 37217
39.978665 116.417956 37219
39.978546 116.417943 37221
39.978450 116.417936 37223
39.978345 116.417977 37225
39.978225 116.418063 37227
39.978110 116.418063 37229
39.978014 116.418102 37231
39.977897 116.418126 37233
39.977762 116.418117 37235
39.977629 116.418108 37237
39.977428 116.418095 37239
39.977269 116.418108 37241
39.977098 116.418142 37243
39.976940 116.418125 37245
39.976807 116.418130 37247
39.976709 116.418112 37249
39.976617 116.418102 37251
39.976547 116.418093 37253
39.976500 116.418082 37255
39.976456 116.418077 37257
39.976435 116.418085 37259
39.976438 116.418162 37261
39.976473 116.418251 37263
39.976438 116.418276 37265
39.976557 116.418394 37267
39.976518 116.418401 37269
39.976481 116.418396 37271
39.976473 116.418416 37273
39.976472 116.418415 37275
39.976478 116.418404 37277
39.976489 116.418398 37279
39.976498 116.418391 37281
39.976502 116.418391 37283
39.976502 116.418390 37285
39.976502 116.418390 37287
39.976503 116.418390 37289
39.976504 116.418390 37291
39.976502 116.418389 37293
39.976500 116.418389 37295
39.976499 116.418389 37297
39.976500 116.418389 37299
39.976501 116.418389 37301
39.976502 116.418388 37303
39.976502 116.418388 37305
39.976502 116.418388 37307
39.976503 116.418388 37309
39.976501 116.418388 37311
39.976500 116.418387 37313
39.976501 116.418386 37315
39.976502 116.418386 37317
39.976502 116.418386 37319
39.976501 116.418387 37321
39.976498 116.418387 37323
39.976494 116.418386 37325
39.976488 116.418386 37327
39.976479 116.418388 37329
39.976468 116.418397 37331
39.976453 116.418410 37333
39.976432 116.418424 37335
39.976245 116.418409 37337
39.976152 116.418424 37339
39.976046 116.418433 37341
39.975919 116.418427 37343
39.975785 116.418406 37345
39.975657 116.418392 37347
39.975549 116.418386 37349
39.975463 116.418389 37351
39.975406 116.418403 37353
39.975390 116.418385 37355
39.975373 116.418383 37357
39.975360 116.418381 37359
39.975356 116.418380 37361
39.975354 116.418380 37363
39.975356 116.418380 37365
39.975359 116.418379 37367
39.975362 116.418379 37369
39.975361 116.418380 37371
39.975357 116.418379 37373
39.975328 116.418379 37375
39.975294 116.418364 37377
39.975284 116.418370 37379
39.975285 116.418368 37381
39.975290 116.418362 37383
39.975289 116.418359 37385
39.975287 116.418359 37387
39.975253 116.418385 37389
39.975186 116.418427 37391
39.975102 116.418461 37393
39.974986 116.418482 37395
39.974859 116.418489 37397
39.974709 116.418498 37399
39.974568 116.418498 37401
39.974444 116.418493 37403
39.974332 116.418476 37405
39.974209 116.418469 37407
39.974078 116.418497 37409
39.973951 116.418522 37411
39.973806 116.418524 37413
39.973620 116.418465 37415
39.973463 116.418425 37417
39.973362 116.418414 37419
39.973295 116.418407 37421
39.973213 116.418430 37423
39.973133 116.418470 37425
39.973025 116.418481 37427
39.972903 116.418507 37429
39.972792 116.418540 37431
39.972665 116.418561 37433
39.972546 116.418584 37435
39.972422 116.418600 37437
39.972302 116.418611 37439
39.972172 116.418614 37441
39.972058 116.418607 37443
39.971947 116.418606 37445
39.971850 116.418597 37447
39.971786 116.418593 37449
39.971767 116.418589 37451
39.971763 116.418548 37453
39.971778 116.418566 37455
39.971776 116.418567 37457
39.971774 116.418566 37459
39.971771 116.418567 37461
39.971759 116.418569 37463
39.971684 116.418533 37465
39.971628 116.418537 37467
39.971561 116.418544 37469
39.971450 116.418551 37471
39.971312 116.418548 37473
39.971166 116.418550 37475
39.971016 116.418541 37477
39.970853 116.418531 37479
39.970668 116.418516 37481
39.970478 116.418490 37483
39.970285 116.418458 37485
39.970121 116.418475 37487
39.969957 116.418487 37489
39.969788 116.418480 37491
39.969620 116.418475 37493
39.969453 116.418469 37495
39.969294 116.418458 37497
39.969167 116.418493 37499
39.969067 116.418557 37501
39.968966 116.418563 37503
39.968850 116.418564 37505
39.968742 116.418567 37507
39.968639 116.418564 37509
39.968556 116.418556 37511
39.968491 116.418543 37513
39.968447 116.418531 37515
39.968426 116.418514 37517
39.968406 116.418492 37519
39.968399 116.418479 37521
39.968395 116.418480 37523
39.968374 116.418481 37525
39.968359 116.418478 37527
39.968360 116.418478 37529
39.968360 116.418478 37531
39.968356 116.418480 37533
39.968344 116.418480 37535
39.968334 116.418476 37537
39.968326 116.418473 37539
39.968319 116.418473 37541
39.968317 116.418473 37543
39.968335 116.418557 37545
39.968290 116.418583 37547
39.968300 116.418679 37549
39.968291 116.418749 37551
39.968237 116.418712 37553
39.968173 116.418721 37555
39.968115 116.418717 37557
39.968093 116.418720 37559
39.968084 116.418724 37561
39.968069 116.418720 37563
39.968057 116.418716 37565
39.968054 116.418719 37567
39.968052 116.418720 37569
39.968067 116.418725 37571
39.968078 116.418725 37573
39.968073 116.418722 37575
39.968056 116.418729 37577
39.968016 116.418764 37579
39.967981 116.418844 37581
39.967902 116.419020 37583
39.967904 116.419230 37585
39.967922 116.419441 37587
39.967935 116.419615 37589
39.967945 116.419784 37591
39.967939 116.419968 37593
39.967916 116.420158 37595
39.967922 116.420337 37597
39.967928 116.420532 37599
39.967941 116.420751 37601
39.967956 116.420977 37603
39.967954 116.421188 37605
39.967948 116.421388 37607
39.967930 116.421560 37609
39.967879 116.421741 37611
39.967869 116.421904 37613
39.967874 116.422064 37615
39.967876 116.422199 37617
39.967870 116.422316 37619
39.967858 116.422426 37621
39.967859 116.422518 37623
39.967822 116.422559 37625
39.967839 116.422642 37627
39.967864 116.422779 37629
39.967879 116.422883 37631
39.967939 116.423040 37633
39.967991 116.423241 37635
39.968020 116.423456 37637
39.968037 116.423691 37639
39.968033 116.423917 37641
39.968023 116.424143 37643
39.968020 116.424359 37645
39.968030 116.424553 37647
39.968041 116.424738 37649
39.968094 116.424870 37651
39.968125 116.424975 37653
39.968153 116.425058 37655
39.968178 116.425136 37657
39.968192 116.425185 37659
39.968230 116.425247 37661
39.968276 116.425301 37663
39.968316 116.425346 37665
39.968349 116.425384 37667
39.968367 116.425413 37669
39.968359 116.425396 37671
39.968367 116.425392 37673
39.968375 116.425390 37675
39.968381 116.425391 37677
39.968386 116.425390 37681
39.968392 116.425388 37683
39.968398 116.425387 37685
39.968402 116.425385 37687
39.968409 116.425386 37689
39.968417 116.425457 37693
39.968565 116.425581 37695
39.968673 116.425695 37697
39.968727 116.425800 37699
39.968737 116.425935 37701
39.968808 116.426089 37703
39.968820 116.426233 37705
39.968755 116.426397 37707
39.968672 116.426596 37709
39.968440 116.426796 37711
39.968294 116.427005 37713
39.968246 116.427188 37715
39.968205 116.427365 37717
39.968176 116.427533 37719
39.968155 116.427693 37721
39.968128 116.427859 37723
39.968097 116.428036 37725
39.968072 116.428207 37727
39.968048 116.428383 37729
39.968035 116.428573 37731
39.968060 116.428753 37733
39.968050 116.428922 37735
39.968027 116.429096 37737
39.967999 116.429274 37739
39.967975 116.429441 37741
39.967936 116.429628 37743
39.967889 116.429836 37745
39.967820 116.430054 37747
39.967733 116.430258 37749
39.967632 116.430453 37751
39.967524 116.430645 37753
39.967427 116.430855 37755
39.967335 116.431047 37757
39.967247 116.431216 37759
