39.971268 116.418592 50998
39.971287 116.418605 51000
39.971306 116.418620 51002
39.971335 116.418645 51004
39.971375 116.418674 51006
39.971418 116.418687 51008
39.971500 116.418691 51010
39.971614 116.418700 51012
39.971732 116.418695 51014
39.971813 116.418704 51016
39.971890 116.418713 51018
39.971977 116.418716 51020
39.972076 116.418703 51022
39.972185 116.418706 51024
39.972317 116.418700 51026
39.972482 116.418680 51028
39.972627 116.418679 51030
39.972758 116.418687 51032
39.972889 116.418687 51034
39.973002 116.418682 51036
39.973222 116.418637 51038
39.973399 116.418611 51040
39.973552 116.418597 51042
39.973639 116.418577 51044
39.973727 116.418576 51046
39.973787 116.418560 51048
39.973820 116.418521 51050
39.973838 116.418481 51052
39.973857 116.418460 51054
39.973928 116.418460 51056
39.974005 116.418462 51058
39.974096 116.418457 51060
39.974154 116.418439 51062
39.974225 116.418442 51064
39.974308 116.418437 51066
39.974390 116.418428 51068
39.974520 116.418432 51070
39.974669 116.418454 51072
39.974786 116.418429 51074
39.974842 116.418421 51076
39.974820 116.418430 51078
39.974805 116.418443 51080
39.974840 116.418457 51082
39.974886 116.418460 51084
39.974974 116.418453 51086
39.975097 116.418449 51088
39.975254 116.418457 51090
39.975441 116.418463 51092
39.975625 116.418466 51094
39.975801 116.418467 51096
39.975951 116.418446 51098
39.976096 116.418433 51100
39.976208 116.418411 51102
39.976362 116.418397 51104
39.976518 116.418404 51106
39.976653 116.418405 51108
39.976807 116.418414 51110
39.976900 116.418373 51112
39.977003 116.418305 51114
39.977169 116.418279 51116
39.977341 116.418259 51118
39.977536 116.418245 51120
39.977678 116.418233 51122
39.977851 116.418236 51124
39.978045 116.418247 51126
39.978226 116.418247 51128
39.978357 116.418229 51130
39.978447 116.418206 51132
39.978514 116.418204 51134
39.978529 116.418169 51136
39.978542 116.418161 51138
39.978559 116.418158 51140
39.978569 116.418155 51142
39.978610 116.418159 51144
39.978672 116.418162 51146
39.978707 116.418164 51148
39.978720 116.418173 51150
39.978726 116.418181 51152
39.978765 116.418180 51154
39.978793 116.418179 51156
39.978829 116.418182 51158
39.978839 116.418201 51160
39.978903 116.418183 51162
39.978964 116.418196 51164
39.979036 116.418189 51166
39.979129 116.418199 51168
39.979227 116.418207 51170
39.979331 116.418197 51172
39.979467 116.418190 51174
39.979650 116.418222 51176
39.979822 116.418210 51178
39.979986 116.418210 51180
39.980144 116.418210 51182
39.980306 116.418205 51184
39.980461 116.418190 51186
39.980591 116.418163 51188
39.980775 116.418187 51190
39.980935 116.418197 51192
39.981106 116.418216 51194
39.981246 116.418222 51196
39.981370 116.418182 51198
39.981497 116.418174 51200
39.981609 116.418158 51202
39.981708 116.418153 51204
39.981752 116.418151 51206
39.981777 116.418140 51208
39.981794 116.418140 51210
39.981803 116.418133 51212
39.981826 116.418124 51214
39.981862 116.418125 51216
39.981925 116.418126 51218
39.982036 116.418144 51220
39.982199 116.418104 51222
39.982356 116.418104 51224
39.982509 116.418115 51226
39.982670 116.418189 51228
39.982816 116.418186 51230
39.982979 116.418179 51232
39.983144 116.418150 51234
39.983304 116.418126 51236
39.983449 116.418107 51238
39.983590 116.418100 51240
39.983787 116.418098 51242
39.983924 116.418055 51244
39.984070 116.418048 51246
39.984226 116.418051 51248
39.984383 116.418070 51250
39.984526 116.418101 51252
39.984673 116.418123 51254
39.984702 116.418066 51256
39.984765 116.418072 51258
39.984825 116.418100 51260
39.984936 116.418105 51262
39.985015 116.418016 51264
39.985098 116.418009 51266
39.985140 116.417993 51268
39.985163 116.417994 51270
39.985174 116.417992 51272
39.985185 116.417993 51274
39.985196 116.417998 51276
39.985209 116.418003 51278
39.985223 116.418008 51280
39.985239 116.418013 51282
39.985255 116.418014 51284
39.985273 116.418002 51286
39.985298 116.417993 51288
39.985322 116.417978 51290
39.985350 116.417944 51292
39.985359 116.417914 51294
39.985423 116.417897 51296
39.985472 116.417881 51298
39.985575 116.417857 51300
39.985749 116.417796 51302
39.986051 116.417685 51304
39.986298 116.417646 51306
39.986480 116.417693 51308
39.986712 116.417851 51310
39.986769 116.417882 51312
39.986802 116.417899 51314
39.986810 116.417894 51316
39.986813 116.417893 51318
39.986822 116.417890 51320
39.986849 116.417883 51322
39.986906 116.417882 51324
39.986974 116.417863 51326
39.987037 116.417829 51328
39.987122 116.417841 51330
39.987200 116.417840 51332
39.987295 116.417833 51334
39.987405 116.417823 51336
39.987512 116.417797 51338
39.987614 116.417882 51340
39.987718 116.417905 51342
39.987873 116.417907 51344
39.987953 116.417880 51346
39.988025 116.417870 51348
39.988064 116.417838 51350
39.988107 116.417807 51352
39.988163 116.417769 51354
39.988271 116.417751 51356
39.988375 116.417726 51358
39.988479 116.417716 51360
39.988615 116.417695 51362
39.988824 116.417667 51364
39.988952 116.417661 51366
39.989140 116.417659 51368
39.989351 116.417665 51370
39.989468 116.417635 51372
39.989594 116.417622 51374
39.989732 116.417622 51376
39.989912 116.417669 51378
39.990084 116.417714 51380
39.990247 116.417768 51382
39.990408 116.417827 51384
39.990572 116.417846 51386
39.990734 116.417793 51388
39.990915 116.417765 51390
39.991043 116.417776 51392
39.991191 116.417768 51394
39.991430 116.417860 51396
39.991577 116.417827 51398
39.991679 116.417827 51400
39.991760 116.417818 51402
39.991898 116.417841 51404
39.991992 116.417831 51406
39.992115 116.417833 51408
39.992226 116.417843 51410
39.992316 116.417889 51412
39.992335 116.417849 51414
39.992356 116.417829 51416
39.992479 116.417825 51418
39.992629 116.417854 51420
39.992793 116.417892 51422
39.992959 116.417933 51424
39.993120 116.417976 51426
39.993274 116.417971 51428
39.993419 116.417944 51430
39.993540 116.417919 51432
39.993614 116.417871 51434
39.993742 116.417889 51436
39.993939 116.417956 51438
39.994079 116.417994 51440
39.994129 116.418035 51442
39.994217 116.418058 51444
39.994250 116.418052 51446
39.994291 116.418090 51448
39.994351 116.418153 51450
39.994432 116.418215 51452
39.994633 116.418271 51454
39.994728 116.418280 51456
39.994798 116.418265 51458
39.994860 116.418262 51460
39.994923 116.418246 51462
39.994979 116.418230 51464
39.995021 116.418194 51466
39.995050 116.418201 51468
39.995051 116.418201 51470
39.995060 116.418173 51472
39.995091 116.418164 51474
39.995199 116.418168 51476
39.995315 116.418187 51478
39.995401 116.418192 51480
39.995462 116.418112 51482
39.995519 116.418120 51484
39.995555 116.418146 51486
39.995614 116.418170 51488
39.995694 116.418180 51490
39.995746 116.418203 51492
39.995829 116.418214 51494
39.995878 116.418225 51496
39.995946 116.418219 51498
39.995971 116.418232 51500
39.995975 116.418233 51502
39.995978 116.418235 51504
39.995976 116.418236 51506
39.995974 116.418236 51508
39.995966 116.418234 51510
39.995884 116.418149 51512
39.995900 116.418127 51514
39.995876 116.418092 51516
39.995884 116.418084 51518
39.995908 116.418073 51520
39.995955 116.418068 51522
39.995987 116.418054 51524
39.996004 116.418040 51526
39.996007 116.418026 51528
39.995992 116.417986 51530
39.996006 116.417966 51532
39.996013 116.417942 51534
39.995996 116.417912 51536
39.996003 116.417890 51538
39.996013 116.417866 51540
39.996028 116.417839 51542
39.996035 116.417815 51544
39.996035 116.417791 51546
39.996028 116.417764 51548
39.996032 116.417740 51550
39.996015 116.417714 51552
39.996024 116.417698 51554
39.996033 116.417666 51556
39.996031 116.417637 51558
39.996017 116.417606 51560
39.996011 116.417575 51562
39.996003 116.417541 51564
39.995983 116.417506 51566
39.995990 116.417485 51568
39.995965 116.417449 51570
39.995982 116.417432 51572
39.995984 116.417431 51574
39.995994 116.417418 51576
39.996025 116.417405 51578
39.996041 116.417389 51580
39.996042 116.417373 51582
39.996057 116.417370 51584
39.996057 116.417370 51586
39.996053 116.417369 51588
39.996050 116.417369 51590
39.996049 116.417369 51592
39.996048 116.417369 51594
39.996047 116.417369 51596
39.996046 116.417369 51598
