39.964670 116.418531 31893
39.964609 116.418517 31895
39.964547 116.418526 31897
39.964484 116.418534 31899
39.964428 116.418546 31901
39.964366 116.418559 31903
39.964321 116.418548 31905
39.964265 116.418541 31907
39.964208 116.418545 31909
39.964148 116.418560 31911
39.964078 116.418558 31913
39.964015 116.418561 31915
39.963948 116.418565 31917
39.963886 116.418576 31919
39.963815 116.418571 31921
39.963743 116.418578 31923
39.963686 116.418576 31925
39.963620 116.418587 31927
39.963552 116.418601 31929
39.963484 116.418593 31931
39.963412 116.418582 31933
39.963352 116.418582 31935
39.963309 116.418590 31937
39.963249 116.418599 31939
39.963197 116.418619 31941
39.963126 116.418621 31943
39.963072 116.418621 31945
39.963019 116.418619 31947
39.962962 116.418632 31949
39.962908 116.418638 31951
39.962858 116.418625 31953
39.962794 116.418628 31955
39.962726 116.418643 31957
39.962670 116.418651 31959
39.962613 116.418655 31961
39.962528 116.418651 31963
39.962444 116.418654 31965
39.962364 116.418647 31967
39.962286 116.418636 31969
39.962212 116.418645 31971
39.962157 116.418662 31973
39.962091 116.418662 31975
39.962026 116.418655 31977
39.961959 116.418649 31979
39.961892 116.418638 31981
39.961824 116.418625 31983
39.961763 116.418610 31985
39.961689 116.418630 31987
39.961626 116.418635 31989
39.961558 116.418636 31991
39.961493 116.418645 31993
39.961437 116.418656 31995
39.961367 116.418653 31997
39.961307 116.418679 31999
39.961249 116.418702 32001
39.961188 116.418713 32003
39.961133 116.418737 32005
39.961080 116.418765 32007
39.961023 116.418784 32009
39.960969 116.418772 32011
39.960927 116.418783 32013
39.960878 116.418780 32015
39.960828 116.418777 32017
39.960771 116.418763 32019
39.960693 116.418719 32021
39.960636 116.418712 32023
39.960610 116.418724 32025
39.960551 116.418716 32027
39.960493 116.418728 32029
39.960436 116.418727 32031
39.960367 116.418724 32033
39.960306 116.418729 32035
39.960250 116.418758 32037
39.960191 116.418749 32039
39.960125 116.418761 32041
39.960065 116.418760 32043
39.960007 116.418744 32045
39.959948 116.418739 32047
39.959893 116.418742 32049
39.959842 116.418742 32051
39.959795 116.418740 32053
39.959737 116.418755 32055
39.959690 116.418746 32057
39.959651 116.418724 32059
39.959616 116.418707 32061
39.959576 116.418701 32063
39.959534 116.418701 32065
39.959485 116.418689 32067
39.959440 116.418691 32069
39.959388 116.418693 32071
39.959339 116.418709 32073
39.959289 116.418702 32075
39.959231 116.418695 32077
39.959167 116.418705 32079
39.959100 116.418696 32081
39.959050 116.418687 32083
39.959002 116.418698 32085
39.958943 116.418686 32087
39.958890 116.418688 32089
39.958834 116.418700 32091
39.958774 116.418714 32093
39.958711 116.418705 32095
39.958651 116.418711 32097
39.958585 116.418708 32099
39.958524 116.418716 32101
39.958491 116.418734 32103
39.958436 116.418747 32105
39.958377 116.418749 32107
39.958319 116.418741 32109
39.958262 116.418744 32111
39.958197 116.418761 32113
39.958143 116.418734 32115
39.958093 116.418706 32117
39.958042 116.418690 32119
39.958018 116.418717 32121
39.957982 116.418716 32123
39.957949 116.418713 32125
39.957907 116.418704 32127
39.957870 116.418700 32129
39.957819 116.418708 32131
39.957773 116.418730 32133
39.957725 116.418739 32135
39.957669 116.418732 32137
39.957606 116.418722 32139
39.957554 116.418719 32141
39.957499 116.418726 32143
39.957443 116.418729 32145
39.957389 116.418726 32147
39.957335 116.418725 32149
39.957265 116.418724 32151
39.957209 116.418728 32153
39.957165 116.418734 32155
39.957118 116.418752 32157
39.957068 116.418743 32159
39.957011 116.418744 32161
39.956967 116.418746 32163
39.956921 116.418750 32165
39.956866 116.418753 32167
39.956810 116.418735 32169
39.956756 116.418739 32171
39.956696 116.418732 32173
39.956633 116.418744 32175
39.956569 116.418760 32177
39.956507 116.418777 32179
39.956448 116.418800 32181
39.956388 116.418768 32183
39.956326 116.418771 32185
39.956269 116.418760 32187
39.956204 116.418763 32189
39.956146 116.418769 32191
39.956097 116.418792 32193
39.956051 116.418790 32195
39.956010 116.418765 32197
39.955974 116.418743 32199
39.955932 116.418724 32201
39.955900 116.418752 32203
39.955878 116.418772 32205
39.955824 116.418758 32207
39.955785 116.418765 32209
39.955747 116.418766 32211
39.955698 116.418774 32213
39.955644 116.418788 32215
39.955596 116.418779 32217
39.955548 116.418786 32219
39.955501 116.418776 32221
39.955448 116.418775 32223
39.955397 116.418765 32225
39.955344 116.418761 32227
39.955289 116.418782 32229
39.955241 116.418811 32231
39.955190 116.418829 32233
39.955138 116.418826 32235
39.955077 116.418813 32237
39.955009 116.418792 32239
39.954955 116.418796 32241
39.954904 116.418780 32243
39.954854 116.418778 32245
39.954805 116.418777 32247
39.954749 116.418758 32249
39.954692 116.418745 32251
39.954637 116.418746 32253
39.954583 116.418744 32255
39.954532 116.418762 32257
39.954482 116.418785 32259
39.954426 116.418800 32261
39.954369 116.418813 32263
39.954316 116.418813 32265
39.954250 116.418805 32267
39.954195 116.418788 32269
39.954132 116.418782 32271
39.954069 116.418778 32273
39.954013 116.418785 32275
39.953974 116.418791 32277
39.953916 116.418785 32279
39.953846 116.418804 32281
39.953772 116.418802 32283
39.953694 116.418800 32285
39.953617 116.418803 32287
39.953542 116.418798 32289
39.953475 116.418800 32291
39.953412 116.418809 32293
39.953335 116.418807 32295
39.953268 116.418838 32297
39.953198 116.418861 32299
39.953115 116.418884 32301
39.953051 116.418887 32303
39.952984 116.418900 32305
39.952933 116.418907 32307
39.952912 116.418902 32309
39.952857 116.418924 32311
39.952799 116.418932 32313
39.952742 116.418925 32315
39.952699 116.418923 32317
39.952654 116.418884 32319
39.952601 116.418890 32321
39.952544 116.418885 32323
39.952485 116.418869 32325
39.952426 116.418847 32327
39.952365 116.418835 32329
39.952309 116.418829 32331
39.952253 116.418840 32333
39.952196 116.418854 32335
39.952137 116.418854 32337
39.952080 116.418848 32339
39.952021 116.418855 32341
39.951962 116.418848 32343
39.951901 116.418851 32345
39.951841 116.418855 32347
39.951769 116.418861 32349
39.951700 116.418868 32351
39.951635 116.418876 32353
39.951573 116.418880 32355
39.951512 116.418884 32357
39.951460 116.418881 32359
39.951393 116.418892 32361
39.951348 116.418880 32363
39.951301 116.418872 32365
39.951258 116.418867 32367
39.951223 116.418887 32369
39.951171 116.418896 32371
39.951116 116.418885 32373
39.951060 116.418887 32375
39.951021 116.418891 32377
39.951009 116.418888 32379
39.951006 116.418908 32381
39.951010 116.418921 32383
39.951016 116.418935 32385
39.951018 116.418936 32387
39.951019 116.418936 32389
39.951019 116.418936 32391
39.951019 116.418936 32393
39.951019 116.418936 32395
39.951019 116.418936 32397
39.951018 116.418937 32399
39.951017 116.418937 32401
39.951016 116.418943 32403
39.951015 116.418962 32405
39.951001 116.419007 32407
39.950986 116.419051 32409
39.950982 116.419087 32411
39.950960 116.419141 32413
39.950935 116.419179 32415
39.950914 116.419218 32417
39.950894 116.419226 32419
39.950873 116.419221 32421
39.950853 116.419229 32423
39.950839 116.419248 32425
39.950809 116.419236 32427
39.950768 116.419224 32429
39.950674 116.419171 32431
39.950574 116.419121 32433
39.950479 116.419087 32435
39.950400 116.419070 32437
39.950338 116.419085 32439
39.950273 116.419083 32441
39.950247 116.419113 32443
39.950220 116.419131 32445
39.950187 116.419140 32447
39.950154 116.419185 32449
39.950141 116.419218 32451
39.950133 116.419276 32453
39.950155 116.419327 32455
39.950159 116.419334 32457
39.950162 116.419350 32459
39.950153 116.419339 32461
39.950151 116.419338 32463
39.950149 116.419337 32465
39.950148 116.419337 32467
39.950147 116.419336 32469
39.950146 116.419336 32471
39.950146 116.419336 32473
39.950147 116.419336 32475
39.950148 116.419336 32477
39.950134 116.419328 32479
39.950124 116.419302 32481
39.950114 116.419285 32483
39.950090 116.419280 32485
39.950088 116.419291 32487
39.950094 116.419294 32489
39.950092 116.419295 32491
39.950091 116.419295 32493
