39.982272 116.418175 34392
39.982359 116.418025 34394
39.982440 116.417903 34396
39.982487 116.417874 34398
39.982530 116.417848 34400
39.982569 116.417836 34402
39.982612 116.417829 34404
39.982658 116.417814 34406
39.982741 116.417852 34408
39.982783 116.417843 34410
39.982830 116.417870 34412
39.982931 116.417914 34414
39.982985 116.417938 34416
39.983166 116.418165 34418
39.983257 116.418228 34420
39.983316 116.418231 34422
39.983377 116.418204 34424
39.983427 116.418159 34426
39.983480 116.418135 34428
39.983540 116.418065 34430
39.983587 116.418018 34432
39.983630 116.417990 34434
39.983673 116.417958 34436
39.983722 116.417927 34438
39.983768 116.417913 34440
39.983832 116.417937 34442
39.983887 116.417951 34444
39.983932 116.417961 34446
39.983971 116.418002 34448
39.984030 116.417984 34450
39.984095 116.417952 34452
39.984159 116.417925 34454
39.984373 116.418244 34456
39.984523 116.418398 34458
39.984607 116.418418 34460
39.984671 116.418447 34462
39.984737 116.418492 34464
39.984796 116.418523 34466
39.984856 116.418537 34468
39.984927 116.418535 34470
39.984989 116.418548 34472
39.985050 116.418586 34474
39.985109 116.418603 34476
39.985164 116.418624 34478
39.985201 116.418613 34480
39.985240 116.418590 34482
39.985341 116.418353 34484
39.985402 116.418100 34486
39.985523 116.418140 34488
39.985631 116.418226 34490
39.985712 116.418256 34492
39.985787 116.418289 34494
39.985872 116.418293 34496
39.985942 116.418299 34498
39.986015 116.418310 34500
39.986081 116.418320 34502
39.986153 116.418327 34504
39.986226 116.418346 34506
39.986322 116.418372 34508
39.986462 116.418378 34510
39.986602 116.418426 34512
39.986677 116.418409 34514
39.986755 116.418402 34516
39.986836 116.418390 34518
39.986901 116.418365 34520
39.986956 116.418340 34522
39.987018 116.418270 34524
39.987057 116.418187 34526
39.987063 116.418207 34528
39.987067 116.418212 34530
39.987075 116.418226 34532
39.987076 116.418226 34534
39.987077 116.418227 34536
39.987084 116.418224 34538
39.987088 116.418222 34540
39.987089 116.418221 34542
39.987089 116.418220 34544
39.987089 116.418220 34546
39.987088 116.418219 34548
39.987088 116.418218 34550
39.987084 116.418217 34552
39.987081 116.418217 34554
39.987076 116.418216 34556
39.987077 116.418216 34558
39.987079 116.418214 34560
39.987082 116.418213 34562
39.987093 116.418196 34564
39.987093 116.418180 34566
39.987051 116.418157 34568
39.987057 116.418159 34570
39.987100 116.418178 34572
39.987142 116.418195 34574
39.987291 116.418278 34576
39.987403 116.418338 34578
39.987470 116.418365 34580
39.987508 116.418360 34582
39.987545 116.418329 34584
39.987671 116.418167 34586
39.987751 116.418120 34588
39.987789 116.418073 34590
39.987821 116.418045 34592
39.987852 116.418009 34594
39.987883 116.417992 34596
39.987907 116.417988 34598
39.987956 116.417964 34600
39.987982 116.417960 34602
39.988016 116.417968 34604
39.988075 116.417967 34606
39.988115 116.417977 34608
39.988140 116.417975 34610
39.988167 116.418027 34612
39.988196 116.418015 34614
39.988245 116.418000 34616
39.988294 116.418005 34618
39.988323 116.418012 34620
39.988363 116.418025 34622
39.988407 116.418065 34624
39.988462 116.418065 34626
39.988509 116.418075 34628
39.988571 116.418083 34630
39.988619 116.418079 34632
39.988672 116.418076 34634
39.988725 116.418067 34636
39.988806 116.417997 34638
39.988875 116.417978 34640
39.988944 116.417952 34642
39.989028 116.417943 34644
39.989098 116.417960 34646
39.989156 116.417949 34648
39.989208 116.417939 34650
39.989243 116.417936 34652
39.989283 116.417933 34654
39.989339 116.417956 34656
39.989396 116.417970 34658
39.989439 116.417992 34660
39.989456 116.417993 34662
39.989484 116.417991 34664
39.989521 116.417984 34666
39.989570 116.417987 34668
39.989607 116.417982 34670
39.989639 116.417933 34672
39.989669 116.417884 34674
39.989702 116.417847 34676
39.989736 116.417817 34678
39.989786 116.417797 34680
39.989910 116.417851 34682
39.990035 116.417952 34684
39.990126 116.418001 34686
39.990197 116.418004 34688
39.990273 116.417968 34690
39.990315 116.417936 34692
39.990353 116.417911 34694
39.990423 116.417887 34696
39.990514 116.417874 34698
39.990553 116.417867 34700
39.990662 116.417882 34702
39.990764 116.417895 34704
39.990859 116.417977 34706
39.990949 116.418001 34708
39.991056 116.418029 34710
39.991148 116.418047 34712
39.991212 116.418038 34714
39.991269 116.418061 34716
39.991339 116.418098 34718
39.991418 116.418120 34720
39.991488 116.418127 34722
39.991566 116.418129 34724
39.991633 116.418127 34726
39.991700 116.418139 34728
39.991771 116.418134 34730
39.991835 116.418145 34732
39.991900 116.418150 34734
39.991961 116.418144 34736
39.992020 116.418146 34738
39.992078 116.418139 34740
39.992141 116.418128 34742
39.992202 116.418127 34744
39.992265 116.418136 34746
39.992328 116.418136 34748
39.992385 116.418131 34750
39.992437 116.418145 34752
39.992479 116.418149 34754
39.992531 116.418139 34756
39.992586 116.418124 34758
39.992638 116.418121 34760
39.992698 116.418092 34762
39.992740 116.418033 34764
39.992783 116.418020 34766
39.992811 116.418016 34768
39.992849 116.417993 34770
39.992898 116.417963 34772
39.992950 116.417921 34774
39.992996 116.417902 34776
39.993068 116.417953 34778
39.993161 116.418027 34780
39.993217 116.418036 34782
39.993253 116.418034 34784
39.993308 116.418055 34786
39.993380 116.418066 34788
39.993445 116.418082 34790
39.993519 116.418123 34792
39.993664 116.418215 34794
39.993732 116.418184 34796
39.993796 116.418231 34798
39.993855 116.418236 34800
39.993897 116.418195 34802
39.993944 116.418223 34804
39.994038 116.418241 34806
39.994104 116.418278 34808
39.994186 116.418276 34810
39.994247 116.418298 34812
39.994311 116.418277 34814
39.994463 116.418268 34816
39.994571 116.418316 34818
39.994653 116.418335 34820
39.994712 116.418326 34822
39.994781 116.418325 34824
39.994844 116.418323 34826
39.994871 116.418327 34828
39.994871 116.418336 34830
39.994961 116.418336 34832
39.995050 116.418329 34834
39.995157 116.418328 34836
39.995202 116.418337 34838
39.995257 116.418354 34840
39.995375 116.418353 34842
39.995430 116.418368 34844
39.995516 116.418369 34846
39.995556 116.418394 34848
39.995544 116.418383 34850
39.995570 116.418357 34852
39.995588 116.418331 34854
39.995596 116.418324 34856
39.995601 116.418308 34858
39.995619 116.418293 34860
39.995656 116.418253 34862
39.995699 116.418213 34864
39.995738 116.418194 34866
39.995745 116.418134 34868
39.995758 116.418064 34870
39.995771 116.418002 34872
39.995777 116.417917 34874
39.995786 116.417855 34876
39.995810 116.417809 34878
39.995830 116.417768 34880
39.995846 116.417723 34882
39.995858 116.417682 34884
39.995884 116.417538 34886
39.995885 116.417513 34888
39.995887 116.417505 34890
39.995894 116.417507 34892
39.995895 116.417508 34894
39.995897 116.417508 34896
39.995913 116.417508 34898
39.995929 116.417504 34900
39.995942 116.417493 34902
39.995947 116.417482 34904
39.995945 116.417473 34906
39.995939 116.417473 34908
39.995932 116.417477 34910
39.995930 116.417485 34912
39.995930 116.417487 34914
39.995931 116.417486 34916
39.995930 116.417486 34918
39.995931 116.417486 34920
39.995932 116.417486 34922
39.995932 116.417486 34924
40.001903 116.415883 34990
40.001744 116.415918 34992
