39.974483 116.302643 36203
39.974450 116.302760 36205
39.974410 116.302882 36207
39.974378 116.303013 36209
39.974347 116.303142 36211
39.974313 116.303260 36213
39.974302 116.303387 36215
39.974288 116.303557 36217
39.974290 116.303702 36219
39.974282 116.303842 36221
39.974268 116.303988 36223
39.974258 116.304122 36225
39.974262 116.304248 36227
39.974272 116.304378 36230
39.974267 116.304522 36233
39.974280 116.304678 36236
39.974330 116.304830 36238
39.974365 116.304987 36240
39.974412 116.305180 36242
39.974443 116.305357 36244
39.974465 116.305540 36246
39.974490 116.305737 36248
39.974518 116.305943 36250
39.974538 116.306133 36252
39.974560 116.306327 36254
39.974568 116.306505 36256
39.974573 116.306668 36258
39.974597 116.306862 36260
39.974590 116.307035 36262
39.974588 116.307207 36264
39.974597 116.307402 36266
39.974598 116.307583 36268
39.974613 116.307782 36270
39.974632 116.307992 36272
39.974643 116.308203 36274
39.974653 116.308320 36275
39.974668 116.308437 36276
39.974685 116.308642 36278
39.974695 116.308837 36280
39.974697 116.309023 36282
39.974693 116.309198 36284
39.974698 116.309350 36286
39.974717 116.309517 36288
39.974740 116.309660 36290
39.974758 116.309788 36292
39.974782 116.309958 36295
39.974798 116.310082 36298
39.974822 116.310168 36303
39.974840 116.310308 36307
39.974860 116.310457 36310
39.974870 116.310588 36312
39.974867 116.310717 36314
39.974875 116.310845 36316
39.974875 116.310968 36318
39.974883 116.311113 36320
39.974895 116.311262 36322
39.974910 116.311402 36324
39.974912 116.311558 36327
39.974920 116.311683 36330
39.974938 116.311812 36333
39.974950 116.312032 36336
39.974923 116.312145 36338
39.974897 116.312265 36343
39.974907 116.312262 36348
39.974858 116.312333 36353
39.974838 116.312373 36358
39.974845 116.312383 36363
39.974870 116.312407 36368
39.974860 116.312527 36373
39.974875 116.312703 36376
39.974875 116.312817 36379
39.974863 116.312885 36384
39.974842 116.312887 36389
39.974845 116.312887 36394
39.974845 116.312887 36397
39.974852 116.312890 36399
39.974805 116.312985 36404
39.974795 116.313105 36407
39.974763 116.313263 36410
39.974725 116.313378 36412
39.974728 116.313533 36414
39.974777 116.313730 36416
39.974818 116.313835 36417
39.974847 116.314023 36419
39.974865 116.314222 36421
39.974910 116.314417 36423
39.974958 116.314598 36425
39.975013 116.314778 36427
39.975040 116.314978 36429
39.975037 116.315097 36430
39.975058 116.315292 36432
39.975055 116.315495 36434
39.975087 116.315723 36436
39.975140 116.315925 36438
39.975192 116.316117 36440
39.975228 116.316288 36442
39.975180 116.316423 36443
39.975175 116.316587 36445
39.975128 116.316730 36446
39.975073 116.316873 36447
39.975032 116.316992 36448
39.974992 116.317097 36449
39.974968 116.317265 36451
39.974965 116.317385 36453
39.974938 116.317513 36455
39.974903 116.317620 36460
39.974915 116.317663 36465
39.974900 116.317795 36468
39.974920 116.317963 36471
39.974932 116.318108 36473
39.974943 116.318245 36475
39.974965 116.318360 36477
39.974967 116.318505 36480
39.974987 116.318625 36483
39.974993 116.318723 36488
39.974995 116.318888 36492
39.975010 116.319008 36494
39.975020 116.319143 36496
39.975030 116.319300 36498
39.975045 116.319473 36500
39.975052 116.319630 36502
39.975062 116.319757 36504
39.975063 116.319897 36508
39.975055 116.319940 36513
39.975065 116.319940 36518
39.975075 116.320093 36523
39.975070 116.320243 36526
39.975085 116.320415 36529
39.975105 116.320550 36532
39.975178 116.320562 36537
39.975207 116.320627 36542
39.975238 116.320737 36544
39.975253 116.320877 36546
39.975262 116.321072 36548
39.975242 116.321240 36550
39.975235 116.321443 36552
39.975245 116.321568 36553
39.975245 116.321687 36554
39.975265 116.321817 36555
39.975273 116.321953 36556
39.975263 116.322070 36557
39.975262 116.322190 36558
39.975258 116.322422 36560
39.975248 116.322540 36561
39.975237 116.322658 36562
39.975243 116.322893 36564
39.975248 116.323010 36565
39.975263 116.323127 36566
39.975277 116.323248 36567
39.975282 116.323378 36568
39.975287 116.323500 36569
39.975293 116.323630 36570
39.975313 116.323747 36571
39.975312 116.323863 36572
39.975305 116.323992 36573
39.975305 116.324117 36574
39.975310 116.324233 36575
39.975310 116.324357 36576
39.975317 116.324585 36578
39.975322 116.324818 36580
39.975327 116.325045 36582
39.975327 116.325265 36584
39.975323 116.325483 36586
39.975333 116.325695 36588
39.975327 116.325887 36590
39.975313 116.326078 36592
39.975312 116.326257 36594
39.975317 116.326428 36596
39.975298 116.326575 36598
39.975325 116.326712 36600
39.975337 116.326862 36603
39.975350 116.327022 36606
39.975360 116.327100 36611
39.975368 116.327097 36616
39.975367 116.327093 36621
39.975367 116.327093 36624
39.975363 116.327090 36626
39.975363 116.327075 36631
39.975372 116.327065 36636
39.975372 116.327065 36639
39.975368 116.327072 36641
39.975367 116.327060 36646
39.975357 116.327075 36651
39.975357 116.327075 36654
39.975362 116.327067 36656
39.975407 116.326993 36661
39.975393 116.327002 36666
39.975383 116.327043 36671
39.975448 116.326995 36676
39.975473 116.326945 36681
39.975432 116.327067 36686
39.975403 116.327192 36689
39.975395 116.327287 36694
39.975395 116.327322 36699
39.975418 116.327307 36704
39.975440 116.327315 36709
39.975383 116.327365 36714
39.975315 116.327412 36719
39.975393 116.327345 36723
39.975393 116.327345 36726
39.975387 116.327338 36728
39.975343 116.327420 36733
39.975348 116.327400 36738
39.975348 116.327400 36741
39.975357 116.327407 36743
39.975450 116.327322 36745
39.975440 116.327305 36750
39.975412 116.327357 36755
39.975445 116.327413 36760
39.975463 116.327498 36765
39.975565 116.327533 36769
39.975692 116.327533 36772
39.975778 116.327495 36774
39.975943 116.327432 36776
39.976125 116.327375 36778
39.976275 116.327365 36780
39.976443 116.327362 36782
39.976535 116.327350 36783
39.976630 116.327328 36784
39.976793 116.327312 36786
39.976975 116.327307 36788
39.977130 116.327297 36790
39.977287 116.327282 36792
39.977443 116.327267 36794
39.977587 116.327265 36796
39.977700 116.327258 36798
39.977798 116.327253 36802
