39.971760 116.324550 8277
39.971762 116.324552 8278
39.971763 116.324552 8282
39.971763 116.324552 8286
39.971763 116.324552 8290
39.971763 116.324552 8292
39.971763 116.324552 8294
39.971735 116.324540 8298
39.971743 116.324538 8300
39.971798 116.324522 8302
39.971850 116.324533 8304
39.972357 116.324790 8312
39.972365 116.324728 8314
39.972348 116.324710 8316
39.972365 116.324692 8318
39.972373 116.324693 8320
39.972375 116.324718 8322
39.972383 116.324738 8324
39.972375 116.324710 8326
39.972357 116.324670 8328
39.972345 116.324672 8330
39.972318 116.324655 8332
39.972300 116.324670 8334
39.972273 116.324695 8336
39.972237 116.324713 8338
39.972213 116.324728 8340
39.972185 116.324700 8342
39.972155 116.324678 8344
39.972140 116.324685 8346
39.972122 116.324700 8348
39.972147 116.324768 8350
39.972138 116.324803 8352
39.972147 116.324842 8354
39.972170 116.324892 8356
39.972182 116.324940 8358
39.972203 116.324977 8360
39.972220 116.325017 8362
39.972233 116.325045 8364
39.972245 116.325077 8366
39.972242 116.325113 8368
39.972237 116.325145 8370
39.972233 116.325167 8372
39.972225 116.325187 8374
39.972202 116.325200 8376
39.972183 116.325202 8378
39.972183 116.325235 8380
39.972182 116.325272 8382
39.972182 116.325310 8384
39.972193 116.325353 8386
39.972205 116.325388 8388
39.972212 116.325418 8390
39.972237 116.325465 8392
39.972248 116.325503 8394
39.972262 116.325532 8396
39.972258 116.325562 8398
39.972268 116.325568 8400
39.972265 116.325602 8402
39.972267 116.325627 8404
39.972260 116.325660 8406
39.972262 116.325700 8408
39.972277 116.325730 8410
39.972287 116.325768 8412
39.972302 116.325803 8414
39.972307 116.325837 8416
39.972323 116.325868 8418
39.972338 116.325910 8420
39.972358 116.325955 8422
39.972372 116.326003 8424
39.972382 116.326050 8426
39.972380 116.326092 8428
39.972377 116.326140 8430
39.972355 116.326177 8432
39.972355 116.326203 8434
39.972363 116.326233 8436
39.972365 116.326250 8438
39.972395 116.326310 8440
39.972400 116.326335 8442
39.972420 116.326380 8444
39.972435 116.326410 8446
39.972450 116.326443 8448
39.972465 116.326482 8450
39.972480 116.326512 8452
39.972490 116.326537 8454
39.972498 116.326565 8456
39.972510 116.326605 8458
39.972533 116.326647 8460
39.972565 116.326692 8462
39.972577 116.326722 8464
39.972587 116.326765 8466
39.972598 116.326805 8468
39.972607 116.326852 8470
39.972628 116.326898 8472
39.972660 116.326958 8474
39.972710 116.327008 8476
39.972760 116.327058 8478
39.972788 116.327100 8480
39.972795 116.327117 8482
39.972802 116.327152 8484
39.972808 116.327215 8486
39.972828 116.327268 8488
39.972820 116.327317 8490
39.972812 116.327355 8492
39.972817 116.327395 8494
39.972818 116.327418 8496
39.972815 116.327428 8498
39.972805 116.327432 8500
39.972787 116.327440 8502
39.972770 116.327452 8504
39.972760 116.327467 8506
39.972757 116.327478 8508
39.972748 116.327498 8510
39.972728 116.327492 8512
39.972727 116.327503 8514
39.972733 116.327487 8516
39.972757 116.327487 8520
39.972757 116.327487 8524
39.972757 116.327487 8528
39.972757 116.327487 8530
39.972757 116.327487 8532
39.972768 116.327473 8536
39.972803 116.327447 8540
39.972832 116.327440 8542
39.972850 116.327403 8544
39.972878 116.327395 8546
39.972908 116.327392 8548
39.972928 116.327377 8550
39.972957 116.327350 8554
39.972975 116.327328 8558
39.972968 116.327323 8562
39.972968 116.327317 8566
39.972968 116.327317 8570
39.972968 116.327317 8574
39.972968 116.327317 8576
39.972967 116.327313 8578
39.973025 116.327290 8582
39.973072 116.327297 8584
39.973103 116.327302 8586
39.973160 116.327312 8588
39.973217 116.327318 8590
39.973285 116.327332 8592
39.973323 116.327338 8594
39.973388 116.327352 8596
39.973447 116.327358 8598
39.973475 116.327362 8600
39.973502 116.327358 8602
39.973585 116.327370 8606
39.973667 116.327390 8610
39.973683 116.327382 8612
39.973747 116.327385 8616
39.973775 116.327390 8618
39.973833 116.327378 8622
39.973887 116.327310 8626
39.973923 116.327295 8628
39.973970 116.327293 8630
39.974005 116.327282 8632
39.974028 116.327285 8634
39.974058 116.327293 8636
39.974078 116.327305 8638
39.974100 116.327322 8640
39.974110 116.327337 8642
39.974145 116.327360 8646
39.974140 116.327335 8648
39.974145 116.327320 8652
39.974160 116.327305 8654
39.974197 116.327305 8656
39.974233 116.327297 8658
39.974275 116.327295 8660
39.974345 116.327298 8664
39.974367 116.327268 8668
39.974407 116.327240 8672
39.974460 116.327208 8676
39.974475 116.327200 8678
39.974505 116.327142 8682
39.974538 116.327130 8684
39.974558 116.327112 8686
39.974598 116.327118 8688
39.974762 116.327178 8692
39.974808 116.327178 8694
39.974850 116.327173 8696
39.974860 116.327192 8698
39.974860 116.327232 8700
39.974877 116.327252 8702
39.974898 116.327265 8704
39.975065 116.327373 8708
39.975135 116.327457 8710
39.975193 116.327505 8712
39.975363 116.327548 8716
39.975548 116.327582 8718
39.975540 116.327553 8720
39.975547 116.327532 8722
39.975543 116.327647 8724
39.975305 116.327642 8726
39.975198 116.327653 8728
39.975200 116.327690 8730
39.975240 116.327743 8732
39.975187 116.327733 8734
39.975132 116.327723 8736
39.975088 116.327743 8738
39.975057 116.327748 8740
39.975033 116.327797 8742
39.975018 116.327835 8744
39.975017 116.327877 8746
39.975002 116.327907 8748
39.975017 116.327945 8750
39.975018 116.327983 8752
39.975018 116.328017 8754
39.975032 116.328005 8756
39.975078 116.328055 8760
39.975150 116.328138 8764
39.975093 116.328165 8766
39.975022 116.328152 8768
39.975282 116.328307 8770
39.975458 116.328428 8772
39.975540 116.328495 8774
39.975580 116.328548 8776
39.975615 116.328618 8778
39.975613 116.328657 8780
39.975558 116.328707 8782
39.975590 116.328753 8784
39.975630 116.328817 8786
39.975638 116.328818 8788
39.975693 116.328853 8792
39.975683 116.328870 8796
39.975707 116.328890 8798
39.975702 116.328937 8800
39.975650 116.328975 8802
39.975610 116.329008 8806
39.975623 116.329058 8808
39.975633 116.329095 8810
39.975652 116.329118 8812
39.975630 116.329180 8816
39.975623 116.329198 8818
39.975607 116.329253 8822
39.975553 116.329275 8824
39.975395 116.329343 8828
39.975345 116.329373 8830
39.975320 116.329370 8832
39.975325 116.329237 8836
39.975307 116.329155 8840
39.975323 116.329122 8842
39.975330 116.329110 8844
39.975330 116.329110 8846
39.975328 116.329110 8848
39.975338 116.329112 8852
39.975338 116.329088 8854
39.975343 116.329073 8856
39.975367 116.329085 8858
39.975403 116.329102 8862
39.975398 116.329043 8866
39.975425 116.329068 8870
39.975390 116.329052 8874
