39.980424 116.309923 31510
39.980386 116.309985 31512
39.980393 116.310051 31514
39.980411 116.310079 31516
39.980411 116.310079 31518
39.980411 116.310080 31520
39.980410 116.310080 31522
39.980409 116.310078 31524
39.980409 116.310077 31526
39.980408 116.310079 31528
39.980407 116.310080 31530
39.980406 116.310078 31532
39.980406 116.310075 31534
39.980406 116.310071 31536
39.980406 116.310066 31538
39.980406 116.310060 31540
39.980361 116.310065 31542
39.980280 116.310073 31544
39.980175 116.310097 31546
39.980140 116.310108 31548
39.980120 116.310120 31550
39.980031 116.310144 31552
39.979988 116.310173 31554
39.979943 116.310195 31556
39.979926 116.310252 31558
39.979671 116.310344 31676
39.979629 116.310361 31678
39.979588 116.310361 31680
39.979549 116.310374 31682
39.979511 116.310371 31684
39.979479 116.310375 31686
39.979442 116.310413 31688
39.979424 116.310419 31690
39.979397 116.310433 31692
39.979370 116.310434 31694
39.979320 116.310504 31696
39.979264 116.310570 31698
39.979244 116.310606 31700
39.979229 116.310628 31702
39.979228 116.310632 31704
39.979227 116.310634 31706
39.979226 116.310636 31708
39.979220 116.310654 31710
39.979218 116.310668 31712
39.979205 116.310690 31714
39.979204 116.310682 31716
39.979201 116.310682 31718
39.979201 116.310684 31720
39.979199 116.310687 31722
39.979183 116.310684 31724
39.979163 116.310654 31726
39.979140 116.310651 31728
39.979117 116.310644 31730
39.979116 116.310645 31732
39.979115 116.310645 31734
39.979114 116.310645 31736
39.979116 116.310638 31738
39.979112 116.310622 31740
39.979115 116.310614 31742
39.979108 116.310614 31744
39.979094 116.310611 31746
39.979081 116.310619 31748
39.979070 116.310625 31750
39.979061 116.310628 31752
39.979049 116.310631 31754
39.979040 116.310639 31756
39.979038 116.310643 31758
39.979029 116.310641 31760
39.979022 116.310645 31762
39.979021 116.310648 31764
39.979011 116.310661 31766
39.979005 116.310670 31768
39.978995 116.310678 31770
39.978991 116.310692 31772
39.978987 116.310710 31774
39.978987 116.310718 31776
39.978984 116.310727 31778
39.978984 116.310727 31780
39.978985 116.310728 31782
39.978985 116.310727 31784
39.978981 116.310719 31786
39.978984 116.310719 31788
39.978985 116.310720 31790
39.978985 116.310726 31792
39.978985 116.310732 31794
39.978996 116.310736 31796
39.979018 116.310731 31798
39.979040 116.310725 31800
39.979058 116.310720 31802
39.979081 116.310719 31804
39.979094 116.310712 31806
39.979116 116.310700 31808
39.979155 116.310640 31810
39.979190 116.310614 31812
39.979220 116.310593 31814
39.979267 116.310531 31816
39.979276 116.310535 31818
39.979366 116.310678 31820
39.979461 116.310827 31822
39.979541 116.310958 31824
39.979600 116.311006 31826
39.979638 116.311014 31828
39.979649 116.311054 31830
39.979667 116.311063 31832
39.979670 116.311070 31834
39.979681 116.311075 31836
39.979696 116.311099 31838
39.979698 116.311118 31840
39.979697 116.311130 31842
39.979697 116.311142 31844
39.979694 116.311150 31846
39.979697 116.311170 31848
39.979699 116.311198 31850
39.979700 116.311221 31852
39.979694 116.311250 31854
39.979695 116.311273 31856
39.979693 116.311295 31858
39.979685 116.311349 31860
39.979659 116.311457 31862
39.979658 116.311540 31864
39.979665 116.311603 31866
39.979672 116.311661 31868
39.979563 116.311843 31870
39.979543 116.311859 31872
39.979545 116.311872 31874
39.979551 116.311878 31876
39.979580 116.311884 31878
39.979579 116.311883 31880
39.979579 116.311878 31882
39.979579 116.311876 31884
39.979579 116.311879 31886
39.979578 116.311884 31888
39.979576 116.311904 31890
39.979557 116.311947 31892
39.979553 116.311985 31894
39.979544 116.312025 31896
39.979539 116.312126 31898
39.979525 116.312181 31900
39.979504 116.312206 31902
39.979587 116.312463 32006
39.979608 116.312543 32008
39.979621 116.312607 32010
39.979621 116.312640 32012
39.979625 116.312679 32014
39.979625 116.312719 32016
39.979618 116.312763 32018
39.979630 116.312797 32020
39.979631 116.312816 32022
39.979637 116.312847 32024
39.979656 116.312871 32026
39.979693 116.312905 32028
39.979711 116.312900 32030
39.979712 116.312887 32032
39.979741 116.312883 32034
39.979749 116.312899 32036
39.979756 116.312916 32038
39.979766 116.312934 32040
39.979770 116.312956 32042
39.979765 116.312976 32044
39.979773 116.312961 32046
39.979769 116.312972 32048
39.979760 116.312995 32050
39.979758 116.313004 32052
39.979764 116.313036 32054
39.979771 116.313057 32056
39.979776 116.313066 32058
39.979776 116.313070 32060
39.979775 116.313072 32062
39.979775 116.313073 32064
39.979775 116.313071 32066
39.979775 116.313071 32068
39.979775 116.313071 32070
39.979775 116.313072 32072
39.979772 116.313084 32074
39.979768 116.313104 32076
39.979757 116.313119 32078
39.979753 116.313129 32080
39.979751 116.313132 32082
39.979749 116.313131 32084
39.979749 116.313132 32086
39.979749 116.313134 32088
39.979748 116.313137 32090
39.979748 116.313139 32092
39.979747 116.313142 32094
39.979747 116.313146 32096
39.979746 116.313150 32098
39.979745 116.313155 32100
39.979745 116.313158 32102
39.979745 116.313160 32104
39.979744 116.313162 32106
39.979743 116.313165 32108
39.979743 116.313167 32110
