39.881606 116.344014 35190
39.881615 116.344002 35192
39.881585 116.344011 35194
39.881567 116.344015 35196
39.881564 116.344015 35198
39.881559 116.344015 35200
39.881559 116.344014 35202
39.881560 116.344014 35204
39.881559 116.344014 35206
39.881556 116.344014 35208
39.881553 116.344014 35210
39.881551 116.344014 35212
39.881549 116.344014 35214
39.881545 116.344014 35216
39.881541 116.344014 35218
39.881540 116.344014 35220
39.881563 116.344006 35222
39.881606 116.343991 35224
39.881678 116.343963 35226
39.881765 116.343942 35228
39.881853 116.343920 35230
39.881956 116.343901 35232
39.882088 116.343890 35234
39.882236 116.343880 35236
39.882377 116.343875 35238
39.882505 116.343879 35240
39.882697 116.343855 35242
39.882921 116.343880 35244
39.883127 116.343901 35246
39.883293 116.343902 35248
39.883462 116.343890 35250
39.883625 116.343881 35252
39.883810 116.343872 35254
39.884021 116.343877 35256
39.884191 116.343876 35258
39.884354 116.343892 35260
39.884490 116.343899 35262
39.884625 116.343914 35264
39.884749 116.343936 35266
39.884854 116.343967 35268
39.884940 116.344003 35270
39.885030 116.344028 35272
39.885095 116.344052 35274
39.885093 116.344110 35276
39.885097 116.344083 35278
39.885095 116.344083 35280
39.885092 116.344082 35282
39.885091 116.344081 35284
39.885090 116.344080 35286
39.885089 116.344081 35288
39.885094 116.344080 35290
39.885110 116.344085 35292
39.885163 116.344084 35294
39.885209 116.344080 35296
39.885276 116.344073 35298
39.885374 116.344068 35300
39.885446 116.344062 35302
39.885498 116.344063 35304
39.885558 116.344071 35306
39.885601 116.344055 35308
39.885670 116.344065 35310
39.885735 116.344086 35312
39.885847 116.344131 35314
39.885884 116.344241 35316
39.885908 116.344238 35318
39.885924 116.344246 35320
39.885927 116.344247 35322
39.885929 116.344248 35324
39.885931 116.344248 35326
39.885931 116.344249 35328
39.885934 116.344249 35330
39.885940 116.344250 35332
39.885951 116.344250 35334
39.886060 116.344207 35336
39.886083 116.344217 35338
39.886217 116.344255 35340
39.886353 116.344259 35342
39.886432 116.344287 35344
39.886465 116.344279 35346
39.886531 116.344293 35348
39.886620 116.344303 35350
39.886735 116.344306 35352
39.886827 116.344313 35354
39.886847 116.344323 35356
39.886834 116.344325 35358
39.886833 116.344324 35360
39.886832 116.344323 35362
39.886831 116.344323 35364
39.886838 116.344320 35366
39.886841 116.344304 35368
39.886898 116.344281 35370
39.887071 116.344318 35372
39.887184 116.344325 35374
39.887258 116.344327 35376
39.887289 116.344332 35378
39.887312 116.344333 35380
39.887314 116.344334 35382
39.887314 116.344334 35384
39.887312 116.344333 35386
39.887313 116.344333 35388
39.887314 116.344333 35390
39.887315 116.344333 35392
39.887316 116.344333 35394
39.887315 116.344333 35396
39.887315 116.344333 35398
39.887315 116.344332 35400
39.887317 116.344333 35402
39.887319 116.344333 35404
39.887322 116.344333 35406
39.887326 116.344334 35408
39.887339 116.344331 35410
39.887414 116.344278 35412
39.887485 116.344287 35414
39.887552 116.344322 35416
39.887666 116.344347 35418
39.887747 116.344386 35420
39.887806 116.344439 35422
39.887862 116.344491 35424
39.887926 116.344533 35426
39.887966 116.344571 35428
39.887989 116.344621 35430
39.888012 116.344653 35432
39.888026 116.344673 35434
39.888032 116.344684 35436
39.888042 116.344690 35438
39.888059 116.344691 35440
39.888072 116.344701 35442
39.888076 116.344714 35444
39.888081 116.344721 35446
39.888069 116.344752 35448
39.888037 116.344796 35450
39.888019 116.344815 35452
39.887989 116.344842 35454
39.887964 116.344869 35456
39.887951 116.344887 35458
39.887952 116.344900 35460
39.887965 116.344920 35462
39.888000 116.344953 35464
39.888125 116.345105 35466
39.888222 116.345074 35468
39.888315 116.344997 35470
39.888418 116.344930 35472
39.888552 116.344813 35474
39.888657 116.344710 35476
39.888787 116.344627 35478
39.888920 116.344545 35480
39.889071 116.344466 35482
39.889219 116.344417 35484
39.889354 116.344411 35486
39.889521 116.344375 35488
39.889685 116.344318 35490
39.889857 116.344303 35492
39.890035 116.344289 35494
39.890224 116.344259 35496
39.890393 116.344250 35498
39.890557 116.344245 35500
39.890729 116.344225 35502
39.890902 116.344176 35504
39.891081 116.344130 35506
39.891270 116.344113 35508
39.891449 116.344104 35510
39.891594 116.344076 35512
39.891730 116.344065 35514
39.891786 116.344065 35516
39.891831 116.344065 35518
39.891835 116.344081 35520
39.891850 116.344097 35522
39.891901 116.344087 35524
39.891973 116.344080 35526
39.892043 116.344066 35528
39.892106 116.344061 35530
39.892167 116.344064 35532
39.892209 116.344080 35534
39.892221 116.344076 35536
39.892229 116.344073 35538
39.892233 116.344073 35540
39.892235 116.344073 35542
39.892238 116.344073 35544
39.892243 116.344073 35546
39.892273 116.344067 35548
39.892336 116.344045 35550
39.892431 116.344004 35552
39.892536 116.343971 35554
39.892656 116.343951 35556
39.892773 116.343934 35558
39.892896 116.343930 35560
39.893030 116.343911 35562
39.893176 116.343896 35564
39.893313 116.343886 35566
39.893475 116.343871 35568
39.893650 116.343871 35570
39.893827 116.343870 35572
39.893992 116.343859 35574
39.894164 116.343847 35576
39.894339 116.343844 35578
39.894490 116.343856 35580
39.894648 116.343886 35582
39.894806 116.343910 35584
39.894959 116.343909 35586
39.895074 116.343916 35588
39.895190 116.343904 35590
39.895228 116.344046 35592
39.895288 116.344031 35594
39.895176 116.344375 35596
39.895268 116.344430 35598
39.895335 116.344472 35600
39.895369 116.344437 35602
39.895295 116.344374 35604
39.895318 116.344218 35606
39.895413 116.343460 35608
39.895446 116.343238 35610
39.895450 116.343050 35612
39.895450 116.342892 35614
39.895442 116.342742 35616
39.895434 116.342605 35618
39.895427 116.342495 35620
39.895417 116.342415 35622
39.895412 116.342329 35624
39.895398 116.342267 35626
39.895392 116.342234 35628
39.895375 116.342180 35630
39.895422 116.342122 35632
39.895483 116.342101 35634
39.895555 116.342122 35636
39.895654 116.342204 35638
39.895799 116.342272 35640
39.895915 116.342329 35642
39.896073 116.342435 35644
39.896215 116.342479 35646
39.896323 116.342495 35648
39.896425 116.342503 35650
39.896559 116.342492 35652
39.896732 116.342477 35654
39.896902 116.342429 35656
39.897099 116.342382 35658
39.897249 116.342330 35660
39.897375 116.342292 35662
39.897505 116.342276 35664
39.897602 116.342273 35666
39.897671 116.342291 35668
39.897755 116.342293 35670
39.897851 116.342302 35672
39.897930 116.342285 35674
39.898035 116.342268 35676
39.898143 116.342259 35678
39.898216 116.342251 35680
39.898256 116.342239 35682
39.898245 116.342251 35684
39.898231 116.342243 35686
39.898229 116.342243 35688
39.898227 116.342242 35690
39.898226 116.342242 35692
39.898229 116.342242 35694
39.898234 116.342242 35696
39.898248 116.342243 35698
39.898273 116.342222 35700
39.898299 116.342186 35702
39.898303 116.342153 35704
39.898301 116.342133 35706
39.898301 116.342113 35708
39.898304 116.342096 35710
39.898302 116.342088 35712
39.898299 116.342084 35714
39.898298 116.342083 35716
39.898296 116.342083 35718
39.898294 116.342083 35720
39.898291 116.342082 35722
39.898288 116.342081 35724
39.898285 116.342081 35726
39.898281 116.342080 35728
39.898283 116.342082 35730
39.898286 116.342083 35732
39.898287 116.342084 35734
39.898290 116.342086 35736
39.898294 116.342088 35738
39.898296 116.342088 35740
39.898297 116.342088 35742
39.898295 116.342087 35744
39.898300 116.342088 35746
39.898321 116.342093 35748
39.898335 116.342089 35750
39.898361 116.342080 35752
39.898396 116.342053 35754
39.898416 116.342039 35756
39.898429 116.342044 35758
39.898466 116.342063 35760
39.898485 116.342073 35762
39.898507 116.342078 35764
39.898521 116.342089 35766
39.898551 116.342096 35768
39.898579 116.342105 35770
39.898612 116.342095 35772
39.898631 116.342090 35774
39.898652 116.342085 35776
39.898665 116.342055 35778
39.898695 116.342054 35780
39.898731 116.342067 35782
39.898769 116.342058 35784
39.898801 116.342071 35786
39.898824 116.342066 35788
39.898846 116.342045 35790
