39.988423 116.309721 19914
39.988367 116.309730 19916
39.988367 116.309730 19916
39.988305 116.309741 19918
39.988305 116.309741 19918
39.988246 116.309747 19920
39.988246 116.309747 19920
39.988188 116.309757 19922
39.988188 116.309757 19922
39.988128 116.309765 19924
39.988128 116.309765 19924
39.988069 116.309765 19926
39.988069 116.309765 19926
39.988010 116.309772 19928
39.988010 116.309772 19928
39.987955 116.309775 19930
39.987955 116.309775 19930
39.987890 116.309772 19932
39.987890 116.309772 19932
39.987829 116.309771 19934
39.987829 116.309771 19934
39.987768 116.309757 19936
39.987768 116.309757 19936
39.987713 116.309764 19938
39.987713 116.309764 19938
39.987657 116.309788 19940
39.987657 116.309788 19940
39.987602 116.309801 19942
39.987602 116.309801 19942
39.987543 116.309811 19944
39.987543 116.309811 19944
39.987494 116.309827 19946
39.987494 116.309827 19946
39.987436 116.309827 19948
39.987436 116.309827 19948
39.987391 116.309832 19950
39.987391 116.309832 19950
39.987342 116.309831 19952
39.987342 116.309831 19952
39.987284 116.309816 19954
39.987284 116.309816 19954
39.987217 116.309816 19956
39.987217 116.309816 19956
39.987153 116.309818 19958
39.987153 116.309818 19958
39.987097 116.309796 19960
39.987097 116.309796 19960
39.987041 116.309811 19962
39.987041 116.309811 19962
39.986982 116.309824 19964
39.986982 116.309824 19964
39.986928 116.309841 19966
39.986928 116.309841 19966
39.986881 116.309853 19968
39.986881 116.309853 19968
39.986832 116.309864 19970
39.986832 116.309864 19970
39.986782 116.309878 19972
39.986782 116.309878 19972
39.986734 116.309888 19974
39.986734 116.309888 19974
39.986684 116.309888 19976
39.986684 116.309888 19976
39.986636 116.309891 19978
39.986636 116.309891 19978
39.986584 116.309895 19980
39.986584 116.309895 19980
39.986531 116.309891 19982
39.986531 116.309891 19982
39.986484 116.309898 19984
39.986484 116.309898 19984
39.986433 116.309893 19986
39.986433 116.309893 19986
39.986374 116.309871 19988
39.986374 116.309871 19988
39.986326 116.309869 19990
39.986326 116.309869 19990
39.986282 116.309866 19992
39.986282 116.309866 19992
39.986253 116.309866 19994
39.986253 116.309866 19994
39.986229 116.309862 19996
39.986229 116.309862 19996
39.986193 116.309863 19998
39.986193 116.309863 19998
39.986158 116.309881 20000
39.986158 116.309881 20000
39.986117 116.309893 20002
39.986117 116.309893 20002
39.986070 116.309903 20004
39.986070 116.309903 20004
39.986021 116.309909 20006
39.986021 116.309909 20006
39.985972 116.309917 20008
39.985972 116.309917 20008
39.985928 116.309922 20010
39.985928 116.309922 20010
39.985881 116.309929 20012
39.985881 116.309929 20012
39.985831 116.309940 20014
39.985831 116.309940 20014
39.985781 116.309943 20016
39.985781 116.309943 20016
39.985732 116.309942 20018
39.985732 116.309942 20018
39.985680 116.309948 20020
39.985680 116.309948 20020
39.985633 116.309945 20022
39.985633 116.309945 20022
39.985580 116.309944 20024
39.985580 116.309944 20024
39.985537 116.309950 20026
39.985537 116.309950 20026
39.985485 116.309957 20028
39.985485 116.309957 20028
39.985431 116.309953 20030
39.985431 116.309953 20030
39.985384 116.309933 20032
39.985384 116.309933 20032
39.985335 116.309912 20034
39.985335 116.309912 20034
39.985275 116.309873 20036
39.985275 116.309873 20036
39.985220 116.309843 20038
39.985220 116.309843 20038
39.985159 116.309815 20040
39.985159 116.309815 20040
39.985102 116.309787 20042
39.985102 116.309787 20042
39.985051 116.309768 20044
39.985051 116.309768 20044
39.984999 116.309757 20046
39.984999 116.309757 20046
39.984928 116.309717 20048
39.984928 116.309717 20048
39.984874 116.309712 20050
39.984874 116.309712 20050
39.984824 116.309718 20052
39.984824 116.309718 20052
39.984762 116.309697 20054
39.984762 116.309697 20054
39.984717 116.309705 20056
39.984717 116.309705 20056
39.984672 116.309728 20058
39.984672 116.309728 20058
39.984633 116.309751 20060
39.984633 116.309751 20060
39.984614 116.309780 20062
39.984614 116.309780 20062
39.984594 116.309798 20064
39.984594 116.309798 20064
39.984575 116.309815 20066
39.984575 116.309815 20066
39.984547 116.309820 20068
39.984547 116.309820 20068
39.984531 116.309822 20070
39.984531 116.309822 20070
39.984530 116.309839 20072
39.984530 116.309839 20072
39.984529 116.309839 20074
39.984529 116.309839 20074
39.984528 116.309839 20076
39.984528 116.309839 20076
39.984528 116.309839 20078
39.984528 116.309839 20078
39.984528 116.309839 20080
39.984528 116.309839 20080
39.984529 116.309839 20082
39.984529 116.309839 20082
39.984525 116.309840 20084
39.984525 116.309840 20084
39.984506 116.309841 20086
39.984506 116.309841 20086
39.984478 116.309837 20088
39.984478 116.309837 20088
39.984445 116.309851 20090
39.984445 116.309851 20090
39.984403 116.309864 20092
39.984403 116.309864 20092
39.984360 116.309871 20094
39.984360 116.309871 20094
39.984309 116.309880 20096
39.984309 116.309880 20096
39.984260 116.309899 20098
39.984260 116.309899 20098
39.984207 116.309906 20100
39.984207 116.309906 20100
39.984153 116.309924 20102
39.984153 116.309924 20102
39.984100 116.309937 20104
39.984100 116.309937 20104
39.984045 116.309945 20106
39.984045 116.309945 20106
39.983990 116.309959 20108
39.983990 116.309959 20108
39.983929 116.309965 20110
39.983929 116.309965 20110
39.983873 116.309981 20112
39.983873 116.309981 20112
39.983814 116.309991 20114
39.983814 116.309991 20114
39.983748 116.309995 20116
39.983748 116.309995 20116
39.983686 116.310002 20118
39.983686 116.310002 20118
39.983625 116.310013 20120
39.983625 116.310013 20120
39.983564 116.310022 20122
39.983564 116.310022 20122
39.983500 116.310036 20124
39.983500 116.310036 20124
39.983444 116.310047 20126
39.983444 116.310047 20126
39.983388 116.310065 20128
39.983388 116.310065 20128
39.983327 116.310074 20130
39.983327 116.310074 20130
39.983275 116.310077 20132
39.983275 116.310077 20132
39.983229 116.310077 20134
39.983229 116.310077 20134
39.983200 116.310079 20136
39.983200 116.310079 20136
39.983177 116.310073 20138
39.983177 116.310073 20138
39.983143 116.310065 20140
39.983143 116.310065 20140
39.983102 116.310072 20142
39.983102 116.310072 20142
39.983067 116.310086 20144
39.983067 116.310086 20144
39.983042 116.310096 20146
39.983042 116.310096 20146
39.983017 116.310096 20148
39.983017 116.310096 20148
39.983003 116.310085 20150
39.983003 116.310085 20150
39.982987 116.310092 20152
39.982987 116.310092 20152
39.982969 116.310100 20154
39.982969 116.310100 20154
39.982944 116.310099 20156
39.982944 116.310099 20156
39.982907 116.310103 20158
39.982907 116.310103 20158
39.982869 116.310114 20160
39.982869 116.310114 20160
39.982829 116.310129 20162
39.982829 116.310129 20162
39.982792 116.310128 20164
39.982792 116.310128 20164
39.982754 116.310126 20166
39.982754 116.310126 20166
39.982714 116.310128 20168
39.982714 116.310128 20168
39.982676 116.310129 20170
39.982676 116.310129 20170
39.982637 116.310129 20172
39.982637 116.310129 20172
39.982599 116.310131 20174
39.982599 116.310131 20174
39.982568 116.310143 20176
39.982568 116.310143 20176
39.982531 116.310138 20178
39.982531 116.310138 20178
39.982494 116.310127 20180
39.982494 116.310127 20180
39.982445 116.310138 20182
39.982445 116.310138 20182
39.982389 116.310150 20184
39.982389 116.310150 20184
39.982347 116.310153 20186
39.982347 116.310153 20186
39.982295 116.310176 20188
39.982295 116.310176 20188
39.982229 116.310201 20190
39.982229 116.310201 20190
39.982194 116.310198 20192
39.982194 116.310198 20192
39.982158 116.310211 20194
39.982158 116.310211 20194
39.982120 116.310212 20196
39.982120 116.310212 20196
39.982092 116.310223 20198
39.982092 116.310223 20198
39.982062 116.310225 20200
39.982062 116.310225 20200
39.982021 116.310256 20202
39.982021 116.310256 20202
39.981992 116.310264 20204
39.981992 116.310264 20204
39.981958 116.310271 20206
39.981958 116.310271 20206
39.981941 116.310274 20208
39.981941 116.310274 20208
39.981912 116.310282 20210
39.981912 116.310282 20210
39.981883 116.310303 20212
39.981883 116.310303 20212
39.981835 116.310316 20214
39.981835 116.310316 20214
39.981787 116.310321 20216
39.981787 116.310321 20216
39.981745 116.310324 20218
39.981745 116.310324 20218
39.981707 116.310335 20220
39.981707 116.310335 20220
39.981678 116.310357 20222
39.981678 116.310357 20222
39.981648 116.310374 20224
39.981648 116.310374 20224
39.981606 116.310371 20226
39.981606 116.310371 20226
39.981568 116.310366 20228
39.981568 116.310366 20228
39.981525 116.310362 20230
39.981525 116.310362 20230
39.981478 116.310348 20232
39.981478 116.310348 20232
39.981440 116.310350 20234
39.981440 116.310350 20234
39.981408 116.310340 20236
39.981408 116.310340 20236
39.981375 116.310335 20238
39.981375 116.310335 20238
39.981354 116.310338 20240
39.981354 116.310338 20240
39.981326 116.310299 20242
39.981326 116.310299 20242
39.981324 116.310297 20244
39.981324 116.310297 20244
39.981326 116.310297 20246
39.981326 116.310297 20246
39.981329 116.310299 20248
39.981329 116.310299 20248
39.981328 116.310299 20250
39.981328 116.310299 20250
39.981328 116.310299 20252
39.981328 116.310299 20252
39.981329 116.310300 20254
39.981329 116.310300 20254
39.981329 116.310300 20256
39.981329 116.310300 20256
39.981317 116.310291 20258
39.981317 116.310291 20258
39.981269 116.310300 20260
39.981269 116.310300 20260
39.981225 116.310313 20262
39.981225 116.310313 20262
39.981179 116.310302 20264
39.981179 116.310302 20264
39.981130 116.310271 20266
39.981130 116.310271 20266
39.981080 116.310263 20268
39.981080 116.310263 20268
39.981030 116.310274 20270
39.981030 116.310274 20270
39.980971 116.310290 20272
39.980971 116.310290 20272
39.980922 116.310299 20274
39.980922 116.310299 20274
39.980868 116.310297 20276
39.980868 116.310297 20276
39.980805 116.310283 20278
39.980805 116.310283 20278
39.980751 116.310281 20280
39.980751 116.310281 20280
39.980710 116.310281 20282
39.980710 116.310281 20282
39.980686 116.310273 20284
39.980686 116.310273 20284
39.980685 116.310225 20286
39.980685 116.310225 20286
39.980681 116.310155 20288
39.980681 116.310155 20288
39.980670 116.310101 20290
39.980670 116.310101 20290
39.980674 116.310061 20292
39.980674 116.310061 20292
39.980647 116.310036 20294
39.980647 116.310036 20294
39.980634 116.310001 20296
39.980634 116.310001 20296
39.980633 116.309969 20298
39.980633 116.309969 20298
39.980631 116.309939 20300
39.980631 116.309939 20300
39.980625 116.309926 20302
39.980625 116.309926 20302
39.980622 116.309896 20304
39.980622 116.309896 20304
39.980618 116.309857 20306
39.980618 116.309857 20306
39.980631 116.309838 20308
39.980631 116.309838 20308
39.980640 116.309837 20310
39.980640 116.309837 20310
39.980643 116.309817 20312
39.980643 116.309817 20312
39.980618 116.309779 20314
39.980618 116.309779 20314
39.980610 116.309757 20316
39.980610 116.309757 20316
39.980608 116.309726 20318
39.980608 116.309726 20318
39.980606 116.309702 20320
39.980606 116.309702 20320
39.980631 116.309632 20322
39.980631 116.309632 20322
39.980661 116.309593 20324
39.980661 116.309593 20324
39.980709 116.309552 20326
39.980709 116.309552 20326
39.980718 116.309524 20328
39.980718 116.309524 20328
39.980732 116.309499 20330
39.980732 116.309499 20330
39.980748 116.309490 20332
39.980748 116.309490 20332
39.980769 116.309480 20334
39.980769 116.309480 20334
39.980783 116.309465 20336
39.980783 116.309465 20336
39.980812 116.309462 20338
39.980812 116.309462 20338
39.980836 116.309469 20340
39.980836 116.309469 20340
39.980869 116.309468 20342
39.980869 116.309468 20342
39.980906 116.309472 20344
39.980735 116.309266 20388
39.980715 116.309215 20390
39.980715 116.309215 20390
39.980702 116.309169 20392
39.980702 116.309169 20392
39.980684 116.309151 20394
39.980684 116.309151 20394
39.980682 116.309151 20396
39.980682 116.309151 20396
39.980683 116.309150 20398
39.980683 116.309150 20398
39.980686 116.309149 20400
39.980686 116.309149 20400
39.980692 116.309140 20402
39.980692 116.309140 20402
39.980706 116.309123 20404
39.980706 116.309123 20404
39.980719 116.309112 20406
39.980719 116.309112 20406
39.980719 116.309112 20408
39.980719 116.309112 20408
39.980703 116.309136 20410
39.980703 116.309136 20410
39.980681 116.309157 20412
39.980681 116.309157 20412
39.980662 116.309169 20414
39.980662 116.309169 20414
39.980667 116.309173 20416
39.980667 116.309173 20416
39.980664 116.309170 20418
39.980664 116.309170 20418
39.980662 116.309170 20420
39.980662 116.309170 20420
39.980658 116.309171 20422
39.980658 116.309171 20422
39.980657 116.309171 20424
39.980657 116.309171 20424
39.980656 116.309171 20426
39.980656 116.309171 20426
39.980658 116.309172 20428
39.980658 116.309172 20428
39.980658 116.309172 20430
39.980658 116.309172 20430
39.980658 116.309171 20432
39.980658 116.309171 20432
39.980656 116.309171 20434
39.980656 116.309171 20434
39.980640 116.309168 20436
39.980640 116.309168 20436
39.980656 116.309084 20438
39.980656 116.309084 20438
39.980667 116.309121 20440
39.980667 116.309121 20440
39.980668 116.309136 20442
39.980668 116.309136 20442
39.980687 116.309119 20444
39.980687 116.309119 20444
39.980693 116.309119 20446
39.980693 116.309119 20446
39.980686 116.309121 20448
39.980686 116.309121 20448
39.980696 116.309094 20450
39.980696 116.309094 20450
39.980702 116.309091 20452
39.980702 116.309091 20452
39.980703 116.309090 20454
39.980703 116.309090 20454
39.980700 116.309090 20456
39.980700 116.309090 20456
39.980697 116.309091 20458
39.980697 116.309091 20458
39.980693 116.309092 20460
39.980693 116.309092 20460
39.980689 116.309092 20462
39.980689 116.309092 20462
39.980684 116.309093 20464
39.980684 116.309093 20464
39.980679 116.309093 20466
39.980679 116.309093 20466
39.980675 116.309093 20468
39.980675 116.309093 20468
39.980670 116.309094 20470
39.980670 116.309094 20470
39.980665 116.309094 20472
39.980665 116.309094 20472
39.988920 116.309677 20494
39.988920 116.309677 20494
39.989627 116.309822 20496
39.989627 116.309822 20496
39.989867 116.310037 20498
39.989867 116.310037 20498
39.982316 116.312544 20514
