39.971110 116.346748 49202
39.970770 116.346795 49211
39.970720 116.346805 49213
39.970640 116.346845 49215
39.970568 116.346870 49217
39.970475 116.346885 49219
39.970032 116.346878 49227
39.969848 116.346925 49229
39.969652 116.346977 49231
39.969462 116.347013 49233
39.969280 116.347028 49235
39.969097 116.347037 49237
39.968902 116.347048 49239
39.968708 116.347072 49241
39.968510 116.347120 49243
39.968308 116.347175 49245
39.968107 116.347238 49247
39.967882 116.347282 49249
39.967662 116.347307 49251
39.967443 116.347320 49253
39.967228 116.347330 49255
39.967010 116.347337 49257
39.966787 116.347343 49259
39.965907 116.347403 49267
39.965700 116.347417 49269
39.965145 116.347483 49275
39.965173 116.347342 49277
39.965113 116.347200 49279
39.965048 116.347087 49281
39.965027 116.347007 49283
39.965037 116.346893 49285
39.965183 116.346768 49287
39.965283 116.346738 49289
39.965385 116.346682 49291
39.965493 116.346627 49293
39.965605 116.346590 49295
39.965740 116.346548 49297
39.965877 116.346490 49299
39.965983 116.346448 49301
39.966058 116.346438 49303
39.966118 116.346462 49305
39.966162 116.346517 49307
39.966197 116.346645 49309
39.966198 116.346785 49311
39.966207 116.346945 49313
39.966213 116.347123 49315
39.966222 116.347322 49317
39.966228 116.347537 49319
39.966235 116.347765 49321
39.966240 116.348002 49323
39.966245 116.348250 49325
39.966250 116.348507 49327
39.966253 116.348770 49329
39.966260 116.349035 49331
39.966268 116.349295 49333
39.966278 116.349555 49335
39.966283 116.349813 49337
39.966293 116.350078 49339
39.966303 116.350340 49341
39.966313 116.350597 49343
39.966322 116.350830 49345
39.966330 116.351038 49347
39.966332 116.351235 49349
39.966312 116.351390 49351
39.966307 116.351470 49353
39.966298 116.351513 49355
39.966270 116.351555 49357
39.966233 116.351595 49359
39.966218 116.351612 49361
39.966218 116.351612 49365
39.966225 116.351617 49367
39.966218 116.351662 49369
39.966208 116.351733 49371
39.966203 116.351810 49373
39.966205 116.351842 49375
39.966208 116.351842 49380
39.966208 116.351842 49385
39.966208 116.351842 49388
39.966208 116.351842 49390
39.966205 116.351883 49392
39.966202 116.351962 49394
39.966202 116.352065 49396
39.966207 116.352195 49398
39.966218 116.352347 49400
39.966227 116.352520 49402
39.966227 116.352710 49404
39.966228 116.352912 49406
39.966228 116.353127 49408
39.966227 116.353355 49410
39.966212 116.353607 49412
39.966195 116.353878 49414
39.966198 116.354148 49416
39.966195 116.354427 49418
39.966187 116.354717 49420
39.966180 116.355012 49422
39.966180 116.355310 49424
39.966178 116.355598 49426
39.966180 116.355873 49428
39.966182 116.356112 49430
39.966187 116.356312 49432
39.966185 116.356483 49434
39.966200 116.356632 49436
39.966208 116.356792 49438
39.966213 116.356935 49440
39.966218 116.357008 49442
39.966220 116.357083 49444
39.966218 116.357197 49446
39.966225 116.357337 49448
39.966227 116.357507 49450
39.966230 116.357698 49452
39.966238 116.357908 49454
39.966245 116.358135 49456
39.966247 116.358373 49458
39.966250 116.358620 49460
39.966247 116.358877 49462
39.966240 116.359138 49464
39.966237 116.359395 49466
39.966228 116.359635 49468
39.966225 116.359897 49470
39.966217 116.360138 49472
39.966225 116.360340 49474
39.966233 116.360517 49476
39.966230 116.360680 49478
39.966217 116.360820 49480
39.966207 116.360928 49482
39.966208 116.361000 49484
39.966212 116.361027 49486
39.966217 116.361030 49488
39.966217 116.361030 49491
39.966218 116.361030 49493
39.966220 116.361127 49498
39.966222 116.361205 49500
39.966223 116.361268 49502
39.966225 116.361298 49504
39.966227 116.361305 49506
39.966227 116.361305 49511
39.966227 116.361305 49516
39.966227 116.361305 49519
39.966227 116.361305 49521
39.966228 116.361323 49526
39.966233 116.361362 49528
39.966242 116.361417 49530
39.966252 116.361493 49532
39.966260 116.361590 49534
39.966263 116.361705 49536
39.966268 116.361837 49538
39.966272 116.361983 49540
39.966275 116.362142 49542
39.966277 116.362290 49544
39.966280 116.362405 49546
39.966278 116.362507 49548
39.966273 116.362603 49550
39.966267 116.362690 49552
39.966263 116.362748 49554
39.966262 116.362782 49556
39.966262 116.362813 49558
39.966262 116.362847 49560
39.966262 116.362878 49562
39.966262 116.362905 49564
39.966263 116.362932 49566
39.966265 116.362960 49568
39.966267 116.362992 49570
39.966275 116.363023 49572
39.966283 116.363048 49574
39.966292 116.363077 49576
39.966297 116.363108 49578
39.966298 116.363143 49580
39.966300 116.363173 49582
39.966303 116.363188 49584
39.966292 116.363212 49589
39.966293 116.363282 49594
39.966295 116.363347 49596
39.966297 116.363417 49598
39.966297 116.363490 49600
39.966298 116.363565 49602
39.966298 116.363637 49604
39.966303 116.363713 49606
39.966307 116.363795 49608
39.966312 116.363877 49610
39.966322 116.363973 49612
39.966317 116.364088 49614
39.966328 116.364230 49616
39.966342 116.364395 49618
39.966352 116.364578 49620
39.966362 116.364777 49622
39.966370 116.364987 49624
39.966380 116.365207 49626
39.966385 116.365437 49628
39.966390 116.365673 49630
39.966395 116.365898 49632
39.966398 116.366077 49634
39.966397 116.366190 49636
39.966390 116.366272 49638
39.966383 116.366342 49640
39.966382 116.366413 49642
39.966383 116.366480 49644
39.966387 116.366530 49646
39.966387 116.366552 49648
39.966387 116.366555 49653
39.966387 116.366555 49658
39.966387 116.366555 49663
39.966387 116.366555 49668
39.966387 116.366555 49671
39.966387 116.366555 49673
39.966390 116.366613 49678
39.966397 116.366700 49680
39.966412 116.366810 49682
39.966425 116.366948 49684
39.966437 116.367107 49686
39.966445 116.367285 49688
39.966450 116.367480 49690
39.966463 116.367687 49692
39.966485 116.367907 49694
39.966697 116.372042 49731
39.966725 116.372365 49733
39.966767 116.372657 49735
39.966793 116.372922 49737
39.966777 116.373317 49739
39.966775 116.373613 49741
39.966778 116.373883 49743
39.966750 116.374918 49751
39.966753 116.375165 49753
39.966745 116.375393 49755
39.966745 116.375697 49757
39.966733 116.375885 49759
39.966725 116.376025 49761
39.966735 116.376180 49763
39.966740 116.376350 49765
39.966743 116.376545 49767
39.966747 116.376760 49769
39.966747 116.376992 49771
39.966748 116.377238 49773
39.966750 116.377493 49775
39.966750 116.377750 49777
39.966742 116.377995 49779
39.966737 116.378232 49781
39.966727 116.378440 49783
39.966728 116.378627 49785
39.966723 116.378777 49787
39.966707 116.378890 49789
39.966693 116.378983 49791
39.966690 116.379057 49793
39.966690 116.379113 49795
39.966690 116.379160 49797
39.966690 116.379200 49799
39.966690 116.379233 49801
