39.986385 116.378540 54326
39.986410 116.379565 54331
39.986470 116.380518 54336
39.986487 116.380880 54338
39.986493 116.381233 54340
39.986487 116.381593 54342
39.986487 116.381950 54344
39.986495 116.382318 54346
39.986508 116.382705 54348
39.986513 116.383095 54350
39.986520 116.383488 54352
39.986532 116.383895 54354
39.986560 116.384963 54359
39.986615 116.386052 54364
39.986657 116.387187 54369
39.986687 116.388322 54374
39.986682 116.389427 54379
39.986710 116.390505 54384
39.986718 116.391557 54389
39.986733 116.392630 54394
39.986768 116.393795 54399
39.986798 116.394882 54404
39.986812 116.395748 54409
39.986817 116.396090 54411
39.986822 116.396418 54413
39.986818 116.396700 54415
39.986812 116.396948 54417
39.986798 116.397178 54419
39.986788 116.397395 54421
39.986783 116.397592 54423
39.986783 116.397767 54425
39.986770 116.397962 54427
39.986760 116.398190 54429
39.986760 116.398445 54431
39.986763 116.398705 54433
39.986770 116.398955 54435
39.986780 116.399205 54437
39.986783 116.399460 54439
39.986790 116.399702 54441
39.986797 116.399927 54443
39.986807 116.400128 54445
39.986818 116.400330 54447
39.986820 116.400558 54449
39.986815 116.400823 54451
39.986800 116.401105 54453
39.986805 116.401383 54455
39.986853 116.401647 54457
39.986885 116.401900 54459
39.986905 116.402145 54461
39.986905 116.402357 54463
39.986878 116.402517 54465
39.986807 116.402618 54467
39.986703 116.402662 54469
39.986598 116.402610 54471
39.986493 116.402503 54473
39.986377 116.402358 54475
39.986252 116.402207 54477
39.986135 116.402052 54479
39.986023 116.401920 54481
39.985967 116.401767 54483
39.985938 116.401612 54485
39.985970 116.401478 54487
39.986058 116.401398 54489
39.986185 116.401382 54491
39.986335 116.401370 54493
39.986513 116.401363 54495
39.986723 116.401355 54497
39.986940 116.401348 54499
39.987168 116.401348 54501
39.987393 116.401357 54503
39.987612 116.401365 54505
39.987828 116.401373 54507
39.988057 116.401383 54509
39.988293 116.401393 54511
39.988538 116.401400 54513
39.988785 116.401397 54515
39.989033 116.401402 54517
39.989270 116.401407 54519
39.989498 116.401382 54521
39.990007 116.401373 54525
39.990267 116.401397 54527
39.990502 116.401418 54529
39.990708 116.401442 54531
39.990858 116.401467 54533
39.990985 116.401475 54535
39.991080 116.401483 54537
39.991283 116.401515 54539
39.991490 116.401543 54541
39.991705 116.401553 54543
39.991925 116.401572 54545
39.992158 116.401578 54547
39.992400 116.401573 54549
39.992653 116.401587 54551
39.992853 116.401600 54553
39.993082 116.401612 54556
39.993258 116.401620 54558
39.993410 116.401620 54560
39.993542 116.401702 54562
39.993620 116.401842 54564
39.993680 116.402057 54566
39.993677 116.402355 54568
39.993597 116.402678 54570
39.993612 116.402972 54572
39.993615 116.403293 54574
39.993627 116.403627 54576
39.993758 116.403880 54578
39.993763 116.404227 54580
39.993747 116.404577 54582
39.993748 116.404912 54584
39.993800 116.405215 54586
39.993825 116.405493 54588
39.993820 116.405698 54590
39.993803 116.405843 54592
39.993812 116.405917 54594
39.993817 116.405932 54596
39.993785 116.405940 54601
39.993765 116.405935 54606
39.993773 116.406075 54611
39.993795 116.406218 54613
39.993812 116.406398 54615
39.993853 116.406605 54617
39.993885 116.406852 54619
39.993910 116.407118 54621
39.993933 116.407445 54623
39.993972 116.407770 54625
39.993968 116.408128 54627
39.993938 116.408503 54629
39.993920 116.408867 54631
39.993865 116.409222 54633
39.993815 116.409530 54635
39.993808 116.409740 54637
39.993797 116.409895 54639
39.993792 116.409963 54641
39.993785 116.409972 54643
39.993785 116.409972 54648
39.993785 116.409972 54653
39.993785 116.409972 54658
39.993785 116.409972 54663
39.993785 116.409972 54668
39.993785 116.409972 54673
39.993785 116.409972 54678
39.993785 116.409970 54683
39.993785 116.409970 54688
39.993785 116.409970 54693
39.993785 116.409970 54698
39.993785 116.409970 54703
39.993785 116.409970 54706
39.993785 116.409970 54708
39.993787 116.410012 54713
39.993795 116.410128 54715
39.993797 116.410277 54717
39.993787 116.410417 54719
39.993752 116.410570 54721
39.993687 116.410832 54723
39.993570 116.411087 54725
39.993510 116.411307 54727
39.993457 116.411517 54729
39.993400 116.411723 54731
39.993372 116.411923 54733
39.993328 116.412142 54735
39.993278 116.412335 54737
39.993238 116.412533 54739
39.993190 116.412735 54741
39.993143 116.412952 54743
39.993118 116.413167 54745
39.993113 116.413375 54747
39.993070 116.413602 54749
39.993043 116.413823 54751
39.993015 116.414035 54753
39.992967 116.414243 54755
39.992815 116.414353 54757
39.992772 116.414407 54759
39.992752 116.414418 54761
39.992748 116.414418 54763
39.992775 116.414427 54768
39.992820 116.414452 54773
39.992822 116.414485 54778
39.992822 116.414485 54783
39.992822 116.414485 54788
39.992822 116.414485 54793
39.992825 116.414485 54798
39.992825 116.414485 54803
39.992825 116.414485 54806
39.992825 116.414485 54808
39.992808 116.414460 54813
39.992795 116.414445 54815
39.992790 116.414432 54817
39.992780 116.414430 54819
39.992710 116.414482 54824
39.992690 116.414493 54826
39.992647 116.414545 54828
39.992610 116.414580 54830
39.992600 116.414598 54832
39.992545 116.414600 54834
39.992495 116.414585 54836
39.992453 116.414572 54838
39.992427 116.414590 54840
39.992368 116.414585 54842
39.992332 116.414580 54844
39.992302 116.414570 54846
39.992270 116.414553 54848
39.992212 116.414553 54850
39.992168 116.414545 54852
39.992077 116.414577 54854
39.992037 116.414560 54856
39.992005 116.414542 54858
39.992003 116.414515 54860
39.991947 116.414512 54862
39.991905 116.414505 54864
39.991872 116.414468 54866
39.991847 116.414472 54868
39.991817 116.414487 54870
39.991767 116.414510 54872
39.991733 116.414543 54874
39.991695 116.414580 54876
39.991693 116.414587 54878
39.991685 116.414608 54883
39.991688 116.414562 54885
39.991710 116.414507 54887
39.991730 116.414435 54889
39.991742 116.414332 54891
39.991755 116.414245 54893
39.991770 116.414160 54895
39.991820 116.414095 54897
39.991880 116.414048 54899
39.991927 116.414007 54901
39.991963 116.413963 54903
39.992013 116.413958 54905
39.992063 116.413935 54907
39.992120 116.413913 54909
39.992185 116.413907 54911
39.992233 116.413883 54913
39.992260 116.413860 54915
39.992273 116.413837 54917
39.992262 116.413832 54919
39.992247 116.413832 54924
39.992295 116.413868 54929
