39.986470 116.414665 19311
39.986463 116.414640 19330
39.986463 116.414640 19335
39.986463 116.414640 19340
39.986463 116.414640 19345
39.986463 116.414640 19350
39.986463 116.414640 19355
39.986463 116.414640 19360
39.986463 116.414640 19363
39.986463 116.414640 19365
39.986450 116.414607 19371
39.986442 116.414582 19379
39.986438 116.414568 19384
39.986438 116.414568 19387
39.986438 116.414568 19389
39.986433 116.414528 19441
39.986427 116.414510 19448
39.986413 116.414473 19453
39.986415 116.414475 19458
39.986415 116.414475 19463
39.986415 116.414475 19468
39.986415 116.414475 19473
39.986415 116.414475 19478
39.986415 116.414475 19483
39.986415 116.414475 19488
39.986415 116.414475 19493
39.986415 116.414475 19498
39.986415 116.414475 19503
39.986415 116.414475 19508
39.986415 116.414475 19513
39.986415 116.414475 19517
39.986417 116.414475 19519
39.986402 116.414432 19535
39.986403 116.414435 19540
39.986403 116.414435 19545
39.986403 116.414435 19550
39.986403 116.414435 19555
39.986403 116.414435 19560
39.986403 116.414435 19565
39.986403 116.414435 19570
39.986403 116.414435 19573
39.986403 116.414435 19575
39.986400 116.414420 19589
39.986402 116.414422 19594
39.986402 116.414422 19597
39.986402 116.414422 19599
39.986417 116.414447 19624
39.986417 116.414447 19629
39.986417 116.414447 19634
39.986417 116.414447 19639
39.986417 116.414447 19644
39.986417 116.414447 19649
39.986417 116.414447 19654
39.986417 116.414447 19659
39.986417 116.414447 19664
39.986417 116.414447 19669
39.986417 116.414447 19674
39.986417 116.414447 19679
39.986417 116.414447 19684
39.986417 116.414447 19689
39.986417 116.414447 19694
39.986417 116.414447 19699
39.986417 116.414447 19704
39.986417 116.414447 19707
39.986417 116.414447 19709
39.986440 116.414440 19714
39.986427 116.414417 19716
39.986415 116.414402 19718
39.986408 116.414390 19720
39.986408 116.414393 19722
39.986408 116.414398 19727
39.986408 116.414398 19730
39.986415 116.414403 19732
39.986430 116.414420 19737
39.986430 116.414420 19740
39.986430 116.414420 19742
39.986433 116.414430 19747
39.986437 116.414433 19754
39.986437 116.414432 19759
39.986437 116.414432 19764
39.986437 116.414432 19769
39.986437 116.414432 19774
39.986437 116.414432 19779
39.986437 116.414432 19784
39.986437 116.414432 19789
39.986437 116.414432 19794
39.986437 116.414432 19799
39.986437 116.414432 19804
39.986437 116.414432 19809
39.986437 116.414432 19812
39.986437 116.414432 19814
39.986422 116.414400 19819
39.986400 116.414353 19821
39.986373 116.414300 19823
39.986345 116.414245 19825
39.986313 116.414188 19827
39.986278 116.414125 19829
39.986233 116.414047 19831
39.986185 116.413965 19833
39.986147 116.413903 19835
39.986085 116.413800 19837
39.986037 116.413728 19839
39.985963 116.413612 19841
39.985890 116.413502 19843
39.985808 116.413378 19845
39.985718 116.413243 19847
39.985623 116.413102 19849
39.985522 116.412953 19851
39.985397 116.412772 19853
39.985267 116.412580 19855
39.985173 116.412452 19857
39.985007 116.412205 19859
39.984850 116.411983 19861
39.984707 116.411797 19863
39.984567 116.411628 19865
39.984412 116.411452 19867
39.984313 116.411338 19869
39.984152 116.411158 19871
39.984122 116.411125 19873
39.984098 116.411105 19875
39.984080 116.411082 19877
39.984067 116.411068 19879
39.984063 116.411060 19881
39.984068 116.411062 19883
39.984085 116.411073 19885
39.984110 116.411095 19887
39.984137 116.411118 19889
39.984165 116.411138 19891
39.984188 116.411148 19893
39.984203 116.411140 19895
39.984223 116.411137 19897
39.984250 116.411142 19899
39.984290 116.411167 19901
39.984330 116.411185 19903
39.984363 116.411193 19905
39.984382 116.411188 19907
39.984408 116.411192 19909
39.984442 116.411200 19911
