39.979794 116.449015 46222
39.979669 116.448937 46224
39.979551 116.448860 46226
39.979402 116.448777 46228
39.979252 116.448665 46230
39.979179 116.448589 46231
39.979097 116.448508 46232
39.979008 116.448432 46233
39.978924 116.448342 46234
39.978837 116.448250 46235
39.978744 116.448171 46236
39.978646 116.448080 46237
39.978547 116.447992 46238
39.978442 116.447899 46239
39.978332 116.447805 46240
39.978231 116.447707 46241
39.978124 116.447598 46242
39.978011 116.447504 46243
39.977897 116.447400 46244
39.977786 116.447291 46245
39.977676 116.447189 46246
39.977576 116.447096 46247
39.977482 116.447006 46248
39.977388 116.446925 46249
39.977293 116.446840 46250
39.977203 116.446759 46251
39.977116 116.446682 46252
39.977031 116.446604 46253
39.976948 116.446526 46254
39.976863 116.446453 46255
39.976788 116.446373 46256
39.976702 116.446292 46257
39.976617 116.446205 46258
39.976537 116.446118 46259
39.976451 116.446033 46260
39.976361 116.445951 46261
39.976272 116.445867 46262
39.976178 116.445781 46263
39.976088 116.445693 46264
39.975995 116.445605 46265
39.975898 116.445527 46266
39.975798 116.445441 46267
39.975703 116.445344 46268
39.975608 116.445247 46269
39.975512 116.445152 46270
39.975418 116.445051 46271
39.975322 116.444952 46272
39.975220 116.444866 46273
39.975122 116.444769 46274
39.975029 116.444671 46275
39.974933 116.444580 46276
39.974847 116.444497 46277
39.974764 116.444417 46278
39.974630 116.444290 46280
39.974532 116.444191 46282
39.974449 116.444115 46285
39.974373 116.444008 46289
39.974280 116.443920 46292
39.974178 116.443827 46294
39.974057 116.443714 46296
39.973910 116.443597 46298
39.973833 116.443527 46299
39.973751 116.443465 46300
39.973675 116.443397 46301
39.973600 116.443334 46302
39.973523 116.443265 46303
39.973450 116.443182 46304
39.973373 116.443113 46305
39.973294 116.443040 46306
39.973216 116.442967 46307
39.973140 116.442906 46308
39.973064 116.442837 46309
39.972918 116.442713 46311
39.972790 116.442591 46313
39.972668 116.442470 46315
39.972553 116.442361 46317
39.972439 116.442262 46319
39.972323 116.442166 46321
39.972220 116.442065 46323
39.972107 116.441992 46325
39.971992 116.441916 46327
39.971881 116.441803 46329
39.971793 116.441701 46331
39.971725 116.441612 46334
39.971670 116.441548 46339
39.971654 116.441525 46344
39.971654 116.441525 46347
39.971646 116.441517 46349
39.971633 116.441504 46354
39.971603 116.441491 46359
39.971584 116.441481 46364
39.971556 116.441531 46369
39.971547 116.441542 46374
39.971547 116.441542 46377
39.971547 116.441543 46379
39.971572 116.441566 46384
39.971663 116.441657 46388
39.971749 116.441729 46391
39.971823 116.441802 46394
39.971872 116.441907 46399
39.971871 116.441910 46404
39.971871 116.441910 46407
39.971867 116.441907 46409
39.971880 116.441918 46414
39.971970 116.441979 46418
39.972059 116.442045 46420
39.972152 116.442124 46422
39.972252 116.442220 46424
39.972391 116.442270 46426
39.972497 116.442377 46428
39.972621 116.442482 46430
39.972750 116.442590 46432
39.972886 116.442683 46434
39.973013 116.442810 46436
39.973134 116.442931 46438
39.973244 116.443060 46440
39.973350 116.443177 46442
39.973441 116.443297 46444
39.973519 116.443390 46446
39.973595 116.443470 46448
39.973665 116.443561 46452
39.973662 116.443568 46457
39.973656 116.443562 46462
39.973656 116.443562 46465
39.973654 116.443558 46467
39.973647 116.443547 46472
39.973637 116.443532 46477
39.973632 116.443527 46482
39.973629 116.443524 46487
39.973633 116.443529 46492
39.973633 116.443529 46495
39.973637 116.443532 46497
39.973740 116.443649 46502
39.973836 116.443745 46504
39.973970 116.443871 46506
39.974051 116.443945 46507
39.974137 116.444027 46508
39.974232 116.444111 46509
39.974336 116.444198 46510
39.974442 116.444290 46511
39.974552 116.444387 46512
39.974669 116.444487 46513
39.974793 116.444603 46514
39.974913 116.444703 46515
39.975026 116.444797 46516
39.975131 116.444889 46517
39.975227 116.444976 46518
39.975318 116.445054 46519
39.975397 116.445121 46520
39.975511 116.445207 46522
39.975600 116.445291 46525
39.975674 116.445364 46530
39.975767 116.445448 46533
39.975857 116.445539 46535
39.975967 116.445636 46537
39.976094 116.445739 46539
39.976239 116.445862 46541
39.976312 116.445932 46542
39.976393 116.446007 46543
39.976475 116.446082 46544
39.976552 116.446169 46545
39.976639 116.446255 46546
39.976739 116.446352 46547
39.976841 116.446448 46548
39.976939 116.446551 46549
39.977043 116.446648 46550
39.977150 116.446748 46551
39.977255 116.446854 46552
39.977358 116.446956 46553
39.977462 116.447053 46554
39.977562 116.447148 46555
39.977659 116.447247 46556
39.977754 116.447335 46557
39.977844 116.447420 46558
39.977930 116.447503 46559
39.978015 116.447585 46560
39.978096 116.447665 46561
39.978180 116.447740 46562
39.978254 116.447819 46563
39.978329 116.447890 46564
39.978397 116.447969 46565
39.978471 116.448038 46566
39.978607 116.448176 46568
39.978736 116.448293 46570
39.978863 116.448402 46572
39.978966 116.448496 46574
39.979037 116.448583 46576
39.979068 116.448622 46581
39.979068 116.448622 46584
39.979076 116.448619 46586
39.979087 116.448628 46591
39.979093 116.448635 46596
39.979097 116.448638 46601
39.979096 116.448638 46606
39.979095 116.448637 46611
39.979093 116.448638 46616
39.979092 116.448637 46621
39.979092 116.448635 46626
39.979092 116.448634 46631
39.979092 116.448632 46636
39.979092 116.448631 46641
39.979091 116.448630 46646
39.979091 116.448629 46651
39.979091 116.448630 46656
39.979091 116.448629 46661
39.979090 116.448628 46666
39.979090 116.448628 46671
39.979090 116.448628 46674
39.979090 116.448627 46676
39.979116 116.448652 46681
39.979203 116.448724 46683
39.979301 116.448790 46685
39.979380 116.448850 46687
39.979460 116.448930 46689
39.979554 116.448955 46690
39.979641 116.448995 46691
39.979724 116.449043 46692
39.979869 116.449143 46694
39.980002 116.449243 46696
39.980139 116.449370 46698
39.980291 116.449497 46700
39.980369 116.449559 46701
39.980527 116.449659 46703
39.980614 116.449722 46704
39.980702 116.449786 46705
39.980789 116.449840 46706
39.980876 116.449908 46707
39.980960 116.449973 46708
39.981054 116.450037 46709
39.981140 116.450101 46710
39.981229 116.450160 46711
39.981319 116.450221 46712
39.981403 116.450272 46713
39.981485 116.450330 46714
39.981626 116.450440 46716
39.981766 116.450541 46718
39.981904 116.450624 46720
39.982050 116.450677 46722
39.982176 116.450719 46724
39.982284 116.450781 46726
39.982411 116.450831 46728
39.982534 116.450865 46730
39.982675 116.450896 46732
39.982821 116.450926 46734
39.982977 116.450946 46736
39.983070 116.450947 46737
39.983246 116.450958 46739
39.983338 116.450955 46740
39.983517 116.450951 46742
39.983609 116.450946 46743
39.983752 116.450936 46745
39.983843 116.450938 46746
39.984011 116.450925 46748
39.984159 116.450922 46750
39.984289 116.450925 46752
39.984441 116.450926 46754
39.984598 116.450928 46756
39.984764 116.450917 46758
39.984854 116.450908 46759
39.985005 116.450863 46761
39.985141 116.450797 46763
39.985273 116.450700 46765
39.985395 116.450581 46767
39.985493 116.450450 46769
39.985568 116.450320 46771
39.985672 116.450187 46773
39.985768 116.450062 46775
39.985859 116.449937 46777
39.985954 116.449815 46779
39.986047 116.449695 46781
39.986148 116.449572 46783
39.986239 116.449440 46785
39.986317 116.449307 46787
39.986394 116.449185 46789
39.986470 116.449074 46791
39.986530 116.448964 46793
39.986579 116.448843 46796
39.986625 116.448759 46801
39.986645 116.448749 46806
39.986670 116.448774 46811
39.986722 116.448824 46816
39.986818 116.448864 46820
39.986954 116.448880 46823
