39.971412 116.441171 34798
39.971306 116.440750 34799
39.971347 116.440868 34800
39.971428 116.440910 34805
39.971471 116.440875 34810
39.971437 116.441138 34814
39.971447 116.441433 34815
39.971458 116.441614 34816
39.971461 116.441547 34821
39.971465 116.441557 34826
39.971513 116.441676 34828
39.971539 116.441777 34833
39.971527 116.441601 34838
39.971516 116.441483 34841
39.971538 116.441488 34846
39.971623 116.441561 34850
39.971712 116.441609 34853
39.971807 116.441670 34855
39.971904 116.441705 34857
39.972003 116.441749 34859
39.972124 116.441833 34861
39.972257 116.441925 34863
39.972351 116.441993 34865
39.972448 116.442085 34867
39.972559 116.442160 34869
39.972641 116.442224 34871
39.972744 116.442323 34873
39.972834 116.442386 34875
39.973086 116.442853 34890
39.973055 116.442985 34892
39.973572 116.443680 34894
39.973670 116.443728 34899
39.973648 116.443740 34904
39.973604 116.443746 34909
39.973581 116.443730 34914
39.973628 116.443745 34919
39.973673 116.443753 34924
39.973708 116.443750 34929
39.973737 116.443774 34934
39.973837 116.443847 34936
39.973943 116.443923 34938
39.974021 116.443984 34939
39.974145 116.444090 34941
39.974274 116.444210 34943
39.974395 116.444323 34945
39.974525 116.444436 34947
39.974631 116.444521 34949
39.974728 116.444593 34952
39.974766 116.444596 34957
39.974854 116.444675 34962
39.974965 116.444769 34965
39.975062 116.444848 34967
39.975183 116.444948 34969
39.975309 116.445061 34971
39.975423 116.445172 34973
39.975536 116.445279 34975
39.975664 116.445395 34977
39.975687 116.445520 34978
39.975833 116.445649 34980
39.975918 116.445729 34981
39.975993 116.445818 34982
39.976078 116.445898 34983
39.976168 116.445985 34984
39.976251 116.446072 34985
39.976342 116.446152 34986
39.976428 116.446237 34987
39.976517 116.446322 34988
39.976641 116.446433 34989
39.976724 116.446530 34990
39.976811 116.446628 34991
39.976901 116.446724 34992
39.976995 116.446806 34993
39.977088 116.446887 34994
39.977167 116.446968 34995
39.977301 116.447091 34997
39.977341 116.447138 35002
39.977388 116.447178 35007
39.977469 116.447246 35010
39.977554 116.447313 35012
39.977660 116.447389 35014
39.977776 116.447470 35016
39.977896 116.447534 35018
39.978030 116.447599 35020
39.978124 116.447646 35022
39.978245 116.447735 35025
39.978315 116.447829 35028
39.978328 116.447896 35033
39.978339 116.447896 35038
39.978339 116.447896 35041
39.978338 116.447902 35043
39.978350 116.447917 35048
39.978350 116.447917 35051
39.978353 116.447920 35053
39.978365 116.447911 35058
39.978391 116.447910 35063
39.978408 116.447934 35068
39.978418 116.447956 35073
39.978427 116.447966 35078
39.978427 116.447966 35081
39.978433 116.447972 35083
39.978442 116.447994 35088
39.978540 116.448083 35092
39.978624 116.448147 35094
39.978700 116.448221 35096
39.978787 116.448313 35098
39.978899 116.448450 35100
39.978999 116.448579 35102
39.979123 116.448701 35104
39.979265 116.448804 35106
39.979374 116.448901 35108
39.979463 116.448989 35110
39.979544 116.449075 35112
39.979620 116.449141 35114
39.979764 116.449186 35117
39.979892 116.449252 35119
39.980021 116.449312 35121
39.980153 116.449388 35123
39.980312 116.449489 35125
39.980389 116.449557 35126
39.980491 116.449626 35127
39.980589 116.449692 35128
39.980679 116.449756 35129
39.980767 116.449831 35130
39.980859 116.449903 35131
39.980956 116.449974 35132
39.981051 116.450038 35133
39.981154 116.450106 35134
39.981254 116.450174 35135
39.981345 116.450246 35136
39.981450 116.450313 35137
39.981570 116.450416 35138
39.981674 116.450474 35139
39.981771 116.450541 35140
39.981869 116.450606 35141
39.981964 116.450671 35142
39.982056 116.450731 35143
39.982148 116.450781 35144
39.982239 116.450831 35145
39.982325 116.450876 35146
39.982413 116.450922 35147
39.982503 116.450963 35148
39.982593 116.450995 35149
39.982683 116.451020 35150
39.982777 116.451046 35151
39.982872 116.451070 35152
39.983042 116.451115 35154
39.983216 116.451100 35156
39.983342 116.451085 35158
39.983424 116.451054 35160
39.983553 116.451059 35163
39.983676 116.451047 35165
39.983791 116.451057 35167
39.983929 116.451050 35169
39.984088 116.451048 35171
39.984229 116.451049 35173
39.984317 116.451022 35175
39.984378 116.451033 35180
39.984355 116.451012 35185
39.984328 116.451040 35190
39.984333 116.451064 35195
39.984335 116.451073 35200
39.984378 116.451090 35205
39.984411 116.451067 35210
39.984458 116.451041 35215
39.984519 116.451087 35220
39.984588 116.451136 35225
39.984659 116.451192 35230
39.984683 116.451274 35235
39.984731 116.451259 35240
39.984790 116.451271 35245
39.984812 116.451314 35250
39.984854 116.451311 35255
39.984929 116.451318 35260
39.984984 116.451296 35265
39.985042 116.451308 35270
39.985090 116.451334 35275
39.985145 116.451341 35280
39.985179 116.451422 35285
39.985252 116.451467 35290
39.985277 116.451297 35292
39.985297 116.451091 35294
39.985332 116.451053 35299
39.985374 116.450980 35304
39.985386 116.450913 35309
39.985387 116.450857 35314
39.985404 116.450857 35319
39.985417 116.450821 35324
39.985412 116.450794 35329
39.985426 116.450774 35334
39.985452 116.450778 35339
39.985456 116.450784 35344
39.985452 116.450781 35349
39.985452 116.450781 35352
39.985455 116.450788 35354
39.985429 116.450732 35359
39.985421 116.450654 35364
39.985436 116.450587 35369
39.985458 116.450520 35374
39.985486 116.450467 35379
39.985534 116.450428 35384
39.985565 116.450378 35389
39.985576 116.450330 35394
