39.898296 116.367790 31385
39.898379 116.367607 31389
39.898263 116.368365 31391
39.898322 116.368707 31393
39.898236 116.369357 31397
39.898329 116.368858 31399
39.898256 116.369425 31401
39.898441 116.369030 31405
39.898287 116.370245 31407
39.898094 116.370040 31409
39.898602 116.368700 31411
39.898439 116.369374 31413
39.898262 116.368905 31415
39.898362 116.369477 31417
39.898275 116.369523 31419
39.898268 116.369498 31421
39.898285 116.369496 31423
39.898297 116.369466 31425
39.898306 116.369441 31427
39.898318 116.369437 31429
39.898327 116.369420 31431
39.898315 116.369418 31433
39.898306 116.369393 31435
39.898284 116.369355 31437
39.898284 116.369332 31439
39.898258 116.369306 31441
39.898259 116.369272 31443
39.898260 116.369240 31445
39.898271 116.369217 31447
39.898290 116.369186 31449
39.898302 116.369160 31451
39.898306 116.369129 31453
39.898312 116.369111 31455
39.898330 116.369093 31457
39.898334 116.369074 31459
39.898347 116.369043 31461
39.898350 116.369020 31463
39.898352 116.368999 31465
39.898353 116.368983 31467
39.898349 116.368951 31469
39.898332 116.368922 31471
39.898336 116.368891 31473
39.898331 116.368868 31475
39.898335 116.368845 31477
39.898322 116.368818 31479
39.898324 116.368789 31481
39.898332 116.368763 31483
39.898339 116.368737 31485
39.898340 116.368711 31487
39.898351 116.368699 31489
39.898356 116.368664 31491
39.898363 116.368641 31493
39.898361 116.368632 31495
39.898363 116.368632 31497
39.898365 116.368632 31499
39.898368 116.368633 31501
39.898371 116.368634 31503
39.898376 116.368625 31505
39.898314 116.368550 31507
39.898302 116.368531 31509
39.898280 116.368520 31511
39.898272 116.368528 31513
39.898247 116.368526 31515
39.898206 116.368528 31517
39.898166 116.368523 31519
39.898137 116.368505 31521
39.898112 116.368508 31523
39.898085 116.368514 31525
39.898063 116.368509 31527
39.898045 116.368515 31529
39.898016 116.368535 31531
39.897967 116.368526 31533
39.897920 116.368522 31535
39.897873 116.368524 31537
39.897838 116.368539 31539
39.897816 116.368561 31541
39.897790 116.368581 31543
39.897755 116.368572 31545
39.897714 116.368566 31547
39.897682 116.368557 31549
39.897648 116.368550 31551
39.897624 116.368549 31553
39.897594 116.368551 31555
39.897565 116.368556 31557
39.897535 116.368542 31559
39.897516 116.368547 31561
39.897491 116.368562 31563
39.897474 116.368562 31565
39.897453 116.368560 31567
39.897418 116.368561 31569
39.897387 116.368582 31571
39.897330 116.368579 31573
39.897311 116.368625 31575
39.897291 116.368624 31577
39.897254 116.368635 31579
39.897224 116.368650 31581
39.897204 116.368654 31583
39.897182 116.368652 31585
39.897164 116.368657 31587
39.897133 116.368660 31589
39.897108 116.368650 31591
39.897086 116.368664 31593
39.897058 116.368648 31595
39.897045 116.368638 31597
39.897026 116.368635 31599
39.897006 116.368631 31601
39.896990 116.368634 31603
39.896974 116.368652 31605
39.896988 116.368631 31607
39.896991 116.368630 31609
39.896993 116.368630 31611
39.896975 116.368562 31613
39.896921 116.368436 31615
39.896896 116.368452 31617
39.896872 116.368368 31619
39.896846 116.368327 31621
39.896789 116.368352 31623
39.896730 116.368515 31625
39.896705 116.368572 31627
39.896675 116.368577 31629
39.896651 116.368572 31631
39.896659 116.368602 31633
39.896732 116.368695 31635
39.896700 116.368713 31637
39.896703 116.368730 31639
39.896720 116.368732 31641
39.896703 116.368736 31643
39.896710 116.368765 31645
39.896695 116.368774 31647
39.896699 116.368807 31649
39.896679 116.368839 31651
39.896664 116.368861 31653
39.896677 116.368883 31655
39.896686 116.368918 31657
39.896675 116.368958 31659
39.896671 116.369010 31661
39.896718 116.369009 31663
39.896742 116.369014 31665
39.896732 116.369054 31667
39.896731 116.369080 31669
39.896727 116.369113 31671
39.896723 116.369137 31673
39.896688 116.369187 31675
39.896709 116.369191 31677
39.896714 116.369211 31679
39.896709 116.369230 31681
39.896694 116.369276 31683
39.896693 116.369322 31685
39.896709 116.369348 31687
39.896727 116.369373 31689
39.896729 116.369395 31691
39.896735 116.369431 31693
39.896741 116.369464 31695
39.896745 116.369504 31697
39.896741 116.369533 31699
39.896748 116.369566 31701
39.896746 116.369598 31703
39.896773 116.369623 31705
39.896774 116.369658 31707
39.896781 116.369716 31709
39.896786 116.369763 31711
39.896791 116.369797 31713
39.896802 116.369856 31715
39.896821 116.369912 31717
39.896815 116.369959 31719
39.896822 116.370010 31721
39.896828 116.370055 31723
39.896813 116.370088 31725
39.896827 116.370085 31727
39.896839 116.370110 31729
39.896854 116.370134 31731
39.896868 116.370164 31733
39.896881 116.370199 31735
39.896892 116.370229 31737
39.896888 116.370255 31739
39.896885 116.370278 31741
39.896885 116.370316 31743
39.896888 116.370352 31745
39.896894 116.370383 31747
39.896897 116.370414 31749
39.896901 116.370441 31751
39.896896 116.370471 31753
39.896902 116.370497 31755
39.896907 116.370525 31757
39.896913 116.370549 31759
39.896919 116.370586 31761
39.896925 116.370609 31763
39.896926 116.370644 31765
39.896927 116.370679 31767
39.896919 116.370710 31769
39.896922 116.370747 31771
39.896923 116.370774 31773
39.896922 116.370804 31775
39.896910 116.370836 31777
39.896915 116.370871 31779
39.896921 116.370894 31781
39.896937 116.370927 31783
39.896944 116.370958 31785
39.896948 116.370986 31787
39.896966 116.371005 31789
39.896984 116.371009 31791
39.896973 116.371028 31793
39.896985 116.371042 31795
39.897002 116.371057 31797
39.897008 116.371065 31799
39.897008 116.371076 31801
39.897015 116.371082 31803
39.897020 116.371096 31805
39.897026 116.371108 31807
39.897031 116.371113 31809
39.897034 116.371127 31811
39.897031 116.371142 31813
39.897030 116.371158 31815
39.897030 116.371177 31817
39.897040 116.371190 31819
39.897040 116.371211 31821
39.897032 116.371236 31823
39.897030 116.371268 31825
39.897030 116.371294 31827
39.897028 116.371323 31829
39.897032 116.371376 31831
39.897031 116.371416 31833
39.897019 116.371458 31835
39.897017 116.371477 31837
39.897023 116.371501 31839
39.897028 116.371530 31841
39.897039 116.371546 31843
39.897042 116.371568 31845
39.897036 116.371583 31847
39.897032 116.371603 31849
39.897040 116.371617 31851
39.897032 116.371639 31853
39.897033 116.371662 31855
39.897045 116.371677 31857
39.897043 116.371716 31859
39.897052 116.371734 31861
39.897053 116.371756 31863
39.897064 116.371772 31865
39.897071 116.371792 31867
39.897079 116.371815 31869
39.897079 116.371838 31871
39.897081 116.371882 31873
39.897081 116.371907 31875
39.897093 116.371937 31877
39.897084 116.371965 31879
39.897093 116.371979 31881
39.897090 116.372015 31883
39.897096 116.372037 31885
39.897100 116.372049 31887
39.897095 116.372059 31889
39.897093 116.372061 31891
39.897092 116.372062 31893
39.897094 116.372063 31895
39.897095 116.372064 31897
39.897105 116.372114 31899
39.897100 116.372161 31901
39.897097 116.372200 31903
39.897076 116.372208 31905
39.897064 116.372224 31907
39.897058 116.372254 31909
39.897061 116.372283 31911
39.897065 116.372299 31913
39.897046 116.372328 31915
39.897054 116.372351 31917
39.897048 116.372372 31919
39.897038 116.372401 31921
39.897039 116.372424 31923
39.897042 116.372435 31925
39.897052 116.372454 31927
39.897054 116.372455 31929
39.897054 116.372455 31931
39.897055 116.372455 31933
39.897055 116.372456 31935
39.897052 116.372457 31937
39.897048 116.372458 31939
39.897023 116.372468 31941
39.897074 116.372447 31943
39.897069 116.372460 31945
39.897051 116.372521 31947
