39.905989 116.384350 10263
39.905989 116.384350 10266
39.905989 116.384348 10268
39.905990 116.384357 10273
39.905991 116.384364 10278
39.905991 116.384372 10283
39.905992 116.384373 10288
39.905992 116.384371 10293
39.905993 116.384375 10298
39.905993 116.384374 10303
39.905993 116.384374 10308
39.905993 116.384374 10311
39.905993 116.384377 10313
39.905994 116.384386 10318
39.905994 116.384388 10323
39.905994 116.384388 10326
39.905994 116.384386 10328
39.905999 116.384285 10333
39.906003 116.384118 10336
39.905988 116.383979 10339
39.905956 116.383843 10341
39.905926 116.383659 10343
39.905913 116.383441 10345
39.905912 116.383238 10347
39.905911 116.383032 10349
39.905914 116.382862 10351
39.905930 116.382717 10353
39.905940 116.382599 10355
39.905942 116.382429 10358
39.905917 116.382252 10361
39.905912 116.382108 10363
39.905911 116.381963 10365
39.905906 116.381821 10367
39.905899 116.381699 10369
39.905888 116.381543 10372
39.905874 116.381428 10374
39.905877 116.381308 10376
39.905873 116.381174 10378
39.905872 116.381027 10380
39.905855 116.380885 10383
39.905846 116.380750 10387
39.905853 116.380670 10392
39.905864 116.380665 10397
39.905864 116.380665 10400
39.905863 116.380663 10402
39.905875 116.380549 10407
39.905875 116.380366 10410
39.905873 116.380227 10412
39.905870 116.380074 10414
39.905866 116.379946 10416
39.905863 116.379826 10419
39.905853 116.379703 10424
39.905862 116.379562 10428
39.905854 116.379423 10431
39.905856 116.379267 10434
39.905856 116.379121 10438
39.905849 116.378975 10442
39.905815 116.378850 10447
39.905825 116.378819 10452
39.905825 116.378809 10457
39.905823 116.378800 10462
39.905815 116.378818 10467
39.905806 116.378846 10472
39.905815 116.378861 10477
39.905835 116.378855 10482
39.905860 116.378835 10487
39.905864 116.378845 10492
39.905861 116.378834 10497
39.905856 116.378709 10501
39.905854 116.378570 10503
39.905845 116.378381 10505
39.905837 116.378188 10507
39.905832 116.377985 10509
39.905821 116.377777 10511
39.905813 116.377569 10513
39.905810 116.377340 10515
39.905809 116.377113 10517
39.905794 116.376867 10519
39.905789 116.376743 10520
39.905799 116.376602 10521
39.905802 116.376462 10522
39.905808 116.376317 10523
39.905810 116.376164 10524
39.905799 116.376015 10525
39.905800 116.375870 10526
39.905797 116.375714 10527
39.905789 116.375565 10528
39.905782 116.375413 10529
39.905785 116.375245 10530
39.905787 116.375090 10531
39.905789 116.374933 10532
39.905791 116.374773 10533
39.905796 116.374597 10534
39.905803 116.374431 10535
39.905805 116.374266 10536
39.905807 116.374110 10537
39.905808 116.373977 10538
39.905803 116.373851 10539
39.905798 116.373727 10540
39.905794 116.373605 10541
39.905800 116.373485 10542
39.905802 116.373358 10543
39.905809 116.373229 10544
39.905809 116.373096 10545
39.905807 116.372968 10546
39.905802 116.372850 10547
39.905801 116.372721 10548
39.905799 116.372592 10549
39.905806 116.372468 10550
39.905804 116.372343 10551
39.905806 116.372219 10552
39.905810 116.372095 10553
39.905816 116.371965 10554
39.905817 116.371839 10555
39.905822 116.371708 10556
39.905832 116.371579 10557
39.905844 116.371442 10558
39.905852 116.371305 10559
39.905861 116.371175 10560
39.905861 116.371052 10561
39.905868 116.370931 10562
39.905877 116.370811 10563
39.905862 116.370683 10564
39.905853 116.370566 10565
39.905822 116.370349 10567
39.905820 116.370229 10568
39.905824 116.370112 10569
39.905822 116.369889 10571
39.905812 116.369677 10573
39.905794 116.369507 10575
39.905791 116.369363 10577
39.905795 116.369226 10580
39.905808 116.369184 10585
39.905808 116.369186 10590
39.905808 116.369187 10595
39.905808 116.369183 10600
39.905808 116.369183 10603
39.905809 116.369177 10605
39.905807 116.369157 10610
39.905795 116.369011 10613
39.905789 116.368869 10615
39.905784 116.368692 10617
39.905771 116.368484 10619
39.905773 116.368253 10621
39.905773 116.368126 10622
39.905772 116.367989 10623
39.905768 116.367856 10624
39.905772 116.367718 10625
39.905777 116.367568 10626
39.905782 116.367417 10627
39.905789 116.367265 10628
39.905797 116.367112 10629
39.905801 116.366946 10630
39.905805 116.366781 10631
39.905814 116.366612 10632
39.905823 116.366432 10633
39.905828 116.366254 10634
39.905821 116.366077 10635
39.905816 116.365902 10636
39.905804 116.365717 10637
39.905802 116.365535 10638
39.905802 116.365342 10639
39.905792 116.365144 10640
39.905790 116.364946 10641
39.905794 116.364743 10642
39.905796 116.364536 10643
39.905796 116.364333 10644
39.905802 116.364132 10645
39.905807 116.363932 10646
39.905810 116.363731 10647
39.905809 116.363527 10648
39.905807 116.363317 10649
39.905804 116.363107 10650
39.905801 116.362896 10651
39.905799 116.362686 10652
39.905800 116.362471 10653
39.905798 116.362253 10654
39.905798 116.362032 10655
39.905801 116.361808 10656
39.905802 116.361587 10657
39.905803 116.361369 10658
39.905807 116.361154 10659
39.905810 116.360938 10660
39.905811 116.360728 10661
39.905815 116.360518 10662
39.905821 116.360304 10663
39.905826 116.360081 10664
39.905833 116.359861 10665
39.905843 116.359651 10666
39.905862 116.359450 10667
39.905875 116.359248 10668
39.905884 116.359051 10669
39.905895 116.358859 10670
39.905899 116.358679 10671
39.905886 116.358512 10672
39.905874 116.358344 10673
39.905853 116.358189 10674
39.905843 116.358040 10675
39.905839 116.357920 10676
39.905825 116.357714 10678
39.905840 116.357553 10680
39.905868 116.357434 10683
39.905842 116.357442 10688
39.905827 116.357463 10693
39.905825 116.357481 10698
39.905822 116.357499 10703
39.905820 116.357517 10708
39.905820 116.357529 10713
39.905820 116.357529 10716
39.905820 116.357537 10718
39.905804 116.357558 10723
39.905759 116.357528 10728
39.905753 116.357365 10731
39.905757 116.357209 10733
39.905753 116.357038 10735
39.905737 116.356837 10737
39.905733 116.356719 10738
39.905744 116.356593 10739
39.905751 116.356459 10740
39.905755 116.356323 10741
39.905756 116.356187 10742
39.905765 116.356038 10743
39.905754 116.355884 10744
39.905758 116.355722 10745
39.905766 116.355552 10746
39.905771 116.355374 10747
39.905780 116.355195 10748
39.905796 116.355013 10749
39.905803 116.354827 10750
39.905808 116.354644 10751
39.905809 116.354462 10752
39.905816 116.354277 10753
39.905823 116.354101 10754
39.905828 116.353916 10755
39.905835 116.353723 10756
39.905834 116.353532 10757
39.905843 116.353339 10758
39.905838 116.353145 10759
39.905835 116.352953 10760
39.905840 116.352762 10761
39.905849 116.352568 10762
39.905855 116.352380 10763
39.905864 116.352195 10764
39.905867 116.352009 10765
39.905867 116.351822 10766
39.905876 116.351633 10767
39.905893 116.351447 10768
39.905898 116.351262 10769
39.905907 116.351084 10770
39.905912 116.350919 10771
39.905920 116.350763 10772
39.905925 116.350618 10773
39.905929 116.350484 10774
39.905938 116.350356 10775
39.905941 116.350233 10776
39.905946 116.350004 10778
39.905993 116.349800 10780
39.906084 116.349675 10782
39.906196 116.349648 10784
39.906342 116.349666 10786
39.906508 116.349661 10788
39.906635 116.349650 10790
39.906745 116.349645 10792
39.906846 116.349652 10795
39.906950 116.349648 10799
39.907060 116.349639 10803
39.907127 116.349647 10808
39.907201 116.349678 10813
39.907258 116.349726 10818
39.907321 116.349834 10821
39.907283 116.349965 10825
39.907197 116.350068 10828
39.907091 116.350095 10830
39.906968 116.350092 10832
39.906818 116.350089 10834
39.906643 116.350087 10836
39.906551 116.350092 10837
39.906450 116.350096 10838
39.906348 116.350104 10839
39.906241 116.350106 10840
39.906134 116.350105 10841
39.906025 116.350107 10842
39.905915 116.350110 10843
39.905806 116.350112 10844
39.905697 116.350109 10845
39.905577 116.350111 10846
39.905448 116.350117 10847
39.905320 116.350133 10848
39.905198 116.350146 10849
39.905075 116.350154 10850
39.904955 116.350161 10851
39.904830 116.350173 10852
39.904637 116.350167 10854
39.904499 116.350072 10856
39.904387 116.349937 10858
39.904263 116.349813 10860
39.904126 116.349820 10862
