39.936171 116.388323 44068
39.936071 116.388451 44069
39.936094 116.388440 44074
39.936057 116.388436 44079
39.936025 116.388403 44084
39.935968 116.388386 44089
39.935924 116.388380 44094
39.935903 116.388349 44099
39.935894 116.388308 44104
39.935863 116.388274 44109
39.935849 116.388257 44114
39.935858 116.388283 44119
39.935943 116.388282 44124
39.935964 116.388288 44129
39.936012 116.388325 44134
39.936022 116.388379 44139
39.936075 116.388334 44144
39.936102 116.388321 44149
39.936147 116.388324 44154
39.936581 116.387712 44158
39.936627 116.387685 44163
39.936666 116.387680 44168
39.936705 116.387678 44173
39.936737 116.387682 44178
39.936767 116.387680 44183
39.936791 116.387674 44188
39.936829 116.387657 44193
39.936826 116.387639 44198
39.936870 116.387627 44203
39.936921 116.387609 44208
39.936955 116.387604 44213
39.937015 116.387620 44218
39.937022 116.387601 44223
39.937028 116.387592 44228
39.937055 116.387567 44233
39.937083 116.387547 44238
39.937169 116.387548 44243
39.937198 116.387533 44248
39.937238 116.387529 44253
39.937285 116.387482 44258
39.937307 116.387470 44263
39.937335 116.387464 44268
39.937355 116.387428 44273
39.937392 116.387381 44278
39.937424 116.387331 44283
39.937453 116.387303 44288
39.937530 116.387273 44293
39.937548 116.387235 44298
39.937571 116.387200 44303
39.937604 116.387155 44308
39.937613 116.387081 44313
39.937619 116.387035 44318
39.937646 116.386998 44323
39.937661 116.386941 44328
39.937661 116.386901 44333
39.937649 116.386865 44338
39.937633 116.386813 44343
39.937632 116.386769 44348
39.937633 116.386720 44353
39.937650 116.386658 44358
39.937647 116.386600 44363
39.937653 116.386541 44368
39.937663 116.386473 44373
39.937672 116.386412 44378
39.937665 116.386362 44383
39.937703 116.386268 44388
39.937716 116.386198 44393
39.937724 116.386131 44398
39.937745 116.386067 44403
39.937797 116.386023 44408
39.937811 116.385961 44413
39.937828 116.385927 44418
39.937805 116.385874 44423
39.937808 116.385819 44428
39.937827 116.385747 44433
39.937835 116.385688 44438
39.937851 116.385625 44443
39.937868 116.385581 44448
39.937876 116.385523 44453
39.937879 116.385454 44458
39.937877 116.385429 44463
39.937896 116.385373 44468
39.937895 116.385320 44473
39.937893 116.385278 44478
39.937906 116.385223 44483
39.937910 116.385180 44488
39.937924 116.385103 44493
39.937943 116.385060 44498
39.937952 116.385016 44503
39.937931 116.384962 44508
39.937946 116.384910 44513
39.937960 116.384871 44518
39.937962 116.384812 44523
39.937987 116.384797 44528
39.937978 116.384769 44533
39.937991 116.384728 44538
39.937993 116.384667 44543
39.937981 116.384629 44548
39.937984 116.384598 44553
39.937978 116.384541 44558
39.937959 116.384491 44563
39.937968 116.384422 44568
39.937974 116.384361 44573
39.937973 116.384303 44578
39.937981 116.384287 44583
39.937999 116.384300 44588
39.937999 116.384303 44593
39.938001 116.384303 44598
39.938001 116.384303 44601
39.938003 116.384300 44603
39.938013 116.384324 44608
39.938017 116.384344 44613
39.938001 116.384333 44618
39.937998 116.384333 44623
39.937998 116.384333 44626
39.937992 116.384325 44628
39.937999 116.384243 44633
39.938022 116.384191 44638
39.938053 116.384106 44643
39.938057 116.384070 44648
39.938072 116.384009 44653
39.938106 116.384007 44658
39.938110 116.383967 44663
39.938139 116.383863 44668
