39.913767 116.537899 21496
39.913905 116.537891 21497
39.914046 116.537885 21498
39.914187 116.537878 21499
39.914329 116.537877 21500
39.914475 116.537866 21501
39.914630 116.537861 21502
39.914784 116.537855 21503
39.914935 116.537852 21504
39.915084 116.537845 21505
39.915238 116.537843 21506
39.915395 116.537841 21507
39.915556 116.537831 21508
39.915714 116.537826 21509
39.915876 116.537821 21510
39.916044 116.537815 21511
39.916210 116.537808 21512
39.916372 116.537802 21513
39.916534 116.537790 21514
39.916687 116.537788 21515
39.916841 116.537782 21516
39.916998 116.537778 21517
39.917160 116.537769 21518
39.917318 116.537752 21519
39.917482 116.537729 21520
39.917650 116.537703 21521
39.917820 116.537690 21522
39.917983 116.537679 21523
39.918149 116.537669 21524
39.918315 116.537655 21525
39.918487 116.537641 21526
39.918655 116.537634 21527
39.918828 116.537617 21528
39.919000 116.537605 21529
39.919169 116.537592 21530
39.919335 116.537578 21531
39.919507 116.537569 21532
39.919679 116.537559 21533
39.919849 116.537548 21534
39.920026 116.537531 21535
39.920197 116.537521 21536
39.920372 116.537508 21537
39.920544 116.537495 21538
39.920720 116.537478 21539
39.920890 116.537469 21540
39.921057 116.537463 21541
39.921220 116.537454 21542
39.921380 116.537446 21543
39.921539 116.537436 21544
39.921693 116.537427 21545
39.921842 116.537418 21546
39.921992 116.537406 21547
39.922140 116.537397 21548
39.922288 116.537386 21549
39.922439 116.537374 21550
39.922588 116.537366 21551
39.922737 116.537356 21552
39.922884 116.537345 21553
39.923034 116.537331 21554
39.923183 116.537318 21555
39.923334 116.537313 21556
39.923486 116.537301 21557
39.923638 116.537295 21558
39.923788 116.537288 21559
39.923941 116.537280 21560
39.924095 116.537270 21561
39.924251 116.537260 21562
39.924406 116.537251 21563
39.924559 116.537245 21564
39.924713 116.537237 21565
39.924870 116.537230 21566
39.925029 116.537216 21567
39.925187 116.537209 21568
39.925346 116.537200 21569
39.925503 116.537192 21570
39.925662 116.537183 21571
39.925821 116.537171 21572
39.925982 116.537156 21573
39.926145 116.537146 21574
39.926308 116.537138 21575
39.926470 116.537123 21576
39.926635 116.537111 21577
39.926800 116.537102 21578
39.926965 116.537093 21579
39.927127 116.537087 21580
39.927287 116.537075 21581
39.927444 116.537068 21582
39.927597 116.537057 21583
39.927750 116.537048 21584
39.927900 116.537039 21585
39.928045 116.537033 21586
39.928190 116.537025 21587
39.928333 116.537016 21588
39.928470 116.537013 21589
39.928604 116.537002 21590
39.928738 116.536994 21591
39.928872 116.536983 21592
39.929007 116.536976 21593
39.929145 116.536970 21594
39.929282 116.536954 21595
39.929417 116.536946 21596
39.929551 116.536938 21597
39.929684 116.536929 21598
39.929816 116.536920 21599
39.929950 116.536911 21600
39.930083 116.536909 21601
39.930217 116.536902 21602
39.930349 116.536893 21603
39.930479 116.536888 21604
39.930610 116.536883 21605
39.930740 116.536873 21606
39.930868 116.536863 21607
39.930999 116.536854 21608
39.931128 116.536847 21609
39.931258 116.536837 21610
39.931387 116.536826 21611
39.931518 116.536812 21612
39.931649 116.536795 21613
39.931780 116.536780 21614
39.931908 116.536769 21615
39.932042 116.536761 21616
39.932175 116.536753 21617
39.932310 116.536749 21618
39.932448 116.536742 21619
39.932587 116.536738 21620
39.932731 116.536736 21621
39.932873 116.536729 21622
39.933017 116.536725 21623
39.933162 116.536718 21624
39.933310 116.536710 21625
39.933458 116.536699 21626
39.933607 116.536691 21627
39.933755 116.536686 21628
39.933904 116.536680 21629
39.934048 116.536674 21630
39.934192 116.536662 21631
39.934328 116.536659 21632
39.934461 116.536654 21633
39.934592 116.536648 21634
39.934719 116.536638 21635
39.934848 116.536631 21636
39.934969 116.536622 21637
39.935086 116.536615 21638
39.935198 116.536605 21639
39.935311 116.536599 21640
39.935420 116.536593 21641
39.935528 116.536585 21642
39.935631 116.536576 21643
39.935734 116.536567 21644
39.935837 116.536563 21645
39.935940 116.536553 21646
39.936044 116.536546 21647
39.936148 116.536536 21648
39.936252 116.536530 21649
39.936355 116.536521 21650
39.936460 116.536511 21651
39.936569 116.536503 21652
39.936681 116.536494 21653
39.936794 116.536482 21654
39.936911 116.536470 21655
39.937030 116.536458 21656
39.937150 116.536442 21657
39.937272 116.536427 21658
39.937394 116.536413 21659
39.937516 116.536400 21660
39.937638 116.536385 21661
39.937762 116.536370 21662
39.937887 116.536352 21663
39.938013 116.536334 21664
39.938142 116.536315 21665
39.938275 116.536301 21666
39.938414 116.536274 21667
39.938553 116.536248 21668
39.938692 116.536220 21669
39.938833 116.536189 21670
39.938978 116.536153 21671
39.939122 116.536118 21672
39.939273 116.536079 21673
39.939425 116.536037 21674
39.939580 116.535993 21675
39.939737 116.535944 21676
39.939897 116.535893 21677
39.940056 116.535841 21678
39.940219 116.535783 21679
39.940384 116.535720 21680
39.940556 116.535656 21681
39.940729 116.535587 21682
39.940905 116.535515 21683
39.941085 116.535436 21684
39.941266 116.535353 21685
39.941447 116.535268 21686
39.941633 116.535175 21687
39.941821 116.535074 21688
39.942010 116.534969 21689
39.942202 116.534857 21690
39.942390 116.534743 21691
39.942576 116.534628 21692
39.942758 116.534514 21693
39.942936 116.534398 21694
39.943108 116.534280 21695
39.943277 116.534159 21696
39.943442 116.534035 21697
39.943604 116.533912 21698
39.943754 116.533786 21699
39.943904 116.533660 21700
39.944050 116.533537 21701
39.944197 116.533412 21702
39.944342 116.533288 21703
39.944483 116.533169 21704
39.944620 116.533050 21705
39.944760 116.532923 21706
39.944899 116.532798 21707
39.945039 116.532673 21708
39.945182 116.532544 21709
39.945324 116.532417 21710
39.945467 116.532284 21711
39.945610 116.532146 21712
39.945749 116.532010 21713
39.945888 116.531872 21714
39.946029 116.531738 21715
39.946167 116.531600 21716
39.946303 116.531464 21717
39.946441 116.531331 21718
39.946574 116.531201 21719
39.946705 116.531072 21720
39.946835 116.530943 21721
39.946963 116.530813 21722
39.947094 116.530683 21723
39.947223 116.530554 21724
39.947356 116.530425 21725
39.947489 116.530295 21726
39.947616 116.530170 21727
39.947746 116.530045 21728
39.947875 116.529919 21729
39.948003 116.529797 21730
39.948130 116.529673 21731
39.948256 116.529553 21732
39.948383 116.529431 21733
39.948503 116.529307 21734
39.948622 116.529192 21735
39.948741 116.529073 21736
39.948866 116.528951 21737
39.948996 116.528824 21738
39.949120 116.528697 21739
39.949258 116.528576 21740
39.949395 116.528447 21741
39.949534 116.528315 21742
39.949680 116.528178 21743
39.949831 116.528041 21744
39.949983 116.527906 21745
39.950139 116.527768 21746
39.950303 116.527627 21747
39.950467 116.527485 21748
39.950634 116.527343 21749
39.950803 116.527198 21750
39.950980 116.527054 21751
39.951156 116.526914 21752
39.951326 116.526774 21753
39.951495 116.526641 21754
39.951662 116.526515 21755
39.951827 116.526387 21756
39.951990 116.526267 21757
39.952148 116.526153 21758
39.952306 116.526041 21759
39.952459 116.525937 21760
39.952611 116.525837 21761
39.952762 116.525739 21762
39.952906 116.525643 21763
39.953049 116.525549 21764
39.953190 116.525460 21765
39.953333 116.525375 21766
39.953475 116.525288 21767
39.953622 116.525206 21768
39.953773 116.525122 21769
39.953921 116.525040 21770
39.954072 116.524959 21771
39.954226 116.524882 21772
39.954382 116.524805 21773
39.954535 116.524730 21774
39.954690 116.524657 21775
39.954847 116.524582 21776
39.954999 116.524511 21777
39.955155 116.524438 21778
39.955310 116.524361 21779
39.955464 116.524287 21780
39.955621 116.524215 21781
39.955777 116.524143 21782
39.955932 116.524076 21783
39.956089 116.524003 21784
39.956246 116.523938 21785
39.956408 116.523868 21786
39.956569 116.523804 21787
39.956731 116.523735 21788
39.956891 116.523663 21789
39.957057 116.523597 21790
39.957223 116.523529 21791
39.957387 116.523457 21792
39.957558 116.523389 21793
39.957726 116.523319 21794
39.957898 116.523252 21795
39.958069 116.523178 21796
39.958240 116.523106 21797
39.958412 116.523033 21798
39.958583 116.522958 21799
39.958758 116.522879 21800
39.958935 116.522801 21801
39.959114 116.522728 21802
39.959295 116.522657 21803
39.959476 116.522580 21804
39.959654 116.522510 21805
39.959837 116.522434 21806
39.960016 116.522361 21807
39.960196 116.522282 21808
39.960371 116.522207 21809
39.960550 116.522127 21810
39.960724 116.522054 21811
39.960899 116.521982 21812
39.961075 116.521911 21813
39.961247 116.521842 21814
39.961418 116.521770 21815
39.961592 116.521694 21816
39.961767 116.521620 21817
39.961938 116.521548 21818
39.962107 116.521472 21819
39.962276 116.521400 21820
39.962446 116.521326 21821
39.962617 116.521253 21822
39.962789 116.521181 21823
39.962961 116.521110 21824
39.963137 116.521033 21825
39.963308 116.520958 21826
39.963485 116.520884 21827
39.963658 116.520811 21828
39.963830 116.520738 21829
39.964001 116.520663 21830
39.964168 116.520582 21831
39.964338 116.520503 21832
39.964511 116.520422 21833
39.964686 116.520340 21834
39.964861 116.520256 21835
39.965037 116.520171 21836
39.965214 116.520085 21837
39.965396 116.520001 21838
39.965576 116.519914 21839
39.965757 116.519828 21840
39.965938 116.519739 21841
39.966118 116.519650 21842
39.966302 116.519557 21843
39.966489 116.519459 21844
39.966673 116.519360 21845
39.966859 116.519261 21846
39.967044 116.519160 21847
39.967232 116.519061 21848
39.967420 116.518957 21849
39.967612 116.518850 21850
39.967800 116.518742 21851
39.967991 116.518633 21852
39.968179 116.518523 21853
39.968369 116.518411 21854
39.968559 116.518297 21855
39.968751 116.518188 21856
39.968944 116.518077 21857
39.969137 116.517964 21858
39.969330 116.517848 21859
39.969522 116.517729 21860
39.969715 116.517608 21861
39.969909 116.517487 21862
39.970099 116.517364 21863
39.970288 116.517242 21864
39.970471 116.517121 21865
39.970654 116.516998 21866
39.970831 116.516882 21867
39.971004 116.516764 21868
39.971178 116.516649 21869
39.971345 116.516535 21870
39.971494 116.516422 21871
39.971647 116.516313 21872
39.971799 116.516204 21873
39.971941 116.516098 21874
39.972082 116.515992 21875
39.972224 116.515892 21876
39.972365 116.515792 21877
39.972504 116.515696 21878
39.972640 116.515600 21879
39.972773 116.515507 21880
39.972899 116.515412 21881
39.973025 116.515321 21882
39.973144 116.515229 21883
39.973259 116.515142 21884
39.973366 116.515060 21885
39.973461 116.514987 21886
39.973548 116.514920 21887
39.973682 116.514818 21889
39.973780 116.514736 21891
39.973873 116.514662 21894
39.973954 116.514602 21897
39.974059 116.514521 21900
39.974140 116.514459 21902
39.974222 116.514385 21904
39.974330 116.514302 21906
39.974449 116.514208 21908
39.974566 116.514108 21910
39.974666 116.514026 21912
39.974764 116.513945 21915
39.974860 116.513871 21919
39.974949 116.513793 21922
39.975061 116.513706 21925
39.975161 116.513628 21927
39.975274 116.513548 21929
39.975394 116.513457 21931
39.975519 116.513359 21933
39.975639 116.513265 21935
39.975748 116.513178 21937
39.975836 116.513095 21940
39.975933 116.513017 21944
39.976019 116.512946 21947
39.976136 116.512857 21950
39.976235 116.512773 21952
39.976338 116.512690 21954
39.976447 116.512602 21956
39.976565 116.512509 21958
39.976685 116.512417 21960
39.976809 116.512308 21962
39.976939 116.512207 21964
39.977070 116.512111 21966
39.977178 116.512023 21968
39.977281 116.511930 21970
39.977380 116.511847 21972
39.977465 116.511777 21975
39.977517 116.511720 21980
39.977607 116.511643 21984
39.977709 116.511558 21987
39.977807 116.511470 21990
39.977901 116.511391 21993
39.977983 116.511325 21995
39.978061 116.511264 21997
39.978141 116.511191 21999
39.978233 116.511110 22001
39.978339 116.511036 22003
39.978450 116.510950 22005
39.978560 116.510865 22007
39.978651 116.510797 22009
39.978765 116.510706 22012
39.978864 116.510641 22015
39.978951 116.510576 22018
39.979055 116.510495 22021
39.979135 116.510429 22023
39.979220 116.510360 22025
39.979312 116.510290 22027
39.979411 116.510215 22029
39.979517 116.510143 22031
39.979627 116.510059 22033
39.979750 116.509961 22035
39.979884 116.509857 22037
39.980021 116.509739 22039
39.980166 116.509610 22041
39.980245 116.509544 22042
39.980333 116.509477 22043
39.980420 116.509402 22044
39.980514 116.509327 22045
39.980612 116.509249 22046
39.980709 116.509167 22047
39.980810 116.509083 22048
39.980916 116.508996 22049
39.981026 116.508906 22050
39.981142 116.508815 22051
39.981259 116.508714 22052
39.981381 116.508619 22053
39.981504 116.508523 22054
39.981634 116.508424 22055
39.981766 116.508323 22056
39.981898 116.508219 22057
39.982036 116.508109 22058
39.982180 116.507994 22059
39.982327 116.507879 22060
39.982478 116.507762 22061
39.982632 116.507642 22062
39.982789 116.507519 22063
39.982952 116.507394 22064
39.983116 116.507268 22065
39.983280 116.507139 22066
39.983446 116.507004 22067
39.983614 116.506869 22068
39.983786 116.506731 22069
39.983958 116.506592 22070
39.984132 116.506452 22071
39.984305 116.506317 22072
39.984476 116.506182 22073
39.984648 116.506044 22074
39.984821 116.505908 22075
39.984995 116.505769 22076
39.985170 116.505629 22077
39.985348 116.505489 22078
39.985521 116.505350 22079
39.985698 116.505212 22080
39.985875 116.505074 22081
39.986049 116.504937 22082
39.986222 116.504801 22083
39.986395 116.504667 22084
39.986566 116.504534 22085
39.986733 116.504395 22086
39.986895 116.504260 22087
39.987053 116.504125 22088
39.987206 116.503992 22089
39.987362 116.503863 22090
39.987514 116.503742 22091
39.987664 116.503621 22092
39.987810 116.503504 22093
39.987953 116.503387 22094
39.988095 116.503270 22095
39.988235 116.503154 22096
