39.936146 116.455462 33692
39.936056 116.455460 33694
39.935941 116.455469 33697
39.935840 116.455469 33701
39.935734 116.455467 33706
39.935636 116.455473 33709
39.935536 116.455468 33712
39.935425 116.455472 33715
39.935329 116.455476 33718
39.935240 116.455458 33723
39.935240 116.455458 33726
39.935240 116.455453 33728
39.935225 116.455453 33733
39.935179 116.455448 33738
39.935176 116.455452 33743
39.935176 116.455452 33746
39.935176 116.455452 33748
39.935144 116.455455 33753
39.935039 116.455461 33756
39.934943 116.455460 33758
39.934828 116.455458 33760
39.934698 116.455455 33762
39.934553 116.455455 33764
39.934393 116.455461 33766
39.934220 116.455469 33768
39.934127 116.455467 33769
39.934027 116.455464 33770
39.933931 116.455464 33771
39.933829 116.455460 33772
39.933725 116.455461 33773
39.933617 116.455455 33774
39.933510 116.455455 33775
39.933402 116.455450 33776
39.933299 116.455452 33777
39.933196 116.455451 33778
39.933102 116.455451 33779
39.933010 116.455451 33780
39.932843 116.455442 33782
39.932687 116.455441 33784
39.932539 116.455445 33786
39.932389 116.455444 33788
39.932232 116.455444 33790
39.932064 116.455451 33792
39.931908 116.455446 33794
39.931746 116.455444 33796
39.931591 116.455436 33798
39.931453 116.455435 33800
39.931350 116.455438 33802
39.931242 116.455441 33807
39.931166 116.455450 33812
39.931091 116.455451 33817
39.930978 116.455455 33822
39.930874 116.455465 33827
39.930806 116.455465 33832
39.930794 116.455463 33837
39.930738 116.455476 33842
39.930657 116.455477 33847
39.930552 116.455484 33852
39.930455 116.455502 33855
39.930327 116.455526 33858
39.930211 116.455509 33860
39.930071 116.455513 33862
39.929912 116.455504 33864
39.929760 116.455483 33866
39.929651 116.455487 33868
39.929613 116.455431 33873
39.929613 116.455431 33876
39.929614 116.455431 33878
39.929534 116.455444 33883
39.929416 116.455444 33885
39.929262 116.455456 33887
39.929108 116.455466 33889
39.928950 116.455469 33891
39.928806 116.455459 33893
39.928676 116.455464 33895
39.928562 116.455464 33897
39.928472 116.455461 33899
39.928358 116.455446 33902
39.928239 116.455470 33905
39.928130 116.455481 33908
39.928046 116.455425 33912
39.927990 116.455378 33917
39.927900 116.455384 33922
39.927780 116.455421 33925
39.927690 116.455439 33927
39.927599 116.455473 33929
39.927498 116.455484 33931
39.927406 116.455485 33933
39.927298 116.455509 33936
39.927207 116.455517 33941
39.927193 116.455519 33946
39.927178 116.455522 33951
39.927087 116.455508 33954
39.926997 116.455496 33956
39.926890 116.455490 33958
39.926759 116.455474 33960
39.926624 116.455465 33962
39.926500 116.455466 33964
39.926382 116.455475 33966
39.926280 116.455472 33968
39.926172 116.455475 33970
39.926058 116.455472 33972
39.925946 116.455474 33974
39.925833 116.455462 33976
39.925703 116.455461 33978
39.925588 116.455463 33980
39.925489 116.455464 33982
39.925393 116.455462 33984
39.925263 116.455441 33987
39.925186 116.455423 33989
39.925097 116.455412 33991
39.924965 116.455395 33994
39.924843 116.455382 33997
39.924751 116.455389 33999
39.924651 116.455393 34001
39.924531 116.455394 34003
39.924418 116.455377 34005
39.924306 116.455363 34007
39.924175 116.455362 34009
39.924061 116.455352 34011
39.923965 116.455351 34013
39.923860 116.455343 34015
39.923752 116.455345 34017
39.923635 116.455353 34019
39.923493 116.455356 34021
39.923348 116.455347 34023
39.923226 116.455343 34025
39.923125 116.455319 34028
39.923040 116.455343 34033
39.922956 116.455375 34036
39.922836 116.455371 34039
39.922737 116.455372 34041
39.922636 116.455377 34043
39.922534 116.455383 34045
39.922421 116.455382 34047
39.922314 116.455377 34050
39.922225 116.455381 34055
39.922162 116.455386 34060
39.922093 116.455378 34065
39.921994 116.455391 34069
39.921882 116.455395 34072
39.921754 116.455412 34075
39.921654 116.455421 34077
39.921536 116.455427 34079
39.921401 116.455427 34081
39.921254 116.455431 34083
39.921104 116.455431 34085
39.920971 116.455431 34087
39.920868 116.455427 34089
39.920770 116.455413 34094
39.920752 116.455405 34099
39.920752 116.455405 34102
39.920751 116.455404 34104
39.920652 116.455402 34109
39.920543 116.455404 34112
39.920431 116.455400 34116
39.920320 116.455395 34119
39.920223 116.455371 34122
39.920120 116.455341 34125
39.920030 116.455340 34127
39.919928 116.455345 34129
39.919805 116.455355 34131
39.919685 116.455367 34133
39.919562 116.455366 34135
39.919454 116.455371 34137
39.919352 116.455375 34139
39.919247 116.455387 34141
39.919148 116.455398 34143
39.919051 116.455412 34145
39.918940 116.455432 34147
39.918812 116.455435 34149
39.918668 116.455439 34151
39.918514 116.455433 34153
39.918371 116.455440 34155
39.918244 116.455451 34157
39.918142 116.455448 34159
39.918049 116.455427 34161
39.917939 116.455426 34163
39.917828 116.455426 34165
39.917695 116.455436 34167
39.917545 116.455430 34169
39.917396 116.455430 34171
39.917251 116.455431 34173
39.917134 116.455433 34175
39.917032 116.455418 34177
39.916933 116.455409 34179
39.916828 116.455406 34181
39.916735 116.455413 34183
39.916641 116.455419 34185
39.916545 116.455422 34187
39.916416 116.455429 34190
39.916312 116.455441 34193
39.916217 116.455450 34196
39.916119 116.455466 34199
39.916026 116.455472 34202
39.915897 116.455480 34205
39.915794 116.455493 34207
39.915707 116.455505 34209
39.915597 116.455512 34212
39.915491 116.455508 34214
39.915353 116.455518 34216
39.915204 116.455525 34218
39.915078 116.455523 34220
39.914965 116.455532 34222
39.914854 116.455543 34224
39.914738 116.455555 34226
39.914609 116.455565 34228
39.914482 116.455565 34230
39.914383 116.455565 34232
39.914288 116.455554 34236
39.914185 116.455556 34240
39.914098 116.455591 34242
39.913979 116.455616 34245
39.913888 116.455655 34248
39.913753 116.455683 34251
39.913651 116.455668 34253
39.913549 116.455660 34255
39.913443 116.455655 34257
39.913298 116.455637 34259
39.913181 116.455640 34261
39.913059 116.455664 34263
39.912926 116.455674 34265
39.912797 116.455655 34267
39.912687 116.455661 34269
39.912585 116.455656 34271
39.912456 116.455659 34273
39.912314 116.455669 34275
39.912177 116.455665 34277
39.912023 116.455668 34279
39.911850 116.455657 34281
39.911745 116.455646 34282
39.911574 116.455634 34284
39.911483 116.455618 34285
39.911385 116.455607 34286
39.911285 116.455590 34287
39.911183 116.455590 34288
39.911071 116.455587 34289
39.910953 116.455586 34290
39.910845 116.455587 34291
39.910747 116.455589 34292
