39.988700 116.179233 32027
39.988583 116.179483 32051
39.988483 116.179583 32086
39.988350 116.179483 32104
39.988250 116.179283 32125
39.988083 116.179333 32161
39.987917 116.179483 32186
39.987950 116.179667 32227
39.987850 116.180033 32259
39.987817 116.180350 32279
39.987767 116.180517 32293
39.987667 116.180750 32311
39.987617 116.181250 32348
39.987683 116.181433 32370
39.987733 116.181683 32401
39.987850 116.181733 32439
39.988000 116.181883 32478
39.988100 116.182000 32494
39.988233 116.182133 32528
39.988333 116.182267 32556
39.988533 116.182317 32585
39.988783 116.182350 32615
39.988900 116.182383 32627
