39.987837 116.327090 65538
39.987878 116.327084 65539
39.987918 116.327072 65540
39.987918 116.327072 65540
39.987955 116.327062 65541
39.987996 116.327058 65542
39.988036 116.327056 65543
39.988077 116.327056 65544
39.988077 116.327056 65544
39.988117 116.327056 65545
39.988155 116.327060 65546
39.988193 116.327059 65547
39.988193 116.327059 65547
39.988233 116.327045 65548
39.988272 116.327030 65549
39.988310 116.327028 65550
39.988353 116.327020 65551
39.988353 116.327020 65551
39.988391 116.327025 65552
39.988434 116.327029 65553
39.988474 116.327036 65554
39.988474 116.327036 65554
39.988514 116.327042 65555
39.988553 116.327045 65556
39.988594 116.327048 65557
39.988634 116.327046 65558
39.988634 116.327046 65558
39.988672 116.327047 65559
39.988709 116.327049 65560
39.988748 116.327051 65561
39.988748 116.327051 65561
39.988787 116.327048 65562
39.988826 116.327043 65563
39.988863 116.327037 65564
39.988863 116.327037 65564
39.988902 116.327027 65565
39.988944 116.327022 65566
39.988979 116.327021 65567
39.989015 116.327024 65568
39.989015 116.327024 65568
39.989051 116.327027 65569
39.989089 116.327028 65570
39.989126 116.327031 65571
39.989126 116.327031 65571
39.989163 116.327030 65572
39.989198 116.327030 65573
39.989240 116.327033 65574
39.989280 116.327030 65575
39.989280 116.327030 65575
39.989321 116.327027 65576
39.989360 116.327021 65577
39.989401 116.327007 65578
39.989401 116.327007 65578
39.989441 116.326995 65579
39.989484 116.326983 65580
39.989527 116.326982 65581
39.989527 116.326982 65581
39.989572 116.326979 65582
39.989615 116.326976 65583
39.989659 116.326971 65584
39.989704 116.326972 65585
39.989704 116.326972 65585
39.989747 116.326962 65586
39.989790 116.326962 65587
39.989834 116.326960 65588
39.989834 116.326960 65588
39.989878 116.326959 65589
39.989922 116.326948 65590
39.989963 116.326941 65591
39.990005 116.326939 65592
39.990005 116.326939 65592
39.990048 116.326940 65593
39.990089 116.326935 65594
39.990127 116.326938 65595
39.990127 116.326938 65595
39.990170 116.326933 65596
39.990210 116.326939 65597
39.990245 116.326941 65598
39.990285 116.326942 65599
39.990285 116.326942 65599
39.990329 116.326940 65600
39.990369 116.326941 65601
39.990408 116.326943 65602
39.990408 116.326943 65602
39.990451 116.326938 65603
39.990494 116.326930 65604
39.990531 116.326930 65605
39.990531 116.326930 65605
39.990554 116.327018 65606
39.990580 116.326987 65607
39.990631 116.326969 65608
39.990667 116.326975 65609
39.990667 116.326975 65609
39.990728 116.326957 65610
39.990767 116.326948 65611
39.990809 116.326936 65612
39.990809 116.326936 65612
39.990859 116.326934 65613
39.990909 116.326935 65614
39.990970 116.326946 65615
39.991015 116.326938 65616
39.991015 116.326938 65616
39.991088 116.326887 65617
39.991134 116.326881 65618
39.991177 116.326879 65619
39.991177 116.326879 65619
39.991214 116.326873 65620
39.991241 116.326870 65621
39.991270 116.326879 65622
39.991270 116.326879 65622
39.991304 116.326882 65623
39.991327 116.326888 65624
39.991339 116.326901 65625
39.991355 116.326909 65626
39.991355 116.326909 65626
39.991365 116.326935 65627
39.991373 116.326955 65628
39.991367 116.326969 65629
39.991367 116.326969 65629
39.991360 116.326979 65630
39.991352 116.326984 65631
39.991350 116.326992 65633
39.991350 116.326992 65633
39.991352 116.326992 65634
39.991353 116.326993 65636
39.991355 116.326994 65637
39.991360 116.326992 65638
39.991386 116.326997 65639
39.991418 116.326988 65640
39.991418 116.326988 65640
39.991450 116.326981 65641
39.991485 116.326976 65642
39.991521 116.326969 65643
39.991521 116.326969 65643
39.991556 116.326961 65644
39.991595 116.326959 65645
39.991633 116.326946 65646
39.991673 116.326938 65647
39.991673 116.326938 65647
39.991713 116.326924 65648
39.991755 116.326911 65649
39.991800 116.326902 65650
39.991800 116.326902 65650
39.991843 116.326900 65651
39.991887 116.326916 65652
39.991937 116.326914 65653
39.991937 116.326914 65653
39.991984 116.326913 65654
39.992029 116.326925 65655
39.992073 116.326924 65656
39.992119 116.326927 65657
39.992119 116.326927 65657
39.992158 116.326930 65658
39.992200 116.326924 65659
39.992241 116.326928 65660
39.992241 116.326928 65660
39.992281 116.326917 65661
39.992321 116.326914 65662
39.992355 116.326904 65663
39.992389 116.326895 65664
39.992389 116.326895 65664
39.992422 116.326890 65665
39.992458 116.326882 65666
39.992491 116.326879 65667
39.992491 116.326879 65667
39.992539 116.326878 65668
39.992583 116.326878 65669
39.992625 116.326862 65670
39.992667 116.326855 65671
39.992667 116.326855 65671
39.992715 116.326842 65672
39.992768 116.326825 65673
39.992817 116.326831 65674
39.992817 116.326831 65674
39.992854 116.326837 65675
39.992904 116.326835 65676
39.992946 116.326834 65677
39.992946 116.326834 65677
39.992990 116.326835 65678
39.993030 116.326833 65679
39.993065 116.326827 65680
39.993103 116.326826 65681
39.993103 116.326826 65681
39.993141 116.326827 65682
39.993177 116.326827 65683
39.993213 116.326825 65684
39.993213 116.326825 65684
39.993253 116.326825 65685
39.993295 116.326825 65686
39.993333 116.326827 65687
39.993377 116.326823 65688
39.993377 116.326823 65688
39.993422 116.326818 65689
39.993470 116.326806 65690
39.993515 116.326806 65691
39.993515 116.326806 65691
39.993560 116.326808 65692
39.993606 116.326808 65693
39.993651 116.326807 65694
39.993696 116.326808 65695
39.993742 116.326808 65696
39.993792 116.326802 65697
39.993835 116.326794 65698
39.993880 116.326789 65699
39.993927 116.326783 65700
39.993972 116.326786 65701
39.994013 116.326791 65702
39.994043 116.326804 65703
39.994069 116.326845 65704
39.994090 116.326872 65705
39.994111 116.326901 65706
39.994129 116.326915 65707
39.994157 116.326905 65708
39.994182 116.326895 65709
39.994221 116.326874 65710
39.994264 116.326862 65711
39.994307 116.326865 65712
39.994352 116.326867 65713
39.994393 116.326866 65714
39.994439 116.326862 65715
39.994488 116.326854 65716
39.994537 116.326847 65717
39.994590 116.326840 65718
39.994639 116.326838 65719
39.994686 116.326830 65720
39.994734 116.326823 65721
39.994778 116.326820 65722
39.994824 116.326811 65723
39.994868 116.326804 65724
39.994910 116.326798 65725
39.994950 116.326790 65726
39.994989 116.326784 65727
39.995030 116.326778 65728
39.995070 116.326777 65729
39.995109 116.326777 65730
39.995144 116.326767 65731
39.995184 116.326755 65732
39.995219 116.326749 65733
39.995255 116.326746 65734
39.995284 116.326745 65735
39.995310 116.326740 65736
39.995353 116.326734 65737
39.995396 116.326725 65738
39.995444 116.326719 65739
39.995491 116.326714 65740
39.995541 116.326709 65741
39.995587 116.326710 65742
39.995631 116.326706 65743
39.995667 116.326705 65744
39.995721 116.326702 65745
39.995768 116.326693 65746
39.995811 116.326689 65747
39.995853 116.326692 65748
39.995898 116.326686 65749
39.995946 116.326684 65750
39.995987 116.326680 65751
39.996025 116.326672 65752
39.996072 116.326668 65753
39.996115 116.326654 65754
39.996147 116.326633 65755
39.996180 116.326602 65756
39.996206 116.326567 65757
39.996233 116.326533 65758
39.996260 116.326507 65759
39.996297 116.326458 65760
39.996327 116.326422 65761
39.996362 116.326390 65762
39.996403 116.326364 65763
39.996445 116.326348 65764
39.996485 116.326340 65765
39.996526 116.326344 65766
39.996569 116.326344 65767
39.996614 116.326337 65768
39.996663 116.326334 65769
39.996705 116.326335 65770
39.996749 116.326330 65771
39.996800 116.326316 65772
39.996840 116.326317 65773
39.996882 116.326321 65774
39.996928 116.326329 65775
39.996975 116.326329 65776
39.997019 116.326327 65777
39.997063 116.326320 65778
39.997111 116.326319 65779
39.997155 116.326319 65780
39.997198 116.326319 65781
39.997247 116.326328 65782
39.997306 116.326335 65783
39.997358 116.326333 65784
39.997413 116.326337 65785
39.997462 116.326333 65786
39.997512 116.326322 65787
39.997560 116.326308 65788
39.997606 116.326304 65789
39.997653 116.326302 65790
39.997701 116.326295 65791
39.997744 116.326296 65792
39.997788 116.326295 65793
39.997833 116.326296 65794
39.997877 116.326293 65795
39.997920 116.326292 65796
39.997961 116.326295 65797
39.998002 116.326298 65798
39.998044 116.326297 65799
39.998084 116.326298 65800
39.998127 116.326296 65801
39.998171 116.326288 65802
39.998215 116.326287 65803
39.998261 116.326283 65804
39.998306 116.326277 65805
39.998351 116.326272 65806
39.998395 116.326272 65807
39.998436 116.326268 65808
39.998477 116.326268 65809
39.998518 116.326265 65810
39.998556 116.326266 65811
39.998599 116.326262 65812
39.998637 116.326262 65813
39.998674 116.326261 65814
39.998712 116.326261 65815
39.998753 116.326257 65816
39.998792 116.326252 65817
39.998833 116.326245 65818
39.998875 116.326241 65819
39.998916 116.326232 65820
39.998957 116.326231 65821
39.998999 116.326231 65822
39.999046 116.326227 65823
39.999090 116.326217 65824
39.999129 116.326207 65825
39.999163 116.326194 65826
39.999195 116.326165 65827
39.999230 116.326131 65828
39.999256 116.326087 65829
39.999286 116.326040 65830
39.999304 116.325999 65831
39.999327 116.325958 65832
39.999350 116.325919 65833
39.999380 116.325878 65834
39.999411 116.325841 65835
39.999441 116.325807 65836
39.999473 116.325783 65837
39.999511 116.325757 65838
39.999548 116.325744 65839
39.999590 116.325718 65840
39.999633 116.325693 65841
39.999669 116.325672 65842
39.999706 116.325652 65843
39.999740 116.325633 65844
39.999773 116.325604 65845
39.999800 116.325560 65846
39.999823 116.325507 65847
39.999829 116.325450 65848
39.999822 116.325399 65849
39.999820 116.325345 65850
39.999817 116.325291 65851
39.999816 116.325240 65852
39.999815 116.325189 65853
39.999817 116.325135 65854
39.999815 116.325086 65855
39.999816 116.325033 65856
39.999811 116.324977 65857
39.999807 116.324925 65858
39.999800 116.324879 65859
39.999797 116.324828 65860
39.999788 116.324780 65861
39.999784 116.324727 65862
39.999777 116.324682 65863
39.999775 116.324630 65864
39.999774 116.324581 65865
39.999771 116.324532 65866
39.999765 116.324486 65867
39.999760 116.324440 65868
39.999751 116.324391 65869
39.999739 116.324342 65870
39.999722 116.324290 65871
39.999709 116.324241 65872
39.999693 116.324194 65873
39.999685 116.324149 65874
39.999721 116.324090 65875
39.999722 116.324044 65876
39.999717 116.323986 65877
39.999716 116.323934 65878
39.999712 116.323893 65879
39.999710 116.323838 65880
39.999708 116.323793 65881
39.999708 116.323753 65882
39.999710 116.323686 65883
39.999701 116.323625 65884
39.999700 116.323576 65885
39.999693 116.323531 65886
39.999687 116.323481 65887
39.999681 116.323435 65888
39.999685 116.323386 65889
39.999682 116.323341 65890
39.999682 116.323301 65891
39.999675 116.323215 65892
39.999672 116.323168 65893
39.999673 116.323122 65894
39.999669 116.323082 65895
39.999680 116.323001 65896
39.999673 116.322952 65897
39.999671 116.322906 65898
39.999672 116.322862 65899
39.999670 116.322820 65900
39.999685 116.322769 65901
39.999688 116.322721 65902
39.999683 116.322658 65903
39.999685 116.322592 65904
39.999684 116.322536 65905
39.999688 116.322491 65906
39.999686 116.322440 65907
39.999686 116.322388 65908
39.999691 116.322331 65909
39.999700 116.322276 65910
39.999709 116.322224 65911
39.999720 116.322168 65912
39.999737 116.322120 65913
39.999761 116.322069 65914
39.999789 116.322021 65915
39.999820 116.321983 65916
39.999854 116.321948 65917
39.999886 116.321923 65918
39.999920 116.321901 65919
39.999957 116.321881 65920
39.999993 116.321868 65921
40.000035 116.321864 65922
40.000067 116.321857 65923
40.000094 116.321852 65924
40.000122 116.321850 65925
40.000155 116.321845 65926
40.000182 116.321843 65927
40.000230 116.321840 65928
40.000257 116.321842 65929
40.000289 116.321843 65930
40.000325 116.321841 65931
40.000362 116.321838 65932
40.000404 116.321837 65933
40.000444 116.321836 65934
40.000472 116.321832 65935
40.000508 116.321828 65936
40.000549 116.321821 65937
40.000583 116.321818 65938
40.000614 116.321817 65939
40.000642 116.321820 65940
40.000668 116.321819 65941
40.000712 116.321811 65942
40.000750 116.321794 65943
40.000793 116.321788 65944
40.000836 116.321780 65945
40.000880 116.321770 65946
40.000931 116.321770 65947
40.000961 116.321770 65948
40.000999 116.321764 65949
40.001054 116.321751 65950
40.001105 116.321741 65951
40.001152 116.321728 65952
40.001192 116.321724 65953
40.001223 116.321722 65954
40.001255 116.321726 65955
40.001293 116.321728 65956
40.001326 116.321722 65957
40.001372 116.321715 65958
40.001413 116.321713 65959
40.001445 116.321705 65960
40.001476 116.321708 65961
40.001503 116.321714 65962
40.001536 116.321714 65963
40.001569 116.321713 65964
40.001604 116.321707 65965
40.001628 116.321703 65966
40.001671 116.321699 65967
40.001693 116.321689 65968
40.001712 116.321685 65969
40.001739 116.321676 65970
40.001767 116.321671 65971
40.001788 116.321670 65972
40.001812 116.321671 65973
40.001838 116.321666 65974
40.001865 116.321662 65975
40.001889 116.321664 65976
40.001917 116.321668 65977
40.001947 116.321665 65978
40.001972 116.321668 65979
40.002006 116.321668 65980
40.002040 116.321669 65981
40.002072 116.321675 65982
40.002099 116.321668 65983
40.002153 116.321658 65984
40.002205 116.321653 65985
40.002236 116.321656 65986
40.002261 116.321660 65987
40.002362 116.321644 65988
40.002407 116.321634 65989
40.002486 116.321611 65990
40.002530 116.321610 65991
40.002576 116.321601 65992
40.002613 116.321594 65993
40.002672 116.321588 65994
40.002731 116.321579 65995
40.002780 116.321569 65996
40.002824 116.321572 65997
40.002863 116.321568 65998
40.002902 116.321561 65999
40.002942 116.321554 66000
40.002988 116.321558 66001
40.003036 116.321556 66002
40.003071 116.321560 66003
40.003113 116.321554 66004
40.003145 116.321548 66005
40.003189 116.321544 66006
40.003224 116.321536 66007
40.003263 116.321527 66008
40.003308 116.321521 66009
40.003341 116.321523 66010
40.003378 116.321519 66011
40.003417 116.321513 66012
40.003455 116.321511 66013
40.003497 116.321516 66014
40.003531 116.321515 66015
40.003565 116.321517 66016
40.003606 116.321510 66017
40.003646 116.321504 66018
40.003678 116.321501 66019
40.003707 116.321496 66020
40.003747 116.321496 66021
40.003789 116.321497 66022
40.003820 116.321496 66023
40.003863 116.321497 66024
40.003910 116.321492 66025
40.003951 116.321481 66026
40.003994 116.321481 66027
40.004041 116.321474 66028
40.004084 116.321474 66029
40.004117 116.321477 66030
40.004154 116.321472 66031
40.004185 116.321471 66032
40.004217 116.321463 66033
40.004254 116.321456 66034
40.004298 116.321453 66035
40.004334 116.321449 66036
40.004367 116.321445 66037
40.004399 116.321435 66038
40.004447 116.321424 66039
40.004481 116.321413 66040
40.004513 116.321395 66041
40.004538 116.321384 66042
40.004569 116.321375 66043
40.004614 116.321371 66044
40.004655 116.321371 66045
40.004693 116.321372 66046
40.004735 116.321369 66047
40.004769 116.321364 66048
40.004804 116.321364 66049
40.004838 116.321363 66050
40.004874 116.321358 66051
40.004913 116.321356 66052
40.004956 116.321348 66053
40.004996 116.321348 66054
40.005030 116.321347 66055
40.005061 116.321347 66056
40.005102 116.321346 66057
40.005140 116.321344 66058
40.005172 116.321347 66059
40.005203 116.321345 66060
40.005234 116.321343 66061
40.005269 116.321336 66062
40.005305 116.321326 66063
40.005342 116.321317 66064
40.005377 116.321306 66065
40.005412 116.321295 66066
40.005449 116.321293 66067
40.005481 116.321295 66068
40.005518 116.321298 66069
40.005552 116.321298 66070
40.005587 116.321310 66071
40.005620 116.321311 66072
40.005651 116.321301 66073
40.005684 116.321294 66074
40.005711 116.321291 66075
40.005743 116.321289 66076
40.005774 116.321283 66077
40.005804 116.321285 66078
40.005838 116.321281 66079
40.005869 116.321280 66080
40.005903 116.321276 66081
40.005927 116.321266 66082
40.005953 116.321266 66083
40.005986 116.321264 66084
40.006015 116.321267 66085
40.006041 116.321266 66086
40.006059 116.321272 66087
40.006078 116.321269 66088
40.006100 116.321275 66089
40.006154 116.321257 66090
40.006192 116.321232 66091
40.006212 116.321209 66092
40.006227 116.321184 66093
40.006232 116.321156 66094
40.006244 116.321119 66095
40.006245 116.321083 66096
40.006256 116.321046 66097
40.006263 116.321005 66098
40.006268 116.320968 66099
40.006268 116.320934 66100
40.006271 116.320897 66101
40.006269 116.320860 66102
40.006271 116.320824 66103
40.006270 116.320787 66104
40.006273 116.320752 66105
40.006274 116.320716 66106
40.006268 116.320677 66107
40.006267 116.320643 66108
40.006266 116.320608 66109
40.006268 116.320574 66110
40.006272 116.320540 66111
40.006271 116.320506 66112
40.006272 116.320475 66113
40.006269 116.320443 66114
40.006263 116.320413 66115
40.006260 116.320385 66116
40.006259 116.320355 66117
40.006256 116.320330 66118
40.006261 116.320322 66119
40.006266 116.320323 66120
40.006263 116.320323 66121
40.006262 116.320318 66122
40.006263 116.320317 66127
40.006266 116.320315 66129
40.006269 116.320318 66130
40.006270 116.320318 66131
40.006268 116.320319 66132
40.006270 116.320317 66134
40.006273 116.320314 66137
40.006273 116.320308 66138
