0.000000 0.000000
0.000000 0.000000
0.000000 0.000000
0.000000 0.000000
0.000000 0.000000
0.000000 0.000000
0.000000 0.000000
0.000000 0.000000
0.000000 0.000000
0.000000 0.000000
0.000000 0.000000
0.000000 0.000000
0.000000 0.000000
0.000000 0.000000
0.000000 0.000000
0.000000 0.000000
0.000000 0.000000
0.000000 0.000000
0.000000 0.000000
0.000000 0.000000
39.976369 116.351450
39.976369 116.350907
39.976369 116.350642
39.975912 116.350132
39.975882 116.349797
39.975640 116.349442
39.975578 116.349363
39.975205 116.349356
39.975261 116.349191
39.975338 116.349063
39.975564 116.348786
39.975555 116.348545
39.975553 116.348335
39.976342 116.347554
39.976332 116.347023
39.976322 116.346473
39.976315 116.346139
39.976095 116.345655
39.976304 116.345426
39.976302 116.345063
39.976299 116.344714
39.976296 116.344346
39.976293 116.343975
39.977779 116.342342
39.977857 116.342278
39.977740 116.342028
39.978025 116.341782
0.000000 0.000000
39.976302 116.340802
39.976302 116.340565
0.000000 0.000000
0.000000 0.000000
0.000000 0.000000
