0
0
0
0
0
0
0
0
0
0
304713
304713
0
0
0
0
304028
304028
304025
304025
304025
304025
0
0
304025
0
303974
303974
303968
0
303814
303816
303816
303816
0
303816
303816
303816
303816
303814
303814
303814
0
303816
303814
303814
308915
309581
307539
303808
303808
304653
0
304655
304655
308336
308336
308336
308336
308336
304655
308336
308336
308336
304655
0
0
308336
308336
308336
308334
307989
0
309473
309476
0
0
0
0
0
0
0
0
0
0
0
308310
0
309461
0
0
0
0
0
307542
0
0
0
0
308126
0
0
307822
0
306568
306567
0
306539
306539
0
306539
306539
0
306539
306539
0
0
307082
307092
307092
307092
307092
307092
0
307092
307092
307092
307084
0
307092
307092
307092
307092
307092
307092
307092
0
307084
307092
307090
0
309141
307064
308121
307061
307061
297123
294977
294977
294977
294977
294977
294977
0
0
294977
294977
294977
294877
294877
297903
294840
294926
294856
294856
0
0
0
0
0
294889
294887
294887
295058
296941
295058
295058
295058
295058
295058
295058
0
295058
295058
295058
0
295058
295058
0
295058
295058
295058
296943
296941
296941
296937
296939
294782
294784
294784
296925
296925
296927
296935
296929
196863
196863
209243
209243
209243
210313
210313
210315
209206
209206
210260
219610
219610
206248
206248
206252
206252
206252
206252
206252
206252
206252
0
206252
0
206252
206252
206252
206252
206250
207395
207395
207395
0
0
0
0
0
0
0
209271
209271
207666
0
201396
209202
209185
201389
210093
210089
0
0
210081
210081
210081
210081
210081
210081
0
210081
210081
210081
210081
210081
210085
210085
210085
210085
210085
210085
210085
210085
0
210085
210085
210085
210085
210085
218549
218549
218547
0
216186
216186
216186
206105
206091
206091
206107
0
0
0
0
0
0
0
0
0
200792
200792
219841
201135
0
0
0
0
0
0
0
0
0
0
0
0
0
0
0
0
0
0
0
0
0
0
0
0
0
0
0
0
0
0
0
0
0
0
0
0
0
0
0
0
0
0
200615
200615
200616
198214
198214
198214
200619
0
198214
200619
200619
0
200619
200619
200619
200619
200619
200619
198292
196922
196922
196922
196922
216069
216069
216071
196912
201656
206139
206139
206141
206141
201393
201393
219837
219837
219837
0
219841
201135
206413
218487
218490
218490
218490
200792
200792
200792
200792
0
0
0
0
0
0
0
206107
206107
206091
206091
206091
206091
216186
216186
216186
0
218547
218551
218551
218551
218551
0
218551
218551
218551
218551
218551
218551
218551
218551
0
218547
218547
218549
218549
210085
210085
210085
210081
210081
210081
0
0
0
0
0
0
0
0
0
0
0
0
0
210089
218553
210093
201389
209185
209202
201396
207666
209271
207395
207395
206252
206252
206252
206252
206252
206252
206252
206252
0
206252
206252
206252
294881
298305
292325
292312
292302
292304
292290
292290
292290
292290
292290
292290
300700
296754
292284
292284
296750
296750
0
0
0
292241
292241
0
0
0
0
0
0
0
293466
287527
287527
287527
287525
0
0
293456
296538
296534
296540
298216
298216
298216
298216
298216
298216
298216
298216
298216
298216
298216
298216
298216
298216
298216
298216
298216
0
298216
298216
298216
298216
298216
298216
298216
298216
298216
0
298216
298216
298216
298222
298220
292760
296488
0
0
0
287765
287765
288182
302522
292760
288390
292762
0
0
289166
289160
292165
292165
292165
292165
292165
292165
292165
292165
292165
292165
0
292165
0
292165
287944
287944
287944
0
292744
300625
0
0
0
0
292756
292756
292756
292754
292756
0
0
294198
294198
294198
294198
294198
294198
296207
296207
296207
296207
296207
0
296207
296207
296207
296207
0
296207
296207
296207
296207
296207
296204
296204
296204
296204
296204
296204
296204
296189
296189
296190
296182
296182
296182
296182
296182
296182
296139
296136
295933
295933
294385
294385
294385
294387
294387
295870
295842
295842
295842
295842
295840
0
295846
295846
291256
291256
0
295848
0
0
0
0
298879
298875
0
0
0
0
0
0
0
0
0
0
0
0
0
0
0
0
0
0
0
0
0
0
0
0
0
288559
288554
0
0
0
0
0
288544
290025
0
0
0
0
0
0
0
0
0
0
0
0
0
0
289887
289107
289095
0
0
0
0
290123
294489
291700
330583
329247
330792
329251
0
0
0
0
0
332796
333024
333018
0
0
330773
0
0
0
330751
329148
329148
0
332940
332942
330668
330662
329710
0
329714
0
0
0
0
330656
330656
330656
0
329692
330637
0
330635
329671
329671
329671
0
0
0
0
0
333964
0
333958
333956
0
0
0
0
0
0
0
0
0
0
328554
328554
0
0
0
0
0
0
0
0
0
0
0
0
0
0
328541
328511
328540
329643
0
0
0
0
328887
328887
328887
328887
328887
328894
333934
328890
328890
328890
328890
328895
328895
328895
328619
328619
328619
333983
333983
0
0
0
0
329075
0
0
0
0
329584
0
0
328338
328338
328338
328338
328338
328338
333970
333970
0
329592
0
0
0
0
0
0
0
0
0
0
0
331752
0
331997
331997
0
0
0
0
0
0
0
0
0
0
0
329081
329081
0
0
0
330268
330268
364370
0
0
0
0
364927
364927
362540
0
0
0
363467
363467
363467
363467
0
0
0
0
0
363492
363492
0
0
0
0
0
363473
0
0
363481
363481
363481
363478
0
0
0
363081
363081
363081
363083
362618
362618
362618
362618
362618
0
362618
362618
362618
362618
362624
0
0
0
0
0
0
0
0
0
0
0
0
0
0
0
0
0
364390
364390
364390
0
364390
0
0
364961
364961
361993
361993
361993
361993
361993
361993
361991
0
0
364943
364937
0
0
0
365773
365773
365773
363112
363112
367382
0
367369
367705
0
367373
0
366205
366229
366227
0
0
0
0
367709
368444
0
0
0
0
366186
0
0
0
0
0
0
366054
366183
366183
0
0
0
0
0
0
0
0
0
0
0
0
0
0
0
0
335467
335467
338541
338552
0
0
334437
334412
334413
334413
334429
0
0
0
0
0
0
0
0
335557
335561
335561
335561
335567
335567
0
0
336997
0
0
0
0
335600
335600
335600
335600
0
0
0
0
0
337033
337033
337033
337035
337035
337035
337041
0
0
0
335543
337057
337057
337057
337057
337057
337057
337057
337057
0
337057
337057
335541
335541
335541
335541
335541
335541
337053
337053
337053
337055
337051
337051
337051
337051
337051
337051
337051
335547
335547
335545
335545
335545
335545
335545
335545
335545
334587
334913
0
0
0
334915
0
335648
337186
337186
337186
337186
337186
335640
335640
335640
335638
335638
335638
335638
335638
335638
335638
335638
0
335638
335640
335638
335638
335638
0
335638
335638
335640
335638
335638
335638
335638
335638
335638
0
335638
335638
335638
335638
335640
335640
335640
335640
335640
335640
335638
337176
337182
337182
337182
337182
337190
0
0
0
0
0
0
0
0
0
0
338913
338913
0
338923
337641
337641
0
338939
338939
338935
337645
337645
337645
337653
337653
337651
334642
334642
334640
334642
0
0
0
0
0
0
0
0
334693
334693
334693
334693
338885
338885
338885
338885
338885
338885
0
338885
338885
338885
338885
338885
338885
338885
338891
338885
338885
338885
338885
338885
338885
338885
338885
338885
0
338885
338885
338885
338885
338885
338885
338885
338885
338885
338885
338885
338885
338885
338885
338885
338885
338891
338891
338885
338885
338885
338885
338885
338885
338885
338885
0
338885
338885
338885
0
338891
338885
338885
338885
338885
338885
338885
338885
338885
338885
338885
338885
0
338885
338885
338885
338885
338885
338885
338885
338885
338885
338885
338885
338885
0
338885
338885
338885
338885
338885
0
338885
338885
338885
338885
338885
338885
0
338885
338885
338885
338885
0
338891
338885
338885
338885
338891
338885
0
338885
338885
338885
338885
338885
338891
338885
0
338885
338885
338885
338885
0
338885
338885
338885
338885
338885
338885
338885
338885
338885
338885
338891
338885
338885
0
338885
338885
338885
338885
338891
338885
0
338885
338885
338885
338885
338885
0
338891
338885
338885
338885
338885
338885
338885
338885
338891
338885
0
338885
338885
338885
338885
338885
338885
338885
338885
338885
338891
338891
338891
338885
338891
338885
338891
338891
338891
0
338885
338885
338885
338885
338885
338885
338885
0
338885
338885
338885
0
338885
338885
338891
338885
338891
338885
0
338885
338885
338891
338891
338891
338885
338885
338885
338885
338885
338891
338885
0
338885
338885
338885
338885
338885
338885
338885
338885
0
338885
338885
338885
0
338885
338885
338885
338885
338885
338891
338885
0
338885
338885
338885
338885
0
338891
338885
338885
338885
338885
338885
338885
338885
338885
338885
338885
338885
338885
338885
0
338885
338885
338885
338885
338885
338885
338885
338891
338885
0
338885
338885
338891
338891
338891
338891
338891
338891
0
338891
338891
338891
0
338891
338891
338885
338885
338885
338885
338885
338885
338891
338891
0
338891
338891
338891
0
338891
338885
338891
338885
0
338885
338885
338885
338885
0
338885
338885
338885
338885
338885
338891
338891
0
338891
338891
338891
338891
0
338891
338891
338885
338885
338885
338885
338885
338885
338885
338885
334693
338891
334693
334693
334693
334693
334693
0
0
0
334600
334697
0
337671
336019
0
0
337460
337460
337460
337460
337460
0
337460
337460
337460
0
337460
337460
337460
337460
337460
0
0
0
0
0
0
336044
336052
336048
336038
337563
337562
0
337562
0
0
337562
337562
337562
337562
337562
337562
337562
337562
337562
337562
0
337562
337562
0
337562
0
0
0
337572
337572
0
0
0
0
334648
0
0
0
0
0
0
0
338999
0
0
337604
0
0
0
0
0
0
0
0
0
0
0
0
0
0
0
0
0
0
0
0
0
0
0
0
303444
0
0
0
0
0
0
0
0
0
0
0
0
0
0
0
0
0
0
0
0
0
305443
305443
0
304212
304213
0
305453
305462
305451
305451
305451
305451
304222
304222
304222
304222
304222
304222
0
304222
304222
304222
0
304222
304222
304222
304232
304232
304232
304232
304232
304232
304232
304236
304236
0
0
0
0
0
0
311440
311440
0
0
0
0
0
0
0
0
0
0
0
0
0
0
0
0
0
0
0
0
0
0
0
0
0
0
0
0
0
0
0
0
0
0
0
0
0
0
0
0
0
0
0
0
0
0
0
0
0
0
0
0
0
0
0
0
0
0
0
0
0
0
0
0
0
0
0
0
0
0
0
0
0
0
0
0
0
0
0
0
0
0
0
0
0
0
0
0
0
0
0
0
0
0
0
0
0
0
0
0
0
0
0
0
0
0
0
0
0
0
0
0
0
0
0
0
0
0
0
0
0
0
0
0
0
0
0
0
0
0
0
0
0
0
0
0
0
0
0
0
0
0
0
0
0
0
0
0
0
0
0
0
0
0
0
0
0
0
0
0
0
0
0
0
0
0
0
0
0
0
0
0
0
0
0
0
0
0
0
0
0
0
0
0
0
0
0
0
0
0
0
0
0
0
0
0
0
0
0
0
0
0
0
0
0
0
0
0
0
0
0
0
0
0
0
0
0
0
0
0
0
0
0
0
0
0
0
0
0
0
0
0
0
0
0
0
0
0
0
0
0
0
0
0
0
0
0
0
0
0
0
0
0
0
0
0
0
0
0
0
0
0
0
0
0
0
0
0
0
0
0
0
0
0
0
0
0
0
0
0
0
0
0
0
0
0
0
0
0
0
0
0
0
0
0
0
0
0
0
0
0
0
0
0
0
0
0
0
0
0
0
0
0
0
0
0
0
0
0
0
0
0
0
0
0
0
0
0
0
0
0
0
0
0
0
0
0
0
0
0
0
0
0
0
0
0
0
0
0
0
0
0
0
0
0
0
0
0
0
0
0
0
0
0
0
0
0
0
0
0
0
0
0
0
0
0
0
0
0
0
0
0
0
0
0
0
0
0
0
0
0
0
0
0
0
302806
302806
302806
302806
302806
302806
302806
302806
302806
302806
302806
302806
302806
302806
0
302806
302806
0
0
0
310945
310945
311221
311221
310949
310949
307735
0
0
0
0
0
305511
305511
305507
305507
305507
0
305517
305521
305521
305521
305521
305521
305521
305527
305527
0
305523
305523
305523
305523
305523
305523
305523
0
0
0
0
0
306905
0
0
0
0
0
0
0
0
0
0
0
0
306682
307210
307210
307192
309522
309522
309522
309522
309522
0
309522
309522
309522
309522
309522
0
309522
0
0
0
0
0
0
0
0
0
304590
0
0
306175
306175
305794
306182
0
0
308438
0
0
0
0
0
0
0
0
0
0
0
0
0
0
0
0
302663
302663
302663
0
0
307442
307442
307442
307442
307442
305399
305399
305399
305399
305399
305399
305399
305399
305399
305399
305399
305399
305399
305399
305399
305399
305399
305399
305399
305399
305399
305399
305399
305399
305399
305399
305399
305399
305399
305399
305399
0
305399
