213415
198115
199158
199158
0
213371
213371
213371
198886
216940
198164
216940
198119
198884
199158
213371
0
0
213371
216940
198886
198963
198963
198963
198963
198963
198963
198963
198963
198963
198963
198963
216946
219913
0
198963
0
0
198963
198963
198119
198963
198963
198963
198963
198118
198118
198118
198277
198146
198277
198115
198115
0
198115
198115
198115
198115
198277
198277
198277
198164
198116
198116
198116
198116
216942
219939
219939
206639
206665
206639
206639
206665
206665
206665
206665
206665
206651
206635
206639
206639
206665
206651
206635
206635
206637
206635
206635
206641
206641
206635
206641
206641
206641
206635
206635
0
0
0
0
0
0
0
0
0
0
0
0
0
0
0
0
0
0
0
0
0
0
0
0
0
0
0
0
0
0
0
0
0
0
213407
213421
213419
216932
216932
216930
216932
216932
0
213443
216930
213443
213443
216932
216930
0
213443
213443
0
213443
213443
216930
216932
213443
0
213443
213443
213443
213443
213443
216932
213443
213443
0
213443
213443
213443
213443
219929
213445
213445
0
196970
206410
213475
206386
206386
206386
206386
206386
206386
0
206386
206386
0
206386
206386
206386
206386
213485
213487
213491
0
0
0
214612
199497
0
0
0
0
0
197042
197042
207960
214611
214451
214451
0
0
0
0
217189
217189
217189
217189
217187
217189
217189
217187
217187
0
217187
217187
217187
217187
217187
217187
217187
214437
214437
214437
214437
214437
214437
0
214437
214437
214439
214443
214433
214433
0
214421
214421
221344
218750
218750
0
0
0
0
0
0
0
0
0
0
0
214401
206812
214401
206812
206812
206812
206812
206808
206808
214192
214186
214186
214180
214186
214186
214347
214186
214347
214186
214353
214170
214174
214211
214167
214200
220019
214209
218696
214209
214209
214209
214209
217060
217060
214207
214202
199969
199969
199969
199969
199969
199969
199969
199969
199969
199969
198016
198016
199969
0
0
0
0
0
0
0
0
0
0
0
0
0
0
0
0
0
0
0
0
0
0
0
0
0
0
0
0
0
0
0
198772
198772
198772
198772
202526
199251
199251
199251
199251
199251
0
215074
215072
215072
202511
202511
218427
218428
218427
218427
218427
218427
218427
218426
218426
218427
218427
218424
218424
218424
218424
215902
215902
218429
218429
218429
218424
218424
218424
218429
218429
218429
0
0
0
0
0
204228
204228
204228
204228
204228
204228
204228
204228
204228
204228
204228
204228
204228
204228
204228
204228
0
0
0
0
0
0
0
0
0
0
0
0
0
0
0
0
0
0
0
0
0
0
0
0
0
0
0
0
0
0
0
0
0
0
0
0
0
0
0
0
0
0
0
0
0
0
