39.974907 116.314742 27051
39.974885 116.314507 27056
39.974870 116.314317 27061
39.974810 116.314097 27066
39.974678 116.313852 27070
39.974645 116.313578 27074
39.974660 116.313155 27079
39.974674 116.313064 27080
39.974715 116.312792 27083
39.974768 116.312540 27088
39.974769 116.312528 27094
39.974769 116.312526 27095
39.974769 116.312523 27097
39.974769 116.312519 27099
39.974775 116.312435 27142
39.974767 116.312173 27146
39.974762 116.311965 27151
39.974762 116.311863 27155
39.974815 116.311647 27160
39.974987 116.311517 27165
39.975172 116.311435 27168
39.975233 116.311408 27169
39.975637 116.311250 27174
39.976123 116.311095 27179
39.976245 116.311075 27180
39.976610 116.311015 27183
39.976732 116.310995 27184
39.977265 116.310895 27189
39.977497 116.310792 27192
39.977579 116.310793 27194
39.977620 116.310793 27195
39.977718 116.310818 27199
39.977837 116.310828 27214
39.977957 116.310813 27218
39.978068 116.310812 27221
39.978135 116.310805 27223
39.978168 116.310802 27224
39.978262 116.310795 27228
39.978352 116.310790 27300
39.978442 116.310780 27308
39.978533 116.310767 27317
39.978630 116.310757 27323
39.978676 116.310755 27325
39.978722 116.310752 27327
39.978793 116.310745 27329
39.978828 116.310742 27330
39.978940 116.310732 27333
39.979037 116.310727 27337
39.979153 116.310707 27403
39.979262 116.310695 27406
39.979373 116.310682 27409
39.979399 116.310680 27410
39.979477 116.310675 27413
39.979583 116.310655 27418
39.979658 116.310640 27421
39.979683 116.310635 27422
39.979689 116.310633 27423
39.979782 116.310597 27439
39.979882 116.310590 27450
39.979972 116.310582 27455
39.980078 116.310575 27461
39.980180 116.310570 27465
39.980186 116.310569 27466
39.980287 116.310558 27484
39.980378 116.310570 27491
39.980473 116.310552 27508
39.980568 116.310572 27513
39.980660 116.310575 27516
39.980736 116.310580 27519
39.980762 116.310582 27520
39.980788 116.310582 27521
39.980867 116.310582 27524
39.980983 116.310573 27527
39.981070 116.310563 27529
39.981113 116.310558 27530
39.981189 116.310553 27532
39.981227 116.310550 27533
39.981342 116.310542 27536
39.981455 116.310550 27551
39.981673 116.310507 27556
39.981877 116.310478 27561
39.982075 116.310553 27566
39.982302 116.310813 27571
39.982550 116.310742 27575
39.982790 116.310817 27579
39.982898 116.310892 27582
39.982977 116.310815 27585
39.983060 116.310762 27588
39.983135 116.310687 27591
