40.014205 116.311593 34492
40.014205 116.311592 34497
40.014205 116.311592 34498
40.014205 116.311592 34499
40.014205 116.311592 34502
40.014206 116.311591 34507
40.014206 116.311591 34512
40.014206 116.311591 34513
40.014207 116.311591 34516
40.014207 116.311591 34517
40.014207 116.311591 34521
40.014207 116.311591 34522
40.014207 116.311591 34527
40.014207 116.311591 34528
40.014207 116.311591 34529
40.014207 116.311591 34532
40.014208 116.311591 34537
40.014208 116.311591 34542
40.014208 116.311591 34547
40.014208 116.311590 34552
40.014209 116.311589 34557
40.014209 116.311588 34562
40.014255 116.311532 34567
40.014261 116.311518 34568
40.014267 116.311505 34569
40.014284 116.311464 34572
40.014331 116.311413 34577
40.014346 116.311415 34578
40.014407 116.311423 34582
40.014469 116.311468 34587
40.014485 116.311498 34589
40.014508 116.311542 34592
40.014527 116.311601 34597
40.014570 116.311647 34602
40.014610 116.311621 34607
40.014642 116.311635 34612
40.014674 116.311622 34617
40.014725 116.311614 34622
40.014771 116.311605 34627
40.014798 116.311608 34630
40.014816 116.311610 34632
40.014848 116.311588 34637
40.014861 116.311583 34638
40.014913 116.311563 34642
40.014921 116.311575 34647
40.014924 116.311578 34652
40.014928 116.311579 34655
40.014930 116.311580 34657
40.014931 116.311579 34662
40.014928 116.311574 34667
40.014902 116.311558 34672
40.014902 116.311555 34673
40.014902 116.311544 34677
40.014898 116.311540 34682
40.014903 116.311545 34687
40.014854 116.311616 34692
40.014612 116.311718 34697
40.014201 116.311870 34702
40.014099 116.311897 34703
40.013690 116.312003 34707
40.013119 116.312117 34712
40.012523 116.312194 34717
40.011954 116.312230 34722
40.011395 116.312324 34727
40.010812 116.312421 34732
40.010200 116.312508 34737
40.009591 116.312593 34742
40.009032 116.312693 34747
40.008649 116.312795 34751
40.008431 116.312811 34756
40.008216 116.312808 34761
40.008203 116.312798 34762
40.008149 116.312757 34766
40.008157 116.312764 34769
40.008162 116.312769 34771
40.008175 116.312779 34774
40.008183 116.312785 34776
40.008062 116.312816 34781
40.007831 116.312879 34785
40.007571 116.312959 34789
40.007105 116.313046 34794
40.006545 116.313098 34799
40.005961 116.313128 34804
40.005290 116.312799 34809
40.004960 116.312098 34814
40.004889 116.311313 34819
40.004746 116.310593 34824
40.004500 116.309967 34829
40.004352 116.309769 34831
40.004131 116.309473 34834
40.003882 116.309253 34838
40.003773 116.309190 34841
40.003744 116.309192 34846
40.003746 116.309193 34848
40.003748 116.309195 34851
40.003751 116.309196 34856
40.003758 116.309201 34861
40.003759 116.309201 34866
40.003554 116.309120 34871
40.003252 116.309042 34875
40.002820 116.309021 34880
40.002744 116.309023 34881
40.002514 116.309030 34884
40.002407 116.309016 34886
40.002397 116.309013 34887
40.002355 116.309001 34891
40.002356 116.309001 34896
40.002257 116.309009 34901
40.002031 116.309021 34905
40.001947 116.309019 34906
40.001609 116.309009 34910
40.001161 116.309008 34915
40.000708 116.309005 34920
40.000279 116.308996 34925
39.999957 116.308973 34929
39.999887 116.308972 34930
39.999675 116.308970 34933
39.999620 116.308975 34934
39.999565 116.308979 34935
39.999473 116.308974 34939
39.999484 116.308976 34944
39.999484 116.308976 34949
39.999448 116.308973 34954
39.999354 116.308970 34957
39.999256 116.308975 34960
39.999187 116.308977 34962
39.999152 116.308978 34963
39.998921 116.308993 34968
39.998725 116.308997 34972
39.998513 116.308955 34976
39.998253 116.308929 34980
39.997954 116.308918 34984
39.997876 116.308917 34985
39.997641 116.308913 34988
39.997385 116.308923 34992
39.997276 116.308933 34995
39.997237 116.308932 35000
39.997217 116.308934 35001
39.997176 116.308939 35003
39.997136 116.308943 35005
39.997082 116.308937 35007
39.997028 116.308931 35009
39.997004 116.308910 35014
39.997001 116.308900 35019
39.996992 116.308899 35024
39.996991 116.308899 35025
39.996986 116.308898 35029
39.996977 116.308907 35034
39.996935 116.308918 35038
39.996925 116.308921 35039
39.996927 116.308923 35040
39.996937 116.308930 35044
39.996937 116.308937 35049
39.996944 116.308941 35054
39.996952 116.308941 35059
39.996954 116.308941 35060
39.996961 116.308941 35064
39.996968 116.308941 35069
39.996964 116.308947 35071
39.996963 116.308949 35072
39.996959 116.308955 35074
39.996963 116.308957 35079
39.996962 116.308957 35082
39.996962 116.308957 35084
39.996968 116.308957 35089
