39.950274 116.311329 22059
39.950277 116.311322 22060
39.950280 116.311316 22061
39.950290 116.311296 22064
39.950284 116.311277 22069
39.950282 116.311275 22071
39.950279 116.311272 22074
39.950280 116.311268 22079
39.950299 116.311236 22084
39.950315 116.311202 22087
39.950326 116.311180 22089
39.950329 116.311189 22094
39.950338 116.311109 22099
39.950393 116.310852 22104
39.950432 116.310654 22108
39.950442 116.310605 22109
39.950472 116.310420 22114
39.950447 116.310379 22117
39.950431 116.310352 22119
39.950527 116.310194 22124
39.950599 116.310053 22129
39.950789 116.309807 22134
39.950713 116.309769 22139
39.950741 116.309507 22144
39.950736 116.309501 22149
39.950726 116.309483 22153
39.950723 116.309479 22154
39.950697 116.309525 22159
39.950478 116.310197 22164
39.950434 116.310415 22167
39.950405 116.310561 22169
39.950401 116.310726 22174
39.950409 116.310749 22175
39.950441 116.310842 22179
39.950480 116.310836 22184
39.950435 116.310844 22189
39.950362 116.310846 22194
39.950311 116.310834 22199
39.950336 116.310782 22204
39.950439 116.310702 22209
39.950438 116.310684 22214
39.950374 116.310734 22219
39.950365 116.310751 22224
39.950368 116.310677 22229
39.950264 116.310658 22234
39.950197 116.310732 22239
39.950213 116.310727 22242
39.950224 116.310724 22244
39.950307 116.310646 22249
39.950371 116.310534 22254
39.950391 116.310490 22257
39.950405 116.310460 22259
39.950383 116.310479 22264
39.950291 116.310505 22269
39.950449 116.310480 22274
39.950419 116.310631 22279
39.950410 116.310667 22280
39.950372 116.310809 22284
39.950400 116.311005 22289
39.950492 116.311049 22294
39.950490 116.311143 22304
39.950495 116.311191 22307
39.950498 116.311223 22309
39.950526 116.311206 22311
39.950567 116.311180 22314
39.950639 116.311145 22318
39.950657 116.311136 22319
39.950547 116.311147 22329
39.950494 116.311052 22333
39.950481 116.311028 22334
39.950511 116.311002 22339
39.950508 116.311005 22344
39.950313 116.311004 22349
39.950239 116.311007 22354
39.950243 116.311012 22359
39.950250 116.311060 22364
39.950314 116.311047 22369
39.950352 116.310990 22374
39.950339 116.311032 22379
39.950339 116.311047 22384
39.950331 116.311034 22389
39.950352 116.311011 22394
39.950368 116.311046 22399
39.950394 116.311023 22403
39.950401 116.311017 22404
39.950405 116.311021 22407
39.950407 116.311024 22409
39.950393 116.311071 22414
39.950385 116.311096 22416
39.950374 116.311133 22419
39.950397 116.311057 22421
39.950431 116.310944 22424
39.950460 116.310790 22429
39.950492 116.310655 22432
39.950513 116.310565 22434
39.950536 116.310463 22439
39.950526 116.310438 22444
39.950498 116.310455 22449
39.950493 116.310454 22450
39.950475 116.310451 22454
39.950492 116.310414 22459
39.950431 116.310595 22464
39.950408 116.310775 22469
39.950431 116.310803 22471
39.950466 116.310846 22474
39.950474 116.310839 22478
39.950476 116.310837 22479
39.950446 116.310824 22484
39.950483 116.310752 22489
39.950464 116.310664 22494
39.950443 116.310730 22499
39.950414 116.310890 22504
39.950427 116.310898 22506
39.950440 116.310905 22508
39.950446 116.310909 22509
39.950506 116.310857 22514
39.950556 116.310745 22519
39.950653 116.310477 22524
39.950590 116.310517 22529
39.950520 116.310607 22534
39.950506 116.310597 22539
39.950495 116.310610 22544
39.950475 116.310567 22549
39.950497 116.310389 22554
39.950447 116.310417 22558
39.950435 116.310424 22559
39.950450 116.310377 22564
39.950417 116.310352 22569
39.950416 116.310363 22570
39.950415 116.310384 22572
39.950413 116.310406 22574
39.950385 116.310458 22579
39.950309 116.310606 22584
39.950327 116.310605 22589
39.950408 116.310515 22594
39.950409 116.310495 22599
39.950422 116.310458 22604
39.950450 116.310392 22609
39.950385 116.310419 22614
39.950360 116.310437 22615
39.950260 116.310511 22619
39.950061 116.310592 22624
39.950062 116.310592 22625
39.950067 116.310592 22629
39.949919 116.310710 22632
39.949870 116.310750 22633
39.949821 116.310789 22634
39.949854 116.311131 22639
39.950071 116.311677 22644
39.950054 116.311892 22649
39.950071 116.311922 22653
39.950075 116.311929 22654
39.950106 116.311917 22657
39.950126 116.311909 22659
