39.921983 116.335460 20213
39.922022 116.335438 20223
39.922022 116.335438 20238
39.922022 116.335426 20241
39.922022 116.335422 20242
39.922000 116.335335 20246
39.921985 116.335280 20250
39.921973 116.335333 20254
39.921960 116.335351 20255
39.921920 116.335403 20258
39.921909 116.335412 20259
39.921878 116.335440 20262
39.921823 116.335495 20266
39.921882 116.335537 20270
39.921853 116.335553 20274
39.921858 116.335608 20278
39.921847 116.335647 20282
39.921835 116.335654 20283
39.921822 116.335660 20284
39.921827 116.335635 20288
39.921823 116.335553 20292
39.921828 116.335430 20296
39.921798 116.335298 20300
39.921828 116.335273 20304
39.921753 116.335205 20308
39.921803 116.335162 20312
39.921823 116.335163 20314
39.921799 116.335182 20332
39.921795 116.335185 20335
39.921822 116.335127 20339
39.921840 116.335053 20343
39.921850 116.334996 20346
39.921853 116.334977 20347
39.921825 116.334887 20351
39.921815 116.334838 20355
39.921834 116.334830 20356
39.921852 116.334822 20357
39.921843 116.334842 20460
39.921850 116.334845 20462
39.921833 116.334857 20478
39.921803 116.334867 20482
39.921800 116.334857 20484
39.921797 116.334848 20486
39.921797 116.334848 20498
39.921800 116.334872 20502
39.921827 116.334995 20506
39.921848 116.335079 20508
39.921870 116.335162 20510
39.921967 116.335445 20514
39.922022 116.335803 20518
39.922026 116.336102 20521
39.922027 116.336202 20522
39.922033 116.336587 20526
39.922112 116.336887 20530
39.922160 116.337103 20534
39.922108 116.337215 20538
39.922092 116.337273 20542
39.922078 116.337295 20544
39.922065 116.337318 20546
39.922065 116.337392 20550
39.922092 116.337503 20554
39.922097 116.337665 20558
39.922017 116.337958 20562
39.921996 116.338141 20564
39.921975 116.338323 20566
39.922007 116.338673 20570
39.922042 116.339002 20574
39.922062 116.339390 20578
39.922078 116.339490 20579
39.922125 116.339790 20582
39.922167 116.340150 20586
39.922128 116.340372 20590
39.922123 116.340423 20591
39.922110 116.340578 20594
39.922117 116.340878 20598
39.922150 116.341085 20602
39.922063 116.341642 20607
39.921956 116.342034 20610
39.921920 116.342165 20611
39.921935 116.342683 20615
39.921948 116.343140 20619
39.921937 116.343603 20623
39.921938 116.344058 20627
39.921950 116.344330 20631
39.921922 116.344478 20635
39.921990 116.344458 20639
39.922044 116.344437 20641
39.922098 116.344415 20643
39.922117 116.344460 20645
39.922137 116.344505 20647
39.922195 116.344645 20651
39.922227 116.344749 20653
39.922258 116.344852 20655
39.922322 116.345123 20659
39.922330 116.345206 20660
39.922337 116.345289 20661
39.922352 116.345455 20663
39.922353 116.345693 20666
39.922353 116.345773 20667
39.922362 116.346095 20671
39.922375 116.346160 20673
39.922382 116.346193 20674
39.922388 116.346225 20675
39.922397 116.346278 20677
39.922397 116.346299 20678
39.922397 116.346320 20679
39.922398 116.346382 20682
39.922405 116.346381 20684
39.922409 116.346380 20685
39.922412 116.346380 20686
39.922420 116.346458 20690
39.922430 116.346468 20692
39.922401 116.346535 20697
39.922378 116.346588 20701
39.922297 116.346662 20703
39.922182 116.346698 20707
39.922162 116.346705 20709
39.922154 116.346714 20710
39.922108 116.346770 20716
39.922128 116.346758 20718
39.922163 116.346578 20724
39.922180 116.346468 20728
39.922203 116.346432 20732
39.921927 116.347249 20745
39.921715 116.347877 20755
39.921707 116.348112 20759
39.921767 116.348137 20763
39.921855 116.348020 20767
39.921873 116.347970 20769
39.921905 116.347943 20783
39.921938 116.347943 20787
39.921968 116.347922 20791
39.921974 116.347925 20793
39.921977 116.347926 20794
39.921980 116.347927 20795
39.921978 116.347973 20799
39.921983 116.348073 20803
39.921997 116.348157 20807
39.921832 116.348237 20811
39.921717 116.348308 20813
