39.936974 116.324158 69484
39.936898 116.325192 69489
39.936873 116.325926 69493
39.936867 116.326109 69494
39.936791 116.327183 69499
39.936752 116.328252 69504
39.936693 116.329391 69509
39.936727 116.330305 69513
39.936736 116.330534 69514
39.936799 116.331636 69519
39.936859 116.332754 69524
39.936883 116.333200 69526
39.936918 116.333870 69529
39.937005 116.334989 69534
39.937049 116.336120 69539
39.937064 116.337215 69544
39.937100 116.338239 69549
39.937179 116.339186 69554
39.937400 116.340066 69559
39.937659 116.340941 69564
39.937822 116.341429 69567
39.937931 116.341754 69569
39.938186 116.342572 69574
39.938329 116.343461 69579
39.938378 116.343844 69581
39.938402 116.344035 69582
39.938451 116.344418 69584
39.938559 116.345319 69589
39.938627 116.346096 69594
39.938633 116.346237 69595
39.938657 116.346800 69599
39.938732 116.347402 69604
39.938838 116.348028 69609
39.938930 116.348768 69614
39.938958 116.349507 69619
39.938952 116.350136 69624
39.938931 116.350564 69629
39.938703 116.350567 69633
39.938331 116.350201 69638
39.938257 116.349907 69642
39.938239 116.349833 69643
39.938731 116.349714 69648
39.939316 116.349733 69653
39.939929 116.349760 69658
39.940488 116.349729 69663
39.941067 116.349841 69668
39.941521 116.350063 69673
39.941841 116.350204 69677
39.942196 116.350262 69681
39.942285 116.350276 69682
39.942845 116.350320 69687
39.943549 116.350351 69692
39.944192 116.350379 69697
39.944960 116.350388 69702
39.945286 116.350398 69704
39.945775 116.350412 69707
39.946657 116.350372 69712
39.947412 116.350340 69716
39.947601 116.350332 69717
39.948522 116.350143 69722
39.949416 116.349849 69727
39.949591 116.349786 69728
39.950293 116.349533 69732
39.951240 116.349269 69737
39.951619 116.349239 69739
39.952188 116.349194 69742
39.953141 116.349130 69747
39.953884 116.349089 69751
39.954070 116.349079 69752
39.954960 116.349037 69757
39.955837 116.349005 69762
39.956688 116.349017 69767
39.957425 116.348971 69771
39.957609 116.348960 69772
39.958584 116.348894 69777
39.959546 116.348845 69782
39.959916 116.348819 69784
39.960472 116.348781 69787
39.960664 116.348770 69788
39.961431 116.348728 69792
39.962399 116.348690 69797
39.963374 116.348655 69802
39.964329 116.348611 69807
39.965085 116.348582 69811
39.965274 116.348575 69812
39.966264 116.348524 69817
39.967041 116.348482 69821
39.967235 116.348471 69822
39.968182 116.348420 69827
39.969154 116.348418 69832
39.969548 116.348398 69834
39.969746 116.348389 69835
39.970140 116.348369 69837
39.971122 116.348295 69842
39.972106 116.348233 69847
39.972304 116.348223 69848
39.973098 116.348181 69852
39.974057 116.348122 69857
39.974982 116.348057 69862
39.975897 116.348007 69867
39.976880 116.347937 69872
39.977891 116.347886 69877
39.978806 116.347842 69882
39.979348 116.347821 69885
39.979709 116.347807 69887
39.980623 116.347732 69892
39.981527 116.347633 69897
39.982419 116.347529 69902
39.983195 116.347520 69907
39.983868 116.347615 69912
39.984164 116.347619 69914
39.984607 116.347624 69917
39.985196 116.347699 69922
39.985608 116.347881 69927
39.985897 116.347835 69930
39.986089 116.347805 69932
39.986339 116.347653 69935
39.986506 116.347551 69937
39.987104 116.347503 69942
39.987801 116.347394 69947
39.988553 116.347246 69952
39.989398 116.347167 69957
39.990238 116.347115 69962
39.990970 116.347089 69967
39.991602 116.347032 69972
39.991942 116.346998 69977
39.992028 116.346955 69981
39.992018 116.346933 69986
39.992018 116.346933 69987
39.992016 116.346933 69991
39.992013 116.346935 69996
39.992012 116.346935 70001
39.992033 116.346817 70005
39.992039 116.346460 70010
39.992048 116.346104 70013
39.992054 116.345867 70015
39.992028 116.345237 70019
39.992022 116.345080 70020
39.991994 116.344197 70025
39.991980 116.343227 70030
39.991982 116.342742 70033
39.991983 116.342580 70034
39.991980 116.342487 70035
39.991978 116.342393 70036
39.991966 116.342332 70038
39.991960 116.342301 70039
39.991954 116.342271 70040
39.991950 116.342275 70041
39.991935 116.342290 70045
39.991935 116.342290 70046
39.991934 116.342290 70050
39.991934 116.342290 70053
39.991934 116.342290 70055
39.991933 116.342284 70060
39.991924 116.342148 70065
39.991907 116.341853 70069
39.991904 116.341257 70074
39.991922 116.340504 70079
