39.973050 116.333696 26230
39.973158 116.333682 26234
39.973232 116.333666 26238
39.973251 116.333662 26239
39.973277 116.333662 26242
39.973286 116.333662 26243
39.973295 116.333662 26244
39.973228 116.333675 26249
39.973174 116.333689 26253
39.973161 116.333692 26254
39.973153 116.333691 26259
39.973116 116.333696 26264
39.973082 116.333710 26267
39.973059 116.333719 26269
39.973082 116.333712 26274
39.973095 116.333706 26279
39.973182 116.333672 26283
39.973157 116.333679 26288
39.973079 116.333676 26293
39.973029 116.333633 26298
39.972421 116.333629 26303
39.972415 116.333633 26306
39.972413 116.333634 26307
39.972513 116.333625 26311
39.972576 116.333614 26316
39.972610 116.333612 26317
39.972678 116.333609 26319
39.972720 116.333594 26324
39.972719 116.333586 26329
39.972757 116.333595 26334
39.972776 116.333585 26339
39.972825 116.333579 26344
39.972917 116.333577 26347
39.972900 116.333586 26352
39.972789 116.333571 26355
39.972753 116.333566 26359
39.972744 116.333565 26360
39.972692 116.333547 26365
39.972640 116.333513 26370
39.972727 116.333482 26374
39.972816 116.333497 26378
39.972882 116.333539 26383
39.972978 116.333558 26386
39.973016 116.333598 26391
39.973050 116.333599 26396
39.973146 116.333592 26400
39.973220 116.333602 26405
39.973222 116.333610 26406
39.973230 116.333640 26410
39.973282 116.333637 26415
39.973259 116.333616 26418
39.973243 116.333602 26420
39.973227 116.333609 26425
39.973205 116.333603 26429
39.973199 116.333602 26430
39.973265 116.333607 26434
39.973282 116.333608 26435
39.973341 116.333592 26440
39.973372 116.333578 26445
39.973347 116.333589 26450
39.973342 116.333588 26455
39.973341 116.333586 26460
39.973342 116.333585 26465
39.973339 116.333600 26470
39.973355 116.333613 26475
39.973326 116.333611 26480
39.973346 116.333598 26483
39.973352 116.333594 26484
39.973359 116.333590 26485
39.973412 116.333592 26490
39.973387 116.333578 26494
39.973381 116.333575 26495
39.973322 116.333578 26500
39.973304 116.333564 26505
39.973262 116.333593 26510
39.973185 116.333577 26515
39.973135 116.333567 26520
39.973104 116.333580 26524
39.973096 116.333583 26525
39.973166 116.333584 26530
39.973208 116.333572 26535
39.973270 116.333560 26540
39.973286 116.333551 26545
39.973238 116.333554 26550
39.973262 116.333537 26555
39.973271 116.333532 26560
39.973268 116.333533 26565
39.973266 116.333535 26570
39.973255 116.333538 26571
39.973211 116.333552 26575
39.973178 116.333554 26580
39.973114 116.333545 26583
39.973071 116.333539 26585
39.973022 116.333553 26589
39.973010 116.333556 26590
39.973000 116.333574 26595
39.973028 116.333542 26600
39.973112 116.333526 26605
39.973191 116.333526 26610
39.973186 116.333515 26615
39.973166 116.333483 26619
39.973161 116.333475 26620
39.973149 116.333474 26625
39.973148 116.333474 26630
39.973157 116.333473 26635
39.973165 116.333471 26640
39.973164 116.333470 26645
39.973156 116.333469 26650
39.973096 116.333485 26655
39.972880 116.333495 26660
39.972837 116.333474 26662
39.972795 116.333454 26664
39.972815 116.333438 26667
39.972828 116.333428 26669
39.972846 116.333426 26674
39.972909 116.333437 26679
39.972980 116.333459 26684
39.973008 116.333498 26689
39.973023 116.333511 26693
39.973027 116.333514 26694
39.973014 116.333530 26699
39.973056 116.333547 26704
39.973065 116.333544 26705
39.973073 116.333541 26706
39.973099 116.333532 26709
39.973060 116.333509 26714
39.973117 116.333507 26719
39.973139 116.333507 26720
39.973225 116.333505 26724
39.973241 116.333507 26725
39.973307 116.333515 26729
39.973340 116.333522 26731
39.973373 116.333529 26733
39.973389 116.333533 26734
39.973376 116.333520 26739
39.973404 116.333525 26744
39.973382 116.333553 26749
39.973445 116.333576 26754
39.973539 116.333553 26758
39.973592 116.333544 26762
39.973605 116.333542 26763
39.973598 116.333550 26764
39.973571 116.333583 26768
39.973532 116.333577 26773
39.973445 116.333603 26778
39.973444 116.333602 26779
39.973438 116.333598 26783
39.973460 116.333591 26788
39.973457 116.333592 26791
39.973455 116.333592 26793
39.973445 116.333592 26798
39.973381 116.333600 26802
39.973365 116.333602 26803
39.973268 116.333595 26805
39.973170 116.333587 26807
39.973131 116.333581 26808
39.973014 116.333563 26811
39.972900 116.333538 26815
39.972764 116.333514 26819
39.972712 116.333507 26820
39.972659 116.333500 26821
39.972752 116.333520 26826
39.972844 116.333526 26830
