40.006310 116.296586 7381
40.006318 116.296583 7382
40.006326 116.296580 7383
40.006350 116.296571 7386
40.006382 116.296555 7389
40.006404 116.296545 7391
40.006423 116.296556 7394
40.006436 116.296563 7396
40.006480 116.296577 7401
40.006525 116.296586 7406
40.006563 116.296589 7411
40.006583 116.296583 7413
40.006614 116.296575 7416
40.006689 116.296595 7421
40.006742 116.296599 7426
40.006763 116.296606 7429
40.006777 116.296610 7431
40.006803 116.296638 7436
40.006840 116.296676 7441
40.006898 116.296678 7446
40.006980 116.296659 7451
40.007061 116.296667 7456
40.007145 116.296665 7461
40.007218 116.296656 7466
40.007279 116.296641 7471
40.007293 116.296635 7472
40.007306 116.296630 7473
40.007333 116.296619 7475
40.007347 116.296613 7476
40.007358 116.296613 7477
40.007400 116.296613 7481
40.007434 116.296619 7486
40.007445 116.296619 7487
40.007488 116.296621 7491
40.007528 116.296653 7496
40.007543 116.296666 7498
40.007551 116.296673 7499
40.007566 116.296686 7501
40.007616 116.296717 7505
40.007629 116.296725 7506
40.007688 116.296731 7511
40.007745 116.296737 7516
40.007802 116.296711 7521
40.007853 116.296667 7526
40.007907 116.296672 7531
40.007964 116.296662 7536
40.008030 116.296683 7541
40.008096 116.296683 7546
40.008166 116.296704 7551
40.008231 116.296719 7556
40.008267 116.296752 7561
40.008313 116.296757 7566
40.008338 116.296749 7568
40.008375 116.296738 7571
40.008443 116.296743 7576
40.008492 116.296753 7580
40.008504 116.296756 7581
40.008551 116.296776 7586
40.008609 116.296778 7591
40.008664 116.296778 7596
40.008704 116.296799 7601
40.008742 116.296817 7606
40.008756 116.296806 7611
40.008781 116.296816 7616
40.008838 116.296787 7621
40.008863 116.296779 7624
40.008880 116.296774 7626
40.008879 116.296786 7631
40.008894 116.296797 7636
40.008930 116.296798 7641
40.008945 116.296809 7643
40.008968 116.296826 7646
40.008975 116.296866 7649
40.008980 116.296892 7651
40.009007 116.296942 7656
40.009054 116.296972 7661
40.009110 116.297005 7666
40.009194 116.297015 7671
40.009268 116.297036 7676
40.009365 116.297045 7681
40.009431 116.297029 7685
40.009448 116.297025 7686
40.009544 116.297003 7691
40.009635 116.297028 7696
40.009710 116.297052 7701
40.009810 116.297075 7706
40.009853 116.297097 7709
40.009882 116.297111 7711
40.009950 116.297117 7716
40.010023 116.297146 7721
40.010086 116.297175 7726
40.010155 116.297200 7731
40.010200 116.297240 7736
40.010250 116.297283 7741
40.010318 116.297291 7746
40.010338 116.297291 7748
40.010347 116.297292 7749
40.010367 116.297292 7751
40.010377 116.297287 7753
40.010381 116.297285 7754
40.010391 116.297280 7756
40.010398 116.297278 7757
40.010424 116.297269 7761
40.010445 116.297280 7766
40.010447 116.297278 7767
40.010453 116.297272 7771
40.010454 116.297281 7776
40.010459 116.297287 7781
40.010463 116.297334 7786
40.010470 116.297338 7791
40.010469 116.297338 7792
40.010467 116.297340 7796
40.010470 116.297351 7799
40.010472 116.297359 7801
40.010462 116.297373 7804
40.010459 116.297378 7805
40.010456 116.297383 7806
40.010444 116.297386 7808
40.010427 116.297390 7811
40.010418 116.297366 7816
40.010413 116.297366 7821
40.010389 116.297366 7826
40.010374 116.297360 7831
40.010373 116.297357 7836
40.010371 116.297346 7841
40.010366 116.297344 7842
40.010344 116.297337 7846
40.010333 116.297350 7851
40.010339 116.297375 7856
40.010337 116.297381 7861
40.010324 116.297402 7866
40.010321 116.297427 7871
40.010289 116.297437 7876
40.010255 116.297444 7880
40.010247 116.297446 7881
40.010234 116.297430 7886
40.010236 116.297418 7891
40.010240 116.297457 7896
40.010230 116.297489 7901
40.010198 116.297509 7906
40.010164 116.297532 7911
40.010154 116.297502 7916
40.010190 116.297456 7921
40.010194 116.297448 7922
40.010201 116.297431 7924
40.010208 116.297414 7926
40.010222 116.297350 7931
40.010213 116.297320 7936
40.010209 116.297286 7941
40.010225 116.297206 7946
40.010237 116.297123 7951
40.010288 116.297069 7956
40.010333 116.297030 7961
40.010371 116.297001 7966
40.010396 116.296966 7971
40.010409 116.296939 7976
40.010438 116.296915 7981
