39.977849 116.300657 21775
39.977799 116.300859 21780
39.977831 116.301120 21785
39.977867 116.301365 21790
39.977876 116.301618 21795
39.977897 116.301857 21800
39.977936 116.302114 21805
39.978099 116.302196 21810
39.978281 116.302219 21814
39.978327 116.302225 21815
39.978607 116.302219 21820
39.978811 116.302226 21825
39.978896 116.302395 21829
39.978917 116.302437 21830
39.978919 116.302739 21835
39.978945 116.303085 21840
39.979020 116.303489 21845
39.979012 116.303895 21850
39.979063 116.304238 21855
39.979065 116.304380 21857
39.979068 116.304592 21860
39.979024 116.304898 21865
39.979050 116.305207 21870
39.979072 116.305349 21872
39.979106 116.305562 21875
39.979191 116.305926 21880
39.979308 116.306244 21885
39.979395 116.306424 21888
39.979453 116.306544 21890
39.979515 116.306726 21893
39.979557 116.306847 21895
39.979711 116.307074 21900
39.979705 116.307399 21905
39.979817 116.307436 21907
39.979984 116.307491 21910
39.980007 116.307707 21915
39.979963 116.308026 21920
39.979884 116.308338 21925
39.979866 116.308476 21927
39.979838 116.308684 21930
39.979694 116.308950 21935
39.979627 116.309284 21940
39.979591 116.309635 21945
39.979595 116.309964 21950
39.979588 116.310164 21955
39.979583 116.310249 21960
39.979593 116.310314 21965
39.979619 116.310377 21970
39.979628 116.310380 21975
39.979624 116.310444 21980
39.979581 116.310615 21985
39.979563 116.310823 21990
39.979541 116.311067 21995
39.979532 116.311337 22000
39.979521 116.311609 22005
39.979498 116.311857 22010
39.979464 116.311948 22012
39.979414 116.312085 22015
39.979417 116.312303 22018
39.979419 116.312448 22020
39.979452 116.312543 22021
39.979582 116.312923 22025
39.979612 116.313278 22029
39.979619 116.313367 22030
39.979628 116.313519 22032
39.979641 116.313747 22035
39.979642 116.314084 22040
39.979640 116.314455 22045
39.979665 116.314823 22050
39.979669 116.315195 22055
39.979674 116.315347 22057
39.979681 116.315576 22060
39.979717 116.315972 22065
39.979719 116.316361 22070
39.979724 116.316754 22075
39.979734 116.316945 22078
39.979740 116.317072 22080
39.979742 116.317290 22085
39.979744 116.317352 22086
39.979750 116.317600 22090
39.979755 116.317885 22095
39.979775 116.318176 22100
39.979765 116.318435 22105
39.979752 116.318485 22108
39.979743 116.318519 22110
39.979754 116.318519 22115
39.979754 116.318519 22120
39.979754 116.318519 22122
39.979753 116.318520 22125
39.979753 116.318519 22130
39.979753 116.318520 22135
39.979751 116.318535 22140
39.979749 116.318629 22142
39.979747 116.318769 22145
39.979742 116.319101 22150
39.979718 116.319456 22155
39.979724 116.319744 22159
39.979726 116.319816 22160
39.979728 116.320152 22165
39.979687 116.320503 22170
39.979672 116.320841 22175
39.979652 116.321133 22180
39.979718 116.321287 22185
39.979890 116.321307 22190
39.980105 116.321307 22195
39.980333 116.321316 22200
39.980583 116.321303 22205
39.980622 116.321292 22206
39.980778 116.321247 22210
39.980983 116.321253 22215
39.981164 116.321258 22220
39.981273 116.321324 22225
39.981258 116.321453 22229
39.981254 116.321485 22230
39.981232 116.321545 22232
39.981200 116.321636 22235
39.981197 116.321865 22240
39.981203 116.322100 22245
39.981204 116.322152 22246
39.981210 116.322360 22250
39.981208 116.322588 22255
39.981207 116.322851 22260
39.981215 116.323111 22265
39.981214 116.323210 22267
39.981213 116.323309 22269
39.981213 116.323358 22270
39.981210 116.323655 22275
39.981231 116.323912 22279
39.981236 116.323976 22280
39.981252 116.324310 22285
39.981269 116.324620 22290
39.981281 116.324777 22293
39.981285 116.324829 22294
39.981289 116.324881 22295
39.981306 116.325134 22300
39.981346 116.325359 22305
39.981405 116.325582 22310
39.981423 116.325783 22314
39.981428 116.325833 22315
39.981431 116.326035 22319
39.981432 116.326085 22320
39.981421 116.326231 22324
39.981418 116.326267 22325
39.981458 116.326300 22327
39.981517 116.326350 22330
39.981716 116.326306 22335
39.981750 116.326305 22336
39.981885 116.326301 22340
39.981984 116.326319 22345
39.981980 116.326318 22350
39.981980 116.326318 22355
39.981981 116.326318 22358
39.981981 116.326318 22360
39.981982 116.326318 22365
39.981982 116.326318 22366
39.981983 116.326318 22370
39.981984 116.326318 22375
