39.998592 116.319356 16851
39.998499 116.319312 16856
39.998411 116.319288 16861
39.998325 116.319314 16865
39.998304 116.319321 16866
39.998213 116.319301 16871
39.998112 116.319276 16876
39.997992 116.319266 16880
39.997962 116.319264 16881
39.997860 116.319266 16886
39.997806 116.319232 16891
39.997824 116.319125 16896
39.997820 116.319078 16898
39.997814 116.319008 16901
39.997771 116.318947 16903
39.997707 116.318855 16906
39.997695 116.318785 16909
39.997687 116.318739 16911
39.997681 116.318733 16913
39.997678 116.318729 16914
39.997672 116.318723 16916
39.997670 116.318717 16921
39.997667 116.318729 16926
39.997666 116.318733 16931
39.997664 116.318737 16936
39.997626 116.318748 16941
39.997619 116.318784 16946
39.997692 116.318704 16951
39.997708 116.318640 16956
39.997664 116.318540 16961
39.997666 116.318517 16963
39.997667 116.318506 16964
39.997669 116.318483 16966
39.997670 116.318481 16971
39.997670 116.318481 16973
39.997670 116.318482 16975
39.997670 116.318482 16976
39.997671 116.318482 16981
39.997671 116.318479 16986
39.997672 116.318479 16991
39.997673 116.318472 16996
39.997675 116.318458 17001
39.997681 116.318418 17006
39.997684 116.318403 17011
39.997683 116.318359 17015
39.997683 116.318348 17016
39.997653 116.318319 17021
39.997649 116.318321 17023
39.997643 116.318324 17026
39.997650 116.318323 17031
39.997650 116.318330 17036
39.997649 116.318339 17041
39.997648 116.318350 17046
39.997647 116.318362 17051
39.997646 116.318372 17056
39.997648 116.318374 17060
39.997648 116.318374 17061
39.997651 116.318373 17066
39.997720 116.318444 17071
39.997720 116.318445 17076
39.997722 116.318439 17081
39.997725 116.318437 17085
39.997726 116.318436 17086
39.997728 116.318434 17091
39.997697 116.318458 17093
39.997651 116.318493 17096
39.997627 116.318526 17101
39.997614 116.318555 17105
39.997611 116.318562 17106
39.997611 116.318562 17108
39.997611 116.318561 17109
39.997611 116.318561 17111
39.997611 116.318565 17116
39.997612 116.318565 17121
39.997613 116.318562 17126
39.997613 116.318559 17131
39.997613 116.318556 17133
39.997614 116.318551 17136
39.997614 116.318551 17138
39.997615 116.318551 17141
39.997613 116.318561 17142
39.997603 116.318601 17146
39.997571 116.318690 17151
39.997548 116.318763 17156
39.997547 116.318812 17161
39.997560 116.318849 17166
39.997597 116.318850 17171
39.997647 116.318818 17176
39.997677 116.318799 17181
39.997679 116.318806 17186
39.997681 116.318812 17191
39.997681 116.318818 17195
39.997681 116.318819 17196
39.997678 116.318822 17198
39.997674 116.318826 17201
39.997663 116.318830 17206
39.997652 116.318827 17211
39.997645 116.318822 17214
39.997641 116.318819 17216
39.997632 116.318812 17221
39.997624 116.318803 17226
39.997608 116.318773 17231
39.997577 116.318739 17236
39.997693 116.318551 17246
39.997715 116.318462 17251
39.997733 116.318444 17256
39.997733 116.318442 17261
39.997742 116.318466 17266
39.997713 116.318517 17271
39.997699 116.318535 17274
39.997695 116.318541 17275
39.997690 116.318547 17276
39.997658 116.318572 17281
39.997650 116.318583 17286
39.997659 116.318592 17291
39.997668 116.318589 17296
39.997687 116.318589 17301
39.997686 116.318603 17306
39.997691 116.318614 17307
39.997712 116.318659 17311
39.997737 116.318701 17315
39.997743 116.318712 17316
39.997758 116.318741 17319
39.997768 116.318761 17321
39.997771 116.318782 17323
39.997773 116.318792 17324
39.997776 116.318813 17326
39.997786 116.318834 17331
39.997809 116.318816 17336
39.997837 116.318774 17341
39.997844 116.318781 17346
39.997853 116.318789 17351
39.997864 116.318798 17356
39.997870 116.318798 17361
39.997875 116.318810 17366
39.997875 116.318813 17367
39.997876 116.318825 17371
39.997866 116.318860 17376
39.997853 116.318859 17381
39.997827 116.318840 17386
39.997790 116.318821 17391
39.997781 116.318807 17392
39.997746 116.318752 17396
39.997739 116.318727 17401
39.997725 116.318650 17406
39.997716 116.318586 17411
39.997723 116.318532 17416
39.997731 116.318489 17421
39.997737 116.318471 17426
39.997735 116.318462 17431
39.997732 116.318436 17436
39.997721 116.318406 17441
39.997723 116.318410 17444
39.997725 116.318412 17446
39.997733 116.318399 17449
39.997738 116.318390 17451
