39.975470 116.333869 15177
39.975438 116.333913 15181
39.975430 116.333924 15182
39.975402 116.333979 15187
39.975387 116.334004 15192
39.975358 116.334039 15197
39.975317 116.334056 15198
39.975276 116.334072 15199
39.975153 116.334122 15202
39.974417 116.334233 15207
39.973837 116.334274 15212
39.973635 116.334324 15214
39.973332 116.334399 15217
39.973186 116.334477 15218
39.972604 116.334789 15222
39.971977 116.335228 15226
39.971820 116.335338 15227
39.971659 116.335468 15228
39.971015 116.335989 15232
39.970215 116.336643 15237
39.969899 116.336889 15239
39.969426 116.337259 15242
39.968987 116.337569 15245
39.968695 116.337775 15247
39.967969 116.338246 15252
39.967300 116.338538 15257
39.966691 116.338813 15262
39.966590 116.338836 15263
39.966287 116.338906 15266
39.966186 116.338929 15267
39.965782 116.338994 15272
39.965505 116.339037 15277
39.965425 116.339044 15279
39.965304 116.339055 15282
39.965210 116.339047 15287
39.965154 116.339019 15292
39.965164 116.338978 15297
39.965228 116.339032 15302
39.965241 116.339026 15307
39.965239 116.339028 15308
39.965236 116.339029 15309
39.965234 116.339031 15310
39.965229 116.339034 15312
39.965220 116.339026 15317
39.965221 116.339023 15318
39.965224 116.339013 15322
39.965241 116.338990 15327
39.965212 116.338984 15332
39.965167 116.338952 15334
39.965099 116.338904 15337
39.965035 116.338885 15338
39.964780 116.338810 15342
39.964008 116.339004 15347
39.962903 116.339338 15352
39.961812 116.339611 15357
39.960948 116.339732 15362
39.960216 116.339910 15367
39.959941 116.340028 15369
39.959529 116.340206 15372
39.958903 116.340520 15377
39.958211 116.340891 15382
39.957627 116.341233 15386
39.957481 116.341318 15387
39.956748 116.341670 15392
39.956044 116.342061 15397
39.955348 116.342456 15402
39.954641 116.342842 15407
39.953938 116.343266 15412
39.953797 116.343351 15413
39.953232 116.343693 15417
39.952490 116.344145 15422
39.951727 116.344590 15427
39.950981 116.344941 15432
39.950253 116.345270 15437
39.949481 116.345640 15442
39.948697 116.345982 15447
39.947944 116.346212 15452
39.947661 116.346241 15454
39.947237 116.346285 15457
39.946548 116.346257 15462
39.945900 116.346152 15467
39.945278 116.345977 15472
39.944819 116.345846 15476
39.944704 116.345813 15477
39.944147 116.345703 15482
39.943616 116.345699 15487
39.943299 116.345755 15491
39.943220 116.345769 15492
39.943104 116.345788 15497
39.943214 116.345745 15502
39.943181 116.345704 15507
39.943169 116.345726 15508
39.943122 116.345816 15512
39.943030 116.345931 15517
39.942936 116.345999 15520
39.942874 116.346044 15522
39.942669 116.346173 15527
39.942568 116.346318 15530
39.942501 116.346414 15532
39.942327 116.346505 15537
39.942087 116.346644 15542
39.941905 116.346728 15547
39.941779 116.346750 15552
39.941663 116.346757 15557
39.941604 116.346798 15562
39.941537 116.346804 15567
39.941360 116.346746 15572
39.941011 116.346817 15577
39.940869 116.346882 15582
39.940842 116.346881 15587
39.941112 116.346561 15592
39.941083 116.346769 15597
39.941076 116.346805 15602
39.941084 116.346806 15607
39.941092 116.346802 15609
39.941103 116.346797 15612
39.941123 116.346780 15617
39.941140 116.346767 15622
39.941253 116.346736 15627
39.941365 116.346691 15632
39.941439 116.346627 15637
39.941455 116.346582 15642
39.941481 116.346572 15644
39.941519 116.346557 15647
39.941524 116.346556 15652
39.941522 116.346565 15657
39.941522 116.346570 15658
39.941522 116.346589 15662
39.941518 116.346591 15663
39.941503 116.346599 15667
39.941472 116.346590 15672
39.941448 116.346565 15677
39.941355 116.346659 15682
39.941115 116.346900 15687
39.941070 116.346927 15688
39.940888 116.347034 15692
39.940851 116.347050 15693
39.940814 116.347066 15694
39.940702 116.347113 15697
39.940533 116.347185 15702
39.940435 116.347216 15707
39.940374 116.347233 15712
39.940287 116.347219 15717
39.940204 116.347186 15722
39.940091 116.347174 15727
39.939994 116.347163 15732
39.939938 116.347135 15737
39.939911 116.347085 15742
