39.930308 116.347069 32971
39.930240 116.346975 32976
39.930283 116.346969 32981
39.930314 116.346959 32986
39.930328 116.346937 32991
39.930356 116.346905 32996
39.930468 116.346991 33001
39.930517 116.347039 33006
39.930507 116.347049 33007
39.930468 116.347090 33011
39.930449 116.347106 33016
39.930426 116.347119 33021
39.930420 116.347113 33026
39.930418 116.347093 33031
39.930422 116.347110 33036
39.930472 116.347129 33041
39.930497 116.347125 33046
39.930518 116.347137 33051
39.930532 116.347135 33053
39.930539 116.347135 33054
39.930553 116.347133 33056
39.930613 116.347197 33061
39.930647 116.347284 33066
39.930675 116.347337 33071
39.930655 116.347322 33076
39.930626 116.347275 33081
39.930625 116.347270 33082
39.930621 116.347252 33086
39.930606 116.347261 33091
39.930643 116.347228 33096
39.930648 116.347227 33097
39.930669 116.347225 33101
39.930710 116.347219 33106
39.930688 116.347212 33111
39.930754 116.347106 33116
39.930759 116.347105 33121
39.930763 116.347105 33126
39.930761 116.347105 33128
39.930759 116.347106 33131
39.930755 116.347106 33136
39.930751 116.347105 33141
39.930746 116.347104 33146
39.930729 116.347119 33151
39.930729 116.347139 33156
39.930741 116.347177 33161
39.930780 116.347215 33166
39.930785 116.347222 33171
39.930787 116.347214 33176
39.930787 116.347227 33181
39.930790 116.347247 33186
39.930802 116.347230 33191
39.930807 116.347223 33193
39.930815 116.347212 33196
39.930812 116.347252 33201
39.930811 116.347252 33202
39.930806 116.347253 33206
39.930804 116.347299 33211
39.930803 116.347304 33212
39.930797 116.347325 33216
39.930782 116.347368 33221
39.930782 116.347432 33226
39.930809 116.347517 33231
39.930836 116.347575 33236
39.930819 116.347665 33241
39.930815 116.347748 33246
39.930809 116.347762 33249
39.930805 116.347771 33251
39.930814 116.347821 33256
39.930814 116.347835 33258
39.930814 116.347857 33261
39.930819 116.347852 33266
39.930803 116.347890 33271
39.930780 116.347916 33275
39.930774 116.347923 33276
39.930781 116.347951 33281
39.930788 116.347982 33286
39.930778 116.348032 33290
39.930776 116.348044 33291
39.930781 116.348052 33292
39.930803 116.348086 33296
39.930796 116.348161 33301
39.930782 116.348212 33306
39.930809 116.348304 33311
39.930804 116.348390 33316
39.930772 116.348525 33321
39.930772 116.348614 33326
39.930693 116.348633 33331
39.930679 116.348582 33336
39.930671 116.348518 33341
39.930687 116.348504 33344
39.930697 116.348495 33346
39.930696 116.348493 33351
39.930671 116.348509 33356
39.930652 116.348511 33361
39.930652 116.348501 33363
39.930653 116.348485 33366
39.930657 116.348440 33371
39.930667 116.348424 33373
39.930678 116.348409 33375
39.930683 116.348401 33376
39.930722 116.348395 33381
39.930719 116.348406 33382
39.930710 116.348437 33385
39.930707 116.348448 33386
39.930717 116.348471 33387
39.930758 116.348561 33391
39.930757 116.348614 33394
39.930756 116.348650 33396
39.930756 116.348708 33401
39.930774 116.348816 33406
39.930770 116.348853 33408
39.930767 116.348871 33409
39.930763 116.348908 33411
39.930813 116.348967 33416
39.930871 116.349060 33421
39.930912 116.349130 33425
39.930922 116.349148 33426
39.930933 116.349246 33431
39.930947 116.349278 33433
39.930969 116.349327 33436
39.930976 116.349448 33441
39.930972 116.349466 33442
39.930956 116.349539 33446
39.930932 116.349619 33451
39.930978 116.349603 33455
39.930990 116.349599 33456
39.930860 116.349546 33461
39.930843 116.349511 33464
39.930831 116.349488 33466
39.930805 116.349494 33471
39.930794 116.349541 33475
39.930791 116.349553 33476
39.930791 116.349561 33477
39.930789 116.349595 33481
39.930768 116.349659 33486
39.930741 116.349723 33491
39.930731 116.349808 33496
39.930714 116.349905 33501
39.930719 116.349994 33506
39.930723 116.350004 33507
39.930738 116.350046 33511
39.930747 116.350100 33516
39.930748 116.350113 33518
39.930748 116.350119 33519
39.930749 116.350132 33521
39.930760 116.350194 33526
39.930747 116.350260 33531
39.930765 116.350269 33536
39.930756 116.350277 33541
39.930756 116.350271 33546
39.930753 116.350286 33551
39.930755 116.350287 33553
39.930758 116.350288 33555
39.930759 116.350288 33556
39.930741 116.350276 33561
39.930731 116.350274 33566
