39.923222 116.303520 43829
39.923092 116.303391 43834
39.922974 116.303291 43839
39.922920 116.303299 43841
39.922733 116.303360 43846
39.922768 116.303360 43851
39.922680 116.303345 43856
39.922626 116.303337 43859
39.922596 116.303329 43863
39.922581 116.303335 43867
39.922577 116.303337 43868
39.922497 116.303391 43873
39.922398 116.303490 43878
39.922302 116.303589 43883
39.922192 116.303703 43888
39.922020 116.303764 43893
39.921841 116.303764 43898
39.921673 116.303772 43903
39.921509 116.303780 43908
39.921453 116.303786 43910
39.921368 116.303795 43913
39.921318 116.303787 43918
39.921322 116.303795 43921
39.921318 116.303833 43926
39.921284 116.303802 43931
39.921244 116.303790 43935
39.921234 116.303787 43936
39.921230 116.303787 43937
39.921234 116.303787 43955
39.921196 116.303787 43960
39.921162 116.303780 43965
39.921162 116.303764 43968
39.921157 116.303760 43971
39.921154 116.303757 43973
39.921146 116.303760 43975
39.921135 116.303764 43978
39.921097 116.303764 43983
39.921040 116.303772 43988
39.921028 116.303774 43989
39.921005 116.303777 43991
39.920982 116.303780 43993
39.920967 116.303810 43998
39.920962 116.303808 43999
39.920940 116.303802 44003
39.920906 116.303825 44008
39.920886 116.303834 44010
39.920856 116.303848 44013
39.920826 116.303879 44018
39.920788 116.303879 44023
39.920774 116.303879 44025
39.920753 116.303879 44028
39.920742 116.303833 44032
39.920753 116.303818 44034
39.920753 116.303772 44039
39.920738 116.303774 44040
39.920723 116.303775 44041
39.920677 116.303780 44044
39.920663 116.303778 44045
39.920605 116.303772 44049
39.920586 116.303764 44052
39.920570 116.303757 44056
39.920566 116.303757 44057
39.920563 116.303757 44058
39.920559 116.303772 44063
39.920483 116.303802 44068
39.920368 116.303795 44073
39.920345 116.303790 44074
39.920277 116.303777 44077
39.920254 116.303772 44078
39.920101 116.303810 44083
39.919960 116.303825 44088
39.919811 116.303818 44093
39.919640 116.303825 44098
39.919496 116.303825 44102
39.919460 116.303825 44103
39.919296 116.303825 44108
39.919151 116.303802 44113
39.918976 116.303802 44118
39.918713 116.303780 44123
39.918545 116.303749 44128
39.918438 116.303627 44133
39.918427 116.303618 44134
39.918417 116.303609 44135
39.918385 116.303581 44138
39.918194 116.303635 44143
39.918228 116.303619 44148
39.918266 116.303612 44149
39.918713 116.303719 44164
39.918447 116.303639 44166
39.918182 116.303558 44168
39.918104 116.303516 44170
39.917988 116.303452 44173
39.917953 116.303116 44182
39.918003 116.303261 44187
39.918087 116.303253 44189
39.918327 116.303284 44194
39.918307 116.303343 44197
39.918300 116.303363 44198
39.918293 116.303383 44199
39.918350 116.303459 44204
39.918324 116.303497 44205
39.917938 116.303574 44215
39.917984 116.303476 44219
39.917995 116.303452 44220
39.917899 116.303522 44222
39.917755 116.303627 44225
39.917519 116.303734 44230
39.917274 116.303810 44235
39.917202 116.303813 44237
39.917131 116.303816 44239
39.917095 116.303818 44240
39.916965 116.303802 44245
39.916813 116.303810 44250
39.916664 116.303802 44255
39.916508 116.303810 44260
39.916378 116.303795 44265
39.916300 116.303799 44268
39.916248 116.303802 44270
39.916142 116.303818 44275
39.916108 116.303815 44277
39.916058 116.303810 44280
39.916046 116.303818 44304
39.915985 116.303825 44309
39.915977 116.303825 44310
39.915958 116.303856 44325
39.915954 116.303847 44336
39.915951 116.303841 44343
39.915890 116.303856 44348
39.915817 116.303856 44353
39.915746 116.303861 44356
39.915699 116.303864 44358
39.915638 116.303864 44362
39.915627 116.303871 44367
39.915661 116.303833 44396
39.915661 116.303833 44423
39.915607 116.303848 44428
39.915596 116.303841 44429
