39.957092 116.288010 47329
39.957069 116.287880 47330
39.957046 116.287750 47331
39.957001 116.287491 47333
39.956978 116.287361 47334
39.956867 116.286713 47339
39.956757 116.286034 47344
39.956646 116.285339 47349
39.956551 116.284805 47354
39.956493 116.284500 47359
39.956455 116.284210 47364
39.956450 116.284154 47365
39.956429 116.283928 47369
39.956409 116.283813 47373
39.956406 116.283791 47391
39.956409 116.283760 47396
39.956375 116.283684 47401
39.956299 116.283424 47406
39.956291 116.283290 47408
39.956280 116.283089 47411
39.956268 116.282890 47416
39.956261 116.282860 47418
39.956257 116.282845 47419
39.956257 116.282837 47425
39.956253 116.282707 47430
39.956226 116.282478 47435
39.956181 116.282089 47440
39.956154 116.281509 47445
39.956150 116.281373 47446
39.956135 116.280830 47450
39.956108 116.280182 47455
39.956094 116.279880 47458
39.956085 116.279678 47460
39.956066 116.279343 47465
39.956017 116.279175 47470
39.956036 116.279114 47475
39.956051 116.279053 47480
39.955986 116.278900 47485
39.955944 116.278488 47490
39.955921 116.277916 47495
39.955894 116.277366 47499
39.955887 116.277229 47500
39.955845 116.276497 47505
39.955845 116.275742 47510
39.955845 116.275032 47515
39.955822 116.274414 47520
39.955795 116.273750 47525
39.955788 116.273048 47530
39.955730 116.272377 47535
39.955662 116.271721 47540
39.955665 116.271532 47542
39.955669 116.271248 47545
39.955685 116.271080 47549
39.955719 116.271095 47554
39.955719 116.270905 47559
39.955666 116.270531 47564
39.955605 116.270210 47569
39.955685 116.269989 47574
39.956005 116.269920 47579
39.956429 116.269943 47584
39.956610 116.269916 47586
39.956882 116.269875 47589
39.957352 116.269821 47594
39.957817 116.269760 47599
39.958225 116.269722 47604
39.958447 116.269699 47608
39.958694 116.269760 47692
39.958775 116.269745 47694
39.958897 116.269722 47697
39.959332 116.269623 47702
39.959620 116.269626 47706
39.960052 116.269630 47712
39.960381 116.269661 47717
39.961262 116.269402 47722
39.961823 116.269264 47727
39.962238 116.269234 47732
39.962715 116.269203 47737
39.962817 116.269195 47738
39.963124 116.269173 47741
39.963226 116.269165 47742
39.963718 116.269104 47747
39.964222 116.269012 47752
39.964409 116.269020 47757
39.964420 116.269035 47762
39.964382 116.269043 47767
39.964378 116.269043 47771
39.964424 116.268982 47776
39.964413 116.269012 47781
39.964527 116.268997 47786
39.964643 116.268988 47788
39.964817 116.268974 47791
39.965057 116.269020 47796
39.965370 116.269165 47800
39.965355 116.269676 47805
39.965179 116.270370 47810
39.965271 116.270500 47815
39.965279 116.270699 47820
39.965511 116.270737 47825
39.965581 116.270725 47826
39.965792 116.270688 47829
39.965862 116.270676 47830
39.966209 116.270721 47835
39.966314 116.270730 47836
39.966418 116.270739 47837
39.966732 116.270767 47840
39.967690 116.270592 47849
39.968273 116.270393 47854
39.968514 116.270182 47857
39.968674 116.270042 47859
39.968811 116.269920 47861
39.968961 116.269840 47863
39.969410 116.269600 47869
39.969376 116.269558 47873
39.969368 116.269547 47874
39.969393 116.269520 47875
39.969418 116.269493 47876
39.969444 116.269453 47877
39.969547 116.269295 47881
39.969687 116.269102 47884
39.969780 116.268974 47886
39.969626 116.268873 47889
39.969524 116.268806 47891
39.969427 116.268748 47892
39.969040 116.268517 47896
39.968959 116.268252 47898
39.968918 116.268120 47899
39.968868 116.267593 47904
39.968807 116.267082 47909
39.968801 116.266838 47913
39.968800 116.266777 47914
39.968838 116.266350 47919
39.968773 116.265862 47924
