39.975635 116.400407 456
39.975645 116.400666 460
39.975664 116.400951 464
39.975745 116.401165 468
39.975969 116.401240 472
39.976314 116.401288 476
39.976506 116.401286 478
39.976699 116.401283 480
39.977127 116.401274 484
39.977336 116.401275 486
39.977544 116.401276 488
39.978018 116.401288 492
39.978381 116.401313 495
39.978502 116.401322 496
39.978605 116.401333 497
39.978709 116.401344 498
39.978915 116.401366 500
39.979046 116.401344 502
39.979177 116.401322 504
39.979343 116.401294 508
39.979390 116.401262 512
39.979392 116.401203 516
39.979386 116.401197 517
39.979368 116.401178 520
39.979351 116.401154 524
39.979375 116.401122 528
39.979495 116.401074 532
39.979714 116.401094 536
39.979900 116.401089 540
39.979942 116.401103 541
39.980066 116.401146 544
39.980227 116.401222 548
39.980355 116.401270 552
39.980462 116.401282 556
39.980486 116.401282 557
39.980557 116.401282 560
39.980594 116.401269 563
39.980606 116.401264 564
39.980620 116.401233 568
39.980645 116.401212 572
39.980677 116.401215 575
39.980688 116.401216 576
39.980749 116.401189 580
39.980758 116.401190 581
39.980783 116.401193 584
39.980818 116.401196 588
39.980822 116.401198 590
39.980825 116.401200 592
39.980854 116.401231 596
39.980922 116.401278 600
39.980946 116.401279 601
39.981017 116.401283 604
39.981179 116.401290 608
39.981440 116.401322 612
39.981773 116.401343 616
39.982149 116.401372 620
39.982617 116.401382 624
39.983136 116.401354 628
39.983287 116.401346 629
39.983738 116.401323 632
39.984317 116.401315 636
39.984830 116.401297 640
39.985354 116.401321 644
39.985739 116.401333 647
39.985867 116.401337 648
39.986377 116.401335 652
39.986883 116.401335 656
39.987374 116.401307 660
39.987908 116.401316 664
39.988037 116.401312 665
39.988295 116.401303 667
39.988424 116.401299 668
39.988778 116.401107 672
39.989209 116.401171 676
39.989599 116.401202 680
39.989976 116.401223 684
39.990153 116.401229 686
39.990329 116.401235 688
39.990520 116.401269 690
39.990711 116.401303 692
39.991044 116.401368 696
39.991318 116.401399 700
39.991536 116.401429 704
39.991571 116.401439 705
39.991675 116.401470 708
39.991677 116.401491 711
39.991678 116.401498 712
39.991690 116.401515 716
39.991684 116.401506 717
39.991668 116.401480 720
39.991620 116.401467 724
39.991560 116.401465 728
39.991557 116.401466 729
39.991550 116.401469 732
39.991551 116.401462 736
39.991607 116.401501 740
39.991688 116.401575 744
39.991705 116.401570 748
39.991691 116.401587 752
39.991724 116.401567 756
39.991822 116.401520 760
39.991973 116.401476 764
39.992147 116.401469 768
39.992243 116.401407 772
39.992309 116.401390 776
39.992372 116.401394 780
39.992395 116.401389 784
39.992402 116.401396 788
39.992401 116.401380 792
39.992402 116.401371 796
39.992401 116.401362 800
39.992390 116.401369 804
39.992403 116.401367 807
39.992408 116.401366 808
39.992436 116.401366 812
39.992428 116.401291 816
39.992478 116.401288 820
39.992479 116.401248 822
39.992480 116.401209 824
39.992430 116.401108 828
39.992368 116.401007 832
39.992407 116.400972 836
39.992366 116.400968 840
39.992411 116.400942 844
39.992418 116.400917 845
39.992439 116.400841 848
39.992610 116.400904 852
39.992826 116.400959 856
39.992957 116.400929 860
39.993076 116.400896 864
39.993113 116.400898 865
39.993223 116.400904 868
39.993322 116.400864 870
39.993420 116.400824 872
39.993938 116.401086 876
39.994467 116.401044 880
39.994844 116.401064 884
39.995058 116.401083 887
39.995130 116.401089 888
39.995394 116.401110 892
39.995629 116.401151 896
39.995774 116.401205 899
39.995822 116.401223 900
39.996021 116.401327 904
39.996114 116.401358 908
39.996115 116.401363 910
39.996116 116.401368 912
39.996130 116.401381 916
39.996146 116.401380 920
39.996161 116.401375 924
39.996221 116.401415 928
39.996252 116.401422 930
39.996284 116.401429 932
39.996291 116.401434 933
39.996314 116.401450 936
39.996342 116.401460 940
39.996364 116.401477 944
39.996390 116.401498 948
39.996396 116.401504 949
39.996415 116.401522 952
39.996424 116.401517 956
39.996436 116.401521 957
39.996461 116.401528 959
39.996474 116.401531 960
39.996503 116.401529 961
39.996589 116.401523 964
39.996688 116.401554 968
39.996716 116.401563 970
39.996743 116.401571 972
39.996740 116.401531 976
39.996744 116.401536 980
39.996739 116.401523 984
39.996736 116.401515 988
39.996727 116.401514 992
39.996724 116.401514 996
39.996727 116.401512 1000
39.996726 116.401510 1004
39.996717 116.401517 1008
39.996719 116.401532 1012
39.996751 116.401548 1016
39.996768 116.401547 1017
39.996820 116.401543 1020
39.997003 116.401555 1024
39.997052 116.401559 1025
39.997151 116.401567 1027
39.997200 116.401571 1028
39.997405 116.401603 1032
39.997703 116.401542 1036
39.997839 116.401516 1038
39.997975 116.401489 1040
39.998195 116.401482 1044
39.998263 116.401500 1045
39.998465 116.401556 1048
39.998632 116.401577 1050
39.998799 116.401598 1052
