39.981462 116.307863 30522
39.981409 116.307917 30524
39.981355 116.307970 30526
39.981220 116.307983 30531
39.981367 116.308075 30534
39.981406 116.308090 30535
39.981485 116.308120 30537
39.981500 116.308148 30540
39.981433 116.308157 30543
39.981448 116.308115 30546
39.981505 116.308152 30549
39.981550 116.308176 30551
39.981572 116.308188 30552
39.981587 116.308203 30553
39.981602 116.308217 30554
39.981617 116.308232 30555
39.981573 116.308293 30558
39.981558 116.308348 30561
39.981580 116.308388 30564
39.981600 116.308393 30567
39.981602 116.308353 30570
39.981247 116.307370 30574
39.981152 116.307123 30578
39.981154 116.307029 30582
39.981155 116.307005 30583
39.981205 116.306952 30586
39.981422 116.306838 30591
39.981483 116.306785 30608
39.981445 116.306807 30611
39.981482 116.306790 30621
39.981568 116.306743 30624
39.981618 116.306726 30625
39.981667 116.306709 30626
39.981717 116.306692 30627
39.981855 116.306640 30630
39.982328 116.306488 30634
39.982596 116.306400 30638
39.982663 116.306378 30639
39.982638 116.306362 30643
39.982623 116.306367 30645
39.982642 116.306448 30651
39.982555 116.306536 30653
39.982512 116.306580 30654
39.982373 116.306653 30657
39.982341 116.306667 30658
39.982278 116.306695 30660
39.982187 116.306728 30663
39.981618 116.306937 30668
39.981415 116.307027 30670
39.981765 116.306862 30783
39.981773 116.306822 30787
39.981845 116.307885 30828
39.981857 116.307886 30830
39.981925 116.307893 30841
39.981753 116.307705 30856
39.981447 116.307448 30860
39.981315 116.307272 30864
39.981323 116.307187 30869
39.981335 116.307178 30872
39.981343 116.307175 30873
39.981360 116.307168 30875
39.981410 116.307177 30878
39.981452 116.307182 30881
39.981623 116.307518 30884
39.981642 116.307568 30885
39.981680 116.307667 30887
39.981737 116.307762 30890
39.981787 116.307825 30893
39.981817 116.307910 30896
39.981848 116.308062 30899
39.981932 116.308150 30902
39.981983 116.308185 30904
39.982008 116.308202 30905
39.982070 116.308273 30908
39.982102 116.308335 30911
39.982167 116.308372 30914
39.982212 116.308407 30917
39.982214 116.308425 30918
39.982216 116.308442 30919
39.982218 116.308460 30920
39.982225 116.308476 30921
39.982233 116.308491 30922
39.982240 116.308507 30923
39.982220 116.308565 30926
39.982212 116.308617 30929
39.982212 116.308647 30932
39.982167 116.308712 30935
39.982157 116.308768 30938
39.982137 116.308798 30939
39.982117 116.308828 30940
39.982097 116.308858 30941
39.982113 116.308920 30944
39.982050 116.308943 30948
39.982003 116.308913 30953
39.981983 116.308918 30956
39.981953 116.308926 30957
39.981892 116.308943 30959
39.981837 116.308952 30960
39.981728 116.308970 30962
39.981483 116.309035 30967
39.981432 116.309078 30972
39.981423 116.309078 30975
39.981377 116.309127 30978
39.981353 116.309152 30981
39.981357 116.309185 30984
39.981383 116.309193 30987
39.981405 116.309290 30990
39.981430 116.309293 30991
39.981480 116.309298 30993
39.981540 116.309328 30996
39.981555 116.309345 30997
39.981585 116.309380 30999
39.981613 116.309470 31002
39.981632 116.309498 31004
39.981642 116.309512 31005
39.981702 116.309535 31008
39.981650 116.309663 31011
39.981603 116.309810 31016
39.981658 116.309788 31020
39.981642 116.309815 31022
39.981618 116.309855 31025
39.981593 116.309907 31027
39.981580 116.309933 31028
39.981600 116.309978 31031
39.981580 116.310083 31034
39.981589 116.310101 31035
39.981598 116.310119 31036
39.981607 116.310137 31037
39.981647 116.310188 31040
39.981702 116.310213 31043
39.981785 116.310217 31046
39.981648 116.310297 31049
39.981502 116.310362 31052
39.981422 116.310415 31055
39.981401 116.310424 31056
39.981381 116.310433 31057
39.981360 116.310442 31058
39.981368 116.310467 31061
39.981348 116.310500 31062
39.981308 116.310567 31064
39.981295 116.310597 31065
39.981270 116.310658 31067
39.981322 116.310697 31070
39.981375 116.310694 31071
39.981588 116.310683 31075
39.981588 116.310778 31080
39.981487 116.310887 31083
39.981486 116.310932 31085
39.981485 116.310955 31086
39.981532 116.310908 31089
39.981583 116.310853 31092
39.981620 116.310824 31093
39.981693 116.310767 31095
39.981765 116.310645 31098
39.981872 116.310582 31101
39.981892 116.310480 31104
39.981982 116.310435 31107
39.982005 116.310282 31110
39.982032 116.310140 31113
39.981992 116.309933 31118
39.982055 116.309915 31121
39.982058 116.309765 31124
