39.975237 116.323944 37050
39.975228 116.323774 37054
39.975233 116.323552 37058
39.975219 116.323371 37062
39.975209 116.323246 37065
39.975206 116.323204 37066
39.975204 116.323120 37068
39.975202 116.323035 37070
39.975184 116.322873 37074
39.975183 116.322833 37075
39.975181 116.322712 37078
39.975178 116.322522 37082
39.975186 116.322203 37086
39.975178 116.321985 37090
39.975168 116.321800 37094
39.975169 116.321629 37098
39.975159 116.321489 37101
39.975156 116.321442 37102
39.975158 116.321266 37106
39.975160 116.321081 37110
39.975158 116.320905 37114
39.975139 116.320731 37118
39.975140 116.320579 37121
39.975140 116.320529 37122
39.975133 116.320357 37126
39.975152 116.320198 37130
39.975180 116.320043 37134
39.975178 116.319995 37135
39.975171 116.319849 37138
39.975177 116.319649 37142
39.975160 116.319505 37146
39.975158 116.319406 37150
39.975167 116.319316 37154
39.975190 116.319242 37158
39.975176 116.319182 37160
39.975162 116.319122 37162
39.975121 116.318997 37166
39.975108 116.318858 37170
39.975101 116.318711 37174
39.975109 116.318590 37178
39.975104 116.318529 37181
39.975102 116.318509 37182
39.975118 116.318446 37186
39.975120 116.318448 37190
39.975121 116.318456 37194
39.975122 116.318454 37198
39.975121 116.318446 37202
39.975121 116.318441 37205
39.975121 116.318439 37206
39.975121 116.318428 37210
39.975120 116.318421 37214
39.975119 116.318417 37218
39.975119 116.318415 37221
39.975119 116.318414 37222
39.975119 116.318412 37224
39.975119 116.318411 37226
39.975118 116.318406 37230
39.975117 116.318403 37233
39.975117 116.318402 37234
39.975116 116.318395 37238
39.975115 116.318387 37242
39.975115 116.318376 37246
39.975113 116.318274 37250
39.975113 116.318153 37254
39.975112 116.318121 37255
39.975112 116.318090 37256
39.975111 116.318027 37258
39.975127 116.317873 37262
39.975130 116.317739 37266
39.975128 116.317680 37268
39.975127 116.317622 37270
39.975123 116.317593 37271
39.975111 116.317505 37274
39.975107 116.317475 37275
39.975096 116.317384 37278
39.975068 116.317247 37282
39.975062 116.317163 37284
39.975057 116.317080 37286
39.975059 116.316975 37288
39.975061 116.316870 37290
39.975071 116.316816 37291
39.975082 116.316762 37292
39.975102 116.316654 37294
39.975078 116.316450 37298
39.975085 116.316277 37302
39.975085 116.316098 37306
39.975112 116.315968 37310
39.975148 116.315841 37314
39.975186 116.315758 37316
39.975225 116.315674 37318
39.975173 116.315445 37322
39.975230 116.315297 37326
39.975259 116.315197 37329
39.975268 116.315164 37330
39.975262 116.315030 37334
39.975269 116.314856 37338
39.975273 116.314694 37342
39.975275 116.314530 37346
39.975319 116.314416 37349
39.975334 116.314378 37350
39.975400 116.314225 37354
39.975433 116.314112 37358
39.975409 116.314058 37359
39.975338 116.313895 37362
39.975308 116.313832 37364
39.975278 116.313769 37366
39.975293 116.313513 37370
39.975231 116.313118 37374
39.975177 116.312789 37378
39.975127 116.312564 37382
39.975099 116.312406 37385
39.975090 116.312353 37386
39.975061 116.312188 37390
39.975034 116.312075 37394
39.975020 116.312019 37396
39.975012 116.311992 37397
39.975005 116.311964 37398
39.974994 116.311845 37402
39.974952 116.311638 37406
39.974926 116.311460 37410
39.974906 116.311330 37413
39.974899 116.311287 37414
39.974919 116.311201 37418
39.974983 116.311138 37422
39.975063 116.311111 37426
39.975180 116.311073 37430
39.975322 116.311028 37434
39.975463 116.311005 37438
39.975495 116.310995 37439
39.975592 116.310964 37442
39.975739 116.310917 37446
39.975873 116.310866 37450
39.975902 116.310844 37451
39.975989 116.310776 37454
39.976130 116.310846 37458
39.976278 116.310808 37462
39.976411 116.310743 37466
39.976493 116.310716 37469
39.976521 116.310707 37470
39.976560 116.310710 37472
39.976600 116.310713 37474
39.976731 116.310663 37478
39.976771 116.310628 37482
39.976810 116.310612 37486
39.976888 116.310582 37490
39.976999 116.310536 37494
39.977085 116.310497 37498
39.977192 116.310466 37501
39.977228 116.310455 37502
39.977400 116.310411 37506
39.977494 116.310344 37509
39.977525 116.310322 37510
39.977562 116.310185 37514
39.977565 116.310041 37518
39.977558 116.309882 37522
39.977547 116.309705 37526
39.977538 116.309538 37530
39.977542 116.309365 37534
39.977553 116.309200 37538
39.977554 116.309027 37542
39.977574 116.308857 37546
39.977564 116.308684 37550
39.977565 116.308501 37554
39.977580 116.308331 37558
39.977628 116.308151 37562
39.977637 116.308060 37564
39.977642 116.308015 37565
39.977646 116.307970 37566
39.977657 116.307818 37570
39.977653 116.307641 37574
39.977675 116.307446 37578
39.977647 116.307261 37582
39.977646 116.307219 37583
39.977644 116.307176 37584
39.977642 116.307092 37586
39.977636 116.306897 37590
39.977605 116.306762 37594
39.977607 116.306633 37597
39.977608 116.306590 37598
39.977614 116.306446 37602
39.977659 116.306301 37606
39.977693 116.306176 37610
39.977748 116.306019 37614
39.977749 116.305840 37618
39.977718 116.305669 37622
39.977717 116.305535 37626
39.977721 116.305509 37627
39.977730 116.305456 37629
39.977734 116.305429 37630
39.977739 116.305307 37633
39.977740 116.305266 37634
39.977740 116.305234 37635
39.977740 116.305139 37638
39.977768 116.305003 37642
39.977774 116.304819 37646
