39.880022 116.407725 10325
39.880017 116.407686 10327
39.880015 116.407667 10328
39.880007 116.407625 10331
39.879992 116.407584 10334
39.879995 116.407544 10337
39.880002 116.407492 10340
39.880009 116.407446 10343
39.879999 116.407396 10346
39.879991 116.407359 10349
39.880005 116.407323 10352
39.880009 116.407269 10355
39.880006 116.407241 10357
39.880005 116.407227 10358
39.880013 116.407177 10361
39.880015 116.407143 10364
39.880006 116.407101 10367
39.880016 116.407058 10370
39.880012 116.407042 10373
39.880006 116.407011 10376
39.880006 116.406986 10378
39.880006 116.406973 10379
39.880010 116.406954 10382
39.880013 116.406915 10385
39.880005 116.406885 10388
39.880000 116.406862 10391
39.879997 116.406836 10393
39.879996 116.406823 10394
39.879975 116.406791 10397
39.879940 116.406788 10400
39.879915 116.406774 10403
39.879888 116.406781 10405
39.879875 116.406784 10406
39.879835 116.406787 10409
39.879801 116.406785 10412
39.879770 116.406789 10415
39.879727 116.406805 10418
39.879688 116.406806 10421
39.879647 116.406806 10424
39.879604 116.406811 10427
39.879563 116.406809 10430
39.879517 116.406808 10433
39.879490 116.406807 10435
39.879477 116.406806 10436
39.879444 116.406801 10439
39.879412 116.406805 10442
39.879381 116.406820 10445
39.879357 116.406821 10447
39.879345 116.406822 10448
39.879314 116.406825 10451
39.879299 116.406839 10453
39.879292 116.406846 10454
39.879280 116.406846 10455
39.879267 116.406846 10456
39.879255 116.406846 10457
39.879221 116.406859 10460
39.879188 116.406860 10463
39.879165 116.406861 10465
39.879154 116.406862 10466
39.879120 116.406858 10469
39.879109 116.406858 10470
39.879097 116.406857 10471
39.879086 116.406857 10472
39.879038 116.406855 10475
39.879009 116.406860 10478
39.878980 116.406855 10480
39.878965 116.406852 10481
39.878924 116.406850 10484
39.878905 116.406877 10487
39.878880 116.406867 10490
39.878847 116.406856 10493
39.878814 116.406854 10496
39.878779 116.406852 10499
39.878753 116.406857 10502
39.878743 116.406859 10503
39.878724 116.406863 10505
39.878682 116.406859 10508
39.878649 116.406860 10511
39.878612 116.406869 10514
39.878580 116.406870 10517
39.878560 116.406875 10519
39.878550 116.406877 10520
39.878512 116.406873 10523
39.878477 116.406871 10526
39.878442 116.406866 10529
39.878419 116.406866 10531
39.878408 116.406866 10532
39.878381 116.406867 10534
39.878367 116.406867 10535
39.878321 116.406857 10538
39.878296 116.406863 10541
39.878268 116.406878 10544
39.878224 116.406875 10547
39.878212 116.406879 10548
39.878189 116.406888 10550
39.878175 116.406889 10551
39.878148 116.406892 10553
39.878134 116.406895 10554
39.878120 116.406897 10555
39.878106 116.406900 10556
39.878059 116.406897 10559
39.878029 116.406907 10562
39.877985 116.406906 10565
39.877951 116.406908 10568
39.877914 116.406910 10571
39.877871 116.406906 10574
39.877867 116.406909 10575
39.877860 116.406916 10577
39.877826 116.406914 10580
39.877803 116.406911 10582
39.877791 116.406910 10583
39.877759 116.406897 10586
39.877733 116.406890 10588
39.877720 116.406886 10589
39.877699 116.406895 10591
39.877689 116.406899 10592
39.877640 116.406928 10595
39.877603 116.406931 10598
39.877592 116.406930 10599
39.877570 116.406929 10601
39.877550 116.406924 10604
39.877545 116.406900 10607
39.877534 116.406888 10608
39.877513 116.406865 10610
39.877500 116.406872 10613
39.877469 116.406825 10616
39.877451 116.406750 10619
39.877433 116.406727 10622
39.877409 116.406696 10625
39.877380 116.406668 10628
39.877351 116.406649 10631
39.877325 116.406611 10634
39.877315 116.406602 10635
39.877294 116.406583 10637
39.877263 116.406569 10640
39.877258 116.406559 10641
39.877252 116.406550 10642
39.877247 116.406540 10643
39.877238 116.406517 10646
39.877232 116.406506 10647
39.877221 116.406484 10649
39.877200 116.406470 10652
39.877174 116.406453 10655
39.877144 116.406424 10658
39.877122 116.406392 10661
39.877088 116.406391 10664
39.877056 116.406383 10667
39.877012 116.406385 10670
39.876997 116.406391 10671
39.876967 116.406403 10673
39.876940 116.406412 10675
39.876927 116.406416 10676
39.876917 116.406417 10677
39.876897 116.406420 10679
39.876868 116.406427 10681
39.876854 116.406430 10682
39.876816 116.406444 10685
39.876782 116.406461 10688
39.876772 116.406465 10689
39.876763 116.406468 10690
39.876753 116.406472 10691
39.876737 116.406484 10693
39.876729 116.406490 10694
39.876702 116.406525 10697
39.876673 116.406561 10700
39.876656 116.406573 10702
39.876647 116.406579 10703
39.876632 116.406633 10706
39.876620 116.406664 10709
39.876611 116.406706 10712
39.876602 116.406738 10715
39.876599 116.406746 10716
39.876592 116.406761 10718
39.876589 116.406783 10721
39.876587 116.406789 10722
39.876579 116.406808 10725
39.876572 116.406829 10730
39.876569 116.406839 10733
39.876568 116.406842 10734
39.876549 116.406858 10739
39.876524 116.406878 10742
39.876499 116.406892 10745
39.876493 116.406909 10748
39.876490 116.406913 10751
39.876490 116.406921 10754
39.876491 116.406924 10757
39.876493 116.406923 10760
39.876493 116.406923 10761
39.876516 116.406945 10766
39.876528 116.406944 10769
39.876548 116.406950 10772
39.876576 116.406960 10775
39.876582 116.406959 10776
39.876594 116.406957 10778
39.876610 116.406953 10781
39.876615 116.406953 10782
39.876625 116.406953 10784
39.876634 116.406957 10787
39.876646 116.406952 10789
39.876652 116.406949 10790
39.876666 116.406929 10793
39.876701 116.406917 10796
39.876722 116.406901 10799
39.876742 116.406896 10802
39.876777 116.406893 10805
39.876806 116.406914 10808
39.876835 116.406937 10811
39.876849 116.406938 10813
39.876856 116.406938 10814
39.876871 116.406937 10816
39.876878 116.406936 10817
39.876903 116.406941 10820
39.876916 116.406942 10822
39.876923 116.406942 10823
39.876953 116.406946 10826
39.876987 116.406961 10829
39.877019 116.406980 10832
39.877046 116.406983 10835
39.877073 116.406999 10838
39.877094 116.407000 10840
39.877105 116.407000 10841
39.877129 116.407015 10844
39.877145 116.407020 10846
39.877153 116.407023 10847
39.877158 116.407016 10849
39.877161 116.407013 10850
39.877158 116.407010 10852
39.877157 116.407008 10853
39.877154 116.407008 10857
39.877140 116.407014 10861
39.877137 116.407015 10862
39.877112 116.407006 10865
39.877103 116.406926 10868
39.877083 116.406909 10871
39.877084 116.406903 10874
39.877084 116.406902 10877
39.877087 116.406900 10880
39.877091 116.406898 10883
39.877094 116.406896 10886
39.877094 116.406896 10889
39.877094 116.406895 10893
39.877091 116.406881 10898
39.877090 116.406879 10901
39.877085 116.406860 10904
39.877088 116.406852 10905
39.877091 116.406845 10906
39.877094 116.406837 10907
39.877104 116.406771 10910
39.877118 116.406781 10913
39.877121 116.406769 10916
39.877133 116.406754 10919
39.877132 116.406749 10920
39.877131 116.406740 10922
39.877151 116.406725 10925
