39.975140 116.330788 47301
39.975140 116.330790 47305
39.975142 116.330792 47309
39.975140 116.330792 47313
39.975140 116.330793 47317
39.975140 116.330795 47321
39.975140 116.330796 47323
39.975140 116.330797 47325
39.975140 116.330798 47329
39.975142 116.330803 47333
39.975142 116.330808 47337
39.975142 116.330808 47341
39.975142 116.330808 47344
39.975142 116.330808 47345
39.975142 116.330808 47349
39.975142 116.330815 47353
39.975142 116.330815 47354
39.975142 116.330816 47356
39.975142 116.330817 47357
39.975141 116.330814 47359
39.975140 116.330810 47361
39.975140 116.330809 47362
39.975140 116.330808 47363
39.975140 116.330808 47364
39.975140 116.330807 47365
39.975142 116.330807 47369
39.975142 116.330812 47373
39.975142 116.330814 47374
39.975142 116.330820 47377
39.975143 116.330818 47381
39.975143 116.330818 47385
39.975145 116.330818 47389
39.975145 116.330815 47391
39.975145 116.330812 47393
39.975145 116.330811 47395
39.975145 116.330810 47397
39.975147 116.330817 47401
39.975145 116.330823 47405
39.975144 116.330824 47406
39.975143 116.330828 47409
39.975142 116.330827 47413
39.975142 116.330829 47416
39.975142 116.330830 47417
39.975140 116.330838 47421
39.975140 116.330842 47425
39.975140 116.330845 47427
39.975140 116.330847 47429
39.975140 116.330855 47433
39.975140 116.330857 47434
39.975140 116.330863 47437
39.975140 116.330865 47441
39.975140 116.330860 47445
39.975140 116.330850 47449
39.975170 116.330822 47453
39.975176 116.330815 47456
39.975178 116.330813 47457
39.975178 116.330815 47461
39.975195 116.330828 47464
39.975200 116.330832 47465
39.975205 116.330850 47469
39.975220 116.330863 47473
39.975233 116.330853 47477
39.975242 116.330858 47481
39.975242 116.330865 47485
39.975240 116.330868 47489
39.975240 116.330868 47490
39.975238 116.330867 47493
39.975238 116.330865 47497
39.975238 116.330871 47500
39.975238 116.330873 47501
39.975237 116.330883 47505
39.975237 116.330883 47508
39.975237 116.330883 47509
39.975237 116.330880 47513
39.975235 116.330880 47517
39.975199 116.330916 47520
39.975187 116.330928 47521
39.975130 116.330985 47525
39.975068 116.331032 47529
39.975032 116.331042 47533
39.974421 116.330957 47554
39.974392 116.330953 47555
39.974398 116.331062 47559
39.974712 116.331115 47563
39.974717 116.331134 47564
39.974733 116.331190 47567
39.974733 116.331207 47568
39.974735 116.331257 47571
39.974732 116.331317 47575
39.974715 116.331332 47579
39.974640 116.331265 47583
39.974548 116.331227 47587
39.974477 116.331203 47591
39.974433 116.331167 47595
39.974717 116.331037 47599
39.975127 116.330912 47603
39.975207 116.330883 47607
39.975207 116.330867 47609
39.975208 116.330860 47610
39.975208 116.330852 47611
39.975262 116.330830 47615
39.975300 116.330832 47617
39.975337 116.330835 47619
39.975417 116.330860 47623
39.975418 116.330860 47626
39.975418 116.330860 47627
39.975420 116.330853 47631
39.975420 116.330852 47635
39.975413 116.330857 47639
39.975410 116.330858 47643
39.975408 116.330865 47647
39.975407 116.330875 47651
39.975407 116.330887 47655
39.975377 116.330882 47659
39.975360 116.330872 47660
39.975308 116.330843 47663
39.975285 116.330838 47667
39.975249 116.330847 47670
39.975237 116.330850 47671
39.975213 116.330890 47675
39.975200 116.330925 47679
39.975217 116.330935 47683
39.975227 116.330948 47687
39.975240 116.330952 47691
39.975242 116.330945 47695
39.975242 116.330940 47699
39.975243 116.330948 47703
39.975290 116.330947 47707
39.975285 116.330921 47710
39.975283 116.330912 47711
39.975283 116.330902 47715
39.975283 116.330903 47719
39.975282 116.330908 47722
39.975282 116.330910 47723
39.975282 116.330915 47727
39.975280 116.330908 47731
39.975280 116.330902 47735
39.975280 116.330902 47739
39.975280 116.330895 47743
39.975295 116.330877 47747
39.975307 116.330860 47751
39.975317 116.330833 47755
39.975323 116.330813 47759
39.975328 116.330768 47762
39.975330 116.330753 47763
39.975340 116.330758 47767
39.975297 116.330800 47771
39.975253 116.330828 47775
39.975235 116.330838 47776
39.975182 116.330867 47779
39.975147 116.330912 47783
39.975114 116.330952 47786
39.975103 116.330965 47787
39.975091 116.330979 47788
39.975080 116.330994 47789
39.975068 116.331008 47790
39.975057 116.331022 47791
39.975040 116.331078 47795
39.975025 116.331127 47799
39.975007 116.331173 47803
39.974968 116.331222 47807
39.974955 116.331297 47811
39.974953 116.331346 47814
39.974952 116.331363 47815
39.974965 116.331403 47819
39.974992 116.331445 47823
39.974990 116.331485 47827
39.974958 116.331548 47831
39.974953 116.331584 47833
39.974950 116.331602 47834
39.974948 116.331620 47835
39.974955 116.331660 47839
39.974930 116.331705 47843
39.974943 116.331763 47847
39.974947 116.331820 47851
39.974933 116.331875 47855
39.974927 116.331879 47856
39.974910 116.331892 47859
39.974908 116.331887 47863
39.974915 116.331866 47865
39.974922 116.331845 47867
39.974913 116.331813 47871
39.974927 116.331765 47875
39.974907 116.331693 47879
39.974887 116.331633 47883
39.974882 116.331572 47887
39.974897 116.331508 47891
39.974895 116.331447 47895
39.974896 116.331414 47898
39.974897 116.331403 47899
39.974902 116.331380 47901
