39.996593 116.417538 69913
39.996591 116.417545 69917
39.996585 116.417547 69921
39.996584 116.417547 69923
39.996584 116.417547 69925
39.996587 116.417544 69929
39.996614 116.417502 69933
39.996675 116.417446 69937
39.996680 116.417437 69938
39.996694 116.417409 69941
39.996664 116.417408 69945
39.996641 116.417405 69949
39.996627 116.417406 69953
39.996627 116.417404 69954
39.996627 116.417399 69956
39.996627 116.417397 69957
39.996624 116.417386 69961
39.996623 116.417377 69965
39.996623 116.417375 69967
39.996623 116.417373 69969
39.996623 116.417369 69973
39.996626 116.417363 69977
39.996627 116.417363 69981
39.996631 116.417369 69985
39.996631 116.417373 69988
39.996631 116.417374 69989
39.996630 116.417377 69993
39.996655 116.417386 69997
39.996686 116.417376 70001
39.996729 116.417379 70005
39.996757 116.417385 70009
39.996792 116.417384 70013
39.996818 116.417346 70017
39.996810 116.417341 70019
39.996802 116.417337 70021
39.996794 116.417337 70023
39.996789 116.417337 70024
39.996785 116.417337 70025
39.996767 116.417357 70029
39.996754 116.417372 70033
39.996752 116.417372 70034
39.996746 116.417370 70037
39.996711 116.417435 70041
39.996702 116.417452 70045
39.996697 116.417460 70049
39.996696 116.417462 70050
39.996693 116.417467 70053
39.996692 116.417474 70057
39.996692 116.417475 70058
39.996691 116.417477 70061
39.996691 116.417481 70065
39.996677 116.417504 70069
39.996670 116.417539 70073
39.996653 116.417548 70077
39.996646 116.417573 70081
39.996641 116.417572 70085
39.996635 116.417566 70089
39.996637 116.417559 70093
39.996646 116.417551 70097
39.996663 116.417548 70101
39.996667 116.417550 70105
39.996672 116.417544 70109
39.996675 116.417541 70113
39.996675 116.417541 70114
39.996676 116.417542 70117
39.996673 116.417540 70119
39.996670 116.417538 70121
39.996667 116.417532 70125
39.996667 116.417533 70129
39.996668 116.417535 70130
39.996670 116.417541 70133
39.996703 116.417538 70137
39.996741 116.417493 70141
39.996758 116.417445 70144
39.996764 116.417429 70145
39.996779 116.417380 70148
39.996784 116.417364 70149
39.996795 116.417297 70153
39.996808 116.417224 70157
39.996840 116.417151 70161
39.996863 116.417106 70165
39.996879 116.417112 70169
39.996865 116.417126 70173
39.996854 116.417131 70177
39.996846 116.417142 70178
39.996822 116.417175 70181
39.996811 116.417196 70182
39.996779 116.417258 70185
39.996737 116.417325 70189
39.996725 116.417340 70191
39.996714 116.417355 70193
39.996721 116.417317 70197
39.996742 116.417267 70201
39.996744 116.417258 70205
39.996753 116.417224 70207
39.996763 116.417189 70209
39.996798 116.417129 70213
39.996803 116.417118 70214
39.996819 116.417086 70217
39.996812 116.417090 70218
39.996790 116.417100 70221
39.996779 116.417103 70222
39.996768 116.417107 70223
39.996747 116.417113 70225
39.996692 116.417178 70229
39.996678 116.417228 70233
39.996676 116.417245 70235
39.996674 116.417262 70237
39.996677 116.417273 70239
39.996679 116.417278 70240
39.996680 116.417284 70241
39.996702 116.417280 70244
39.996710 116.417279 70245
39.996706 116.417287 70249
39.996680 116.417303 70252
39.996672 116.417308 70253
39.996624 116.417346 70257
39.996604 116.417371 70261
39.996602 116.417366 70265
39.996601 116.417364 70266
39.996600 116.417362 70267
39.996597 116.417359 70269
39.996599 116.417355 70271
39.996600 116.417351 70273
39.996606 116.417345 70277
39.996608 116.417340 70280
39.996608 116.417339 70281
39.996610 116.417332 70285
39.996619 116.417338 70287
39.996628 116.417344 70289
39.996625 116.417336 70293
39.996635 116.417323 70297
39.996625 116.417335 70301
39.996596 116.417346 70305
39.996599 116.417378 70309
39.996600 116.417390 70311
39.996600 116.417402 70313
39.996598 116.417413 70317
39.996598 116.417418 70318
39.996596 116.417432 70321
39.996570 116.417489 70325
39.996538 116.417526 70329
39.996534 116.417531 70333
39.996525 116.417532 70337
39.996481 116.417508 70341
39.996473 116.417506 70343
39.996464 116.417503 70345
39.996477 116.417497 70349
39.996482 116.417497 70350
39.996497 116.417499 70353
39.996495 116.417495 70357
39.996497 116.417502 70361
39.996498 116.417507 70365
39.996498 116.417521 70369
39.996524 116.417548 70373
39.996525 116.417562 70377
39.996499 116.417587 70381
39.996458 116.417587 70385
39.996443 116.417582 70389
39.996458 116.417564 70393
39.996478 116.417566 70397
39.996480 116.417570 70401
39.996473 116.417578 70404
39.996470 116.417581 70405
39.996470 116.417581 70406
39.996471 116.417582 70409
39.996504 116.417555 70413
39.996500 116.417526 70417
39.996500 116.417517 70421
39.996526 116.417506 70425
39.996576 116.417492 70429
39.996631 116.417492 70433
39.996638 116.417495 70434
39.996660 116.417502 70437
39.996671 116.417496 70441
39.996670 116.417496 70445
39.996664 116.417496 70449
39.996659 116.417497 70453
39.996632 116.417492 70456
39.996623 116.417490 70457
39.996615 116.417485 70459
39.996607 116.417480 70461
39.996598 116.417479 70465
39.996589 116.417485 70469
39.996584 116.417527 70473
39.996529 116.417554 70477
39.996493 116.417534 70481
39.996480 116.417518 70485
39.996478 116.417510 70489
39.996477 116.417512 70493
39.996475 116.417519 70497
39.996477 116.417525 70501
39.996483 116.417545 70505
39.996496 116.417540 70507
39.996510 116.417534 70509
