39.992048 116.417324 38789
39.992302 116.417242 38793
39.992151 116.417219 38797
39.992145 116.417202 38801
39.992084 116.417198 38805
39.991805 116.417179 38809
39.991680 116.417210 38813
39.991602 116.417252 38817
39.991440 116.417313 38821
39.991240 116.417383 38825
39.991174 116.417394 38826
39.990977 116.417427 38829
39.990810 116.417458 38831
39.990643 116.417489 38833
39.990356 116.417576 38837
39.990010 116.417625 38841
39.989729 116.417680 38845
39.989457 116.417715 38849
39.989351 116.417727 38851
39.989246 116.417739 38853
39.989670 116.417549 38857
39.989878 116.417478 38858
39.990503 116.417266 38861
39.990521 116.417263 38862
39.990574 116.417255 38865
39.990571 116.417246 38869
39.990544 116.417246 38870
39.990518 116.417245 38871
39.990491 116.417245 38872
39.990464 116.417244 38873
39.990451 116.417243 38874
39.990411 116.417239 38877
39.990399 116.417237 38878
39.990387 116.417235 38879
39.990363 116.417231 38881
39.990243 116.417227 38885
39.990108 116.417268 38889
39.989953 116.417284 38893
39.989865 116.417298 38897
39.989784 116.417313 38901
39.989743 116.417320 38903
39.989633 116.417351 38906
39.989596 116.417362 38907
39.989561 116.417371 38911
39.990051 116.417222 38915
39.990095 116.417209 38919
39.990085 116.417220 38922
39.990081 116.417224 38923
39.990068 116.417226 38926
39.990063 116.417227 38927
39.990021 116.417220 38931
39.990034 116.417157 38935
39.990002 116.417100 38939
39.989992 116.417078 38941
39.989983 116.417055 38943
39.989969 116.417005 38947
39.990000 116.416979 38951
39.989955 116.416919 38955
39.989957 116.416894 38956
39.989963 116.416820 38959
39.989956 116.416760 38963
39.989959 116.416748 38964
39.989967 116.416712 38967
39.989969 116.416660 38971
39.989957 116.416650 38972
39.989933 116.416631 38974
39.989921 116.416621 38975
39.989939 116.416611 38979
39.989882 116.416609 38983
39.989903 116.416528 38987
39.990039 116.416388 38991
39.989711 116.416304 38995
39.989832 116.416245 38999
39.989789 116.416215 39003
39.989770 116.416189 39006
39.989764 116.416180 39007
39.989770 116.416153 39011
39.989730 116.416125 39015
39.989738 116.416097 39019
39.989719 116.416085 39021
39.989699 116.416074 39023
39.989596 116.416051 39027
39.989529 116.416048 39031
39.989529 116.416055 39035
39.989524 116.416084 39039
39.989526 116.416080 39040
39.989532 116.416068 39043
39.989500 116.416087 39047
39.989538 116.416079 39051
39.987698 116.416102 39145
39.987687 116.415742 39149
39.987673 116.415321 39153
39.987667 116.414857 39157
39.987670 116.414452 39161
39.987681 116.414066 39165
39.987662 116.413606 39169
39.987653 116.413208 39173
39.987643 116.412809 39177
39.987629 116.412601 39179
39.987616 116.412394 39181
39.987594 116.412038 39184
39.987587 116.411920 39185
39.987579 116.411685 39187
39.987572 116.411450 39189
39.987564 116.410962 39193
39.987555 116.410481 39197
39.987551 116.410083 39201
39.987537 116.409705 39205
39.987492 116.409451 39209
39.987425 116.409311 39213
39.987397 116.409289 39217
39.987410 116.409337 39221
39.987408 116.409348 39225
39.987396 116.409353 39229
39.987395 116.409333 39233
39.987429 116.409290 39235
39.987462 116.409248 39237
39.987467 116.409206 39238
39.987481 116.409079 39241
39.987497 116.409031 39245
39.987537 116.409079 39249
39.987537 116.409086 39253
39.987545 116.409081 39257
39.987579 116.409044 39261
39.987618 116.408912 39265
39.987729 116.408639 39269
39.987734 116.408274 39273
39.987702 116.407817 39277
39.987687 116.407704 39278
39.987644 116.407366 39281
39.987619 116.407057 39284
39.987611 116.406954 39285
39.987595 116.406505 39289
39.987551 116.406029 39293
39.987543 116.405526 39297
39.987511 116.404977 39301
39.987499 116.404830 39302
39.987463 116.404390 39305
39.987428 116.403921 39309
39.987427 116.403635 39312
39.987427 116.403540 39313
39.987444 116.403141 39317
39.987388 116.402790 39320
39.987369 116.402673 39321
39.987357 116.402563 39322
39.987321 116.402235 39325
39.987317 116.401764 39329
39.987330 116.401280 39333
39.987271 116.400754 39337
39.987228 116.400240 39341
39.987221 116.399761 39345
39.987217 116.399637 39346
39.987212 116.399513 39347
39.987203 116.399265 39349
39.987199 116.398853 39352
39.987198 116.398716 39353
39.987202 116.398193 39357
39.987236 116.397720 39361
39.987257 116.397278 39365
39.987255 116.396941 39369
39.987254 116.396754 39372
39.987254 116.396692 39373
39.987298 116.396570 39377
39.987308 116.396582 39381
39.987300 116.396562 39385
