39.984200 116.308983 17246
39.984283 116.308800 17284
39.984400 116.308533 17324
39.984483 116.308317 17342
39.984567 116.308000 17362
39.984633 116.307817 17389
39.984683 116.307617 17436
39.984650 116.307417 17454
39.984717 116.307200 17474
39.984783 116.307017 17514
39.984833 116.306683 17566
39.984853 116.306587 17585
39.984867 116.306517 17599
39.984817 116.306233 17643
39.984814 116.306224 17649
39.984811 116.306214 17655
39.984810 116.306211 17657
39.984767 116.306067 17748
39.984633 116.305917 17849
