39.975341 116.332837 36189
39.975336 116.332735 36194
39.975357 116.332663 36199
39.975367 116.332586 36204
39.975363 116.332517 36209
39.975361 116.332463 36214
39.975370 116.332402 36219
39.975344 116.332339 36224
39.975356 116.332291 36228
39.975359 116.332279 36229
39.975380 116.332198 36234
39.975413 116.332118 36239
39.975395 116.332087 36243
39.975390 116.332079 36244
39.975409 116.332043 36249
39.975394 116.331964 36254
39.975399 116.331875 36259
39.975396 116.331810 36264
39.975366 116.331753 36269
39.975361 116.331729 36271
39.975353 116.331694 36274
39.975374 116.331636 36279
39.975389 116.331536 36284
39.975396 116.331510 36286
39.975406 116.331472 36289
39.975423 116.331391 36294
39.975437 116.331316 36299
39.975421 116.331245 36302
39.975411 116.331198 36304
39.975421 116.331145 36307
39.975428 116.331110 36309
39.975430 116.331024 36314
39.975434 116.330933 36319
39.975421 116.330919 36321
39.975402 116.330899 36324
39.975353 116.330894 36329
39.975334 116.330831 36334
39.975334 116.330821 36339
39.975335 116.330820 36341
39.975336 116.330818 36344
39.975328 116.330826 36349
39.975327 116.330815 36354
39.975328 116.330821 36359
39.975327 116.330827 36364
39.975327 116.330832 36369
39.975328 116.330830 36374
39.975333 116.330746 36379
39.975303 116.330671 36384
39.975317 116.330548 36389
39.975310 116.330453 36394
39.975306 116.330259 36399
39.975361 116.330028 36404
39.975369 116.329804 36409
39.975392 116.329615 36414
39.975417 116.329431 36419
39.975427 116.329269 36424
39.975421 116.329201 36426
39.975411 116.329100 36429
39.975402 116.329020 36432
39.975396 116.328967 36434
39.975395 116.328937 36435
39.975393 116.328817 36439
39.975395 116.328689 36443
39.975396 116.328657 36444
39.975411 116.328564 36446
39.975434 116.328424 36449
39.975464 116.328266 36454
39.975476 116.328153 36459
39.975471 116.328020 36464
39.975450 116.327857 36469
39.975465 116.327809 36471
39.975488 116.327738 36474
39.975590 116.327712 36479
39.975707 116.327714 36484
39.975838 116.327730 36489
39.975913 116.327735 36492
39.975963 116.327738 36494
39.976041 116.327780 36499
39.976063 116.327780 36500
39.976153 116.327778 36504
39.976280 116.327757 36509
39.976414 116.327720 36514
39.976550 116.327725 36519
39.976679 116.327718 36522
39.976765 116.327713 36524
39.976936 116.327694 36529
39.977081 116.327680 36534
39.977140 116.327668 36536
39.977229 116.327650 36539
39.977378 116.327625 36544
39.977547 116.327615 36549
39.977689 116.327600 36554
39.977751 116.327594 36556
39.977844 116.327585 36559
39.977988 116.327580 36564
39.978151 116.327610 36569
39.978261 116.327601 36573
39.978288 116.327599 36574
39.978433 116.327582 36579
39.978560 116.327560 36584
39.978711 116.327612 36589
39.978851 116.327635 36594
39.978958 116.327613 36599
39.979065 116.327574 36604
39.979186 116.327578 36609
39.979289 116.327567 36614
39.979404 116.327545 36619
39.979423 116.327542 36620
39.979500 116.327529 36624
39.979604 116.327521 36629
39.979726 116.327541 36634
39.979886 116.327528 36639
39.980012 116.327508 36643
39.980043 116.327503 36644
39.980102 116.327498 36646
39.980190 116.327491 36649
39.980222 116.327472 36654
39.980225 116.327470 36659
39.980225 116.327469 36660
39.980225 116.327463 36664
39.980232 116.327460 36669
39.980303 116.327441 36674
39.980436 116.327417 36679
39.980486 116.327406 36681
39.980535 116.327395 36683
39.980560 116.327389 36684
39.980693 116.327481 36689
39.980806 116.327470 36693
39.980834 116.327467 36694
39.980959 116.327492 36699
39.981066 116.327503 36704
39.981147 116.327523 36707
39.981174 116.327529 36708
39.981201 116.327536 36709
39.981322 116.327546 36714
39.981501 116.327524 36719
39.981603 116.327531 36724
39.981698 116.327529 36728
39.981722 116.327528 36729
39.981815 116.327543 36733
39.981838 116.327547 36734
39.982006 116.327497 36738
39.982048 116.327485 36739
39.982096 116.327498 36741
39.982167 116.327517 36744
39.982238 116.327560 36749
39.982255 116.327562 36750
39.982325 116.327572 36754
39.982423 116.327566 36759
39.982558 116.327531 36764
39.982665 116.327505 36769
39.982737 116.327471 36772
39.982785 116.327449 36774
39.982917 116.327350 36779
39.982952 116.327373 36780
39.983090 116.327467 36784
39.983217 116.327463 36789
