39.927305 116.470977 3133
39.927305 116.471040 3138
39.927297 116.471077 3142
39.927297 116.471123 3146
39.927313 116.471172 3150
39.927318 116.471191 3151
39.927335 116.471248 3154
39.927333 116.471278 3158
39.927348 116.471388 3163
39.927377 116.471482 3167
39.927392 116.471513 3171
39.927417 116.471525 3173
39.927451 116.471555 3176
39.927473 116.471575 3178
39.927490 116.471563 3183
39.927490 116.471563 3188
39.927490 116.471563 3193
39.927485 116.471602 3198
39.927500 116.471652 3202
39.927572 116.471698 3206
39.927608 116.471707 3208
39.927643 116.471715 3210
39.927673 116.471802 3214
39.927735 116.471903 3218
39.927770 116.471967 3222
39.927808 116.472015 3226
39.927842 116.472047 3230
39.927860 116.472064 3232
39.927878 116.472080 3234
39.927908 116.472095 3237
39.927918 116.472100 3238
39.927972 116.472123 3242
39.928005 116.472145 3244
39.928097 116.472138 3253
39.928107 116.472137 3254
39.928087 116.472242 3258
39.928045 116.472358 3262
39.928029 116.472385 3264
39.928013 116.472412 3266
39.928007 116.472429 3267
39.927987 116.472480 3270
39.927992 116.472490 3272
39.928010 116.472545 3275
39.928022 116.472582 3277
39.928133 116.472622 3281
39.928110 116.472585 3285
39.928128 116.472545 3289
39.928132 116.472582 3293
39.928100 116.472685 3298
39.928157 116.472708 3304
39.928110 116.472920 3308
39.928095 116.472950 3309
39.928050 116.473040 3312
39.928053 116.473058 3316
39.928112 116.472942 3318
39.928298 116.472678 3323
39.928358 116.472603 3325
39.928418 116.472528 3327
39.928487 116.472468 3329
39.928555 116.472408 3331
39.928667 116.472332 3335
39.928722 116.472305 3339
39.928721 116.472305 3340
39.928720 116.472305 3341
39.928719 116.472305 3342
39.928718 116.472305 3343
39.928708 116.472312 3347
39.928720 116.472339 3349
39.928727 116.472352 3350
39.928733 116.472365 3351
39.928795 116.472398 3355
39.928817 116.472377 3359
39.928857 116.472407 3363
39.928892 116.472413 3367
39.928925 116.472455 3371
39.928989 116.472362 3373
39.929053 116.472268 3375
39.929227 116.472068 3379
39.929335 116.472048 3383
39.929412 116.472033 3387
39.929425 116.472037 3389
39.929438 116.472040 3391
39.929469 116.472036 3394
39.929480 116.472035 3395
39.929512 116.472038 3399
39.929543 116.472038 3403
39.929572 116.472080 3408
39.929575 116.472072 3409
39.929587 116.472042 3413
39.929587 116.472042 3418
39.929587 116.472042 3423
39.929587 116.472042 3428
39.929587 116.472042 3433
39.929580 116.472038 3437
39.929583 116.472042 3442
39.929583 116.472042 3447
39.929583 116.472042 3452
39.929583 116.472042 3457
39.929583 116.472042 3462
39.929580 116.472045 3463
39.929570 116.472055 3467
39.929572 116.472070 3469
39.929562 116.472085 3472
39.929555 116.472095 3474
39.929553 116.472083 3478
39.929552 116.472080 3479
39.929550 116.472083 3484
39.929542 116.472090 3489
39.929327 116.472110 3493
39.928998 116.472123 3497
39.928582 116.472133 3501
39.928078 116.472140 3505
39.927951 116.472142 3506
39.927697 116.472145 3508
39.927569 116.472143 3510
39.927377 116.472140 3513
39.927358 116.472156 3515
39.927340 116.472172 3517
39.927317 116.472185 3522
39.927316 116.472186 3523
39.927312 116.472190 3527
39.927225 116.472192 3532
39.927160 116.472217 3536
39.927191 116.472232 3537
39.927282 116.472278 3540
39.927563 116.472270 3544
39.927958 116.472267 3548
39.928188 116.472281 3550
39.928418 116.472295 3552
39.928652 116.472302 3554
39.928885 116.472308 3556
39.929340 116.472348 3560
39.929828 116.472368 3564
39.930375 116.472377 3568
39.931113 116.472323 3573
39.931572 116.472313 3577
39.931917 116.472303 3581
39.931931 116.472305 3582
39.931975 116.472312 3585
39.931973 116.472323 3587
39.931972 116.472333 3592
39.931972 116.472333 3597
39.931972 116.472333 3598
39.931972 116.472333 3602
39.931972 116.472333 3607
39.931972 116.472333 3612
39.931972 116.472333 3617
39.931972 116.472333 3622
39.931972 116.472333 3623
39.931972 116.472333 3624
39.931972 116.472333 3626
39.931972 116.472333 3627
39.931972 116.472333 3628
39.931972 116.472333 3632
39.931972 116.472333 3637
39.931972 116.472333 3642
39.931972 116.472333 3647
39.931972 116.472333 3652
39.931972 116.472333 3657
39.931972 116.472333 3662
39.931972 116.472333 3667
39.931982 116.472333 3669
39.931998 116.472332 3672
39.932263 116.472233 3677
39.932442 116.471920 3681
39.932468 116.471342 3686
39.932488 116.470563 3691
39.932480 116.469838 3695
39.932480 116.469654 3696
39.932480 116.469103 3699
39.932482 116.468957 3700
39.932484 116.468812 3701
39.932490 116.468375 3704
39.932502 116.467875 3708
39.932518 116.467302 3712
39.932527 116.466787 3717
39.932560 116.466645 3721
39.932727 116.466570 3725
39.932997 116.466567 3729
