39.984060 116.327410 47973
39.984312 116.327320 47978
39.984430 116.327342 47982
39.984448 116.327402 47983
39.984502 116.327583 47986
39.984527 116.328154 47991
39.984532 116.328268 47992
39.984605 116.328910 47998
39.984633 116.329245 48002
39.984656 116.329780 48006
39.984667 116.330048 48008
39.984730 116.331102 48014
39.984828 116.332355 48020
39.984836 116.332608 48021
39.984853 116.333114 48023
39.984869 116.333620 48025
39.984877 116.333873 48026
39.984917 116.335397 48032
39.984978 116.336928 48038
39.985060 116.337985 48044
39.985155 116.338740 48050
39.985203 116.339697 48056
39.985250 116.340885 48062
39.985290 116.342280 48068
39.985323 116.343738 48074
39.985367 116.345158 48080
39.985408 116.346507 48086
39.985435 116.347434 48090
39.985448 116.347898 48092
39.985463 116.348337 48094
39.985485 116.348996 48097
39.985492 116.349215 48098
39.985535 116.350515 48104
39.985597 116.351805 48110
39.985688 116.353120 48116
39.985725 116.354070 48120
39.985743 116.354545 48122
39.985772 116.356087 48128
39.985833 116.358808 48138
39.985882 116.360263 48144
39.985896 116.360968 48147
39.985910 116.361673 48150
39.985902 116.363008 48156
39.985933 116.364413 48162
39.985975 116.365883 48168
39.985972 116.367360 48174
39.985975 116.368763 48180
39.985970 116.370065 48186
39.985698 116.371237 48192
39.985663 116.372373 48198
39.986050 116.373212 48204
39.986733 116.373252 48210
39.987318 116.372613 48216
39.988032 116.372082 48222
39.988830 116.371737 48228
39.989434 116.371465 48233
39.989555 116.371410 48234
39.990232 116.371117 48240
39.990832 116.370727 48246
39.991217 116.370489 48249
39.991603 116.370252 48252
39.992427 116.369743 48258
39.993350 116.369108 48264
39.994290 116.368452 48270
39.994967 116.367914 48275
39.995102 116.367807 48276
39.995898 116.367218 48282
39.996623 116.366660 48288
39.997298 116.366138 48294
39.997806 116.365744 48298
39.998060 116.365547 48300
39.998870 116.364877 48306
39.999186 116.364637 48308
39.999817 116.364158 48312
40.000735 116.363470 48318
40.001388 116.362982 48324
40.001867 116.362625 48330
40.002203 116.362385 48336
40.002273 116.362334 48337
40.002483 116.362182 48340
40.003054 116.361770 48345
40.003168 116.361687 48346
40.003304 116.361590 48347
40.003982 116.361102 48352
40.004928 116.360428 48358
40.005957 116.359633 48364
40.006860 116.358962 48370
40.007284 116.358653 48373
40.007566 116.358446 48375
40.007707 116.358343 48376
40.008510 116.357773 48382
40.009293 116.357187 48388
40.010045 116.356662 48394
40.010912 116.356215 48400
40.011502 116.355890 48406
40.011532 116.355897 48407
40.011682 116.355933 48412
40.011820 116.355877 48416
40.012000 116.355493 48420
40.012087 116.355383 48421
40.012262 116.355163 48423
40.012525 116.354832 48426
40.013142 116.354287 48432
40.013713 116.353798 48438
40.014137 116.353451 48441
40.014560 116.353103 48444
40.015518 116.352360 48450
40.016315 116.351737 48456
40.017097 116.351138 48462
40.017925 116.350503 48468
40.018762 116.349843 48474
40.019618 116.349175 48480
40.020597 116.348472 48486
40.021698 116.347683 48492
40.023903 116.345908 48502
40.025673 116.344480 48512
40.026437 116.343952 48518
40.027193 116.343390 48524
40.027897 116.342875 48530
40.028016 116.342788 48531
40.028613 116.342352 48536
40.028733 116.342251 48537
40.028972 116.342049 48539
40.029092 116.341947 48540
40.029212 116.341846 48541
40.029332 116.341745 48542
40.030245 116.341062 48548
40.031348 116.340178 48554
40.033098 116.338790 48564
40.034033 116.338047 48570
