40.128805 116.337468 33864
40.129070 116.337915 33869
40.128952 116.338017 33875
40.128863 116.337735 33879
40.128810 116.337682 33882
40.128792 116.337665 33883
40.128752 116.337680 33887
40.128750 116.337720 33891
40.128757 116.337726 33892
40.128763 116.337732 33893
40.128777 116.337743 33895
40.128783 116.337775 33899
40.128772 116.337823 33903
40.128783 116.337868 33907
40.128805 116.337907 33911
40.128853 116.337928 33915
40.128871 116.337920 33918
40.128877 116.337918 33919
40.128892 116.337955 33923
40.128892 116.337985 33927
40.128897 116.338042 33931
40.128898 116.338087 33935
40.128900 116.338143 33939
40.128893 116.338187 33943
40.128892 116.338233 33947
40.128898 116.338253 33949
40.128903 116.338273 33951
40.128925 116.338305 33955
40.128939 116.338321 33957
40.128952 116.338337 33959
40.128987 116.338348 33963
40.129018 116.338355 33967
40.129073 116.338345 33972
40.129088 116.338345 33976
40.129123 116.338358 33980
40.129148 116.338352 33982
40.129173 116.338345 33984
40.129227 116.338323 33988
40.129288 116.338313 33992
40.129323 116.338315 33996
40.129372 116.338292 34000
40.129382 116.338280 34004
40.129343 116.338258 34008
40.129355 116.338247 34012
40.129380 116.338228 34016
40.129397 116.338220 34020
40.129422 116.338229 34022
40.129447 116.338237 34024
40.129449 116.338238 34025
40.129452 116.338239 34026
40.129457 116.338240 34028
40.129473 116.338230 34032
40.129491 116.338228 34035
40.129497 116.338228 34036
40.129505 116.338218 34040
40.129515 116.338198 34044
40.129514 116.338193 34045
40.129513 116.338187 34046
40.129513 116.338187 34051
40.129518 116.338178 34055
40.129535 116.338175 34059
40.129552 116.338172 34064
40.129568 116.338162 34068
40.129600 116.338135 34072
40.129630 116.338110 34076
40.129662 116.338078 34080
40.129682 116.338057 34083
40.129688 116.338050 34084
40.129713 116.338017 34088
40.129748 116.337992 34092
40.129756 116.337983 34093
40.129780 116.337957 34096
40.129798 116.337928 34100
40.129818 116.337895 34104
40.129831 116.337880 34107
40.129835 116.337875 34108
40.129849 116.337862 34110
40.129863 116.337850 34112
40.129877 116.337835 34114
40.129890 116.337820 34116
40.129920 116.337785 34120
40.129925 116.337776 34121
40.129942 116.337748 34124
40.129960 116.337726 34126
40.129978 116.337703 34128
40.129987 116.337665 34132
40.129988 116.337656 34133
40.129993 116.337630 34136
40.130005 116.337602 34140
40.130018 116.337567 34144
40.130033 116.337533 34148
40.130038 116.337492 34152
40.130043 116.337447 34156
40.130045 116.337435 34157
40.130050 116.337397 34160
40.130055 116.337371 34163
40.130057 116.337362 34164
40.130058 116.337302 34168
40.130068 116.337268 34172
40.130070 116.337228 34176
40.130072 116.337185 34180
40.130077 116.337133 34184
40.130080 116.337110 34186
40.130082 116.337098 34187
40.130083 116.337087 34188
40.130090 116.337013 34192
40.130091 116.337001 34193
40.130092 116.336963 34196
40.130093 116.336927 34200
40.130095 116.336888 34204
40.130095 116.336842 34208
40.130095 116.336795 34212
40.130089 116.336773 34214
40.130083 116.336752 34216
40.130075 116.336726 34218
40.130067 116.336700 34220
40.130063 116.336657 34224
40.130065 116.336633 34227
40.130065 116.336625 34228
40.130065 116.336600 34232
40.130063 116.336570 34236
40.130067 116.336540 34240
40.130072 116.336483 34244
40.130067 116.336445 34248
40.130077 116.336413 34252
40.130085 116.336357 34256
40.130085 116.336339 34258
40.130085 116.336320 34260
40.130093 116.336282 34264
40.130092 116.336248 34268
40.130093 116.336223 34272
40.130098 116.336193 34276
40.130100 116.336152 34280
40.130098 116.336132 34283
40.130097 116.336125 34284
40.130101 116.336112 34287
40.130102 116.336108 34288
40.130108 116.336080 34292
40.130107 116.336047 34296
40.130114 116.336030 34298
40.130120 116.336013 34300
40.130120 116.335981 34303
40.130120 116.335970 34304
40.130127 116.335940 34308
40.130127 116.335900 34312
40.130130 116.335865 34316
40.130133 116.335837 34320
40.130131 116.335817 34322
40.130131 116.335807 34323
40.130130 116.335797 34324
40.130122 116.335732 34328
40.130147 116.335678 34332
40.130153 116.335597 34336
40.130172 116.335572 34340
40.130162 116.335537 34344
40.130162 116.335510 34348
40.130160 116.335498 34350
40.130158 116.335487 34352
40.130160 116.335457 34356
40.130157 116.335425 34360
40.130160 116.335382 34364
40.130156 116.335369 34366
40.130152 116.335357 34368
40.130146 116.335338 34370
40.130140 116.335318 34372
40.130143 116.335273 34376
40.130148 116.335228 34380
40.130148 116.335208 34384
40.130150 116.335196 34385
40.130155 116.335160 34388
40.130158 116.335117 34392
40.130157 116.335073 34396
40.130173 116.335042 34400
40.130192 116.335023 34404
40.130227 116.335082 34408
40.130262 116.335077 34412
40.130279 116.335059 34414
40.130295 116.335042 34416
40.130327 116.335033 34420
40.130327 116.335024 34421
40.130327 116.334998 34424
40.130319 116.334975 34427
40.130317 116.334967 34428
40.130308 116.334960 34431
40.130305 116.334958 34432
40.130299 116.334953 34434
40.130293 116.334948 34436
40.130288 116.334907 34441
40.130270 116.334870 34445
40.130258 116.334857 34449
40.130247 116.334838 34453
40.130230 116.334825 34457
40.130217 116.334827 34460
40.130212 116.334828 34461
40.130207 116.334810 34463
