39.975553 116.333323 46856
39.975533 116.333298 46860
39.975578 116.333365 46864
39.975622 116.333420 46869
39.975595 116.333497 46873
39.975590 116.333555 46876
39.975588 116.333575 46877
39.975623 116.333677 46881
39.975698 116.333722 46885
39.975743 116.333757 46889
39.975748 116.333761 46890
39.975763 116.333772 46893
39.975780 116.333782 46897
39.975823 116.333789 46900
39.975837 116.333792 46901
39.975897 116.333777 46903
39.976023 116.333749 46905
39.976150 116.333722 46907
39.976462 116.333663 46911
39.976975 116.333582 46915
39.977232 116.333542 46917
39.978182 116.333373 46923
39.979220 116.333188 46929
39.980242 116.333007 46935
39.981228 116.332823 46941
39.981533 116.332770 46943
39.982143 116.332665 46947
39.983123 116.332497 46953
39.984138 116.332322 46959
39.985145 116.332185 46965
39.986125 116.332038 46971
39.987105 116.331958 46977
39.987270 116.331947 46978
39.988093 116.331895 46983
39.988674 116.331882 46987
39.988965 116.331875 46989
39.989228 116.331852 46991
39.989755 116.331805 46995
39.990335 116.331795 47001
39.990937 116.331762 47007
39.991188 116.331764 47011
39.991313 116.331765 47013
39.991542 116.331798 47017
39.991665 116.331892 47021
39.991788 116.331933 47025
39.991853 116.331920 47029
39.991877 116.331908 47031
39.991880 116.331895 47036
39.991880 116.331895 47037
39.991880 116.331895 47040
39.991880 116.331895 47041
39.991881 116.331894 47042
39.991882 116.331893 47043
39.991883 116.331873 47048
39.991905 116.331883 47052
39.991923 116.331882 47054
39.991932 116.331870 47059
39.991932 116.331870 47063
39.991923 116.331853 47067
39.991902 116.331815 47072
39.991917 116.331775 47074
39.992115 116.331800 47078
39.992545 116.331810 47082
39.993167 116.331775 47088
39.993740 116.331727 47094
39.994435 116.331715 47100
39.994738 116.331705 47102
39.995345 116.331685 47106
39.996383 116.331617 47112
39.997428 116.331562 47118
39.998462 116.331513 47124
39.999488 116.331473 47130
40.000495 116.331465 47136
40.001482 116.331433 47142
40.002325 116.331406 47147
40.002493 116.331400 47148
40.003542 116.331385 47154
40.004587 116.331315 47160
40.005625 116.331235 47166
40.006643 116.330983 47172
40.007617 116.330535 47178
40.008522 116.329892 47184
40.009343 116.329068 47190
40.010153 116.328155 47196
40.010564 116.327686 47199
40.010975 116.327217 47202
40.011370 116.326773 47205
40.011502 116.326624 47206
40.011765 116.326328 47208
40.012543 116.325415 47214
40.012805 116.325115 47216
40.013330 116.324515 47220
40.014113 116.323640 47226
40.014913 116.322753 47232
40.015683 116.321887 47238
40.016452 116.321022 47244
40.016580 116.320892 47245
40.017220 116.320240 47250
40.018072 116.319653 47256
40.019012 116.319233 47262
40.019950 116.318882 47268
40.020902 116.318512 47274
40.021868 116.318143 47280
40.022526 116.317880 47284
40.022855 116.317748 47286
40.023837 116.317348 47292
40.023996 116.317284 47293
40.024313 116.317155 47295
40.024790 116.316962 47298
40.025727 116.316585 47304
40.026481 116.316279 47309
40.026632 116.316218 47310
40.027580 116.315840 47316
40.028490 116.315478 47322
40.029221 116.315190 47327
40.029367 116.315133 47328
40.030158 116.314820 47334
40.030478 116.314697 47337
40.030585 116.314657 47338
40.030798 116.314575 47340
40.031280 116.314412 47346
40.031320 116.314429 47348
40.031360 116.314445 47350
40.031423 116.314432 47354
40.031493 116.314392 47358
40.031538 116.314353 47362
40.031585 116.314328 47366
40.031591 116.314321 47367
40.031613 116.314295 47371
40.031657 116.314277 47375
40.031672 116.314265 47376
40.031687 116.314252 47377
40.031717 116.314227 47379
40.031737 116.314198 47381
40.031743 116.314190 47382
40.031765 116.314160 47386
40.031766 116.314157 47388
40.031768 116.314153 47391
40.031780 116.314138 47395
40.031795 116.314128 47401
40.031811 116.314122 47402
40.031860 116.314105 47405
40.031987 116.314083 47407
40.032380 116.313958 47411
40.033210 116.313665 47417
40.034133 116.313247 47423
40.034973 116.312748 47429
40.035733 116.312217 47435
40.035968 116.312034 47437
40.036437 116.311668 47441
40.037112 116.311100 47447
40.037727 116.310457 47453
