40.075550 116.323298 6760
40.075632 116.323317 6765
40.075657 116.323290 6769
40.075830 116.323022 6778
40.075863 116.322927 6782
40.075882 116.322905 6786
40.075877 116.322899 6787
40.075862 116.322880 6790
40.075863 116.322863 6794
40.075869 116.322924 6796
40.075875 116.322985 6798
40.075870 116.322972 6802
40.075868 116.322968 6806
40.075867 116.322967 6807
40.075875 116.322945 6811
40.075913 116.323042 6816
40.075915 116.323008 6820
40.075907 116.322948 6822
40.075898 116.322688 6826
40.075890 116.322473 6830
40.075868 116.322457 6832
40.075845 116.322440 6834
40.075827 116.322502 6838
40.075827 116.322551 6839
40.075827 116.322698 6842
40.075942 116.323112 6846
40.075958 116.323167 6850
40.075968 116.323208 6854
40.075975 116.323226 6856
40.075982 116.323243 6858
40.075991 116.323246 6859
40.076000 116.323248 6860
40.076003 116.323244 6864
40.076007 116.323238 6871
40.075952 116.323245 6875
40.075840 116.323212 6879
40.075760 116.323078 6883
40.075738 116.322872 6888
40.075865 116.322840 6892
40.076080 116.322830 6896
40.076345 116.322808 6900
40.076605 116.322772 6904
40.076882 116.322667 6908
40.077338 116.322487 6914
40.077818 116.322257 6920
40.078477 116.321972 6927
40.079068 116.321732 6933
40.079530 116.321508 6939
40.079852 116.321398 6945
40.079960 116.321322 6949
40.080057 116.321258 6953
40.080125 116.321197 6957
40.080182 116.320963 6961
40.080103 116.320622 6965
40.079978 116.319932 6971
40.079757 116.319143 6977
40.079585 116.318360 6983
40.079462 116.317573 6989
40.079445 116.317452 6990
40.079427 116.317331 6991
40.079357 116.316848 6995
40.079333 116.316748 6996
40.079215 116.316250 7001
40.079123 116.315945 7007
40.079114 116.315936 7008
40.079085 116.315910 7011
40.079072 116.315909 7012
40.079033 116.315907 7015
40.079045 116.315932 7019
40.079027 116.315933 7023
40.079030 116.315936 7027
40.079038 116.315943 7038
40.079037 116.315900 7040
40.079025 116.315633 7044
40.079002 116.315260 7048
40.078947 116.314889 7051
40.078892 116.314518 7054
40.078757 116.313597 7060
40.078593 116.312804 7065
40.078560 116.312645 7066
40.078337 116.312118 7072
40.078250 116.311863 7076
40.078185 116.311610 7080
40.078130 116.311342 7084
40.078053 116.311037 7088
40.077983 116.310692 7092
40.077818 116.310167 7098
40.077779 116.310095 7099
40.077583 116.309733 7104
40.077534 116.309664 7105
40.077385 116.309457 7108
40.077032 116.309023 7114
40.076677 116.308577 7120
40.076372 116.308198 7126
40.076195 116.307950 7132
40.076123 116.307842 7134
40.076052 116.307735 7136
40.075735 116.307275 7142
40.075522 116.306980 7148
40.075478 116.306883 7152
40.075548 116.306742 7156
40.075657 116.306647 7158
40.075767 116.306552 7160
40.076282 116.306152 7166
40.077047 116.305638 7172
40.077388 116.305332 7175
40.077730 116.305027 7178
40.078490 116.304397 7184
40.078737 116.304195 7186
40.078860 116.304094 7187
40.079230 116.303792 7190
40.080088 116.303260 7196
40.080224 116.303167 7197
40.080905 116.302700 7202
40.081037 116.302601 7203
40.081697 116.302107 7208
40.082543 116.301458 7214
40.083383 116.300787 7220
40.084051 116.300217 7225
40.084185 116.300103 7226
40.084872 116.299505 7232
40.085602 116.298890 7238
40.086447 116.298228 7244
40.087322 116.297575 7250
40.087738 116.297256 7253
40.088153 116.296937 7256
40.088932 116.296403 7262
40.089720 116.295820 7268
40.090328 116.295374 7273
40.090450 116.295285 7274
40.091123 116.294827 7280
40.091648 116.294453 7286
40.091710 116.294393 7288
40.091804 116.294303 7291
40.091835 116.294273 7292
40.091900 116.294217 7296
40.091890 116.294198 7300
40.091875 116.294190 7304
40.091873 116.294193 7305
40.091870 116.294195 7306
40.091858 116.294200 7311
40.091884 116.294170 7314
40.091893 116.294160 7315
40.091921 116.294139 7316
40.091950 116.294117 7317
40.092105 116.294000 7321
40.092202 116.293924 7323
40.092300 116.293847 7325
40.092563 116.293650 7329
40.093042 116.293258 7335
40.093565 116.292850 7341
40.093651 116.292784 7343
40.093822 116.292653 7347
40.093870 116.292447 7351
40.093910 116.292260 7354
40.093923 116.292198 7355
40.093985 116.291872 7359
