39.986393 116.367978 5182
39.986393 116.367978 5190
39.986393 116.367978 5191
39.986393 116.367978 5195
39.986395 116.367942 5199
39.986395 116.367835 5203
39.986398 116.367782 5205
39.986390 116.367572 5209
39.986370 116.367232 5213
39.986330 116.366507 5219
39.986313 116.365838 5225
39.986313 116.365565 5231
39.986312 116.365505 5235
39.986317 116.365497 5237
39.986328 116.365502 5291
39.986328 116.365502 5299
39.986330 116.365502 5301
39.986323 116.365300 5305
39.986342 116.364942 5309
39.986320 116.364230 5315
39.986290 116.363623 5321
39.986277 116.363185 5327
39.986255 116.362910 5331
39.986220 116.362322 5337
39.986263 116.361538 5343
39.986227 116.360847 5349
39.986185 116.360360 5355
39.986172 116.360053 5359
39.986207 116.359527 5365
39.986226 116.359357 5368
39.986232 116.359300 5369
39.986290 116.359249 5371
39.986348 116.359197 5373
39.986648 116.359165 5377
39.987192 116.359148 5383
39.987505 116.359136 5388
39.987567 116.359133 5389
39.987877 116.359100 5395
39.988013 116.359008 5399
39.988011 116.358969 5400
39.988005 116.358852 5403
39.987975 116.358698 5407
39.988012 116.358657 5421
39.988011 116.358630 5422
39.988010 116.358603 5423
39.987998 116.358403 5427
39.987988 116.358185 5430
39.987985 116.358112 5431
39.987975 116.357860 5435
39.987972 116.357722 5439
39.987973 116.357593 5443
39.987973 116.357347 5447
39.987972 116.357277 5448
39.987968 116.357065 5451
39.987970 116.356923 5455
39.987965 116.356805 5459
39.988002 116.356687 5463
39.988028 116.356667 5465
39.988067 116.356663 5467
39.988107 116.356660 5469
39.988207 116.356663 5473
39.988218 116.356663 5477
39.988283 116.356623 5481
39.988373 116.356602 5485
39.988428 116.356604 5487
39.988483 116.356605 5489
39.988508 116.356608 5490
39.988582 116.356618 5493
39.988596 116.356614 5495
39.988603 116.356612 5496
39.988610 116.356610 5497
39.988642 116.356608 5499
39.988675 116.356607 5501
39.988725 116.356602 5503
39.988792 116.356575 5507
39.988808 116.356572 5511
39.988809 116.356572 5513
39.988815 116.356572 5521
39.988823 116.356568 5529
39.988810 116.356570 5533
39.988797 116.356573 5537
39.988787 116.356580 5541
39.988777 116.356590 5545
39.988777 116.356590 5580
39.988766 116.356594 5583
39.988763 116.356595 5584
39.988735 116.356597 5586
39.988635 116.356590 5590
39.988504 116.356573 5593
39.988460 116.356567 5594
39.988352 116.356567 5598
39.988187 116.356585 5602
39.987982 116.356660 5606
39.987877 116.356877 5610
39.987858 116.357102 5614
39.987923 116.357577 5619
39.988007 116.357932 5625
39.988032 116.358278 5630
39.988035 116.358340 5631
39.988048 116.358587 5635
39.988056 116.358623 5640
39.988067 116.358673 5647
39.988065 116.358692 5648
39.988062 116.358730 5650
39.988087 116.358950 5655
39.987928 116.359093 5659
39.987760 116.359116 5661
39.987593 116.359138 5663
39.987025 116.359168 5669
39.986578 116.359182 5675
39.986416 116.359188 5678
39.986362 116.359190 5679
39.986337 116.359188 5680
39.986263 116.359182 5683
39.986210 116.359162 5687
39.986138 116.359050 5691
39.986125 116.358782 5695
39.986070 116.358222 5701
39.986017 116.357918 5705
39.986011 116.357863 5706
39.985995 116.357698 5709
39.986002 116.357513 5711
39.986008 116.357328 5713
39.985952 116.356617 5719
39.985913 116.355900 5725
39.985905 116.354823 5731
39.985881 116.354208 5734
39.985857 116.353593 5737
39.985847 116.353181 5739
39.985828 116.352357 5743
39.985778 116.351247 5749
39.985776 116.351143 5750
39.985763 116.350623 5755
39.985757 116.350480 5759
39.985757 116.350436 5760
39.985755 116.350347 5762
39.985755 116.350303 5763
39.985753 116.350239 5764
39.985748 116.350047 5767
39.985734 116.349807 5770
39.985730 116.349727 5771
39.985717 116.349338 5775
39.985700 116.348662 5781
