39.932469 116.455529 48971
39.932417 116.455677 48975
39.932401 116.455706 48979
39.932395 116.455696 48981
39.932388 116.455686 48983
39.932376 116.455729 48987
39.932420 116.455759 48991
39.932435 116.455756 48995
39.932430 116.455760 48999
39.932447 116.455768 49003
39.932474 116.455765 49007
39.932183 116.456087 49011
39.932108 116.456252 49015
39.932120 116.456298 49016
39.932155 116.456436 49019
39.932206 116.456707 49023
39.932464 116.457186 49027
39.932517 116.457791 49031
39.932491 116.458441 49035
39.932474 116.459171 49039
39.932474 116.459958 49043
39.932521 116.460704 49047
39.932580 116.461073 49049
39.932639 116.461443 49051
39.932610 116.462149 49055
39.932549 116.462889 49059
39.932515 116.463084 49060
39.932481 116.463278 49061
39.932413 116.463667 49063
39.932374 116.464397 49067
39.932449 116.465117 49071
39.932428 116.465686 49075
39.932424 116.466168 49079
39.932370 116.466705 49083
39.932356 116.467298 49087
39.932345 116.467915 49091
39.932329 116.468555 49095
39.932326 116.469212 49099
39.932334 116.469849 49103
39.932348 116.470409 49107
39.932394 116.470750 49111
39.932391 116.470835 49112
39.932388 116.470921 49113
39.932385 116.471007 49114
39.932382 116.471092 49115
39.932384 116.471354 49119
39.932342 116.471496 49121
39.932300 116.471638 49123
39.932271 116.471928 49127
39.932238 116.471979 49128
39.932138 116.472130 49131
39.931919 116.472162 49135
39.931529 116.472143 49139
39.931054 116.472127 49143
39.930565 116.472106 49147
39.930247 116.472063 49151
39.930101 116.472034 49155
39.929882 116.471944 49159
39.929632 116.471889 49163
39.929486 116.471912 49166
39.929438 116.471919 49167
39.929040 116.471885 49171
39.928865 116.471900 49173
39.928689 116.471914 49175
39.928487 116.472024 49179
39.928327 116.472113 49183
39.928034 116.472086 49187
39.927679 116.472013 49191
39.927388 116.471970 49195
39.927199 116.471942 49199
39.927192 116.471961 49203
39.927247 116.471985 49207
39.927241 116.471990 49211
39.927188 116.472040 49215
39.927133 116.472043 49219
39.927128 116.472051 49223
39.927124 116.472053 49225
39.927121 116.472054 49226
39.927119 116.472055 49227
39.927119 116.472074 49231
39.927098 116.472108 49235
39.927083 116.472108 49239
39.927079 116.472072 49243
39.927078 116.472061 49244
39.927075 116.472030 49247
39.927071 116.471992 49251
39.927071 116.471992 49252
39.927071 116.471990 49255
39.927071 116.471990 49259
39.927059 116.471995 49263
39.927046 116.472001 49264
39.927008 116.472017 49267
39.926982 116.472023 49271
39.926962 116.472002 49275
39.926946 116.472001 49277
39.926929 116.471999 49279
39.926932 116.472007 49282
39.926933 116.472010 49283
39.926904 116.472019 49287
39.926901 116.471989 49291
39.926932 116.471894 49295
39.926964 116.471752 49299
39.926967 116.471734 49300
39.926977 116.471679 49303
39.926989 116.471621 49307
39.927019 116.471570 49311
39.927016 116.471500 49315
39.927034 116.471445 49319
39.927017 116.471358 49323
39.926986 116.471289 49327
39.926976 116.471211 49331
39.927023 116.471065 49335
39.927035 116.471031 49339
39.927055 116.471006 49343
39.927057 116.471003 49347
39.927058 116.471000 49351
39.927059 116.471005 49355
39.927060 116.471002 49359
39.927061 116.470990 49363
39.927062 116.470985 49367
39.927063 116.470994 49371
39.927063 116.471001 49375
39.927063 116.470992 49379
39.927212 116.470894 49383
39.927228 116.470877 49384
39.927277 116.470827 49387
39.927374 116.470785 49391
39.927394 116.470766 49393
39.927414 116.470748 49395
39.927410 116.470724 49398
39.927409 116.470716 49399
39.927415 116.470708 49400
39.927421 116.470699 49401
39.927434 116.470682 49403
39.927466 116.470664 49407
39.927488 116.470670 49409
39.927510 116.470676 49411
39.927516 116.470681 49412
39.927523 116.470686 49413
39.927536 116.470696 49415
39.927544 116.470720 49419
39.927544 116.470710 49423
39.927504 116.470677 49427
39.927488 116.470674 49431
39.927490 116.470672 49433
39.927491 116.470669 49435
39.927492 116.470669 49436
39.927494 116.470669 49437
39.927497 116.470669 49439
39.927498 116.470644 49443
39.927500 116.470641 49444
39.927503 116.470639 49445
39.927507 116.470634 49447
39.927516 116.470644 49451
39.927479 116.470786 49457
39.927404 116.471070 49469
39.927440 116.471186 49473
39.927408 116.471140 49477
39.927349 116.471071 49481
39.927271 116.471011 49484
39.927245 116.470991 49485
39.927173 116.470936 49487
39.927102 116.470882 49489
39.927068 116.470857 49491
39.927034 116.470833 49493
39.926995 116.470803 49497
39.926936 116.470753 49501
39.927017 116.470810 49505
39.927168 116.470909 49509
39.927207 116.470942 49512
39.927220 116.470953 49513
39.927230 116.470944 49517
39.927218 116.470892 49521
39.927238 116.470868 49525
39.927240 116.470867 49526
39.927244 116.470864 49528
39.927246 116.470863 49529
39.927269 116.470864 49533
39.927189 116.470890 49539
39.927055 116.470934 49549
39.926944 116.470914 49553
39.926882 116.470898 49557
39.926846 116.470903 49558
39.926811 116.470907 49559
39.926740 116.470916 49561
39.926747 116.470928 49565
39.926768 116.470978 49569
39.926786 116.470990 49571
