39.932579 116.471481 34596
39.932817 116.471224 34600
39.932759 116.471316 34604
39.932738 116.471350 34606
39.932718 116.471385 34608
39.932592 116.471299 34612
39.932605 116.471248 34616
39.932630 116.471266 34620
39.932642 116.471265 34621
39.932679 116.471260 34624
39.932652 116.471280 34628
39.932618 116.471195 34632
39.932683 116.470873 34636
39.932689 116.470776 34637
39.932702 116.470582 34639
39.932708 116.470485 34640
39.932679 116.470088 34644
39.932575 116.469586 34648
39.932557 116.469349 34650
39.932539 116.469113 34652
39.932531 116.468646 34656
39.932510 116.468226 34660
39.932499 116.467931 34664
39.932476 116.467827 34668
39.932467 116.467815 34671
39.932464 116.467811 34672
39.932454 116.467801 34676
39.932442 116.467803 34680
39.932437 116.467796 34684
39.932433 116.467785 34688
39.932426 116.467782 34692
39.932411 116.467773 34696
39.932392 116.467761 34700
39.932384 116.467721 34702
39.932377 116.467682 34704
39.932367 116.467568 34706
39.932361 116.467510 34707
39.932356 116.467453 34708
39.932331 116.467144 34712
39.932352 116.466833 34716
39.932349 116.466732 34717
39.932338 116.466430 34720
39.932319 116.465950 34724
39.932315 116.465468 34728
39.932315 116.465012 34732
39.932330 116.464889 34733
39.932374 116.464521 34736
39.932386 116.464208 34740
39.932390 116.464151 34741
39.932402 116.463980 34744
39.932381 116.463716 34748
39.932391 116.463411 34752
39.932385 116.463170 34756
39.932375 116.463035 34760
39.932386 116.463028 34764
39.932390 116.463026 34768
39.932382 116.462934 34772
39.932345 116.462746 34776
39.932295 116.462534 34780
39.932248 116.462417 34784
39.932218 116.462401 34788
39.932226 116.462394 34792
39.932229 116.462388 34796
39.932224 116.462357 34797
39.932210 116.462264 34800
39.932200 116.462223 34802
39.932190 116.462182 34804
39.932177 116.462204 34808
39.932179 116.462208 34812
39.932192 116.462202 34813
39.932232 116.462183 34816
39.932246 116.462139 34820
39.932263 116.462111 34824
39.932259 116.462088 34827
39.932257 116.462080 34828
39.932289 116.462054 34831
39.932300 116.462045 34832
39.932287 116.462032 34836
39.932288 116.461998 34840
39.932307 116.461930 34844
39.932307 116.461877 34848
39.932295 116.461811 34852
39.932295 116.461734 34856
39.932280 116.461703 34860
39.932276 116.461686 34861
39.932262 116.461634 34864
39.932267 116.461615 34865
39.932283 116.461559 34868
39.932255 116.461465 34872
39.932226 116.461415 34874
39.932198 116.461364 34876
39.932163 116.461336 34880
39.932138 116.461300 34884
39.932099 116.461265 34888
39.932102 116.461229 34890
39.932106 116.461193 34892
39.932123 116.461092 34896
39.932121 116.461084 34897
39.932115 116.461061 34900
39.932116 116.461052 34901
39.932120 116.461025 34904
39.932117 116.461019 34905
39.932113 116.461012 34906
39.932107 116.460999 34908
39.932097 116.460940 34912
39.932134 116.460839 34916
39.932145 116.460790 34918
39.932156 116.460741 34920
39.932224 116.460670 34922
39.932258 116.460635 34923
39.932292 116.460600 34924
39.932356 116.460520 34927
39.932377 116.460493 34928
39.932416 116.460422 34932
39.932423 116.460382 34935
39.932426 116.460369 34936
39.932396 116.460306 34940
39.932403 116.460248 34944
39.932397 116.460172 34948
39.932396 116.460154 34949
39.932395 116.460135 34950
39.932393 116.460098 34952
39.932375 116.460055 34954
39.932358 116.460012 34956
39.932348 116.459930 34960
39.932328 116.459877 34963
39.932321 116.459859 34964
39.932283 116.459784 34968
39.932268 116.459752 34970
39.932254 116.459720 34972
39.932240 116.459661 34976
39.932224 116.459589 34980
39.932227 116.459528 34984
39.932231 116.459452 34988
39.932230 116.459374 34992
39.932274 116.459338 34994
39.932319 116.459302 34996
39.932330 116.459245 35000
39.932333 116.459237 35001
39.932340 116.459211 35004
39.932355 116.459167 35008
39.932370 116.459128 35012
39.932369 116.459093 35016
39.932359 116.459052 35020
39.932350 116.459005 35024
39.932343 116.458981 35026
39.932336 116.458957 35028
39.932340 116.458904 35032
39.932326 116.458901 35033
39.932283 116.458892 35036
39.932279 116.458849 35040
39.932242 116.458805 35044
39.932204 116.458744 35048
39.932180 116.458702 35052
39.932175 116.458661 35056
39.932174 116.458623 35060
39.932158 116.458578 35064
39.932134 116.458546 35068
39.932100 116.458485 35072
39.932036 116.458411 35076
39.932009 116.458353 35080
39.931991 116.458293 35084
39.931975 116.458259 35087
39.931970 116.458248 35088
39.931970 116.458240 35089
39.931972 116.458216 35092
39.931964 116.458162 35096
39.931961 116.458101 35100
39.931955 116.458022 35104
39.931964 116.457789 35108
39.932096 116.457531 35112
39.932213 116.457427 35116
39.932222 116.457415 35117
39.932250 116.457378 35120
39.932396 116.457256 35124
39.932442 116.457179 35128
39.932477 116.457130 35132
39.932475 116.457064 35136
39.932471 116.457030 35139
39.932470 116.457019 35140
39.932483 116.456978 35142
39.932496 116.456938 35144
39.932499 116.456857 35148
39.932519 116.456792 35152
39.932553 116.456705 35156
39.932580 116.456663 35160
39.932583 116.456599 35164
39.932710 116.456493 35168
39.932770 116.456414 35172
39.932784 116.456345 35176
39.932871 116.456256 35180
39.932961 116.456172 35184
39.932982 116.456097 35188
39.932983 116.456060 35190
39.932984 116.456023 35192
