39.915165 116.471846 37322
39.915548 116.471809 37327
39.915654 116.471795 37329
39.915814 116.471774 37332
39.915977 116.471746 37337
39.916063 116.471858 37342
39.916066 116.471878 37347
39.916076 116.471883 37352
39.916125 116.471923 37357
39.916177 116.471931 37359
39.916256 116.471944 37362
39.916376 116.471914 37367
39.916410 116.471933 37372
39.916417 116.471925 37377
39.916424 116.471916 37382
39.916439 116.471933 37387
39.916494 116.471951 37392
39.916515 116.471935 37397
39.916566 116.471966 37402
39.916722 116.471978 37407
39.917023 116.472001 37412
39.917408 116.472005 37417
39.917821 116.472008 37422
39.917900 116.472011 37423
39.918215 116.472022 37427
39.918568 116.472047 37432
39.918865 116.472025 37437
39.919048 116.472024 37442
39.919224 116.472096 37447
39.919286 116.472021 37452
39.919330 116.471904 37457
39.919377 116.471962 37459
39.919447 116.472048 37462
39.919568 116.472080 37467
39.919570 116.472080 37468
39.919572 116.472080 37469
39.919576 116.472080 37471
39.919578 116.472080 37472
39.919577 116.472074 37473
39.919573 116.472049 37477
39.919572 116.472034 37479
39.919570 116.472012 37482
39.919571 116.472008 37483
39.919574 116.471992 37487
39.919602 116.471969 37489
39.919643 116.471935 37492
39.919690 116.471929 37497
39.919699 116.471930 37502
39.919878 116.471959 37507
39.920146 116.472033 37512
39.920415 116.472014 37516
39.920482 116.472009 37517
39.920525 116.472005 37518
39.920697 116.471991 37522
39.920771 116.472020 37525
39.920820 116.472039 37527
39.920824 116.472055 37529
39.920829 116.472078 37532
39.920832 116.472092 37537
39.920831 116.472105 37542
39.920829 116.472112 37547
39.920821 116.472112 37552
39.920813 116.472115 37556
39.920811 116.472116 37557
39.920803 116.472123 37562
39.920800 116.472129 37567
39.920795 116.472133 37572
39.920794 116.472133 37577
39.920795 116.472131 37582
39.920800 116.472144 37587
39.920830 116.472172 37592
39.921006 116.472165 37597
39.921222 116.472151 37602
39.921445 116.472142 37607
39.921732 116.472123 37612
39.921906 116.472111 37615
39.922022 116.472103 37617
39.922401 116.472086 37622
39.922888 116.472086 37627
39.923421 116.472139 37632
39.923933 116.472173 37637
39.924451 116.472175 37642
39.924942 116.472207 37647
39.925425 116.472219 37652
39.925837 116.472277 37657
39.925961 116.472283 37659
39.926148 116.472293 37662
39.926231 116.472260 37664
39.926355 116.472210 37667
39.926611 116.472125 37672
39.926684 116.472138 37673
39.926901 116.472176 37676
39.926974 116.472189 37677
39.927387 116.472218 37682
39.927716 116.472331 37687
39.928007 116.472283 37692
39.928393 116.472217 37697
39.928438 116.472206 37698
39.928616 116.472160 37702
39.928701 116.472099 37705
39.928758 116.472059 37707
39.928795 116.471994 37712
39.928793 116.471987 37717
39.928786 116.471971 37722
39.928788 116.471939 37727
39.928796 116.471922 37732
39.928921 116.471894 37737
39.928914 116.471968 37742
39.928927 116.471971 37747
39.928881 116.472097 37752
39.928859 116.472110 37753
39.928815 116.472135 37755
39.928771 116.472160 37757
39.928691 116.472226 37762
39.928677 116.472223 37767
39.928687 116.472167 37772
39.928680 116.472163 37774
39.928669 116.472157 37777
39.928647 116.472162 37782
39.928640 116.472172 37783
39.928611 116.472214 37787
39.928572 116.472224 37792
39.928526 116.472238 37797
39.928499 116.472231 37800
39.928481 116.472227 37802
39.928440 116.472230 37807
39.928402 116.472226 37812
39.928359 116.472225 37817
39.928297 116.472251 37821
39.928282 116.472257 37822
39.928223 116.472279 37827
39.928170 116.472298 37832
39.928150 116.472267 37835
39.928136 116.472247 37837
39.928112 116.472221 37840
39.928096 116.472203 37842
39.928022 116.472113 37846
39.928003 116.472090 37847
39.927920 116.472016 37852
39.927849 116.471998 37857
39.927826 116.471997 37859
39.927792 116.471996 37862
39.927734 116.471992 37867
39.927665 116.471995 37872
39.927621 116.471963 37877
39.927626 116.471901 37882
39.927590 116.471908 37887
39.927550 116.471925 37892
39.927508 116.471910 37897
39.927456 116.471892 37902
39.927378 116.471909 37907
39.927332 116.471913 37912
39.927321 116.471912 37913
39.927310 116.471910 37914
39.927298 116.471909 37915
39.927276 116.471906 37917
39.927218 116.471904 37922
