39.982998 116.491059 23152
39.982993 116.490995 23157
39.982998 116.490973 23159
39.983006 116.490940 23162
39.983004 116.490913 23167
39.983000 116.490902 23172
39.983000 116.490903 23177
39.983000 116.490902 23182
39.983000 116.490902 23187
39.983000 116.490902 23189
39.983000 116.490902 23192
39.983000 116.490901 23197
39.983000 116.490900 23202
39.983000 116.490899 23207
39.983000 116.490899 23212
39.983000 116.490899 23217
39.982991 116.490914 23222
39.982991 116.490916 23227
39.982988 116.490917 23232
39.982985 116.490917 23237
39.982986 116.490917 23242
39.982985 116.490917 23247
39.982984 116.490917 23252
39.982984 116.490917 23253
39.982984 116.490918 23257
39.982983 116.490917 23262
39.982983 116.490917 23267
39.982982 116.490917 23272
39.982984 116.490915 23277
39.982991 116.490907 23282
39.983010 116.490872 23287
39.983014 116.490860 23289
39.983020 116.490843 23292
39.983019 116.490833 23297
39.983017 116.490832 23298
39.983015 116.490830 23299
39.983011 116.490827 23301
39.983009 116.490826 23302
39.983008 116.490815 23303
39.983006 116.490772 23307
39.983004 116.490744 23309
39.983001 116.490701 23312
39.983001 116.490686 23313
39.983001 116.490627 23317
39.983005 116.490603 23319
39.983011 116.490568 23322
39.983001 116.490529 23327
39.982990 116.490477 23332
39.983003 116.490357 23337
39.983004 116.490272 23342
39.982988 116.490240 23346
39.982984 116.490232 23347
39.982981 116.490221 23348
39.982971 116.490177 23352
39.982976 116.490142 23355
39.982979 116.490118 23357
39.982976 116.490098 23359
39.982971 116.490069 23362
39.982973 116.490021 23367
39.982956 116.489985 23372
39.982948 116.489948 23377
39.982959 116.489933 23382
39.982962 116.489918 23386
39.982963 116.489914 23387
39.982966 116.489863 23392
39.982967 116.489815 23397
39.982967 116.489768 23402
39.982977 116.489714 23407
39.982997 116.489667 23412
39.982982 116.489628 23417
39.982953 116.489606 23422
39.982918 116.489598 23427
39.982882 116.489600 23432
39.982849 116.489598 23437
39.982816 116.489582 23442
39.982813 116.489566 23445
39.982811 116.489556 23447
39.982806 116.489556 23452
39.982797 116.489560 23457
39.982786 116.489565 23462
39.982758 116.489583 23467
39.982698 116.489635 23472
39.982631 116.489679 23477
39.982570 116.489691 23482
39.982512 116.489710 23487
39.982497 116.489716 23489
39.982474 116.489726 23492
39.982453 116.489708 23494
39.982422 116.489680 23497
39.982383 116.489673 23502
39.982372 116.489674 23503
39.982341 116.489678 23506
39.982330 116.489679 23507
39.982253 116.489660 23512
39.982158 116.489638 23515
39.982096 116.489634 23520
39.982054 116.489592 23525
39.982053 116.489589 23526
39.982048 116.489575 23530
39.982040 116.489581 23533
39.982035 116.489585 23535
39.982043 116.489588 23540
39.982067 116.489599 23545
39.982070 116.489621 23550
39.982075 116.489620 23555
39.982083 116.489617 23560
39.982090 116.489614 23565
39.982098 116.489611 23570
39.982101 116.489610 23575
39.982104 116.489609 23580
39.982102 116.489610 23581
39.982097 116.489611 23583
39.982092 116.489613 23585
39.982093 116.489614 23590
39.982093 116.489614 23595
39.982093 116.489614 23600
39.982093 116.489614 23602
39.982093 116.489614 23605
39.982093 116.489614 23610
39.982093 116.489614 23611
39.982093 116.489614 23615
39.982093 116.489614 23620
39.982093 116.489614 23625
39.982093 116.489614 23628
39.982093 116.489614 23630
39.982093 116.489613 23635
39.982093 116.489613 23640
39.982093 116.489613 23645
39.982093 116.489613 23649
39.982093 116.489613 23650
39.982094 116.489613 23655
39.982094 116.489612 23660
39.982093 116.489612 23663
39.982093 116.489612 23665
39.982093 116.489612 23668
39.982093 116.489612 23670
39.982093 116.489612 23674
39.982093 116.489612 23675
39.982093 116.489612 23680
39.982092 116.489612 23685
39.982092 116.489612 23687
39.982092 116.489612 23690
39.982092 116.489612 23695
39.982092 116.489610 23700
39.982091 116.489610 23705
39.982091 116.489610 23710
39.982091 116.489609 23715
39.982091 116.489609 23720
39.982091 116.489609 23725
39.982091 116.489609 23730
39.982091 116.489608 23735
39.982091 116.489608 23740
39.982091 116.489608 23741
39.982091 116.489608 23742
39.982090 116.489608 23743
39.982090 116.489608 23745
39.982090 116.489607 23750
