39.983106 116.435108 40924
39.983913 116.435777 40930
39.984658 116.436389 40935
39.985351 116.436841 40940
39.986087 116.437393 40945
39.986824 116.437871 40950
39.987551 116.438374 40955
39.987874 116.438556 40957
39.988359 116.438830 40960
39.989119 116.439361 40965
39.989845 116.439906 40970
39.990546 116.440387 40975
39.990786 116.440567 40977
39.991146 116.440836 40980
39.991676 116.441240 40985
39.991920 116.441405 40988
39.992001 116.441460 40989
39.992285 116.441680 40993
39.992418 116.441785 40995
39.992551 116.441889 40997
39.992800 116.442118 41001
39.992954 116.442244 41005
39.992993 116.442276 41006
39.993130 116.441715 41026
39.993020 116.442274 41027
39.993582 116.441870 41047
39.994426 116.441263 41077
39.994712 116.441134 41080
39.994823 116.441075 41084
39.995208 116.440940 41088
39.995334 116.440886 41093
39.994713 116.441047 41098
39.994466 116.441114 41103
39.994306 116.441134 41110
39.994978 116.440961 41115
39.993274 116.442008 41163
39.993265 116.441983 41167
39.993251 116.441990 41172
39.993252 116.442007 41177
39.993283 116.442006 41182
39.993313 116.442012 41187
39.993340 116.442044 41192
39.993373 116.442042 41197
39.993387 116.442036 41199
39.993409 116.442027 41202
39.993433 116.442068 41207
39.993443 116.442055 41208
39.993474 116.442017 41211
39.993484 116.442004 41212
39.993489 116.442003 41213
39.993499 116.442000 41215
39.993509 116.441997 41217
39.993550 116.442015 41222
39.993593 116.442045 41227
39.993623 116.442078 41232
39.993648 116.442108 41236
39.993654 116.442115 41237
39.993663 116.442181 41242
39.993649 116.442241 41247
39.993654 116.442252 41248
39.993674 116.442295 41252
39.993696 116.442370 41257
39.993699 116.442447 41262
39.993741 116.442505 41267
39.993763 116.442566 41272
39.993784 116.442647 41277
39.993782 116.442694 41282
39.993809 116.442742 41287
39.993842 116.442809 41292
39.993809 116.442866 41297
39.993827 116.442927 41302
39.993831 116.442967 41305
39.993834 116.442993 41307
39.993849 116.443070 41312
39.993869 116.443137 41317
39.993911 116.443201 41322
39.993922 116.443251 41327
39.993928 116.443311 41332
39.993925 116.443352 41335
39.993923 116.443380 41337
39.993912 116.443448 41342
39.993917 116.443514 41347
39.993952 116.443569 41352
39.993987 116.443606 41357
39.994010 116.443626 41360
39.994026 116.443639 41362
39.994075 116.443688 41367
39.994125 116.443741 41372
39.994172 116.443797 41377
39.994202 116.443874 41382
39.994230 116.443933 41387
39.994237 116.443947 41388
39.994245 116.443962 41389
39.994260 116.443991 41391
39.994267 116.444005 41392
39.994326 116.444072 41397
39.994329 116.444145 41402
39.994310 116.444204 41407
39.994275 116.444268 41412
39.994283 116.444287 41415
39.994288 116.444300 41417
39.994286 116.444300 41418
39.994279 116.444301 41422
39.994269 116.444300 41427
39.994258 116.444302 41429
39.994242 116.444305 41432
39.994258 116.444327 41435
39.994269 116.444342 41437
39.994297 116.444396 41442
39.994322 116.444451 41447
39.994343 116.444512 41452
39.994309 116.444569 41457
39.994298 116.444572 41458
39.994253 116.444584 41462
39.994220 116.444594 41466
39.994212 116.444597 41467
39.994165 116.444614 41472
39.994156 116.444618 41473
39.994122 116.444635 41477
39.994096 116.444645 41480
39.994087 116.444649 41481
39.994078 116.444652 41482
39.994034 116.444668 41487
39.994014 116.444678 41489
39.993985 116.444692 41492
39.993937 116.444726 41497
39.993902 116.444738 41501
39.993893 116.444741 41502
39.993839 116.444750 41507
39.993808 116.444755 41512
39.993756 116.444762 41517
39.993694 116.444764 41522
