39.988041 116.411809 15189
39.988055 116.411837 15190
39.988084 116.411891 15192
39.988098 116.411919 15193
39.988087 116.412031 15198
39.988041 116.412144 15203
39.988035 116.412166 15205
39.988031 116.412178 15206
39.988025 116.412200 15208
39.988014 116.412261 15213
39.988049 116.412348 15218
39.988044 116.412343 15220
39.988037 116.412335 15223
39.988029 116.412327 15228
39.988019 116.412321 15233
39.987997 116.412295 15238
39.987969 116.412337 15243
39.987938 116.412340 15248
39.987904 116.412363 15252
39.987896 116.412369 15253
39.987865 116.412365 15258
39.987793 116.412371 15263
39.987751 116.412385 15268
39.987666 116.412297 15273
39.987626 116.412147 15277
39.987623 116.411901 15281
39.987622 116.411608 15285
39.987622 116.411291 15289
39.987612 116.410970 15293
39.987573 116.410659 15297
39.987518 116.410385 15300
39.987500 116.410294 15301
39.987436 116.409984 15305
39.987396 116.409727 15309
39.987364 116.409652 15310
39.987270 116.409428 15313
39.987074 116.408904 15318
39.987193 116.408106 15323
39.987227 116.407513 15327
39.987235 116.407365 15328
39.987346 116.406710 15333
39.987398 116.406249 15337
39.987388 116.405680 15342
39.987395 116.405527 15343
39.987415 116.405067 15346
39.987422 116.404914 15347
39.987406 116.404151 15352
39.987359 116.403701 15356
39.987321 116.403374 15360
39.987302 116.403037 15364
39.987297 116.402501 15369
39.987277 116.402032 15373
39.987302 116.401457 15378
39.987315 116.400775 15383
39.987317 116.400237 15387
39.987340 116.399861 15391
39.987553 116.399682 15396
39.987946 116.400219 15400
39.988056 116.400553 15404
39.988146 116.400701 15406
39.988282 116.400923 15409
39.988211 116.401134 15413
39.988014 116.401229 15417
39.987765 116.401260 15421
39.987310 116.401181 15426
39.986991 116.401161 15429
39.986779 116.401148 15431
39.986242 116.401122 15436
39.985655 116.401120 15441
39.985035 116.401116 15446
39.984908 116.401110 15447
39.984781 116.401105 15448
39.984400 116.401088 15451
39.983801 116.401063 15456
39.983375 116.401056 15460
39.983268 116.401054 15461
39.983000 116.401034 15465
39.982803 116.401046 15469
39.982607 116.401054 15473
39.982484 116.401055 15476
39.982240 116.401047 15481
39.981959 116.401052 15485
39.981671 116.401072 15489
39.981392 116.401054 15493
39.980984 116.401083 15498
39.980447 116.401069 15503
39.980329 116.401054 15504
39.979855 116.400996 15508
39.979163 116.400967 15513
39.978424 116.400956 15518
39.978197 116.400954 15520
39.977857 116.400950 15523
39.977686 116.400954 15525
39.977515 116.400958 15527
39.977430 116.400960 15528
39.976966 116.400957 15533
39.976404 116.400958 15538
39.976150 116.400978 15541
39.975980 116.400992 15543
39.975891 116.401028 15545
39.975849 116.401046 15549
39.975838 116.401051 15550
39.975818 116.401048 15555
39.975814 116.401057 15560
39.975814 116.401077 15565
39.975811 116.401091 15570
39.975814 116.401101 15575
39.975823 116.401110 15579
39.975825 116.401112 15580
39.975830 116.401118 15585
39.975828 116.401120 15587
39.975825 116.401122 15590
39.975818 116.401126 15594
39.975816 116.401127 15595
39.975810 116.401130 15600
39.975818 116.401125 15605
39.975829 116.401118 15610
39.975846 116.401106 15615
39.975862 116.401096 15620
39.975871 116.401086 15625
39.975878 116.401076 15630
39.975885 116.401067 15635
39.975888 116.401062 15638
39.975889 116.401061 15639
39.975890 116.401059 15640
39.975893 116.401055 15642
39.975897 116.401050 15645
39.975858 116.401048 15650
39.975633 116.401084 15654
39.975212 116.401100 15659
39.974624 116.401084 15664
39.974053 116.401072 15669
39.973615 116.401083 15674
39.973209 116.401101 15678
39.973108 116.401105 15679
39.972496 116.401167 15684
39.972106 116.401115 15688
39.971892 116.401115 15691
39.971821 116.401115 15692
39.971519 116.401108 15696
39.971204 116.401132 15700
39.971147 116.401133 15701
39.971090 116.401134 15702
39.970976 116.401136 15704
39.970884 116.401133 15707
39.970787 116.401121 15712
39.970529 116.401134 15717
39.970336 116.401190 15720
39.970272 116.401208 15721
39.970047 116.401203 15725
39.969805 116.401172 15729
39.969608 116.401169 15733
39.969456 116.401137 15736
39.969405 116.401126 15737
39.969166 116.401008 15741
39.968862 116.400985 15745
39.968519 116.400962 15749
39.968285 116.400944 15753
39.968244 116.400932 15754
39.968203 116.400920 15755
39.968162 116.400907 15756
39.968080 116.400883 15758
39.967863 116.400746 15763
39.967608 116.400667 15767
39.967325 116.400630 15771
39.967117 116.400734 15776
39.967113 116.400763 15777
39.967102 116.400851 15780
39.967101 116.400852 15784
39.967101 116.400852 15785
39.967101 116.400852 15788
