39.909191 116.364569 16867
39.909199 116.364613 16868
39.909216 116.364701 16870
39.909318 116.364676 16873
39.909343 116.364719 16876
39.909360 116.364747 16878
39.909339 116.364759 16879
39.909254 116.364805 16883
39.909127 116.364798 16887
39.909091 116.364795 16888
39.909018 116.364789 16890
39.908902 116.364784 16893
39.908682 116.364777 16897
39.908457 116.364847 16901
39.908353 116.364870 16904
39.908294 116.364888 16909
39.908236 116.364919 16911
39.908207 116.364935 16912
39.908072 116.364930 16917
39.907983 116.364914 16919
39.907908 116.364895 16924
39.907908 116.364890 16927
39.907908 116.364887 16929
39.907811 116.364916 16933
39.907708 116.364957 16935
39.907604 116.364998 16937
39.907413 116.364899 16941
39.907117 116.364800 16945
39.906661 116.364952 16950
39.906243 116.365083 16954
39.905979 116.365148 16958
39.905914 116.365182 16960
39.905882 116.365199 16961
39.905793 116.365163 16966
39.905775 116.364875 16970
39.905763 116.364317 16975
39.905782 116.363566 16980
39.905815 116.362725 16985
39.905828 116.362384 16987
39.905848 116.361872 16990
39.905872 116.361042 16995
39.905919 116.360385 17000
39.905931 116.360077 17002
39.905948 116.359615 17005
39.905954 116.358899 17010
39.905961 116.358775 17012
39.905972 116.358590 17015
39.905975 116.358581 17017
39.905978 116.358572 17019
39.905979 116.358567 17020
39.905979 116.358570 17025
39.905981 116.358440 17030
39.906005 116.358131 17035
39.906012 116.357805 17039
39.906014 116.357628 17041
39.906016 116.357450 17043
39.906021 116.357077 17047
39.906019 116.356875 17049
39.906017 116.356573 17052
39.906001 116.355913 17057
39.906004 116.355151 17062
39.906006 116.354404 17067
39.905992 116.353863 17071
39.905996 116.353436 17075
39.905998 116.353097 17079
39.906003 116.352791 17083
39.906026 116.352498 17088
39.906029 116.352189 17092
39.906027 116.351776 17096
39.906027 116.351370 17100
39.906057 116.351059 17104
39.906241 116.350914 17108
39.906453 116.350894 17111
39.906523 116.350888 17112
39.906697 116.350894 17114
39.906785 116.350898 17115
39.906959 116.350904 17117
39.907280 116.350901 17121
39.907519 116.350868 17125
39.907612 116.350870 17128
39.907857 116.350810 17133
39.908141 116.350732 17137
39.908395 116.350636 17141
39.908484 116.350608 17142
39.908842 116.350496 17146
39.909424 116.350502 17151
39.910086 116.350575 17156
39.910659 116.350616 17160
39.910802 116.350626 17161
39.911213 116.350623 17164
39.911350 116.350622 17165
39.911487 116.350621 17166
39.912002 116.350576 17170
39.912131 116.350565 17171
39.912804 116.350554 17176
39.913451 116.350530 17181
39.913545 116.350520 17182
39.913921 116.350482 17186
39.914241 116.350466 17190
39.914520 116.350440 17193
39.914706 116.350422 17195
39.915237 116.350391 17200
39.915480 116.350385 17202
39.915844 116.350375 17205
39.916496 116.350350 17210
39.916893 116.350308 17214
39.917079 116.350296 17217
39.917141 116.350292 17218
39.917357 116.350291 17222
39.917630 116.350278 17226
39.918023 116.350253 17231
39.918227 116.350272 17235
39.918472 116.350279 17239
39.918750 116.350246 17243
39.918985 116.350225 17247
39.919251 116.350205 17251
39.919677 116.350188 17256
39.920089 116.350181 17260
39.920552 116.350169 17265
39.921124 116.350114 17270
39.921674 116.350163 17275
39.922165 116.350178 17280
39.922247 116.350165 17281
39.922492 116.350126 17284
39.922773 116.350082 17288
39.923001 116.350098 17292
39.923096 116.350085 17295
39.923148 116.350083 17296
39.923358 116.350075 17300
39.923623 116.350066 17304
39.923902 116.350058 17308
39.924201 116.350034 17312
39.924480 116.350026 17316
39.924551 116.350016 17317
39.924623 116.350007 17318
39.924766 116.349988 17320
39.925029 116.349976 17324
39.925304 116.349973 17328
39.925516 116.349963 17331
39.925586 116.349960 17332
39.925792 116.349974 17337
39.925879 116.349974 17339
39.925923 116.349973 17340
39.926010 116.349973 17342
39.926253 116.349944 17347
39.926523 116.349892 17351
39.926621 116.349915 17355
39.926653 116.349909 17356
39.926718 116.349896 17358
39.926827 116.349871 17361
39.927067 116.349871 17366
39.927477 116.349878 17371
39.927643 116.349874 17373
39.927809 116.349869 17375
39.928099 116.349848 17379
39.928232 116.349840 17381
39.928365 116.349833 17383
39.928643 116.349818 17387
39.928768 116.349806 17389
39.928821 116.349824 17394
39.929053 116.349824 17399
39.929340 116.349819 17403
39.929772 116.349804 17408
39.930259 116.349809 17413
39.930638 116.349797 17418
39.930895 116.349790 17422
39.930966 116.349785 17423
39.931037 116.349781 17424
39.931179 116.349771 17426
39.931363 116.349760 17428
39.931640 116.349743 17431
39.931986 116.349733 17435
39.932205 116.349729 17438
39.932278 116.349728 17439
39.932488 116.349702 17442
39.932558 116.349693 17443
39.932881 116.349673 17447
39.933178 116.349680 17451
39.933437 116.349666 17455
39.933661 116.349638 17459
39.933833 116.349743 17464
39.933958 116.349740 17466
