39.933792 116.268205 30284
39.933041 116.268295 30289
39.932284 116.268375 30294
39.931624 116.268411 30299
39.930979 116.268515 30304
39.930385 116.268595 30309
39.929894 116.268716 30314
39.929356 116.268795 30319
39.929240 116.268806 30320
39.928775 116.268851 30324
39.928407 116.268883 30327
39.928161 116.268905 30329
39.927529 116.268918 30334
39.927412 116.268918 30335
39.926944 116.268919 30339
39.926410 116.268927 30344
39.926210 116.268920 30346
39.925909 116.268910 30349
39.925707 116.268898 30351
39.925405 116.268880 30354
39.924901 116.268830 30359
39.924501 116.268685 30364
39.924237 116.268253 30369
39.923970 116.267595 30374
39.923893 116.267470 30375
39.923584 116.266968 30379
39.923262 116.266190 30384
39.923233 116.266035 30385
39.923204 116.265880 30386
39.923118 116.265414 30389
39.923105 116.264612 30394
39.923072 116.263703 30399
39.923073 116.263149 30402
39.923073 116.262964 30403
39.923073 116.262779 30404
39.923068 116.261786 30409
39.923046 116.260720 30414
39.923035 116.259711 30419
39.923038 116.258710 30424
39.923030 116.258312 30426
39.923027 116.258112 30427
39.923019 116.257714 30429
39.923061 116.256705 30434
39.923085 116.255668 30439
39.923069 116.254543 30444
39.923064 116.254315 30445
39.923046 116.253404 30449
39.923059 116.252268 30454
39.923172 116.251119 30459
39.923418 116.250034 30464
39.923713 116.249030 30469
39.924069 116.248011 30474
39.924453 116.246965 30479
39.924841 116.245918 30484
39.925245 116.244839 30489
39.925595 116.243791 30494
39.925877 116.242688 30499
39.925984 116.241482 30504
39.925928 116.240282 30509
39.925729 116.239074 30514
39.925475 116.237908 30519
39.925213 116.236738 30524
39.925107 116.236284 30526
39.924948 116.235603 30529
39.924684 116.234441 30534
39.924420 116.233294 30539
39.924170 116.232136 30544
39.923906 116.231015 30549
39.923664 116.229931 30554
39.923485 116.228838 30559
39.923402 116.227684 30564
39.923402 116.226471 30569
39.923440 116.225483 30573
39.923449 116.225236 30574
39.923515 116.224039 30579
39.923573 116.222819 30584
39.923582 116.222588 30585
39.923620 116.221665 30589
39.923616 116.220566 30594
39.923588 116.219477 30599
39.923571 116.218420 30604
39.923564 116.218004 30606
39.923553 116.217379 30609
39.923534 116.216765 30612
39.923528 116.216560 30613
39.923522 116.216355 30614
39.923525 116.215762 30617
39.923527 116.215366 30619
39.923499 116.214453 30624
39.923496 116.213532 30629
39.923515 116.212580 30634
39.923548 116.211624 30639
39.923554 116.210645 30644
39.923577 116.209667 30649
39.923616 116.208643 30654
39.923675 116.207610 30659
39.923830 116.206667 30664
39.923970 116.205750 30669
39.923992 116.205582 30670
39.924079 116.204908 30674
39.923982 116.204285 30679
39.923667 116.203850 30684
39.923396 116.203756 30687
39.923305 116.203725 30688
39.923215 116.203694 30689
39.923119 116.203720 30690
39.922737 116.203822 30694
39.922394 116.204126 30699
39.922276 116.204249 30703
39.922247 116.204280 30704
39.922104 116.204427 30709
39.921950 116.204591 30714
39.921824 116.204753 30719
39.921682 116.204907 30724
39.921509 116.205117 30729
39.921313 116.205319 30734
39.921242 116.205378 30736
39.921171 116.205437 30738
39.921135 116.205466 30739
39.920927 116.205576 30744
39.920715 116.205605 30749
39.920456 116.205648 30754
39.920397 116.205651 30755
39.920339 116.205653 30756
39.920163 116.205661 30759
39.919944 116.205674 30764
39.919754 116.205667 30769
39.919574 116.205666 30774
39.919455 116.205668 30778
39.919425 116.205669 30779
39.919337 116.205630 30784
39.919242 116.205612 30789
39.919086 116.205615 30794
39.918899 116.205576 30799
39.918835 116.205567 30801
39.918738 116.205553 30804
39.918574 116.205527 30809
39.918481 116.205507 30811
39.918341 116.205478 30814
39.918169 116.205440 30819
39.917999 116.205433 30824
39.917832 116.205391 30829
39.917670 116.205371 30833
39.917630 116.205366 30834
39.917591 116.205362 30835
39.917435 116.205347 30839
39.917269 116.205345 30844
39.917096 116.205321 30849
39.916902 116.205296 30854
39.916679 116.205272 30859
39.916447 116.205243 30864
39.916234 116.205218 30869
39.916170 116.205214 30871
39.916073 116.205207 30874
39.915887 116.205206 30879
39.915759 116.205180 30882
39.915673 116.205163 30884
