39.986258 116.450198 48490
39.986279 116.450217 48495
39.986319 116.450248 48500
39.986373 116.450243 48505
39.986381 116.450211 48510
39.986375 116.450219 48512
39.986367 116.450231 48515
39.986335 116.450221 48520
39.986304 116.450221 48524
39.986296 116.450221 48525
39.986295 116.450222 48530
39.986290 116.450225 48535
39.986264 116.450243 48540
39.986174 116.450261 48544
39.986110 116.450243 48549
39.986009 116.450192 48554
39.985940 116.450186 48559
39.985928 116.450163 48564
39.985918 116.450137 48567
39.985915 116.450128 48568
39.985912 116.450119 48569
39.985919 116.450114 48574
39.985943 116.450134 48577
39.985959 116.450147 48579
39.985961 116.450148 48584
39.985921 116.450162 48589
39.985873 116.450158 48594
39.985848 116.450165 48597
39.985831 116.450169 48599
39.985801 116.450179 48604
39.985747 116.450185 48609
39.985732 116.450212 48614
39.985719 116.450188 48619
39.985715 116.450193 48624
39.985704 116.450196 48629
39.985693 116.450199 48634
39.985681 116.450199 48639
39.985670 116.450194 48644
39.985666 116.450168 48649
39.985680 116.450142 48652
39.985690 116.450125 48654
39.985710 116.450076 48659
39.985725 116.449989 48664
39.985729 116.449970 48667
39.985732 116.449958 48669
39.985728 116.449927 48674
39.985728 116.449901 48679
39.985708 116.449750 48683
39.985666 116.449658 48688
39.985641 116.449635 48693
39.985635 116.449619 48695
39.985632 116.449611 48696
39.985626 116.449595 48698
39.985632 116.449625 48703
39.985624 116.449606 48708
39.985562 116.449526 48713
39.985490 116.449441 48718
39.985474 116.449419 48720
39.985450 116.449387 48723
39.985405 116.449373 48728
39.985380 116.449348 48733
39.985362 116.449383 48738
39.985363 116.449343 48741
39.985364 116.449316 48743
39.985365 116.449301 48746
39.985365 116.449291 48748
39.985374 116.449233 48753
39.985380 116.449256 48758
39.985381 116.449242 48763
39.985383 116.449226 48768
39.985388 116.449213 48773
39.985397 116.449192 48774
39.985432 116.449110 48778
39.985479 116.449081 48783
39.985497 116.449085 48788
39.985538 116.449125 48793
39.985548 116.449121 48795
39.985562 116.449116 48798
39.985569 116.449114 48799
39.985599 116.449104 48803
39.985671 116.449135 48808
39.985723 116.449187 48813
39.985714 116.449208 48818
39.985714 116.449221 48820
39.985713 116.449240 48823
39.985720 116.449249 48828
39.985726 116.449339 48832
39.985728 116.449362 48833
39.985717 116.449479 48838
39.985717 116.449487 48839
39.985718 116.449495 48840
39.985719 116.449519 48843
39.985725 116.449566 48848
39.985716 116.449517 48853
39.985717 116.449522 48858
39.985720 116.449523 48863
39.985723 116.449520 48865
39.985726 116.449517 48867
39.985727 116.449516 48868
39.985741 116.449521 48873
39.985741 116.449483 48878
39.985738 116.449461 48883
39.985712 116.449385 48888
39.985687 116.449378 48893
39.985695 116.449356 48897
39.985697 116.449350 48898
39.985650 116.449272 48903
39.985617 116.449239 48908
39.985610 116.449212 48913
39.985567 116.449147 48918
39.985554 116.449112 48923
39.985563 116.449119 48928
39.985564 116.449149 48933
39.985538 116.449134 48936
39.985520 116.449124 48938
39.985488 116.449088 48943
39.985517 116.449131 48948
39.985517 116.449190 48953
39.985510 116.449186 48956
39.985506 116.449184 48958
39.985506 116.449183 48960
39.985505 116.449182 48961
39.985505 116.449181 48963
39.985512 116.449178 48966
39.985516 116.449176 48968
39.985517 116.449176 48969
39.985523 116.449174 48973
39.985524 116.449171 48978
39.985527 116.449173 48982
39.985528 116.449174 48983
39.985531 116.449181 48988
39.985515 116.449189 48993
39.985501 116.449233 48998
39.985501 116.449267 49003
39.985518 116.449339 49008
39.985533 116.449373 49011
39.985543 116.449396 49013
39.985571 116.449415 49018
39.985599 116.449441 49023
39.985613 116.449446 49028
39.985608 116.449461 49033
39.985604 116.449461 49038
39.985600 116.449470 49040
39.985594 116.449484 49043
39.985601 116.449494 49048
39.985602 116.449494 49049
39.985602 116.449495 49050
39.985604 116.449496 49053
39.985602 116.449495 49057
39.985601 116.449495 49058
39.985595 116.449487 49063
39.985588 116.449481 49068
39.985585 116.449486 49073
39.985546 116.449529 49078
39.985492 116.449539 49081
39.985456 116.449545 49083
39.985402 116.449556 49088
