39.980150 116.301986 76987
39.980510 116.301946 76992
39.980820 116.301998 76997
39.981143 116.301991 77002
39.981479 116.301985 77007
39.981645 116.301982 77009
39.981894 116.301977 77012
39.982329 116.301989 77017
39.982686 116.302003 77021
39.982775 116.302006 77022
39.983162 116.302010 77027
39.983431 116.302004 77032
39.983624 116.302091 77037
39.983683 116.302244 77042
39.983705 116.302623 77047
39.983723 116.303158 77052
39.983784 116.303637 77057
39.983798 116.304033 77062
39.983808 116.304422 77065
39.983812 116.304552 77066
39.983815 116.304682 77067
39.983825 116.305534 77072
39.984012 116.306279 77075
39.984137 116.306776 77077
39.984164 116.307911 77082
39.984198 116.309163 77087
39.984259 116.310391 77092
39.984291 116.311104 77095
39.984313 116.311580 77097
39.984399 116.312893 77102
39.984411 116.314270 77107
39.984428 116.315483 77112
39.984443 116.316584 77117
39.984457 116.317652 77122
39.984504 116.318669 77127
39.984454 116.319669 77132
39.984483 116.320740 77137
39.984563 116.321823 77142
39.984575 116.322948 77147
39.984576 116.323648 77150
39.984576 116.324115 77152
39.984616 116.325488 77157
39.984659 116.326908 77162
39.984702 116.327681 77165
39.984731 116.328196 77167
39.984793 116.329457 77172
39.984849 116.330632 77177
39.984898 116.331786 77182
39.985050 116.332922 77187
39.985076 116.334109 77192
39.985078 116.334592 77194
39.985079 116.334834 77195
39.985081 116.335317 77197
39.985140 116.336490 77202
39.985172 116.337540 77207
39.985223 116.338536 77212
39.985270 116.339631 77217
39.985287 116.340070 77219
39.985312 116.340728 77222
39.985353 116.341547 77227
39.985347 116.342429 77232
39.985358 116.343532 77237
39.985389 116.344159 77240
39.985410 116.344577 77242
39.985433 116.345227 77245
39.985449 116.345661 77247
39.985479 116.346780 77252
39.985510 116.347898 77257
39.985555 116.348987 77262
39.985587 116.349968 77267
39.985616 116.350964 77272
39.985625 116.351168 77273
39.985660 116.351986 77277
39.985694 116.353035 77282
39.985724 116.354076 77287
39.985746 116.355012 77292
39.985755 116.355371 77294
39.985769 116.355909 77297
39.985774 116.356097 77298
39.985795 116.356848 77302
39.985818 116.357876 77307
39.985850 116.358965 77312
39.985878 116.360031 77317
39.985892 116.360482 77319
39.985913 116.361159 77322
39.985938 116.362294 77327
39.985968 116.363127 77331
39.985975 116.363335 77332
39.986009 116.364221 77337
39.986015 116.364389 77338
39.986021 116.364557 77339
39.986040 116.365060 77342
39.986071 116.365962 77347
39.986108 116.366946 77352
39.986145 116.368018 77357
39.986176 116.369043 77362
39.986191 116.369443 77364
39.986206 116.369844 77366
39.986213 116.370044 77367
39.986207 116.371054 77372
39.986199 116.372138 77377
39.986226 116.373329 77382
39.986259 116.374657 77387
39.986303 116.375982 77392
39.986338 116.376964 77396
39.986347 116.377210 77397
39.986403 116.378367 77402
39.986405 116.379459 77407
39.986436 116.380477 77412
39.986454 116.381333 77417
39.986495 116.382240 77422
39.986538 116.383286 77427
39.986571 116.384454 77432
39.986588 116.385218 77435
39.986600 116.385727 77437
39.986636 116.387072 77442
39.986725 116.388216 77447
39.986706 116.389210 77452
39.986717 116.389791 77455
39.986724 116.390178 77457
39.986730 116.390545 77459
39.986732 116.390728 77460
39.986738 116.391095 77462
39.986748 116.391641 77465
39.986755 116.392005 77467
39.986760 116.392189 77468
39.986779 116.392924 77472
39.986821 116.393824 77477
39.986882 116.394631 77481
39.986897 116.394833 77482
39.986930 116.395970 77487
39.986960 116.397095 77492
39.986991 116.398181 77497
39.987034 116.399317 77502
39.987067 116.400574 77507
39.987087 116.401315 77510
39.987101 116.401809 77512
39.987146 116.402862 77517
39.987172 116.403830 77522
39.987197 116.404865 77527
39.987226 116.405894 77532
39.987251 116.406966 77537
39.987275 116.407356 77539
39.987311 116.407940 77542
39.987339 116.408777 77547
39.987344 116.408953 77548
39.987349 116.409130 77549
39.987363 116.409659 77552
39.987376 116.410441 77556
39.987379 116.410637 77557
39.987396 116.411683 77562
39.987411 116.412862 77567
39.987425 116.414024 77572
39.987488 116.415117 77577
39.987516 116.415786 77580
39.987534 116.416232 77582
39.987573 116.417357 77587
