39.966759 116.378202 14363
39.966783 116.378792 14368
39.966791 116.379033 14370
39.966802 116.379394 14373
39.966818 116.380016 14378
39.966847 116.380633 14383
39.966871 116.381265 14388
39.966875 116.381870 14393
39.966869 116.382112 14395
39.966859 116.382475 14398
39.966825 116.383034 14403
39.966807 116.383521 14408
39.966859 116.383806 14413
39.966865 116.383821 14416
39.966865 116.383822 14419
39.966865 116.383822 14421
39.966864 116.383836 14426
39.966844 116.384030 14431
39.966865 116.384478 14436
39.966901 116.385044 14441
39.966925 116.385686 14446
39.966942 116.386295 14451
39.966978 116.386781 14456
39.966985 116.386985 14458
39.966989 116.387086 14459
39.966992 116.387188 14460
39.966996 116.387290 14461
39.967027 116.387830 14466
39.967031 116.388064 14468
39.967035 116.388298 14470
39.967037 116.388415 14471
39.967065 116.389042 14476
39.967081 116.389645 14481
39.967103 116.390210 14486
39.967101 116.390691 14491
39.967131 116.391128 14495
39.967138 116.391237 14496
39.967162 116.391813 14501
39.967179 116.392394 14506
39.967175 116.392621 14508
39.967168 116.392961 14511
39.967217 116.393619 14516
39.967211 116.394228 14521
39.967211 116.394681 14525
39.967211 116.394794 14526
39.967205 116.395148 14530
39.967203 116.395237 14531
39.967211 116.395332 14536
39.967216 116.395340 14537
39.967216 116.395348 14542
39.967216 116.395348 14544
39.967216 116.395348 14547
39.967216 116.395356 14552
39.967216 116.395362 14553
39.967216 116.395367 14554
39.967216 116.395377 14559
39.967218 116.395381 14561
39.967219 116.395386 14563
39.967220 116.395388 14564
39.967226 116.395394 14569
39.967223 116.395489 14574
39.967253 116.395848 14579
39.967270 116.396335 14584
39.967282 116.396891 14589
39.967302 116.397461 14594
39.967321 116.398067 14599
39.967330 116.398734 14604
39.967351 116.399376 14609
39.967365 116.400007 14614
39.967388 116.400625 14619
39.967409 116.401226 14624
39.967420 116.401823 14629
39.967434 116.402407 14634
39.967460 116.403004 14639
39.967462 116.403586 14644
39.967483 116.404191 14649
39.967507 116.404799 14654
39.967534 116.405370 14659
39.967560 116.405949 14664
39.967570 116.406520 14669
39.967606 116.407095 14674
39.967582 116.407671 14679
39.967547 116.408235 14684
39.967517 116.408757 14689
39.967499 116.409254 14694
39.967510 116.409741 14699
39.967516 116.409829 14700
39.967542 116.410179 14704
39.967561 116.410526 14709
39.967613 116.410595 14714
39.967616 116.410605 14715
39.967616 116.410612 14720
39.967618 116.410612 14725
39.967620 116.410614 14729
39.967620 116.410614 14730
39.967622 116.410619 14735
39.967622 116.410621 14740
39.967624 116.410622 14745
39.967623 116.410680 14750
39.967590 116.410983 14755
39.967570 116.411357 14760
39.967559 116.411734 14765
39.967571 116.412193 14770
39.967571 116.412625 14775
39.967573 116.412699 14776
39.967580 116.412996 14780
39.967577 116.413044 14781
39.967563 116.413234 14785
39.967561 116.413313 14790
39.967555 116.413318 14795
39.967555 116.413398 14800
39.967560 116.413450 14801
39.967565 116.413502 14802
39.967571 116.413554 14803
39.967576 116.413606 14804
39.967581 116.413658 14805
39.967587 116.413680 14806
39.967594 116.413703 14807
39.967600 116.413725 14808
39.967613 116.413770 14810
39.967608 116.413771 14811
39.967603 116.413773 14812
39.967603 116.413776 14815
39.967603 116.413778 14817
39.967603 116.413780 14819
39.967604 116.413784 14822
39.967604 116.413784 14823
39.967604 116.413782 14827
39.967604 116.413791 14832
39.967661 116.414036 14837
39.967662 116.414506 14842
39.967651 116.415000 14847
39.967638 116.415307 14850
39.967629 116.415511 14852
39.967689 116.415947 14857
39.967679 116.416344 14862
39.967665 116.416608 14867
39.967640 116.416685 14870
39.967637 116.416686 14873
39.967631 116.416698 14878
39.967594 116.416760 14883
39.967588 116.416775 14884
39.967565 116.416833 14888
39.967549 116.416905 14893
39.967552 116.416924 14894
39.967563 116.416999 14898
39.967558 116.417069 14902
39.967557 116.417087 14903
39.967561 116.417118 14906
39.967563 116.417138 14908
39.967581 116.417197 14913
39.967609 116.417222 14918
39.967614 116.417226 14922
39.967615 116.417227 14923
39.967616 116.417232 14928
39.967632 116.417269 14933
39.967697 116.417337 14938
39.967787 116.417416 14943
39.967865 116.417488 14948
39.967906 116.417616 14953
39.967930 116.417691 14958
