39.966024 116.328820 43761
39.966056 116.329835 43766
39.966066 116.330482 43769
39.966073 116.330913 43771
39.966084 116.331960 43776
39.966090 116.332367 43778
39.966098 116.332978 43781
39.966101 116.333800 43785
39.966102 116.334006 43786
39.966111 116.335048 43791
39.966120 116.335465 43793
39.966134 116.336091 43796
39.966135 116.336292 43797
39.966139 116.336897 43800
39.966140 116.337098 43801
39.966154 116.338083 43806
39.966147 116.339121 43811
39.966136 116.339978 43815
39.966133 116.340192 43816
39.966127 116.341275 43821
39.966118 116.342337 43826
39.966125 116.343281 43831
39.966116 116.344169 43836
39.966091 116.344961 43841
39.966120 116.345697 43846
39.966138 116.346356 43851
39.966148 116.346865 43855
39.966151 116.346992 43856
39.966122 116.347581 43860
39.966115 116.347728 43861
39.966101 116.348550 43866
39.966099 116.349462 43871
39.966133 116.350277 43876
39.966158 116.350868 43881
39.966138 116.351479 43886
39.966088 116.352065 43890
39.966075 116.352212 43891
39.966069 116.352356 43892
39.966051 116.352790 43895
39.966045 116.352934 43896
39.966035 116.353222 43898
39.966024 116.353509 43900
39.966019 116.353653 43901
39.966035 116.354316 43906
39.966052 116.354427 43907
39.966122 116.354871 43911
39.966174 116.355254 43916
39.966118 116.355719 43921
39.966073 116.356262 43926
39.966076 116.356783 43931
39.966084 116.357206 43936
39.966047 116.357366 43939
39.966034 116.357419 43940
39.966038 116.357616 43944
39.966053 116.357899 43949
39.966071 116.358288 43954
39.966067 116.358777 43959
39.966034 116.359302 43964
39.966057 116.359870 43969
39.966069 116.360386 43974
39.966059 116.360814 43979
39.966069 116.361224 43983
39.966071 116.361327 43984
39.966087 116.361923 43989
39.966095 116.362556 43994
39.966115 116.362915 43998
39.966128 116.362932 43999
39.966179 116.362998 44003
39.966206 116.362985 44008
39.966238 116.363004 44013
39.966257 116.363009 44018
39.966262 116.363006 44021
39.966266 116.363004 44023
39.966272 116.363001 44028
39.966265 116.363015 44033
39.966203 116.363126 44037
39.966156 116.363266 44041
39.966148 116.363316 44042
39.966140 116.363366 44043
39.966124 116.363467 44045
39.966116 116.363535 44047
39.966087 116.363528 44052
39.966081 116.363532 44057
39.966083 116.363532 44059
39.966083 116.363531 44060
39.966085 116.363531 44062
39.966087 116.363530 44065
39.966088 116.363530 44067
39.966088 116.363531 44072
39.966086 116.363533 44076
39.966085 116.363533 44077
39.966084 116.363534 44082
39.966087 116.363534 44087
39.966093 116.363532 44092
39.966099 116.363530 44097
39.966103 116.363529 44102
39.966105 116.363528 44107
39.966114 116.363600 44112
39.966086 116.363738 44116
39.965960 116.363785 44120
39.965670 116.363778 44124
39.965598 116.363776 44125
39.965175 116.363765 44130
39.964732 116.363794 44135
39.964279 116.363822 44140
39.964203 116.363825 44141
39.964127 116.363828 44142
39.963898 116.363836 44145
39.963795 116.363840 44148
39.963761 116.363841 44149
39.963727 116.363842 44150
39.963598 116.363812 44154
39.963403 116.363782 44158
39.963354 116.363774 44159
39.963010 116.363806 44164
39.962671 116.363844 44169
39.962416 116.363871 44174
39.962055 116.363836 44179
39.961643 116.363827 44184
39.961445 116.363836 44188
39.961396 116.363838 44189
39.961331 116.363827 44192
39.961282 116.363816 44195
39.961222 116.363802 44199
39.961105 116.363796 44203
39.960966 116.363772 44207
39.960886 116.363776 44211
39.960866 116.363777 44212
39.960822 116.363817 44215
39.960835 116.363800 44220
39.960760 116.364014 44225
39.960764 116.364016 44230
39.960762 116.364019 44235
39.960764 116.364024 44240
39.960757 116.364028 44245
39.960753 116.364030 44247
39.960748 116.364032 44250
39.960686 116.364049 44254
39.960655 116.364053 44259
39.960616 116.364083 44262
39.960575 116.364097 44267
39.960568 116.364099 44271
39.960566 116.364099 44272
39.960573 116.364079 44277
39.960572 116.364063 44282
39.960537 116.364045 44287
39.960524 116.364041 44292
39.960479 116.364045 44297
39.960451 116.364041 44302
39.960429 116.364043 44307
39.960400 116.364059 44312
39.960360 116.364113 44316
39.960285 116.364214 44320
39.960275 116.364228 44321
39.960254 116.364256 44323
39.960225 116.364302 44328
39.960208 116.364315 44332
39.960204 116.364318 44333
39.960193 116.364354 44338
39.960181 116.364390 44343
39.960138 116.364445 44347
39.960096 116.364486 44350
39.960069 116.364465 44354
39.960065 116.364470 44355
39.960048 116.364491 44359
39.959981 116.364453 44361
