40.134225 116.260536 39677
40.134278 116.260516 39680
40.134298 116.260514 39681
40.134317 116.260513 39682
40.134337 116.260511 39683
40.134353 116.260504 39684
40.134368 116.260497 39685
40.134384 116.260490 39686
40.134429 116.260471 39689
40.134502 116.260407 39694
40.134550 116.260374 39697
40.134594 116.260361 39700
40.134668 116.260308 39705
40.134720 116.260291 39708
40.134758 116.260270 39711
40.134794 116.260238 39714
40.134840 116.260218 39717
40.134856 116.260211 39718
40.134871 116.260204 39719
40.134887 116.260197 39720
40.134918 116.260155 39723
40.134957 116.260114 39726
40.134973 116.260102 39727
40.135005 116.260078 39729
40.135042 116.260044 39732
40.135072 116.260017 39735
40.135105 116.259986 39738
40.135138 116.259951 39741
40.135175 116.259913 39744
40.135211 116.259882 39747
40.135224 116.259868 39748
40.135251 116.259840 39750
40.135290 116.259806 39753
40.135309 116.259788 39755
40.135319 116.259779 39756
40.135361 116.259736 39759
40.135418 116.259704 39762
40.135456 116.259665 39765
40.135480 116.259640 39767
40.135492 116.259627 39768
40.135504 116.259616 39769
40.135527 116.259594 39771
40.135571 116.259559 39774
40.135581 116.259545 39775
40.135591 116.259531 39776
40.135601 116.259517 39777
40.135629 116.259494 39779
40.135643 116.259482 39780
40.135653 116.259471 39781
40.135672 116.259448 39783
40.135683 116.259435 39784
40.135693 116.259422 39785
40.135704 116.259409 39786
40.135750 116.259369 39789
40.135794 116.259331 39792
40.135836 116.259290 39795
40.135879 116.259248 39798
40.135909 116.259218 39801
40.135934 116.259181 39804
40.135954 116.259156 39806
40.135964 116.259144 39807
40.136003 116.259114 39810
40.136054 116.259076 39813
40.136089 116.259034 39816
40.136130 116.259002 39819
40.136148 116.258976 39822
40.136107 116.258991 39825
40.136104 116.258995 39829
40.136130 116.259002 39833
40.136137 116.259004 39834
40.136143 116.258992 39837
40.136111 116.259011 39839
40.136080 116.259030 39841
40.136064 116.259040 39842
40.136009 116.259079 39845
40.135958 116.259106 39848
40.135924 116.259144 39851
40.135911 116.259155 39852
40.135885 116.259177 39854
40.135844 116.259223 39857
40.135807 116.259255 39860
40.135769 116.259293 39863
40.135720 116.259320 39866
40.135691 116.259358 39869
40.135663 116.259410 39872
40.135621 116.259428 39875
40.135613 116.259438 39876
40.135596 116.259459 39878
40.135583 116.259468 39879
40.135557 116.259486 39881
40.135517 116.259531 39884
40.135479 116.259572 39887
40.135440 116.259612 39890
40.135408 116.259637 39892
40.135392 116.259650 39893
40.135350 116.259684 39896
40.135317 116.259725 39899
40.135283 116.259757 39902
40.135259 116.259777 39905
40.135221 116.259806 39908
40.135181 116.259849 39911
40.135160 116.259880 39913
40.135149 116.259896 39914
40.135097 116.259933 39917
40.135057 116.259967 39920
40.135017 116.259996 39923
40.135002 116.260006 39924
40.134971 116.260027 39926
40.134960 116.260039 39927
40.134949 116.260051 39928
40.134938 116.260063 39929
40.134908 116.260101 39932
40.134876 116.260145 39935
40.134834 116.260182 39938
40.134796 116.260213 39941
40.134748 116.260241 39944
40.134700 116.260273 39947
40.134679 116.260294 39949
40.134669 116.260305 39950
40.134620 116.260326 39953
40.134586 116.260354 39956
40.134538 116.260382 39959
40.134524 116.260390 39960
40.134496 116.260407 39962
40.134445 116.260427 39965
40.134393 116.260459 39968
40.134353 116.260496 39971
40.134313 116.260509 39974
40.134302 116.260515 39975
40.134279 116.260527 39977
40.134239 116.260550 39980
40.134223 116.260557 39981
40.134191 116.260572 39983
40.134137 116.260585 39986
40.134119 116.260592 39987
40.134101 116.260599 39988
40.134083 116.260606 39989
40.134069 116.260615 39990
40.134042 116.260632 39992
40.134000 116.260654 39995
40.133946 116.260681 39998
40.133896 116.260696 40001
40.133846 116.260714 40004
40.133798 116.260741 40007
40.133759 116.260767 40010
40.133712 116.260793 40013
40.133665 116.260810 40016
40.133626 116.260831 40019
40.133597 116.260878 40022
40.133586 116.260889 40023
40.133575 116.260899 40024
40.133564 116.260910 40025
40.133535 116.260949 40028
40.133510 116.260968 40030
40.133498 116.260977 40031
40.133469 116.260999 40033
40.133455 116.261010 40034
40.133415 116.261024 40037
40.133384 116.261044 40040
40.133341 116.261073 40043
40.133298 116.261088 40046
40.133256 116.261114 40049
40.133242 116.261125 40050
40.133215 116.261148 40052
40.133177 116.261180 40055
40.133162 116.261187 40056
40.133132 116.261200 40058
40.133091 116.261220 40061
40.133048 116.261247 40064
40.132999 116.261274 40067
40.132951 116.261299 40070
40.132936 116.261307 40071
40.132907 116.261323 40073
40.132867 116.261350 40076
40.132833 116.261378 40079
40.132819 116.261386 40080
40.132790 116.261402 40082
40.132744 116.261428 40085
40.132729 116.261436 40086
40.132713 116.261445 40087
40.132698 116.261453 40088
40.132649 116.261475 40091
40.132595 116.261489 40094
40.132545 116.261497 40097
40.132496 116.261501 40100
40.132445 116.261505 40103
40.132395 116.261517 40106
40.132347 116.261542 40109
40.132332 116.261548 40110
40.132301 116.261559 40112
40.132243 116.261572 40115
40.132196 116.261585 40118
40.132151 116.261595 40121
40.132107 116.261604 40124
40.132072 116.261620 40127
40.132024 116.261640 40130
40.131987 116.261659 40133
40.131944 116.261665 40136
40.131902 116.261681 40139
40.131851 116.261695 40142
40.131806 116.261720 40145
40.131751 116.261732 40148
40.131736 116.261736 40149
40.131720 116.261740 40150
40.131705 116.261744 40151
40.131659 116.261757 40154
40.131605 116.261765 40157
40.131559 116.261775 40160
40.131534 116.261785 40162
40.131521 116.261790 40163
40.131478 116.261804 40166
40.131420 116.261811 40169
40.131371 116.261818 40172
40.131322 116.261832 40175
40.131306 116.261833 40176
40.131275 116.261834 40178
40.131225 116.261842 40181
40.131136 116.261861 40186
40.131087 116.261899 40189
40.131058 116.261915 40191
40.131044 116.261923 40192
40.131002 116.261934 40195
40.130963 116.261967 40198
40.130903 116.261970 40201
40.130870 116.261982 40203
40.130854 116.261988 40204
40.130773 116.261950 40209
40.130732 116.261920 40212
40.130687 116.261914 40215
40.130662 116.261938 40218
40.130625 116.261948 40221
40.130599 116.261944 40224
40.130584 116.261927 40227
40.130519 116.261897 40230
40.130508 116.261899 40231
40.130486 116.261903 40233
40.130455 116.261909 40235
40.130440 116.261912 40236
40.130417 116.261940 40239
40.130410 116.261950 40242
40.130378 116.261953 40245
40.130350 116.261949 40248
40.130326 116.261942 40251
40.130296 116.261956 40253
40.130281 116.261963 40254
40.130258 116.261985 40257
40.130245 116.261988 40259
40.130239 116.261989 40260
40.130209 116.261989 40263
40.130181 116.262001 40266
40.130157 116.262006 40269
40.130122 116.262032 40272
40.130088 116.262032 40274
40.130071 116.262032 40275
