39.975272 116.342773 33063
39.975185 116.343509 33068
39.975192 116.344131 33073
39.975191 116.344325 33075
39.975189 116.344615 33078
39.975174 116.344766 33082
39.975156 116.344776 33086
39.975158 116.344775 33091
39.975157 116.344776 33094
39.975156 116.344777 33096
39.975135 116.344826 33101
39.974993 116.345061 33106
39.975002 116.345383 33111
39.975035 116.345604 33114
39.975057 116.345751 33116
39.975030 116.346075 33121
39.975012 116.346232 33126
39.975009 116.346233 33127
39.975003 116.346234 33129
39.974997 116.346231 33134
39.974993 116.346231 33138
39.974992 116.346231 33139
39.975006 116.346222 33143
39.975006 116.346221 33146
39.975006 116.346221 33148
39.975004 116.346213 33153
39.975007 116.346203 33158
39.975014 116.346200 33163
39.975016 116.346198 33168
39.975022 116.346192 33173
39.975030 116.346187 33177
39.975042 116.346186 33180
39.975055 116.346184 33183
39.975058 116.346183 33184
39.975061 116.346181 33185
39.975064 116.346180 33186
39.975073 116.346177 33191
39.975085 116.346250 33196
39.975101 116.346614 33201
39.975116 116.347148 33206
39.975117 116.347721 33211
39.975122 116.348241 33216
39.975148 116.348796 33221
39.975163 116.349212 33224
39.975173 116.349489 33226
39.975213 116.350244 33231
39.975261 116.351006 33236
39.975298 116.351745 33241
39.975333 116.352420 33246
39.975345 116.353041 33251
39.975347 116.353126 33252
39.975357 116.353466 33256
39.975349 116.353568 33261
39.975335 116.353574 33263
39.975334 116.353575 33264
39.975332 116.353578 33268
39.975332 116.353579 33270
39.975332 116.353580 33271
39.975332 116.353581 33273
39.975329 116.353593 33277
39.975344 116.353671 33279
39.975366 116.353787 33282
39.975435 116.354138 33287
39.975403 116.354408 33292
39.975358 116.354516 33297
39.975353 116.354519 33298
39.975331 116.354533 33302
39.975322 116.354531 33307
39.975302 116.354534 33312
39.975281 116.354537 33317
39.975271 116.354543 33321
39.975249 116.354597 33326
39.975247 116.354674 33327
39.975237 116.354982 33331
39.975237 116.355409 33335
39.975237 116.355516 33336
39.975237 116.356122 33341
39.975254 116.356752 33346
39.975241 116.357419 33351
39.975243 116.357544 33352
39.975251 116.358045 33356
39.975266 116.358647 33361
39.975251 116.359216 33366
39.975243 116.359533 33369
39.975238 116.359744 33371
39.975268 116.360235 33376
39.975272 116.360387 33378
39.975279 116.360614 33381
39.975286 116.360763 33386
39.975290 116.360769 33387
39.975297 116.360780 33389
39.975306 116.360780 33392
39.975315 116.360781 33397
39.975325 116.360780 33401
39.975356 116.360812 33406
39.975363 116.360967 33411
39.975397 116.361219 33416
39.975438 116.361495 33421
39.975410 116.361721 33425
39.975403 116.361778 33426
39.975327 116.361900 33431
39.975323 116.361910 33432
39.975309 116.361949 33436
39.975285 116.362092 33441
39.975244 116.362112 33446
39.975254 116.362106 33447
39.975251 116.362113 33452
39.975251 116.362113 33454
39.975251 116.362114 33457
39.975279 116.362275 33462
39.975272 116.362320 33463
39.975244 116.362502 33467
39.975251 116.362678 33471
39.975253 116.362722 33472
39.975251 116.362757 33473
39.975245 116.362898 33477
39.975243 116.362912 33478
39.975241 116.362926 33479
39.975237 116.362953 33481
39.975230 116.362975 33485
39.975233 116.362999 33490
39.975226 116.363292 33495
39.975224 116.363372 33496
39.975216 116.363692 33500
39.975233 116.364028 33505
39.975256 116.364456 33510
39.975270 116.364844 33515
39.975298 116.365093 33519
39.975305 116.365155 33520
39.975326 116.365416 33523
39.975340 116.365590 33525
39.975354 116.366025 33529
39.975358 116.366134 33530
39.975375 116.366750 33535
39.975362 116.367305 33540
39.975349 116.367631 33545
39.975325 116.367723 33549
39.975334 116.367753 33554
39.975351 116.367780 33558
39.975352 116.367791 33560
39.975352 116.367802 33564
39.975351 116.367809 33569
39.975345 116.367851 33574
39.975340 116.367882 33576
39.975332 116.367928 33579
39.975330 116.367970 33584
39.975342 116.368015 33588
39.975346 116.368023 33589
39.975350 116.368032 33590
39.975349 116.368031 33591
39.975347 116.368026 33595
39.975347 116.368028 33600
39.975349 116.368045 33604
39.975334 116.368078 33606
39.975312 116.368128 33609
39.975308 116.368193 33613
39.975294 116.368241 33618
39.975286 116.368296 33623
39.975306 116.368366 33628
39.975308 116.368445 33632
39.975308 116.368465 33633
39.975328 116.368516 33638
39.975327 116.368535 33640
39.975322 116.368524 33644
39.975322 116.368549 33649
39.975316 116.368653 33654
39.975325 116.368789 33659
