40.049277 116.305518 37981
40.049214 116.305549 37986
40.049171 116.305607 37991
40.049162 116.305718 37996
40.049163 116.305819 38001
40.049152 116.305893 38006
40.049182 116.305980 38011
40.049199 116.306009 38013
40.049224 116.306053 38016
40.049234 116.306067 38017
40.049272 116.306124 38021
40.049328 116.306175 38026
40.049379 116.306246 38031
40.049440 116.306298 38036
40.049508 116.306364 38041
40.049546 116.306398 38044
40.049572 116.306421 38046
40.049622 116.306505 38051
40.049684 116.306563 38056
40.049709 116.306604 38061
40.049669 116.306647 38063
40.049609 116.306712 38066
40.049559 116.306746 38071
40.049453 116.306849 38076
40.049452 116.306942 38081
40.049444 116.306968 38083
40.049433 116.307006 38086
40.049424 116.307068 38091
40.049425 116.307086 38096
40.049423 116.307091 38097
40.049414 116.307111 38101
40.049422 116.307117 38106
40.049425 116.307130 38111
40.049419 116.307131 38116
40.049370 116.307093 38119
40.049338 116.307068 38121
40.049286 116.307074 38126
40.049258 116.307045 38131
40.049227 116.307020 38136
40.049239 116.307018 38141
40.049238 116.307005 38146
40.049252 116.307015 38150
40.049255 116.307018 38151
40.049329 116.307126 38156
40.049373 116.307198 38161
40.049367 116.307240 38166
40.049377 116.307310 38171
40.049381 116.307361 38174
40.049383 116.307395 38176
40.049352 116.307440 38181
40.049338 116.307466 38183
40.049316 116.307504 38186
40.049258 116.307547 38191
40.049252 116.307605 38196
40.049234 116.307620 38198
40.049208 116.307642 38201
40.049205 116.307664 38206
40.049196 116.307672 38211
40.049192 116.307673 38213
40.049189 116.307674 38215
40.049187 116.307675 38216
40.049180 116.307682 38221
40.049168 116.307714 38226
40.049155 116.307742 38231
40.049146 116.307754 38236
40.049140 116.307758 38238
40.049138 116.307760 38239
40.049132 116.307764 38241
40.049127 116.307767 38246
40.049125 116.307763 38251
40.049139 116.307751 38256
40.049146 116.307746 38259
40.049151 116.307743 38261
40.049143 116.307744 38266
40.049133 116.307759 38267
40.049094 116.307821 38271
40.049081 116.307821 38276
40.049075 116.307819 38280
40.049073 116.307819 38281
40.049065 116.307814 38286
40.049062 116.307808 38289
40.049060 116.307804 38291
40.049061 116.307771 38296
40.049025 116.307779 38301
40.049038 116.307779 38306
40.049040 116.307777 38309
40.049041 116.307776 38311
40.049042 116.307779 38314
40.049043 116.307781 38316
40.049054 116.307779 38321
40.049061 116.307786 38326
40.049064 116.307799 38331
40.049068 116.307814 38336
40.049073 116.307823 38341
40.049078 116.307820 38346
40.049078 116.307814 38351
40.049076 116.307806 38356
40.049066 116.307809 38361
40.049065 116.307809 38362
40.049062 116.307808 38366
40.049063 116.307799 38371
40.049068 116.307795 38372
40.049090 116.307778 38376
40.049168 116.307712 38381
40.049243 116.307660 38386
40.049341 116.307588 38391
40.049424 116.307489 38396
40.049488 116.307380 38401
40.049515 116.307304 38406
40.049513 116.307262 38410
40.049513 116.307252 38411
40.049447 116.307165 38416
40.049402 116.307077 38421
40.049418 116.306977 38426
40.049430 116.306919 38431
40.049435 116.306907 38432
40.049446 116.306883 38434
40.049456 116.306859 38436
40.049458 116.306828 38439
40.049460 116.306807 38441
40.049466 116.306770 38446
40.049482 116.306723 38451
40.049471 116.306675 38456
40.049461 116.306624 38461
40.049462 116.306577 38466
40.049460 116.306556 38468
40.049457 116.306525 38471
40.049447 116.306471 38476
40.049414 116.306395 38481
40.049396 116.306333 38486
40.049377 116.306287 38490
40.049372 116.306275 38491
40.049339 116.306196 38496
40.049342 116.306133 38501
40.049295 116.306050 38506
40.049188 116.305983 38511
40.049148 116.305927 38516
40.049123 116.305883 38519
40.049106 116.305854 38521
40.049077 116.305781 38526
40.049077 116.305752 38528
40.049076 116.305709 38531
40.049090 116.305634 38536
40.049103 116.305599 38541
40.049110 116.305583 38543
40.049120 116.305559 38546
40.049150 116.305506 38551
40.049204 116.305481 38556
40.049227 116.305473 38558
40.049250 116.305466 38560
40.049261 116.305462 38561
40.049299 116.305443 38566
40.049333 116.305434 38571
40.049406 116.305378 38576
40.049422 116.305374 38578
40.049437 116.305369 38580
40.049445 116.305367 38581
