0
0
0
0
0
0
0
0
0
0
0
0
0
0
0
0
0
0
0
0
0
0
0
0
0
0
0
0
0
0
0
0
0
0
0
0
0
0
0
0
0
0
0
0
0
0
0
0
0
0
0
0
0
0
0
0
0
0
0
0
0
0
0
0
0
0
0
0
0
0
0
0
0
0
0
0
0
0
0
0
0
0
0
0
0
0
0
0
0
0
0
0
0
0
217777
197517
197517
197515
197517
197517
197517
197515
217777
197517
197517
197515
197515
197517
197517
197515
197515
197517
197517
197515
197517
197515
197517
197517
197517
197517
197517
197515
0
197515
197515
197517
197517
197517
197517
197517
197517
197517
197515
197517
197515
0
211963
211963
211962
0
197517
197515
197515
197517
197517
197517
197515
197517
197517
197517
0
196792
197474
197478
197474
197478
0
220645
212151
197474
197474
197509
217777
197517
197527
197563
197563
197563
200708
217798
219429
217794
196600
0
196600
198704
198718
198718
217745
217745
217745
217745
217745
217745
217745
217747
217743
201082
