40.050202 116.325249
40.050111 116.325327
40.049444 116.325899
40.048927 116.326335
40.048778 116.326459
40.048627 116.326585
40.048282 116.326872
40.047740 116.327323
40.047249 116.327735
40.046594 116.328120
40.046181 116.328480
40.046066 116.328579
40.045915 116.328711
40.045757 116.328848
40.045687 116.328909
40.045598 116.328987
40.045494 116.329076
40.045354 116.329198
40.045175 116.329354
40.045052 116.329461
40.044928 116.329569
40.044785 116.329693
40.044537 116.329909
40.044172 116.330226
40.043766 116.330552
40.043149 116.331031
40.042691 116.331386
40.042510 116.331527
40.042485 116.331547
40.042450 116.331574
40.042338 116.331660
40.042251 116.331728
40.042174 116.331788
40.042064 116.331873
40.041998 116.331924
40.041862 116.332030
40.041718 116.332155
40.041501 116.332346
40.040975 116.332823
40.040499 116.332899
40.040407 116.333344
40.040177 116.333523
40.039661 116.333923
40.039234 116.334254
40.039073 116.334378
40.038945 116.334477
40.038798 116.334591
40.038558 116.334777
40.038181 116.335070
40.037771 116.335383
40.037342 116.335716
40.036968 116.336012
40.036662 116.335785
40.036462 116.336316
40.036039 116.336485
40.035620 116.336653
40.035382 116.336748
40.035166 116.336835
40.034951 116.337073
40.034611 116.337148
40.034405 116.337165
40.034273 116.337166
40.034145 116.337166
40.033675 116.337835
40.033678 116.338015
40.033675 116.338501
0.000000 0.000000
0.000000 0.000000
0.000000 0.000000
0.000000 0.000000
0.000000 0.000000
0.000000 0.000000
0.000000 0.000000
0.000000 0.000000
40.030811 116.340053
40.030806 116.340244
40.030802 116.340406
40.030501 116.340600
40.030102 116.340566
40.029457 116.340756
0.000000 0.000000
40.028761 116.342280
40.028430 116.342278
40.028351 116.342278
0.000000 0.000000
0.000000 0.000000
0.000000 0.000000
40.026197 116.343854
40.026230 116.344106
40.025321 116.344577
40.025349 116.344724
0.000000 0.000000
0.000000 0.000000
40.023053 116.346506
0.000000 0.000000
40.020890 116.347708
40.019686 116.349484
40.017916 116.350465
0.000000 0.000000
40.015969 116.351996
0.000000 0.000000
40.012602 116.354414
40.011409 116.354930
40.011156 116.354973
40.011080 116.355460
40.010569 116.355499
40.010060 116.356298
40.009297 116.356745
40.008679 116.357238
40.008081 116.357936
40.007266 116.357943
0.000000 0.000000
40.006101 116.358933
40.006079 116.359058
40.006062 116.359156
40.006050 116.359227
40.006035 116.359312
40.006016 116.359424
40.005946 116.359829
40.005623 116.359694
40.005533 116.359656
40.005393 116.359597
40.004903 116.359913
40.004721 116.359923
40.004542 116.359933
40.004380 116.359942
40.004264 116.361126
40.004079 116.361150
40.003841 116.361180
40.003354 116.361242
40.003100 116.361275
0.000000 0.000000
0.000000 0.000000
40.001452 116.362520
40.001456 116.362636
40.001459 116.362714
40.001230 116.362841
40.001238 116.363074
40.000512 116.363360
40.000323 116.363500
40.000176 116.363637
40.000000 116.363798
40.000000 116.363968
0.000000 0.000000
39.999046 116.364848
39.998727 116.364864
39.998564 116.364872
39.998397 116.364880
39.998215 116.364889
39.998004 116.364900
39.997799 116.365501
39.997654 116.365533
39.997653 116.365697
39.997056 116.365884
39.996765 116.366168
39.996642 116.366172
39.996444 116.366178
39.996284 116.366573
39.996156 116.366980
39.995925 116.367333
39.995824 116.367487
39.995751 116.367598
0.000000 0.000000
0.000000 0.000000
39.994971 116.368126
39.994593 116.368142
39.994119 116.368163
39.993650 116.368638
39.993016 116.369057
39.992661 116.369228
39.992496 116.369238
39.992257 116.369611
39.992250 116.369789
39.992243 116.369953
39.992239 116.370055
39.991587 116.370613
39.991161 116.370634
39.990856 116.370633
39.990698 116.370627
39.990494 116.370632
39.990343 116.370636
39.990137 116.370642
39.989941 116.370647
39.989682 116.370654
39.989515 116.370659
39.989371 116.371084
39.989371 116.371077
39.989069 116.370677
39.988640 116.370699
39.988171 116.370722
39.987617 116.370554
39.987158 116.370229
39.986691 116.369716
39.986330 116.369376
0.000000 0.000000
0.000000 0.000000
39.986127 116.365510
0.000000 0.000000
0.000000 0.000000
0.000000 0.000000
0.000000 0.000000
39.986384 116.360386
39.986344 116.359155
39.985954 116.358115
0.000000 0.000000
0.000000 0.000000
39.985995 116.355593
0.000000 0.000000
39.985826 116.353658
39.985781 116.352951
39.985952 116.352272
39.985859 116.352305
39.985840 116.351882
39.985874 116.351838
39.985877 116.351833
39.985878 116.351832
0.000000 0.000000
39.985881 116.351829
39.985891 116.351815
39.985898 116.351805
0.000000 0.000000
39.985902 116.351801
39.985975 116.351704
39.986053 116.351517
39.986155 116.351273
39.986155 116.351273
39.986155 116.351273
0.000000 0.000000
0.000000 0.000000
0.000000 0.000000
0.000000 0.000000
0.000000 0.000000
39.986107 116.349392
39.985980 116.349248
39.985878 116.349132
39.985846 116.348795
39.985891 116.348739
39.985919 116.348704
39.985927 116.348694
0.000000 0.000000
39.985929 116.348693
39.985968 116.348644
39.986071 116.348431
39.986069 116.348361
39.986067 116.348326
39.986062 116.348196
39.986056 116.348019
39.986056 116.348019
39.986056 116.348019
39.986056 116.348019
39.986056 116.348019
39.986096 116.347984
39.986213 116.347883
39.986407 116.347190
39.986397 116.346954
39.986396 116.346915
0.000000 0.000000
39.986395 116.346908
39.986395 116.346897
0.000000 0.000000
0.000000 0.000000
0.000000 0.000000
0.000000 0.000000
39.985042 116.346740
39.985051 116.346993
39.985053 116.347035
39.984675 116.347058
0.000000 0.000000
0.000000 0.000000
0.000000 0.000000
0.000000 0.000000
0.000000 0.000000
0.000000 0.000000
0.000000 0.000000
0.000000 0.000000
0.000000 0.000000
0.000000 0.000000
0.000000 0.000000
0.000000 0.000000
39.983207 116.347140
39.983209 116.347180
39.983211 116.347246
39.983214 116.347317
39.982596 116.347665
39.982565 116.347632
39.982559 116.347625
0.000000 0.000000
39.982556 116.347623
39.982545 116.347610
39.982530 116.347595
39.982466 116.347526
39.982438 116.347496
39.982398 116.347453
39.982325 116.347375
39.982204 116.347393
39.982099 116.347421
39.981989 116.347608
39.981270 116.347475
39.981270 116.347476
39.981066 116.348049
39.980966 116.348054
39.980863 116.348059
39.980753 116.348065
39.980676 116.348069
39.980661 116.348069
39.980649 116.348070
39.980612 116.348072
39.980455 116.348080
39.980250 116.348090
39.980067 116.348099
39.979939 116.348106
39.979822 116.348112
39.979701 116.348119
39.979621 116.348123
39.979588 116.348125
39.979556 116.348126
39.979528 116.348128
39.979500 116.348129
39.979342 116.347607
39.979200 116.348143
39.978780 116.348161
39.978644 116.348166
39.978567 116.348169
39.978542 116.348170
39.978515 116.348171
39.978408 116.348176
39.978310 116.348180
39.978284 116.348181
39.978233 116.348183
39.978118 116.348189
39.978061 116.348192
39.978039 116.348193
39.978009 116.348194
39.977952 116.348197
39.977810 116.348203
39.977701 116.348207
39.977561 116.348213
39.977394 116.348220
39.977308 116.348224
39.977195 116.348229
39.976883 116.347784
39.976858 116.347709
39.976829 116.347622
39.976576 116.347707
39.976413 116.347733
39.976345 116.347731
39.976346 116.347759
39.976346 116.347759
39.976346 116.347759
0.000000 0.000000
0.000000 0.000000
0.000000 0.000000
0.000000 0.000000
0.000000 0.000000
0.000000 0.000000
0.000000 0.000000
0.000000 0.000000
0.000000 0.000000
0.000000 0.000000
0.000000 0.000000
0.000000 0.000000
39.974183 116.347150
39.974181 116.347075
39.974180 116.347015
39.974179 116.346975
39.974178 116.346927
39.974177 116.346886
39.974176 116.346850
39.973576 116.347319
39.973480 116.347253
39.973356 116.346603
39.973239 116.346739
39.973156 116.346835
39.973094 116.346907
39.973050 116.346958
39.973050 116.346958
39.973050 116.346958
39.971937 116.346879
39.971936 116.346830
39.971570 116.347263
39.971391 116.347206
39.971283 116.347171
39.971122 116.347120
39.970941 116.347062
39.970495 116.346919
39.970342 116.346870
39.970328 116.346866
39.970286 116.346852
39.970189 116.346821
39.970189 116.346821
39.969751 116.347354
39.969703 116.347353
39.969678 116.347352
39.969554 116.346926
39.969554 116.346927
39.969554 116.346930
39.969555 116.346937
39.969564 116.347347
39.969564 116.347347
39.968761 116.346528
39.968645 116.346652
39.968497 116.346812
39.968356 116.346965
39.968243 116.347087
39.968072 116.347272
39.967727 116.347213
39.967727 116.347218
39.967576 116.347224
39.967455 116.347231
39.967271 116.347587
39.967011 116.347563
39.966917 116.347555
39.966786 116.347543
39.966654 116.347530
39.966541 116.347520
39.966453 116.347512
39.966115 116.347481
39.966047 116.347474
39.965924 116.347463
39.965812 116.347453
39.965664 116.347439
39.965495 116.347423
39.965224 116.347398
39.964685 116.347348
39.963958 116.347281
39.963032 116.347196
39.962009 116.347101
39.961043 116.347012
39.959951 116.347203
39.959212 116.347582
39.958476 116.347250
39.958015 116.347990
0.000000 0.000000
0.000000 0.000000
39.954791 116.348694
39.953861 116.348504
39.952956 116.349255
39.952014 116.349000
0.000000 0.000000
39.950317 116.349282
0.000000 0.000000
0.000000 0.000000
0.000000 0.000000
0.000000 0.000000
0.000000 0.000000
39.945313 116.349865
39.944558 116.350019
39.944168 116.350035
39.943398 116.349906
39.942719 116.349489
39.942243 116.349491
39.940959 116.348915
39.940959 116.348915
39.940878 116.348928
39.940661 116.348962
39.940496 116.348988
39.940323 116.349015
39.940109 116.349048
39.939910 116.348964
39.939689 116.348958
39.939487 116.348830
39.939436 116.348601
39.939376 116.348330
39.939144 116.348088
39.939048 116.347366
39.939062 116.346607
39.938972 116.345819
39.938840 116.344951
39.938726 116.344066
39.938556 116.343336
39.938531 116.342915
39.938639 116.342824
39.938639 116.342819
39.938639 116.342804
39.938637 116.342758
39.938513 116.342562
39.938500 116.342257
39.938360 116.341702
39.938347 116.341418
39.938344 116.341358
39.938344 116.341344
39.938224 116.341324
39.938218 116.341176
39.938120 116.340888
39.938091 116.340324
39.938095 116.339512
39.937096 116.339387
39.937106 116.339462
39.937106 116.339462
39.936886 116.339460
39.936824 116.339459
39.936817 116.339459
39.936797 116.339459
39.936781 116.339458
0.000000 0.000000
0.000000 0.000000
39.936784 116.339459
39.936757 116.339458
39.936697 116.339458
39.936606 116.339457
39.936484 116.339456
