39.999915 116.358904
39.999089 116.358550
39.999725 116.358910
39.999725 116.358910
0.000000 0.000000
39.999725 116.358910
39.999091 116.358614
39.999092 116.358663
39.999093 116.358685
39.999092 116.358679
39.999092 116.358673
39.999092 116.358668
0.000000 0.000000
39.999092 116.358664
39.999092 116.358668
39.999092 116.358665
39.999092 116.358650
39.999092 116.358652
39.999092 116.358654
0.000000 0.000000
39.999092 116.358659
39.999092 116.358666
39.999092 116.358655
39.999090 116.358589
39.999708 116.358512
39.999709 116.358538
39.999710 116.358557
39.999710 116.358552
0.000000 0.000000
39.999710 116.358548
39.999710 116.358557
39.999710 116.358554
39.999710 116.358551
0.000000 0.000000
39.999710 116.358549
39.999709 116.358535
39.999870 116.358906
40.000040 116.358004
40.000248 116.357771
40.000038 116.357108
40.000285 116.356720
39.999972 116.356294
40.000027 116.356237
39.999972 116.356295
0.000000 0.000000
39.999971 116.356297
39.999981 116.356277
40.000000 116.356239
0.000000 0.000000
40.000000 116.354927
39.999839 116.354630
40.000000 116.353447
39.999940 116.353193
39.999850 116.352531
39.999979 116.351751
39.999962 116.351276
39.999667 116.350697
39.999667 116.350697
39.999667 116.350697
0.000000 0.000000
39.999667 116.350697
39.999667 116.350697
0.000000 0.000000
39.999667 116.350697
39.999667 116.350697
39.999667 116.350697
39.999824 116.349763
39.999938 116.349211
39.999883 116.348373
39.999870 116.348004
39.999856 116.347599
39.999836 116.347355
39.999826 116.347258
39.999820 116.347202
39.999819 116.347187
39.999817 116.347170
39.999816 116.347159
0.000000 0.000000
39.999815 116.347153
39.999814 116.347145
39.999810 116.347105
39.999807 116.347080
39.999799 116.347002
39.999794 116.346957
39.999795 116.346962
0.000000 0.000000
39.999795 116.346957
39.999791 116.346928
39.999766 116.346683
39.999746 116.346495
0.000000 0.000000
0.000000 0.000000
39.997883 116.346664
39.997218 116.346431
39.996605 116.346466
39.996032 116.347259
39.995733 116.347225
39.995625 116.347226
39.995822 116.347225
39.995822 116.347225
39.995631 116.347226
0.000000 0.000000
39.995822 116.347225
39.995581 116.347226
39.995349 116.347227
39.994774 116.346699
39.994487 116.346697
39.993989 116.346713
39.993769 116.346710
39.993121 116.346781
39.992124 116.347275
39.991807 116.346744
39.991624 116.347032
39.991053 116.346885
39.991069 116.347340
39.991055 116.346918
39.990288 116.347355
39.990288 116.347355
0.000000 0.000000
0.000000 0.000000
0.000000 0.000000
0.000000 0.000000
39.988795 116.347057
39.988795 116.347044
39.988795 116.347040
0.000000 0.000000
39.988795 116.347040
39.988795 116.347036
39.988800 116.347458
39.988607 116.347463
39.988157 116.347476
39.987401 116.346909
39.987249 116.346878
39.986557 116.347025
39.986399 116.347009
0.000000 0.000000
0.000000 0.000000
39.985697 116.345955
39.985353 116.345407
39.985705 116.344868
39.985647 116.344078
39.985560 116.343328
39.985455 116.342793
0.000000 0.000000
39.985507 116.340699
39.985504 116.340699
39.985851 116.339984
39.985847 116.339613
39.985847 116.339601
39.985847 116.339602
39.985847 116.339606
0.000000 0.000000
39.985847 116.339609
39.985845 116.339469
0.000000 0.000000
0.000000 0.000000
39.985029 116.337952
39.985147 116.337290
39.985266 116.336623
39.985349 116.336155
39.984960 116.334534
39.984960 116.334534
39.985088 116.333326
39.984756 116.332476
39.984986 116.331768
39.985003 116.330994
39.984952 116.329678
39.984952 116.329678
0.000000 0.000000
0.000000 0.000000
39.984978 116.327327
39.984980 116.327327
39.984981 116.327327
39.984982 116.327327
39.984985 116.327327
39.984984 116.327327
39.984984 116.327327
39.984984 116.327327
39.984984 116.327327
39.984983 116.327327
39.984984 116.327327
0.000000 0.000000
39.984985 116.327327
39.984994 116.327327
39.985002 116.327327
39.985010 116.327327
0.000000 0.000000
39.985013 116.327327
39.985015 116.327327
39.985017 116.327327
39.985000 116.327269
39.984979 116.327270
0.000000 0.000000
0.000000 0.000000
0.000000 0.000000
39.984887 116.324728
39.984872 116.324728
39.984856 116.324729
39.984834 116.324729
39.984472 116.324741
39.984757 116.324732
39.984456 116.324305
39.984439 116.323829
39.984420 116.323287
39.984751 116.322815
39.984393 116.322480
39.984648 116.322820
39.984392 116.322447
39.984683 116.322818
39.984391 116.322428
39.984391 116.322433
0.000000 0.000000
39.984391 116.322430
39.984390 116.322382
39.984382 116.322129
39.984377 116.321942
39.984371 116.321743
39.984358 116.321336
39.984344 116.320842
39.984618 116.320159
39.984640 116.320157
0.000000 0.000000
0.000000 0.000000
39.984999 116.317376
39.984841 116.316900
39.984751 116.316627
39.984735 116.316580
0.000000 0.000000
39.984735 116.316578
39.984648 116.316527
39.984609 116.316357
39.984222 116.315966
39.984203 116.315465
39.984182 116.314891
39.984180 116.314241
39.984491 116.313675
39.984116 116.313109
39.984360 116.312115
39.984390 116.311825
39.984301 116.311836
39.984377 116.310947
39.984312 116.310567
39.984215 116.310238
39.984207 116.309722
39.984372 116.309396
39.984351 116.308975
39.983964 116.308747
39.983961 116.308667
0.000000 0.000000
39.984376 116.308232
39.983960 116.308650
0.000000 0.000000
39.983960 116.308644
39.983957 116.308547
39.984390 116.308232
39.984406 116.308232
39.984403 116.308232
39.984402 116.308232
39.984401 116.308232
0.000000 0.000000
39.984401 116.308232
39.984427 116.308233
39.984381 116.308101
39.984357 116.308100
0.000000 0.000000
39.984178 116.306601
39.984231 116.306586
39.984193 116.305702
39.984021 116.305253
39.984032 116.304503
39.984125 116.303866
39.984134 116.303221
39.984227 116.302504
39.984224 116.301788
39.984309 116.301256
39.984244 116.300702
39.984197 116.300232
39.984263 116.299838
39.984228 116.299841
39.984229 116.299841
39.984229 116.299841
0.000000 0.000000
39.984228 116.299841
39.984228 116.299841
39.984228 116.299841
39.984227 116.299841
39.984226 116.299841
39.984226 116.299841
39.984226 116.299841
39.984224 116.299841
0.000000 0.000000
39.984225 116.299841
39.984219 116.299842
39.984128 116.299674
39.984097 116.299481
39.984093 116.299451
39.984096 116.299471
39.984101 116.299503
39.984103 116.299517
39.984105 116.299525
0.000000 0.000000
39.983933 116.299908
39.983917 116.299908
39.983493 116.299731
39.983162 116.299592
39.982849 116.299505
39.982569 116.299613
39.982318 116.299709
39.981994 116.299833
39.981828 116.299896
39.981701 116.299945
39.981680 116.299953
39.981489 116.300026
0.000000 0.000000
0.000000 0.000000
0.000000 0.000000
0.000000 0.000000
39.978879 116.300574
39.978856 116.300576
39.978848 116.300577
39.978843 116.300577
39.978838 116.300578
39.978834 116.300578
0.000000 0.000000
39.978828 116.300579
39.978797 116.300582
39.978504 116.300611
0.000000 0.000000
0.000000 0.000000
0.000000 0.000000
0.000000 0.000000
0.000000 0.000000
0.000000 0.000000
0.000000 0.000000
0.000000 0.000000
0.000000 0.000000
0.000000 0.000000
0.000000 0.000000
0.000000 0.000000
0.000000 0.000000
39.974489 116.300256
39.974489 116.300258
39.974489 116.300260
39.974489 116.300262
39.974489 116.300264
0.000000 0.000000
39.974489 116.300265
39.974489 116.300268
39.974489 116.300269
39.974490 116.300270
39.974490 116.300269
39.974490 116.300271
0.000000 0.000000
39.974490 116.300272
39.974490 116.300274
39.974490 116.300275
0.000000 0.000000
39.974490 116.300276
39.974490 116.300276
39.974490 116.300278
39.974490 116.300279
39.974490 116.300279
39.974490 116.300280
0.000000 0.000000
39.974490 116.300280
39.974490 116.300278
0.000000 0.000000
0.000000 0.000000
39.974490 116.300272
39.974396 116.300244
39.974396 116.300247
0.000000 0.000000
0.000000 0.000000
0.000000 0.000000
0.000000 0.000000
0.000000 0.000000
39.971125 116.300595
39.971085 116.300766
0.000000 0.000000
39.970525 116.301309
0.000000 0.000000
0.000000 0.000000
0.000000 0.000000
0.000000 0.000000
0.000000 0.000000
0.000000 0.000000
0.000000 0.000000
0.000000 0.000000
39.970232 116.301314
39.970193 116.301315
39.970144 116.301316
39.970100 116.301317
39.970052 116.301318
39.970072 116.301318
39.970046 116.301318
39.969962 116.301320
39.969916 116.301321
39.969827 116.301322
39.969778 116.301323
39.969817 116.301323
39.969838 116.301322
39.969824 116.301322
39.969774 116.301323
39.969659 116.301326
39.969557 116.301328
39.969447 116.301330
39.969391 116.301331
39.969391 116.301331
39.969391 116.301331
39.969381 116.301336
0.000000 0.000000
0.000000 0.000000
0.000000 0.000000
0.000000 0.000000
0.000000 0.000000
0.000000 0.000000
0.000000 0.000000
0.000000 0.000000
0.000000 0.000000
0.000000 0.000000
0.000000 0.000000
0.000000 0.000000
0.000000 0.000000
0.000000 0.000000
0.000000 0.000000
0.000000 0.000000
0.000000 0.000000
0.000000 0.000000
0.000000 0.000000
0.000000 0.000000
0.000000 0.000000
0.000000 0.000000
0.000000 0.000000
0.000000 0.000000
0.000000 0.000000
0.000000 0.000000
0.000000 0.000000
0.000000 0.000000
0.000000 0.000000
0.000000 0.000000
0.000000 0.000000
0.000000 0.000000
0.000000 0.000000
0.000000 0.000000
0.000000 0.000000
0.000000 0.000000
0.000000 0.000000
0.000000 0.000000
0.000000 0.000000
0.000000 0.000000
39.971173 116.300395
39.971173 116.300397
39.971170 116.300410
39.971167 116.300419
0.000000 0.000000
39.971167 116.300421
39.971190 116.300324
39.971206 116.300258
39.971215 116.300222
39.971214 116.300225
39.971222 116.300191
39.971235 116.300136
39.971242 116.300106
39.971258 116.300042
39.971265 116.300012
0.000000 0.000000
0.000000 0.000000
0.000000 0.000000
0.000000 0.000000
0.000000 0.000000
0.000000 0.000000
0.000000 0.000000
0.000000 0.000000
0.000000 0.000000
0.000000 0.000000
0.000000 0.000000
0.000000 0.000000
0.000000 0.000000
0.000000 0.000000
39.971891 116.299173
39.972110 116.298924
39.971986 116.299065
39.972110 116.298924
39.972110 116.298924
39.972151 116.298924
39.972110 116.298924
39.972110 116.298924
39.972154 116.298924
39.972110 116.298891
39.972111 116.298837
39.972084 116.298751
39.972071 116.298737
39.972112 116.298812
39.972061 116.298727
39.972052 116.298718
39.972047 116.298712
39.972046 116.298711
0.000000 0.000000
39.972050 116.298715
39.972550 116.298782
39.972319 116.298780
39.972096 116.298763
39.971931 116.298594
39.971857 116.298519
39.971792 116.298452
39.971764 116.298424
39.971765 116.298425
39.971750 116.298410
39.971746 116.298405
0.000000 0.000000
39.971745 116.298405
39.971740 116.298399
39.971742 116.298401
39.971739 116.298398
39.971739 116.298398
39.971740 116.298400
0.000000 0.000000
39.971745 116.298405
39.971763 116.298423
39.971793 116.298453
39.971805 116.298466
39.971852 116.298514
39.971821 116.298482
39.971863 116.298525
39.971859 116.298521
39.971861 116.298523
0.000000 0.000000
39.971863 116.298525
39.971824 116.298485
39.971767 116.298427
39.971721 116.298379
39.971729 116.298389
39.971726 116.298385
0.000000 0.000000
39.971729 116.298388
39.971741 116.298400
39.971724 116.298383
39.971723 116.298382
39.971722 116.298381
39.971718 116.298377
39.971714 116.298373
39.971711 116.298369
0.000000 0.000000
39.971711 116.298370
39.971745 116.298404
39.971549 116.298204
39.971520 116.298175
39.971521 116.298176
39.971523 116.298178
0.000000 0.000000
39.971524 116.298179
39.971539 116.298194
39.971626 116.298283
39.971708 116.298367
39.971695 116.298353
39.971700 116.298358
39.971718 116.298377
39.971703 116.298362
39.971714 116.298373
39.971721 116.298379
39.971742 116.298401
39.971763 116.298422
39.971775 116.298436
0.000000 0.000000
0.000000 0.000000
39.971774 116.298434
39.971778 116.298438
0.000000 0.000000
39.971778 116.298438
39.971760 116.298420
39.971766 116.298425
39.971770 116.298430
0.000000 0.000000
39.971772 116.298432
39.971760 116.298420
39.971756 116.298416
39.971753 116.298413
39.971746 116.298405
39.971743 116.298403
39.971746 116.298405
39.971751 116.298411
39.971756 116.298415
39.971760 116.298420
0.000000 0.000000
39.971763 116.298423
39.971744 116.298404
39.971748 116.298407
0.000000 0.000000
39.971748 116.298407
39.971748 116.298408
39.971752 116.298412
39.971756 116.298416
0.000000 0.000000
39.971758 116.298418
39.971752 116.298411
39.971720 116.298379
39.971715 116.298374
39.971710 116.298369
39.971708 116.298366
0.000000 0.000000
39.971707 116.298366
39.971700 116.298358
39.971655 116.298313
39.971590 116.298246
39.971590 116.298246
0.000000 0.000000
39.971589 116.298245
39.971583 116.298239
0.000000 0.000000
39.971583 116.298239
39.971590 116.298246
39.971595 116.298251
39.971608 116.298264
39.971613 116.298270
39.971617 116.298273
39.971620 116.298277
39.971622 116.298278
39.971620 116.298277
39.971620 116.298277
0.000000 0.000000
39.971622 116.298279
39.971628 116.298285
39.971634 116.298291
39.971632 116.298289
0.000000 0.000000
39.971633 116.298290
39.971651 116.298308
39.971664 116.298322
39.971694 116.298352
39.971708 116.298366
39.971688 116.298346
39.971675 116.298333
0.000000 0.000000
39.971672 116.298330
39.971681 116.298339
39.971677 116.298335
39.971675 116.298333
39.971677 116.298335
39.971676 116.298334
0.000000 0.000000
39.971681 116.298339
39.971688 116.298346
39.971665 116.298322
39.971640 116.298297
39.971635 116.298292
0.000000 0.000000
39.971633 116.298290
39.971606 116.298262
39.971566 116.298222
39.971526 116.298181
39.971520 116.298175
0.000000 0.000000
39.971514 116.298168
39.971503 116.298157
39.971484 116.298138
39.971455 116.298109
39.971440 116.298093
39.971437 116.298090
0.000000 0.000000
39.971437 116.298090
39.971443 116.298096
0.000000 0.000000
39.971447 116.298100
39.971500 116.298155
39.971543 116.298198
39.971565 116.298221
39.971560 116.298216
0.000000 0.000000
39.971567 116.298222
39.971582 116.298238
39.971582 116.298238
39.971580 116.298236
0.000000 0.000000
39.971577 116.298233
39.971569 116.298224
39.971579 116.298235
39.971580 116.298236
39.971578 116.298234
39.971576 116.298232
0.000000 0.000000
39.971579 116.298235
39.971586 116.298242
39.971592 116.298248
39.971589 116.298246
39.971586 116.298242
39.971584 116.298240
0.000000 0.000000
39.971587 116.298244
39.971604 116.298261
39.971616 116.298273
39.971623 116.298280
39.971628 116.298285
39.971633 116.298290
0.000000 0.000000
39.971635 116.298292
39.971662 116.298319
39.971702 116.298361
39.971722 116.298381
39.971730 116.298389
0.000000 0.000000
39.971725 116.298384
39.971667 116.298324
39.971641 116.298299
39.971638 116.298296
39.971636 116.298293
0.000000 0.000000
39.971639 116.298297
39.971645 116.298302
39.971649 116.298306
39.971654 116.298312
0.000000 0.000000
39.971656 116.298314
39.971663 116.298321
39.971676 116.298334
39.971694 116.298352
39.971695 116.298353
39.971699 116.298358
39.971703 116.298362
39.971704 116.298363
39.971708 116.298366
39.971709 116.298367
0.000000 0.000000
39.971707 116.298365
39.971725 116.298384
39.971735 116.298394
39.971741 116.298400
39.971773 116.298433
39.971787 116.298448
39.971795 116.298456
39.971809 116.298470
39.971846 116.298508
39.971870 116.298532
39.971893 116.298555
39.971918 116.298581
39.971938 116.298602
39.971931 116.298594
39.971943 116.298607
39.971917 116.298580
39.972014 116.299034
39.971993 116.299057
39.971979 116.299074
39.972010 116.299037
39.971912 116.298575
39.971901 116.298564
39.971864 116.298526
39.971820 116.298481
39.971787 116.298447
39.971751 116.298410
39.971926 116.298590
39.971957 116.298621
39.971969 116.298633
39.971951 116.298615
39.972037 116.299008
39.972044 116.298999
39.971955 116.298619
0.000000 0.000000
39.971957 116.298621
39.971970 116.298634
39.971977 116.298641
39.971968 116.298633
0.000000 0.000000
39.971972 116.298637
39.971977 116.298642
39.971978 116.298642
39.971980 116.298644
39.971981 116.298646
39.971985 116.298649
39.971983 116.298647
0.000000 0.000000
39.971978 116.298643
39.971992 116.298657
39.972068 116.298734
39.972434 116.298781
39.972548 116.298923
39.972626 116.298922
39.972676 116.298922
39.972656 116.298922
39.972627 116.298922
39.972470 116.298923
39.972337 116.298923
39.972086 116.298951
39.972054 116.298987
39.972110 116.298924
39.971986 116.299065
39.971957 116.299099
39.971928 116.299131
0.000000 0.000000
39.971926 116.299133
39.971974 116.299078
39.972110 116.298924
39.972110 116.298924
39.972110 116.298924
39.972110 116.298924
39.972028 116.299018
39.972042 116.299002
39.972057 116.298984
39.972080 116.298958
39.972110 116.298915
39.972110 116.298892
0.000000 0.000000
39.972110 116.298890
39.972110 116.298889
39.972111 116.298887
0.000000 0.000000
39.972111 116.298886
39.972178 116.298779
39.972139 116.298779
39.972095 116.298762
39.972094 116.298761
39.972096 116.298763
0.000000 0.000000
39.972091 116.298758
39.972084 116.298751
39.972082 116.298749
39.972070 116.298736
0.000000 0.000000
39.972067 116.298733
39.972119 116.298779
39.972112 116.298779
39.972005 116.298669
39.971965 116.298629
39.971963 116.298627
0.000000 0.000000
39.971962 116.298625
39.971957 116.298620
39.971956 116.298620
0.000000 0.000000
39.971952 116.298616
39.971948 116.298611
0.000000 0.000000
39.971945 116.298608
39.971950 116.298614
39.971973 116.298637
39.971992 116.298657
39.971984 116.298648
39.971892 116.298554
39.972011 116.299036
39.971999 116.299051
39.971881 116.298543
39.971879 116.298541
39.972004 116.299044
39.972006 116.299042
39.971880 116.298542
39.972112 116.298779
39.971877 116.298539
39.972008 116.299040
39.971879 116.298541
0.000000 0.000000
39.971875 116.298537
39.971820 116.298481
39.971807 116.298468
0.000000 0.000000
39.971803 116.298464
39.971797 116.298457
39.971796 116.298456
39.971801 116.298461
39.971810 116.298471
39.971841 116.298503
39.971869 116.298531
39.971886 116.298549
39.971929 116.298592
39.971952 116.298616
39.971960 116.298624
39.971993 116.298657
39.971999 116.298664
39.971994 116.298658
39.972004 116.298668
39.972012 116.298676
39.972030 116.298695
39.972039 116.298705
39.972040 116.298706
39.972040 116.298705
39.972039 116.298705
0.000000 0.000000
39.972035 116.298700
39.972028 116.298694
39.972140 116.298779
39.972222 116.298780
39.972112 116.298779
0.000000 0.000000
39.972227 116.298780
39.972239 116.298780
39.972248 116.298780
39.972244 116.298924
39.972222 116.298924
39.972110 116.298924
39.972110 116.298924
39.971982 116.299070
39.971919 116.299142
39.971854 116.299215
39.971806 116.299271
39.971764 116.299318
39.971743 116.299341
0.000000 0.000000
0.000000 0.000000
0.000000 0.000000
0.000000 0.000000
0.000000 0.000000
0.000000 0.000000
0.000000 0.000000
0.000000 0.000000
0.000000 0.000000
0.000000 0.000000
0.000000 0.000000
0.000000 0.000000
0.000000 0.000000
0.000000 0.000000
0.000000 0.000000
0.000000 0.000000
0.000000 0.000000
0.000000 0.000000
0.000000 0.000000
0.000000 0.000000
0.000000 0.000000
0.000000 0.000000
0.000000 0.000000
0.000000 0.000000
0.000000 0.000000
0.000000 0.000000
0.000000 0.000000
0.000000 0.000000
0.000000 0.000000
0.000000 0.000000
0.000000 0.000000
0.000000 0.000000
0.000000 0.000000
0.000000 0.000000
0.000000 0.000000
0.000000 0.000000
0.000000 0.000000
0.000000 0.000000
0.000000 0.000000
0.000000 0.000000
0.000000 0.000000
0.000000 0.000000
0.000000 0.000000
0.000000 0.000000
0.000000 0.000000
0.000000 0.000000
0.000000 0.000000
0.000000 0.000000
0.000000 0.000000
0.000000 0.000000
0.000000 0.000000
0.000000 0.000000
0.000000 0.000000
0.000000 0.000000
0.000000 0.000000
0.000000 0.000000
0.000000 0.000000
0.000000 0.000000
0.000000 0.000000
0.000000 0.000000
0.000000 0.000000
0.000000 0.000000
0.000000 0.000000
0.000000 0.000000
0.000000 0.000000
0.000000 0.000000
0.000000 0.000000
0.000000 0.000000
0.000000 0.000000
0.000000 0.000000
0.000000 0.000000
0.000000 0.000000
0.000000 0.000000
0.000000 0.000000
0.000000 0.000000
0.000000 0.000000
0.000000 0.000000
0.000000 0.000000
0.000000 0.000000
0.000000 0.000000
0.000000 0.000000
0.000000 0.000000
0.000000 0.000000
0.000000 0.000000
0.000000 0.000000
0.000000 0.000000
0.000000 0.000000
0.000000 0.000000
0.000000 0.000000
0.000000 0.000000
0.000000 0.000000
0.000000 0.000000
0.000000 0.000000
0.000000 0.000000
0.000000 0.000000
0.000000 0.000000
0.000000 0.000000
0.000000 0.000000
0.000000 0.000000
0.000000 0.000000
0.000000 0.000000
0.000000 0.000000
0.000000 0.000000
0.000000 0.000000
0.000000 0.000000
0.000000 0.000000
0.000000 0.000000
0.000000 0.000000
0.000000 0.000000
0.000000 0.000000
0.000000 0.000000
0.000000 0.000000
0.000000 0.000000
0.000000 0.000000
0.000000 0.000000
0.000000 0.000000
0.000000 0.000000
0.000000 0.000000
0.000000 0.000000
0.000000 0.000000
0.000000 0.000000
0.000000 0.000000
0.000000 0.000000
0.000000 0.000000
0.000000 0.000000
0.000000 0.000000
0.000000 0.000000
0.000000 0.000000
0.000000 0.000000
0.000000 0.000000
0.000000 0.000000
0.000000 0.000000
0.000000 0.000000
0.000000 0.000000
0.000000 0.000000
0.000000 0.000000
0.000000 0.000000
0.000000 0.000000
0.000000 0.000000
0.000000 0.000000
0.000000 0.000000
0.000000 0.000000
0.000000 0.000000
0.000000 0.000000
0.000000 0.000000
0.000000 0.000000
0.000000 0.000000
0.000000 0.000000
0.000000 0.000000
0.000000 0.000000
0.000000 0.000000
0.000000 0.000000
0.000000 0.000000
0.000000 0.000000
0.000000 0.000000
0.000000 0.000000
0.000000 0.000000
0.000000 0.000000
0.000000 0.000000
0.000000 0.000000
0.000000 0.000000
0.000000 0.000000
0.000000 0.000000
0.000000 0.000000
0.000000 0.000000
0.000000 0.000000
0.000000 0.000000
0.000000 0.000000
0.000000 0.000000
0.000000 0.000000
0.000000 0.000000
0.000000 0.000000
0.000000 0.000000
0.000000 0.000000
0.000000 0.000000
0.000000 0.000000
0.000000 0.000000
0.000000 0.000000
0.000000 0.000000
0.000000 0.000000
0.000000 0.000000
0.000000 0.000000
0.000000 0.000000
0.000000 0.000000
0.000000 0.000000
0.000000 0.000000
0.000000 0.000000
0.000000 0.000000
0.000000 0.000000
0.000000 0.000000
0.000000 0.000000
0.000000 0.000000
0.000000 0.000000
0.000000 0.000000
0.000000 0.000000
0.000000 0.000000
0.000000 0.000000
0.000000 0.000000
0.000000 0.000000
0.000000 0.000000
0.000000 0.000000
0.000000 0.000000
0.000000 0.000000
0.000000 0.000000
0.000000 0.000000
0.000000 0.000000
0.000000 0.000000
0.000000 0.000000
0.000000 0.000000
0.000000 0.000000
0.000000 0.000000
0.000000 0.000000
0.000000 0.000000
0.000000 0.000000
0.000000 0.000000
0.000000 0.000000
0.000000 0.000000
0.000000 0.000000
0.000000 0.000000
0.000000 0.000000
0.000000 0.000000
0.000000 0.000000
0.000000 0.000000
0.000000 0.000000
0.000000 0.000000
0.000000 0.000000
0.000000 0.000000
0.000000 0.000000
0.000000 0.000000
0.000000 0.000000
0.000000 0.000000
0.000000 0.000000
0.000000 0.000000
0.000000 0.000000
0.000000 0.000000
0.000000 0.000000
0.000000 0.000000
0.000000 0.000000
0.000000 0.000000
0.000000 0.000000
0.000000 0.000000
0.000000 0.000000
0.000000 0.000000
0.000000 0.000000
0.000000 0.000000
0.000000 0.000000
0.000000 0.000000
0.000000 0.000000
0.000000 0.000000
0.000000 0.000000
0.000000 0.000000
0.000000 0.000000
0.000000 0.000000
0.000000 0.000000
0.000000 0.000000
0.000000 0.000000
0.000000 0.000000
0.000000 0.000000
0.000000 0.000000
0.000000 0.000000
0.000000 0.000000
0.000000 0.000000
0.000000 0.000000
0.000000 0.000000
0.000000 0.000000
0.000000 0.000000
0.000000 0.000000
0.000000 0.000000
0.000000 0.000000
0.000000 0.000000
0.000000 0.000000
0.000000 0.000000
0.000000 0.000000
0.000000 0.000000
0.000000 0.000000
0.000000 0.000000
0.000000 0.000000
0.000000 0.000000
0.000000 0.000000
0.000000 0.000000
0.000000 0.000000
0.000000 0.000000
0.000000 0.000000
0.000000 0.000000
0.000000 0.000000
0.000000 0.000000
0.000000 0.000000
0.000000 0.000000
0.000000 0.000000
0.000000 0.000000
0.000000 0.000000
0.000000 0.000000
0.000000 0.000000
0.000000 0.000000
0.000000 0.000000
0.000000 0.000000
0.000000 0.000000
0.000000 0.000000
0.000000 0.000000
0.000000 0.000000
0.000000 0.000000
0.000000 0.000000
0.000000 0.000000
0.000000 0.000000
0.000000 0.000000
39.971158 116.300458
39.971149 116.300494
39.971142 116.300524
39.971135 116.300553
39.971131 116.300570
39.971133 116.300563
39.971136 116.300552
39.971138 116.300540
39.971141 116.300531
39.971140 116.300534
0.000000 0.000000
39.971139 116.300537
39.971129 116.300580
0.000000 0.000000
39.971129 116.300579
39.971128 116.300584
39.971127 116.300588
39.971127 116.300590
39.971120 116.300617
39.971116 116.300636
39.971107 116.300673
0.000000 0.000000
0.000000 0.000000
0.000000 0.000000
0.000000 0.000000
0.000000 0.000000
0.000000 0.000000
0.000000 0.000000
0.000000 0.000000
0.000000 0.000000
0.000000 0.000000
0.000000 0.000000
0.000000 0.000000
39.970118 116.301317
39.970038 116.301318
39.969961 116.301320
0.000000 0.000000
0.000000 0.000000
0.000000 0.000000
0.000000 0.000000
0.000000 0.000000
0.000000 0.000000
0.000000 0.000000
0.000000 0.000000
0.000000 0.000000
0.000000 0.000000
0.000000 0.000000
0.000000 0.000000
0.000000 0.000000
0.000000 0.000000
0.000000 0.000000
0.000000 0.000000
39.969472 116.301329
39.969503 116.301329
0.000000 0.000000
39.969391 116.301331
39.969561 116.301328
39.969626 116.301326
0.000000 0.000000
0.000000 0.000000
0.000000 0.000000
0.000000 0.000000
0.000000 0.000000
0.000000 0.000000
0.000000 0.000000
0.000000 0.000000
0.000000 0.000000
39.971182 116.300357
39.971261 116.300029
39.971522 116.299594
0.000000 0.000000
0.000000 0.000000
0.000000 0.000000
0.000000 0.000000
0.000000 0.000000
0.000000 0.000000
0.000000 0.000000
0.000000 0.000000
0.000000 0.000000
0.000000 0.000000
0.000000 0.000000
0.000000 0.000000
0.000000 0.000000
0.000000 0.000000
0.000000 0.000000
0.000000 0.000000
0.000000 0.000000
0.000000 0.000000
0.000000 0.000000
0.000000 0.000000
0.000000 0.000000
0.000000 0.000000
0.000000 0.000000
0.000000 0.000000
0.000000 0.000000
39.974383 116.299877
39.974476 116.299893
0.000000 0.000000
0.000000 0.000000
0.000000 0.000000
0.000000 0.000000
0.000000 0.000000
0.000000 0.000000
0.000000 0.000000
0.000000 0.000000
0.000000 0.000000
0.000000 0.000000
0.000000 0.000000
0.000000 0.000000
0.000000 0.000000
0.000000 0.000000
0.000000 0.000000
0.000000 0.000000
0.000000 0.000000
0.000000 0.000000
0.000000 0.000000
0.000000 0.000000
0.000000 0.000000
0.000000 0.000000
0.000000 0.000000
0.000000 0.000000
0.000000 0.000000
0.000000 0.000000
0.000000 0.000000
0.000000 0.000000
0.000000 0.000000
0.000000 0.000000
0.000000 0.000000
39.980464 116.300419
39.980722 116.300320
39.980892 116.300255
39.980999 116.300214
39.981065 116.300189
39.981182 116.300144
39.981398 116.300061
39.981798 116.299908
39.982188 116.299759
0.000000 0.000000
39.982905 116.299484
39.983036 116.299539
39.983390 116.299688
39.983534 116.300233
39.983584 116.300421
39.983621 116.300933
39.983691 116.301522
39.983874 116.302086
39.984070 116.302761
39.984145 116.303303
39.984103 116.304020
39.983948 116.304554
39.983948 116.304554
0.000000 0.000000
39.983948 116.304554
39.983948 116.304554
39.983948 116.304554
39.983948 116.304554
39.983948 116.304554
39.983969 116.304752
39.983958 116.305016
39.983966 116.305205
39.983963 116.305580
39.983963 116.305599
39.984109 116.306621
39.984001 116.306652
39.984020 116.308096
39.984019 116.308225
39.983976 116.309094
39.983999 116.309704
39.984018 116.310229
39.984030 116.310618
39.984039 116.310867
39.984051 116.311164
39.984070 116.311699
39.984089 116.312238
39.984065 116.312700
39.984113 116.313017
39.984119 116.313228
39.984119 116.313232
39.984119 116.313235
39.984119 116.313232
0.000000 0.000000
39.984119 116.313235
39.984123 116.313393
39.984086 116.313697
39.984121 116.314066
39.984157 116.314479
39.984181 116.314856
39.984191 116.315133
39.984197 116.315280
39.984197 116.315300
39.984200 116.315369
39.984207 116.315562
39.984212 116.315702
39.984215 116.315779
39.984216 116.315808
39.984216 116.315799
0.000000 0.000000
39.984216 116.315804
39.984222 116.315958
39.984062 116.316410
39.984238 116.316395
0.000000 0.000000
0.000000 0.000000
0.000000 0.000000
0.000000 0.000000
39.984324 116.320179
39.984335 116.320542
39.984346 116.320912
39.984347 116.320944
39.984347 116.320938
0.000000 0.000000
39.984347 116.320944
39.984347 116.320956
39.984347 116.320961
39.984347 116.320964
0.000000 0.000000
39.984347 116.320957
0.000000 0.000000
39.984347 116.320956
39.984347 116.320965
39.984353 116.321158
39.984363 116.321497
39.984380 116.322042
39.984398 116.322650
39.984310 116.323271
39.984324 116.323778
39.984336 116.324217
39.984343 116.324506
39.984345 116.324550
39.984345 116.324551
39.984345 116.324550
0.000000 0.000000
39.984345 116.324556
39.984345 116.324572
39.984324 116.324750
39.984350 116.324749
0.000000 0.000000
0.000000 0.000000
0.000000 0.000000
0.000000 0.000000
0.000000 0.000000
0.000000 0.000000
0.000000 0.000000
0.000000 0.000000
0.000000 0.000000
0.000000 0.000000
0.000000 0.000000
0.000000 0.000000
0.000000 0.000000
0.000000 0.000000
0.000000 0.000000
0.000000 0.000000
0.000000 0.000000
0.000000 0.000000
0.000000 0.000000
0.000000 0.000000
0.000000 0.000000
0.000000 0.000000
39.984190 116.327342
39.984279 116.327315
39.984403 116.327338
0.000000 0.000000
39.984629 116.329697
39.984595 116.329699
39.984713 116.331009
39.984884 116.331597
39.984736 116.332584
39.984923 116.333434
39.984960 116.334534
39.984485 116.335335
39.985189 116.336201
39.985124 116.336918
39.985068 116.337531
39.985029 116.337952
0.000000 0.000000
0.000000 0.000000
0.000000 0.000000
39.985160 116.340120
39.985022 116.340081
39.985031 116.340084
39.985030 116.340083
0.000000 0.000000
0.000000 0.000000
0.000000 0.000000
0.000000 0.000000
0.000000 0.000000
0.000000 0.000000
0.000000 0.000000
0.000000 0.000000
0.000000 0.000000
0.000000 0.000000
0.000000 0.000000
0.000000 0.000000
39.985029 116.337952
39.985029 116.337952
39.985029 116.337952
39.985029 116.337952
39.985029 116.337952
39.985029 116.337952
39.985029 116.337952
39.985029 116.337952
39.985029 116.337952
0.000000 0.000000
0.000000 0.000000
0.000000 0.000000
0.000000 0.000000
0.000000 0.000000
0.000000 0.000000
0.000000 0.000000
39.983874 116.337598
39.983842 116.337627
39.983797 116.337669
39.983763 116.337701
39.983713 116.337747
39.983674 116.337783
39.983630 116.337824
39.983555 116.337893
39.983531 116.337915
39.983500 116.337944
39.983493 116.337951
39.983491 116.337953
39.983478 116.337965
39.983460 116.337981
39.983447 116.337994
39.983381 116.338055
39.983331 116.338101
39.983290 116.338139
39.983239 116.338186
39.983205 116.338217
39.983194 116.338227
39.983145 116.338273
39.983083 116.338330
39.983021 116.338387
39.982966 116.338439
39.982924 116.338477
39.982859 116.338538
39.982828 116.338567
39.982799 116.338593
39.982769 116.338621
39.982717 116.338670
39.982679 116.338705
39.982645 116.338736
0.000000 0.000000
0.000000 0.000000
0.000000 0.000000
0.000000 0.000000
0.000000 0.000000
0.000000 0.000000
0.000000 0.000000
0.000000 0.000000
0.000000 0.000000
0.000000 0.000000
0.000000 0.000000
0.000000 0.000000
0.000000 0.000000
0.000000 0.000000
0.000000 0.000000
0.000000 0.000000
0.000000 0.000000
0.000000 0.000000
0.000000 0.000000
0.000000 0.000000
0.000000 0.000000
0.000000 0.000000
0.000000 0.000000
0.000000 0.000000
0.000000 0.000000
0.000000 0.000000
0.000000 0.000000
0.000000 0.000000
0.000000 0.000000
0.000000 0.000000
0.000000 0.000000
0.000000 0.000000
0.000000 0.000000
0.000000 0.000000
0.000000 0.000000
0.000000 0.000000
0.000000 0.000000
0.000000 0.000000
0.000000 0.000000
0.000000 0.000000
0.000000 0.000000
0.000000 0.000000
0.000000 0.000000
0.000000 0.000000
0.000000 0.000000
0.000000 0.000000
0.000000 0.000000
0.000000 0.000000
0.000000 0.000000
0.000000 0.000000
0.000000 0.000000
39.980311 116.338660
39.980185 116.338580
39.980179 116.338576
39.980174 116.338573
39.980163 116.338566
39.980133 116.338547
39.980124 116.338541
39.980205 116.338592
39.980233 116.338611
39.980265 116.338631
39.980308 116.338658
39.980355 116.338688
39.980393 116.338712
39.980417 116.338727
39.980445 116.338745
39.980444 116.338744
39.980494 116.338776
39.980494 116.338776
39.980494 116.338776
39.980494 116.338776
39.980494 116.338776
39.980477 116.338765
0.000000 0.000000
0.000000 0.000000
0.000000 0.000000
39.979579 116.339016
39.979579 116.339016
0.000000 0.000000
0.000000 0.000000
0.000000 0.000000
0.000000 0.000000
0.000000 0.000000
0.000000 0.000000
0.000000 0.000000
0.000000 0.000000
0.000000 0.000000
0.000000 0.000000
0.000000 0.000000
0.000000 0.000000
0.000000 0.000000
0.000000 0.000000
0.000000 0.000000
0.000000 0.000000
0.000000 0.000000
0.000000 0.000000
0.000000 0.000000
39.979966 116.341201
39.979980 116.341200
39.979990 116.341199
39.979966 116.341201
39.979963 116.341201
39.979941 116.341203
39.979941 116.341203
39.979874 116.341209
39.979766 116.341219
39.979689 116.341226
39.979621 116.341232
39.979554 116.341238
39.979515 116.341242
39.979481 116.341245
39.979154 116.341274
39.979154 116.341274
39.979490 116.342083
39.979490 116.342083
39.979476 116.341245
39.979463 116.341246
0.000000 0.000000
39.979466 116.341246
39.982617 116.332060
39.979579 116.339016
39.978211 116.344391
39.977468 116.345495
39.978248 116.344095
39.978229 116.344245
39.978229 116.344251
39.978226 116.344267
39.978261 116.343995
39.978274 116.343890
39.978248 116.344093
39.978423 116.341954
39.978564 116.341691
39.978604 116.341658
39.978611 116.341653
39.978584 116.341675
39.978544 116.341708
39.978474 116.341531
39.978448 116.341540
39.978433 116.341546
0.000000 0.000000
39.978433 116.341546
39.978397 116.341560
39.978354 116.341577
39.978337 116.341584
39.978364 116.341573
39.978409 116.341555
39.978463 116.341535
39.978516 116.341515
39.978572 116.341494
39.978615 116.341478
39.978696 116.341582
39.978713 116.341567
39.978747 116.341540
39.978795 116.341500
39.978826 116.341474
39.978860 116.341446
39.978874 116.341435
39.978891 116.341420
39.978900 116.341413
0.000000 0.000000
39.978900 116.341413
39.978889 116.341422
39.978902 116.341411
39.978914 116.341401
39.978958 116.341348
39.978986 116.341337
39.978747 116.341539
39.978707 116.341573
39.978703 116.341576
39.978702 116.341577
0.000000 0.000000
39.978699 116.341579
39.978702 116.341577
39.978700 116.341579
39.978699 116.341579
39.978700 116.341578
39.978703 116.341576
39.978703 116.341576
39.978702 116.341577
0.000000 0.000000
39.978699 116.341579
39.978676 116.341598
39.978691 116.341586
0.000000 0.000000
39.978698 116.341581
39.978702 116.341577
39.978705 116.341574
39.978711 116.341570
0.000000 0.000000
39.978714 116.341567
39.978717 116.341565
0.000000 0.000000
39.978718 116.341563
39.978727 116.341556
39.978756 116.341532
39.978762 116.341527
39.978765 116.341525
39.978767 116.341523
39.978769 116.341522
39.978765 116.341525
39.978762 116.341527
39.978760 116.341529
39.978757 116.341532
39.978751 116.341536
39.978745 116.341541
39.978738 116.341547
0.000000 0.000000
39.978733 116.341551
39.978726 116.341557
39.978722 116.341560
39.978723 116.341560
39.978720 116.341562
39.978650 116.341620
0.000000 0.000000
