0.000000 0.000000
0.000000 0.000000
0.000000 0.000000
0.000000 0.000000
0.000000 0.000000
0.000000 0.000000
0.000000 0.000000
0.000000 0.000000
0.000000 0.000000
0.000000 0.000000
0.000000 0.000000
0.000000 0.000000
0.000000 0.000000
0.000000 0.000000
0.000000 0.000000
0.000000 0.000000
0.000000 0.000000
0.000000 0.000000
0.000000 0.000000
0.000000 0.000000
0.000000 0.000000
0.000000 0.000000
0.000000 0.000000
0.000000 0.000000
0.000000 0.000000
0.000000 0.000000
0.000000 0.000000
0.000000 0.000000
0.000000 0.000000
0.000000 0.000000
0.000000 0.000000
0.000000 0.000000
0.000000 0.000000
0.000000 0.000000
0.000000 0.000000
0.000000 0.000000
0.000000 0.000000
0.000000 0.000000
0.000000 0.000000
0.000000 0.000000
0.000000 0.000000
0.000000 0.000000
0.000000 0.000000
0.000000 0.000000
0.000000 0.000000
0.000000 0.000000
0.000000 0.000000
40.009403 116.557825
40.009390 116.557766
40.008011 116.558594
40.007553 116.558776
40.006872 116.558689
40.006938 116.559021
40.006938 116.559021
0.000000 0.000000
40.006872 116.558689
40.006938 116.559021
40.006699 116.559166
40.006230 116.558758
0.000000 0.000000
0.000000 0.000000
0.000000 0.000000
0.000000 0.000000
0.000000 0.000000
40.001937 116.559950
40.001936 116.559945
40.001934 116.559934
40.001932 116.559922
40.001928 116.559902
40.001911 116.559812
40.001877 116.559635
40.001846 116.559473
40.001819 116.559331
40.001809 116.559279
40.001917 116.559117
40.001918 116.559117
0.000000 0.000000
40.001920 116.559116
40.001912 116.559118
40.001892 116.559124
40.001864 116.559132
40.001824 116.559359
40.001852 116.559508
40.001875 116.559625
40.001889 116.559696
40.001891 116.559706
40.001898 116.559744
40.001923 116.559878
40.001940 116.559964
40.001945 116.559992
0.000000 0.000000
0.000000 0.000000
0.000000 0.000000
0.000000 0.000000
0.000000 0.000000
0.000000 0.000000
0.000000 0.000000
40.006236 116.558780
40.007227 116.558906
40.007990 116.558280
0.000000 0.000000
40.009413 116.557869
0.000000 0.000000
0.000000 0.000000
0.000000 0.000000
0.000000 0.000000
0.000000 0.000000
0.000000 0.000000
0.000000 0.000000
0.000000 0.000000
0.000000 0.000000
0.000000 0.000000
0.000000 0.000000
0.000000 0.000000
0.000000 0.000000
40.016250 116.555950
40.016248 116.555829
0.000000 0.000000
0.000000 0.000000
0.000000 0.000000
0.000000 0.000000
0.000000 0.000000
0.000000 0.000000
0.000000 0.000000
0.000000 0.000000
0.000000 0.000000
0.000000 0.000000
0.000000 0.000000
40.016248 116.555842
40.016251 116.555963
0.000000 0.000000
40.015224 116.555384
40.015258 116.555379
40.015275 116.555376
40.015295 116.555373
40.015328 116.555367
0.000000 0.000000
0.000000 0.000000
40.015173 116.552554
40.015210 116.552548
0.000000 0.000000
0.000000 0.000000
0.000000 0.000000
0.000000 0.000000
0.000000 0.000000
40.015279 116.548401
40.015223 116.547981
40.015141 116.547362
40.014937 116.546766
40.015022 116.546459
0.000000 0.000000
40.014752 116.544877
40.014787 116.544868
40.014828 116.544857
0.000000 0.000000
0.000000 0.000000
0.000000 0.000000
0.000000 0.000000
0.000000 0.000000
0.000000 0.000000
0.000000 0.000000
0.000000 0.000000
0.000000 0.000000
0.000000 0.000000
0.000000 0.000000
0.000000 0.000000
0.000000 0.000000
0.000000 0.000000
0.000000 0.000000
0.000000 0.000000
0.000000 0.000000
0.000000 0.000000
0.000000 0.000000
0.000000 0.000000
0.000000 0.000000
0.000000 0.000000
0.000000 0.000000
0.000000 0.000000
0.000000 0.000000
0.000000 0.000000
0.000000 0.000000
0.000000 0.000000
0.000000 0.000000
0.000000 0.000000
0.000000 0.000000
0.000000 0.000000
0.000000 0.000000
0.000000 0.000000
0.000000 0.000000
0.000000 0.000000
0.000000 0.000000
0.000000 0.000000
0.000000 0.000000
0.000000 0.000000
0.000000 0.000000
0.000000 0.000000
0.000000 0.000000
0.000000 0.000000
0.000000 0.000000
0.000000 0.000000
0.000000 0.000000
0.000000 0.000000
0.000000 0.000000
0.000000 0.000000
0.000000 0.000000
0.000000 0.000000
0.000000 0.000000
0.000000 0.000000
0.000000 0.000000
0.000000 0.000000
0.000000 0.000000
0.000000 0.000000
0.000000 0.000000
0.000000 0.000000
0.000000 0.000000
40.019703 116.543111
40.019655 116.543143
40.019615 116.543170
40.019560 116.543208
40.019488 116.543256
40.019399 116.543317
40.019269 116.543405
40.019153 116.543483
40.019053 116.543552
