290879
299704
290875
299704
0
0
0
0
299714
299714
299714
299700
299700
299700
299700
299700
299700
299700
299700
292073
292073
292073
294428
295476
295476
0
0
0
0
289895
289891
289891
289891
289097
289097
289097
289097
0
293524
293524
293524
289095
289095
293524
0
293526
289097
0
0
0
0
0
0
0
0
0
0
0
0
0
0
0
290025
0
0
0
298879
295850
299983
299986
294383
296138
296182
296190
296189
298138
294200
0
292742
287944
0
296249
289166
0
302522
289025
296701
299256
288295
0
289212
296833
296809
296809
296809
296809
296809
296809
296809
296809
296809
296807
292385
292385
292385
292385
292385
292385
292385
292385
0
292385
292385
292385
292387
292387
292387
296829
296829
296829
296827
296827
289242
290591
300944
0
296905
298330
298332
296911
295120
295120
295120
0
298416
294778
213173
213813
213813
219961
206717
201472
199573
199573
199574
218217
213856
213859
213859
206766
206786
206786
206784
0
217002
220683
0
196926
196956
196956
196960
0
200657
200652
200652
207179
207189
207189
209262
209260
209262
209211
209211
209211
209211
209211
209211
0
209211
209211
209211
209211
209211
209211
209211
209211
209211
209213
209213
209213
209213
209213
209213
209213
209213
209213
209213
209213
209213
209213
209213
209213
209213
209213
209224
209224
202797
202797
202797
202797
202797
202797
202797
202797
202797
202797
202797
202797
202797
202797
209215
209215
209215
209215
209215
236166
236166
236166
246067
246067
246067
246067
246067
246067
246067
246067
246067
246067
246067
246067
246067
246067
246067
246067
246067
246067
0
246067
246065
246065
246063
246059
246059
246059
246059
246059
246059
246059
246059
246059
246059
246059
246059
246059
246059
246059
246059
246059
209211
236184
209260
209262
207189
207189
207187
207181
207179
207179
0
200657
0
196954
196954
196954
196954
196926
0
0
0
0
0
0
0
0
0
0
0
0
0
0
0
0
0
0
0
0
0
0
0
0
235626
235658
235634
235636
235625
0
245865
245865
245865
245865
229548
229548
228975
228975
228973
234307
234309
244547
234305
229013
245881
245881
245881
225464
245881
0
245881
225464
225464
225464
241583
242076
242078
242050
244918
239226
0
0
227626
227626
229558
229556
229556
229556
229556
0
229556
229556
229556
227623
235676
235676
236155
236155
236155
236155
236155
236155
209192
209192
209192
209192
214881
214881
214881
214881
214879
214878
200973
200973
200973
200973
200973
200973
200975
200975
200973
200975
0
0
0
0
0
0
0
0
0
0
0
0
0
220185
220185
220185
0
220185
220185
220185
220185
220185
220185
201603
201603
217294
217292
218111
218114
0
0
214667
214648
214644
214644
214659
214659
0
214659
214659
214661
214659
0
0
197042
207960
214611
0
0
0
217187
217187
0
217187
217187
217187
217187
214439
214433
0
214421
218752
218750
0
0
0
0
0
0
218750
214409
214409
214409
0
0
0
0
0
