39.977454 116.328050
39.977574 116.328045
39.978249 116.327967
39.978780 116.327901
39.979246 116.327843
39.979515 116.327809
39.979545 116.327805
39.979550 116.327805
0.000000 0.000000
39.979549 116.327805
39.979745 116.327780
39.980053 116.327742
39.980710 116.327609
39.981489 116.327256
39.982319 116.327434
39.982712 116.327257
39.983048 116.327388
39.983190 116.327374
39.983225 116.327372
39.983109 116.327185
39.983324 116.327070
39.983420 116.327066
39.983497 116.327063
39.983719 116.327201
39.983721 116.327234
39.983801 116.327346
39.983819 116.327345
39.983832 116.327344
0.000000 0.000000
39.983840 116.327344
39.983927 116.327338
39.984005 116.327333
39.984135 116.327325
39.984276 116.327316
39.984381 116.327309
39.984403 116.327307
39.984422 116.327306
39.984445 116.327305
39.984464 116.327303
39.984475 116.327303
39.984485 116.327302
39.984491 116.327302
39.984499 116.327301
39.984518 116.327336
39.984542 116.327336
0.000000 0.000000
0.000000 0.000000
39.984631 116.329697
39.984713 116.331009
39.984812 116.332191
39.984840 116.333424
39.984418 116.334835
39.984551 116.335823
39.985188 116.336212
39.984986 116.336568
39.984930 116.336620
39.984860 116.336685
39.985109 116.337076
39.985054 116.337683
39.985029 116.337952
39.985029 116.337952
0.000000 0.000000
0.000000 0.000000
0.000000 0.000000
39.985114 116.340107
39.985059 116.340562
39.984871 116.341295
39.985132 116.342261
39.985327 116.342581
39.985553 116.342979
39.985565 116.343559
39.985326 116.344101
39.985347 116.344887
39.985354 116.345505
39.985359 116.345940
39.985057 116.347149
39.985460 116.347837
0.000000 0.000000
39.985720 116.348953
39.985720 116.348953
39.985720 116.348953
0.000000 0.000000
0.000000 0.000000
0.000000 0.000000
0.000000 0.000000
0.000000 0.000000
39.985835 116.351889
39.985650 116.352133
39.985542 116.352275
39.985402 116.352598
39.985615 116.352866
39.985618 116.353459
39.985635 116.353818
39.985653 116.353818
0.000000 0.000000
39.985753 116.355792
39.985543 116.355964
0.000000 0.000000
39.985771 116.358118
39.985434 116.359243
39.985474 116.360350
39.985509 116.361323
0.000000 0.000000
0.000000 0.000000
0.000000 0.000000
39.986001 116.365514
0.000000 0.000000
0.000000 0.000000
0.000000 0.000000
39.986104 116.369566
0.000000 0.000000
0.000000 0.000000
0.000000 0.000000
0.000000 0.000000
39.986327 116.378716
39.986279 116.379548
39.986368 116.380454
39.986875 116.381260
39.986449 116.382146
39.986359 116.383017
39.986321 116.383446
0.000000 0.000000
39.986544 116.386221
39.986579 116.387447
39.986546 116.387778
0.000000 0.000000
0.000000 0.000000
0.000000 0.000000
0.000000 0.000000
39.986383 116.393301
39.986792 116.393963
0.000000 0.000000
0.000000 0.000000
39.986708 116.397852
39.987095 116.398808
39.986764 116.400218
39.986747 116.401503
39.986837 116.402905
0.000000 0.000000
0.000000 0.000000
39.987353 116.406830
39.987168 116.408070
0.000000 0.000000
39.987026 116.410691
39.987414 116.411604
39.987295 116.412733
0.000000 0.000000
0.000000 0.000000
39.987403 116.416133
39.987464 116.417218
39.987478 116.418571
39.987514 116.419855
39.987542 116.421262
39.987185 116.422581
39.987633 116.424079
39.987574 116.424995
0.000000 0.000000
39.987692 116.427959
0.000000 0.000000
39.987368 116.429585
39.987625 116.430985
0.000000 0.000000
39.987205 116.432414
39.986775 116.433484
39.986325 116.434239
0.000000 0.000000
39.985609 116.435784
39.985636 116.436670
39.985655 116.437510
39.986654 116.437891
39.986837 116.438308
39.987151 116.438247
39.987236 116.438169
39.987288 116.438121
39.987352 116.438062
39.987434 116.437987
39.987924 116.438191
39.987986 116.438398
39.988064 116.438412
39.988063 116.438477
39.988063 116.438477
39.988622 116.438566
39.988622 116.438567
39.988773 116.438646
39.989133 116.438796
39.989406 116.439035
0.000000 0.000000
0.000000 0.000000
0.000000 0.000000
0.000000 0.000000
0.000000 0.000000
39.995117 116.442637
0.000000 0.000000
0.000000 0.000000
0.000000 0.000000
0.000000 0.000000
0.000000 0.000000
0.000000 0.000000
0.000000 0.000000
0.000000 0.000000
40.003975 116.446638
40.004293 116.446521
40.004443 116.446465
40.004592 116.446410
40.004695 116.446371
40.004828 116.446322
40.004959 116.446273
40.005065 116.446234
40.005656 116.446991
40.005656 116.446991
40.005656 116.446991
40.005643 116.446938
40.005800 116.446974
40.005857 116.446968
40.005884 116.446965
40.005947 116.446957
40.006040 116.446947
40.006157 116.446933
40.006242 116.446923
0.000000 0.000000
40.006483 116.448682
40.006500 116.448678
40.006494 116.448679
0.000000 0.000000
0.000000 0.000000
0.000000 0.000000
0.000000 0.000000
0.000000 0.000000
0.000000 0.000000
0.000000 0.000000
0.000000 0.000000
0.000000 0.000000
0.000000 0.000000
0.000000 0.000000
0.000000 0.000000
0.000000 0.000000
0.000000 0.000000
0.000000 0.000000
0.000000 0.000000
0.000000 0.000000
0.000000 0.000000
40.006894 116.452346
40.006970 116.452372
40.007243 116.452466
40.008121 116.452115
40.008670 116.452956
40.009475 116.453232
40.010038 116.454037
0.000000 0.000000
0.000000 0.000000
0.000000 0.000000
40.010031 116.458390
40.010180 116.458588
40.010109 116.458896
40.010129 116.458946
40.010118 116.458918
40.010121 116.458926
40.010138 116.458966
40.010185 116.459079
40.010223 116.459169
40.010237 116.459204
40.010246 116.459225
40.010262 116.459263
40.010322 116.459406
40.010042 116.459921
40.009968 116.460317
40.009644 116.460672
40.010261 116.461016
40.010228 116.461096
40.010196 116.461172
40.009643 116.461076
40.009643 116.461108
40.009643 116.461141
40.008454 116.461208
0.000000 0.000000
0.000000 0.000000
0.000000 0.000000
0.000000 0.000000
0.000000 0.000000
0.000000 0.000000
0.000000 0.000000
0.000000 0.000000
0.000000 0.000000
0.000000 0.000000
0.000000 0.000000
0.000000 0.000000
40.005874 116.461516
40.005772 116.461230
40.004619 116.461457
40.004503 116.461342
40.004036 116.461647
40.003941 116.461423
40.003897 116.461319
40.003830 116.461161
40.003738 116.460943
40.003665 116.460476
40.003417 116.459937
40.003735 116.459089
40.003665 116.458945
40.003677 116.458631
40.003673 116.457995
0.000000 0.000000
0.000000 0.000000
0.000000 0.000000
0.000000 0.000000
0.000000 0.000000
0.000000 0.000000
0.000000 0.000000
40.002385 116.451439
40.002747 116.451561
40.003326 116.451755
40.004066 116.452004
40.004961 116.451683
40.005758 116.451957
40.006402 116.452178
40.006609 116.452249
40.006625 116.452254
40.006635 116.452258
0.000000 0.000000
40.006639 116.452259
40.006678 116.452272
40.006809 116.452317
0.000000 0.000000
0.000000 0.000000
0.000000 0.000000
0.000000 0.000000
0.000000 0.000000
40.006874 116.448585
40.006942 116.448569
40.006835 116.446855
40.006811 116.446858
0.000000 0.000000
0.000000 0.000000
0.000000 0.000000
0.000000 0.000000
0.000000 0.000000
0.000000 0.000000
0.000000 0.000000
0.000000 0.000000
0.000000 0.000000
0.000000 0.000000
0.000000 0.000000
0.000000 0.000000
0.000000 0.000000
0.000000 0.000000
0.000000 0.000000
40.006755 116.438887
40.006789 116.438721
40.006800 116.438722
0.000000 0.000000
0.000000 0.000000
40.006861 116.437124
40.006840 116.437122
40.006830 116.437121
0.000000 0.000000
0.000000 0.000000
0.000000 0.000000
0.000000 0.000000
0.000000 0.000000
0.000000 0.000000
0.000000 0.000000
0.000000 0.000000
0.000000 0.000000
0.000000 0.000000
0.000000 0.000000
0.000000 0.000000
0.000000 0.000000
0.000000 0.000000
0.000000 0.000000
40.007127 116.430010
0.000000 0.000000
0.000000 0.000000
0.000000 0.000000
0.000000 0.000000
0.000000 0.000000
0.000000 0.000000
0.000000 0.000000
0.000000 0.000000
0.000000 0.000000
40.007731 116.422834
40.007728 116.422834
40.007762 116.422836
0.000000 0.000000
0.000000 0.000000
0.000000 0.000000
0.000000 0.000000
40.007870 116.416813
40.007887 116.416810
40.007896 116.416809
0.000000 0.000000
0.000000 0.000000
40.007888 116.416512
40.007936 116.416503
0.000000 0.000000
40.007655 116.414182
40.007643 116.413225
40.007953 116.412158
40.007741 116.410694
40.007962 116.410626
40.007975 116.410622
40.007978 116.410621
0.000000 0.000000
40.007979 116.410620
40.007988 116.410618
40.007726 116.410390
40.007724 116.410346
40.007723 116.410311
40.007716 116.410183
40.007833 116.409992
40.007749 116.410047
40.007520 116.410114
40.006737 116.410144
40.005946 116.410288
40.005348 116.410603
40.004725 116.410602
40.004104 116.410596
40.003516 116.410590
40.002951 116.410883
40.002617 116.410988
0.000000 0.000000
40.001564 116.410694
40.001544 116.410722
40.001541 116.410727
40.001538 116.410730
0.000000 0.000000
40.001537 116.410732
40.001531 116.410741
40.001525 116.410749
40.001513 116.410766
40.001495 116.410792
40.001487 116.410803
40.001512 116.410767
40.001526 116.410747
40.001542 116.410725
40.001564 116.410694
40.001564 116.410694
40.001564 116.410694
40.001491 116.409985
40.001546 116.409941
40.001601 116.409896
40.001666 116.409843
40.001666 116.409843
0.000000 0.000000
40.001801 116.408399
40.001572 116.408111
40.001483 116.407548
0.000000 0.000000
40.001429 116.406323
40.001429 116.405907
40.001347 116.404693
40.001511 116.404225
40.001368 116.403992
40.001326 116.403987
40.001505 116.404451
40.001289 116.404728
40.001429 116.405907
40.001429 116.406323
40.001416 116.407548
40.001420 116.407730
40.001086 116.408142
0.000000 0.000000
0.000000 0.000000
40.001526 116.409957
40.001393 116.410066
40.001345 116.410104
40.001564 116.410694
40.001564 116.410694
40.001503 116.410780
40.001430 116.410882
40.001347 116.410999
40.001229 116.411165
40.001054 116.411210
40.001127 116.411308
0.000000 0.000000
0.000000 0.000000
39.999743 116.411343
39.999484 116.411310
39.998948 116.411293
39.998432 116.411217
39.998036 116.411366
39.997547 116.411194
39.997474 116.410775
39.997444 116.410809
39.997487 116.410761
39.997578 116.410659
39.997882 116.410404
0.000000 0.000000
0.000000 0.000000
0.000000 0.000000
0.000000 0.000000
0.000000 0.000000
0.000000 0.000000
39.997564 116.407965
39.997564 116.407965
39.997562 116.407965
39.997535 116.407964
39.997497 116.407962
39.997487 116.407962
0.000000 0.000000
0.000000 0.000000
0.000000 0.000000
39.997886 116.410397
39.997607 116.410627
39.997580 116.410657
39.997576 116.410662
0.000000 0.000000
39.997573 116.410665
39.997558 116.410682
39.997505 116.410741
39.997443 116.410810
39.997518 116.411158
39.997636 116.411301
39.998080 116.411350
39.998851 116.411293
39.999488 116.411311
0.000000 0.000000
40.000949 116.411071
40.001127 116.411308
40.001133 116.411475
40.001134 116.411504
40.001134 116.411497
40.001127 116.411308
40.001246 116.411141
0.000000 0.000000
40.002612 116.411272
40.002956 116.411133
40.003544 116.410590
40.004147 116.410596
40.004761 116.410602
40.005379 116.410603
40.005944 116.410596
40.006505 116.410540
40.007204 116.410478
40.007306 116.410360
40.007310 116.410356
40.007330 116.410333
40.007520 116.410114
40.007726 116.410390
40.007725 116.410359
40.007722 116.410308
40.007721 116.410288
40.007721 116.410289
40.007722 116.410292
40.007722 116.410293
40.007722 116.410292
40.007721 116.410287
40.007721 116.410273
40.007719 116.410236
40.007716 116.410169
40.007598 116.410097
40.007495 116.410143
40.007386 116.410269
40.006804 116.410032
40.006245 116.410593
40.005569 116.410600
40.005286 116.410604
0.000000 0.000000
0.000000 0.000000
0.000000 0.000000
0.000000 0.000000
0.000000 0.000000
0.000000 0.000000
0.000000 0.000000
0.000000 0.000000
0.000000 0.000000
40.005386 116.409081
40.005406 116.409081
40.005431 116.409081
40.005457 116.409081
40.005481 116.409081
40.005519 116.409081
40.005572 116.409081
40.005647 116.409081
40.005846 116.409569
40.005720 116.409081
40.005883 116.409838
40.005891 116.409891
40.005906 116.410000
40.005908 116.410011
40.005910 116.410030
40.005913 116.410053
40.005919 116.410091
40.005923 116.410119
40.005928 116.410157
40.005933 116.410197
40.005938 116.410232
40.005943 116.410266
40.005515 116.410601
40.005528 116.410601
40.005540 116.410601
40.005516 116.410601
40.005490 116.410601
40.005471 116.410602
40.005458 116.410602
40.005442 116.410602
40.005432 116.410602
40.005420 116.410602
40.005135 116.410606
40.005135 116.410606
40.005135 116.410606
40.005135 116.410606
40.005135 116.410606
40.005135 116.410606
40.005135 116.410606
40.005135 116.410606
40.005304 116.410604
0.000000 0.000000
40.005135 116.410606
40.005135 116.410606
40.005135 116.410606
40.005288 116.410604
40.005135 116.410606
40.005272 116.410604
40.005135 116.410606
40.005135 116.410606
40.005135 116.410606
40.005293 116.410604
40.005308 116.410604
40.005135 116.410606
40.005135 116.410606
40.005135 116.410606
40.005230 116.410605
40.005135 116.410606
40.005197 116.410605
40.005153 116.410680
40.005191 116.410839
40.005231 116.411008
40.004855 116.410603
40.003847 116.410593
40.002951 116.410849
40.002621 116.410798
40.001564 116.410694
40.001564 116.410694
40.001550 116.410713
40.001424 116.410891
40.000973 116.411103
0.000000 0.000000
39.999177 116.411293
39.998090 116.411345
39.997251 116.410931
39.996698 116.410913
39.996141 116.410777
39.995191 116.410740
39.995189 116.410630
39.995020 116.410608
39.994927 116.410595
39.994928 116.410578
39.994791 116.410771
39.994751 116.410773
39.994928 116.410569
39.994737 116.410773
39.994703 116.410775
39.994521 116.410784
39.994348 116.410790
39.994043 116.410611
39.993669 116.410490
0.000000 0.000000
39.992049 116.410510
39.992024 116.410690
39.990938 116.410499
39.990417 116.411150
39.989540 116.410339
39.989090 116.410639
39.988244 116.410658
39.987155 116.410994
39.986994 116.410616
0.000000 0.000000
39.985046 116.410611
39.984637 116.411138
39.984126 116.410819
39.983561 116.410468
39.983140 116.410930
39.983141 116.410962
39.983142 116.410964
0.000000 0.000000
0.000000 0.000000
0.000000 0.000000
0.000000 0.000000
0.000000 0.000000
39.983261 116.411095
39.984109 116.410809
39.984604 116.411117
39.984966 116.411342
39.985219 116.411499
0.000000 0.000000
0.000000 0.000000
0.000000 0.000000
39.987129 116.410933
39.987221 116.411149
39.987273 116.411272
39.987360 116.411477
39.987086 116.412609
39.987205 116.412680
39.987256 116.412710
39.987370 116.412778
0.000000 0.000000
0.000000 0.000000
39.987269 116.415806
39.987368 116.417221
39.987480 116.418661
39.987542 116.421241
39.987185 116.422581
39.987567 116.424080
39.987574 116.424995
0.000000 0.000000
39.987712 116.427965
39.987368 116.429585
39.987587 116.430985
39.987500 116.430985
39.987285 116.432411
39.986772 116.433117
39.986778 116.433800
39.986106 116.434222
39.985608 116.435749
39.985624 116.436287
39.985654 116.437285
39.986573 116.437706
39.987038 116.438350
39.987945 116.438234
39.988623 116.438564
39.989406 116.438960
0.000000 0.000000
0.000000 0.000000
0.000000 0.000000
0.000000 0.000000
0.000000 0.000000
39.994814 116.442440
39.995335 116.443108
0.000000 0.000000
0.000000 0.000000
0.000000 0.000000
0.000000 0.000000
0.000000 0.000000
0.000000 0.000000
0.000000 0.000000
40.004383 116.446487
40.005118 116.446214
40.006014 116.446950
0.000000 0.000000
40.006524 116.448672
0.000000 0.000000
0.000000 0.000000
0.000000 0.000000
0.000000 0.000000
0.000000 0.000000
0.000000 0.000000
0.000000 0.000000
0.000000 0.000000
0.000000 0.000000
0.000000 0.000000
40.006760 116.452300
40.006843 116.452329
40.006899 116.452955
40.007289 116.453531
0.000000 0.000000
0.000000 0.000000
0.000000 0.000000
0.000000 0.000000
40.007171 116.457927
0.000000 0.000000
0.000000 0.000000
0.000000 0.000000
0.000000 0.000000
0.000000 0.000000
0.000000 0.000000
40.005927 116.461665
0.000000 0.000000
40.004654 116.461643
40.004637 116.461554
40.003994 116.461548
40.003500 116.461647
40.002780 116.461647
40.002571 116.461647
40.000864 116.461546
40.000000 116.461376
39.999553 116.461372
39.998812 116.461361
39.997981 116.461373
39.997080 116.461662
39.996708 116.461331
39.996586 116.461334
39.996593 116.461334
39.996585 116.461335
39.996584 116.461335
39.996506 116.461337
39.996259 116.461345
39.995826 116.461358
39.995270 116.461376
39.994633 116.461396
39.994420 116.462070
39.994431 116.462212
39.993969 116.462828
39.993214 116.462967
0.000000 0.000000
39.992154 116.464468
39.991949 116.464459
39.991860 116.464454
39.991879 116.464455
39.992108 116.464466
0.000000 0.000000
0.000000 0.000000
0.000000 0.000000
0.000000 0.000000
0.000000 0.000000
0.000000 0.000000
0.000000 0.000000
0.000000 0.000000
0.000000 0.000000
0.000000 0.000000
0.000000 0.000000
0.000000 0.000000
0.000000 0.000000
0.000000 0.000000
0.000000 0.000000
0.000000 0.000000
0.000000 0.000000
0.000000 0.000000
0.000000 0.000000
0.000000 0.000000
0.000000 0.000000
0.000000 0.000000
0.000000 0.000000
0.000000 0.000000
0.000000 0.000000
0.000000 0.000000
0.000000 0.000000
0.000000 0.000000
0.000000 0.000000
0.000000 0.000000
0.000000 0.000000
0.000000 0.000000
0.000000 0.000000
0.000000 0.000000
0.000000 0.000000
0.000000 0.000000
0.000000 0.000000
0.000000 0.000000
0.000000 0.000000
0.000000 0.000000
0.000000 0.000000
0.000000 0.000000
0.000000 0.000000
0.000000 0.000000
0.000000 0.000000
0.000000 0.000000
0.000000 0.000000
0.000000 0.000000
0.000000 0.000000
0.000000 0.000000
0.000000 0.000000
0.000000 0.000000
0.000000 0.000000
0.000000 0.000000
0.000000 0.000000
0.000000 0.000000
0.000000 0.000000
0.000000 0.000000
39.992725 116.467169
39.992722 116.467171
39.992747 116.467156
39.992761 116.467149
0.000000 0.000000
0.000000 0.000000
0.000000 0.000000
0.000000 0.000000
0.000000 0.000000
0.000000 0.000000
0.000000 0.000000
0.000000 0.000000
0.000000 0.000000
0.000000 0.000000
0.000000 0.000000
0.000000 0.000000
0.000000 0.000000
0.000000 0.000000
0.000000 0.000000
0.000000 0.000000
0.000000 0.000000
0.000000 0.000000
0.000000 0.000000
0.000000 0.000000
0.000000 0.000000
0.000000 0.000000
0.000000 0.000000
0.000000 0.000000
0.000000 0.000000
0.000000 0.000000
0.000000 0.000000
0.000000 0.000000
0.000000 0.000000
0.000000 0.000000
0.000000 0.000000
0.000000 0.000000
0.000000 0.000000
0.000000 0.000000
0.000000 0.000000
0.000000 0.000000
39.991826 116.464453
39.991613 116.464443
39.991613 116.464443
0.000000 0.000000
39.991907 116.463028
39.992368 116.462905
39.993284 116.462209
39.993704 116.461930
39.994296 116.461918
39.994740 116.461393
39.995192 116.461379
39.995495 116.461369
39.995541 116.461367
39.995543 116.461367
39.995538 116.461368
39.995532 116.461368
39.995522 116.461368
39.995510 116.461368
39.995503 116.461369
39.995498 116.461369
39.995504 116.461369
39.995521 116.461368
0.000000 0.000000
39.995520 116.461368
39.995549 116.461367
0.000000 0.000000
0.000000 0.000000
0.000000 0.000000
39.997085 116.461994
39.997915 116.461373
39.998830 116.461361
39.999727 116.461374
40.000868 116.461720
0.000000 0.000000
40.002571 116.461647
40.002752 116.461647
40.003085 116.461647
40.003310 116.461647
40.003620 116.461647
40.004036 116.461647
40.004670 116.461726
40.005861 116.461481
40.005941 116.461705
0.000000 0.000000
0.000000 0.000000
0.000000 0.000000
0.000000 0.000000
0.000000 0.000000
0.000000 0.000000
0.000000 0.000000
0.000000 0.000000
0.000000 0.000000
0.000000 0.000000
0.000000 0.000000
0.000000 0.000000
0.000000 0.000000
0.000000 0.000000
0.000000 0.000000
0.000000 0.000000
0.000000 0.000000
0.000000 0.000000
40.008449 116.461067
40.009111 116.460533
40.009643 116.461133
40.010169 116.461238
40.010185 116.461199
40.010176 116.461220
40.010173 116.461228
40.010171 116.461231
40.010175 116.461223
40.010193 116.461179
40.010264 116.461009
40.010374 116.460747
40.010204 116.459887
40.010133 116.458954
40.010025 116.458382
0.000000 0.000000
0.000000 0.000000
0.000000 0.000000
40.010025 116.458382
40.010073 116.458811
40.010181 116.459069
40.010169 116.459041
40.010191 116.459093
40.010283 116.459314
40.010150 116.459898
40.010377 116.460739
40.010270 116.460996
0.000000 0.000000
40.010266 116.461006
40.010278 116.460976
40.010296 116.460934
40.010286 116.460957
40.010272 116.460989
40.010260 116.461020
40.010252 116.461037
40.010195 116.461175
40.010166 116.461244
0.000000 0.000000
40.010165 116.461247
40.010165 116.461246
0.000000 0.000000
40.011156 116.461403
0.000000 0.000000
0.000000 0.000000
0.000000 0.000000
0.000000 0.000000
0.000000 0.000000
0.000000 0.000000
0.000000 0.000000
40.013980 116.461202
40.013980 116.461201
0.000000 0.000000
0.000000 0.000000
0.000000 0.000000
0.000000 0.000000
0.000000 0.000000
0.000000 0.000000
40.014324 116.457455
40.013964 116.456895
40.013551 116.456253
40.013858 116.454696
0.000000 0.000000
0.000000 0.000000
40.015447 116.447983
40.016265 116.445355
40.016773 116.442758
40.017481 116.440963
0.000000 0.000000
40.018328 116.438078
40.018668 116.436904
40.019382 116.436034
40.019848 116.434413
40.020074 116.433020
40.020130 116.431580
0.000000 0.000000
0.000000 0.000000
0.000000 0.000000
0.000000 0.000000
0.000000 0.000000
0.000000 0.000000
40.020958 116.408561
0.000000 0.000000
40.021061 116.402023
0.000000 0.000000
