216147
197000
216137
210039
210035
210035
200615
200615
200615
216842
216842
216842
216842
216842
216842
0
200615
200615
200615
200615
200619
200619
200619
200619
200619
0
200619
200619
200619
200619
200619
200619
200615
200615
200615
200615
200615
200615
200619
200619
200619
200619
0
200619
200619
200619
200619
200619
0
202622
0
198046
198046
0
0
198213
198200
216115
216115
216115
216113
216115
216113
216115
0
0
0
0
0
0
0
0
196916
216067
216067
196916
196916
216067
216067
196916
216067
196916
196916
196916
216067
216067
0
196916
216067
216067
216067
0
216067
216067
216067
216067
216067
216067
216067
0
0
0
0
0
207648
207648
0
216051
216051
0
0
0
0
0
0
0
0
219837
206141
201656
216075
216069
196922
196922
196922
196922
196922
196922
200186
200186
200186
200186
0
200186
196922
196922
196922
196922
196922
0
196922
196922
200186
200186
200186
200186
199030
199030
199030
198292
198292
198292
198214
198214
198214
198214
198214
0
198214
200619
200619
200619
200619
200615
0
0
216846
210183
210191
199621
207732
207722
218590
219872
219872
219872
0
0
220911
207738
207744
206333
213429
213443
0
0
206665
206657
198953
0
213769
0
213797
213795
206692
0
0
0
0
218674
201482
0
196926
0
220683
199745
217002
216988
206762
206778
206770
206766
206766
213859
213856
200970
199573
199573
201472
201472
201472
201470
219961
206721
213813
213811
213811
213173
294776
296937
298416
298416
0
295120
295120
295120
296911
298330
296905
0
300944
289242
296827
289244
289244
292385
292385
296805
289216
289212
0
0
288056
289198
288295
0
0
296701
0
292760
288195
0
0
292165
292165
287944
287944
0
292744
0
0
292756
0
296204
298138
296189
296182
296182
296139
294385
294385
294387
295842
295840
295850
295852
298875
0
0
0
0
288554
0
290025
0
0
0
0
0
0
0
0
0
0
0
0
0
0
0
0
0
0
0
0
0
0
0
0
0
0
0
0
0
0
0
0
0
295474
294428
292073
292073
292073
292073
292073
292073
0
292073
292073
292073
292073
292073
292073
292073
292073
0
292073
292073
299700
299696
299700
299700
299704
299704
299704
299704
289803
0
293668
293668
293668
293666
293666
289544
290920
299678
299684
299672
299672
290924
290924
290924
299672
299678
299678
290922
290922
290920
290920
290907
290907
290907
290907
290913
290922
290913
290913
288126
290913
290913
290913
290913
290913
290913
290916
290911
290911
290911
290911
290868
290873
290879
290879
290879
290879
290879
290879
290879
290879
290879
0
290879
290879
290879
290879
290879
290879
290879
290879
290873
290873
290873
290873
289066
290873
289066
289066
289066
290868
290868
290868
290868
290868
290870
289066
290868
290868
290868
290868
290911
290911
290911
290911
290911
290911
290911
290911
290911
290911
290911
290911
290911
290911
290911
290911
290911
290911
290911
290916
290916
290916
290916
290922
290922
290913
290913
290913
290913
288126
288126
290913
290913
290913
290913
288126
290913
288126
290913
290913
290913
290913
290913
290866
290866
290866
290866
290866
290866
290866
290866
290866
290866
290866
290866
290866
290866
290866
