290949
290947
290974
290974
290974
290945
290947
290949
290945
290947
290947
290947
290946
290947
290947
290949
290949
0
0
0
0
0
0
0
0
0
0
0
0
0
0
0
0
0
290947
290946
290946
290947
290946
290949
290949
290949
290949
0
0
0
0
0
0
0
0
0
0
0
0
0
0
0
0
299634
290947
290974
290947
290947
299634
290947
299634
299634
299634
299634
0
0
0
0
0
0
0
0
0
0
0
290940
290940
290940
290940
290940
290940
290940
290940
290940
290940
290940
290940
290940
290940
290940
290940
290940
290940
290934
290934
290934
290934
290934
290934
290934
290934
290934
290934
290934
290934
290934
290934
290934
290934
290934
290934
290934
290934
290934
290934
290934
290934
290934
290932
290949
289592
290978
289592
289592
289592
289592
0
0
0
0
0
0
0
0
0
0
301217
301217
301217
301217
301217
301217
301217
301217
299738
299738
299738
301217
299738
301217
299738
299738
299738
299738
299738
299738
299738
299738
299752
299752
298703
293676
0
293702
293696
290242
290232
290238
290246
0
0
0
0
0
0
0
0
0
0
0
0
0
0
0
0
0
0
0
0
0
0
0
0
0
0
0
0
0
0
0
0
0
0
0
201675
201677
218750
214409
214409
214409
214409
214409
214409
214409
214409
214409
214409
214409
214409
214409
214409
214409
214409
214409
214409
214409
214409
214409
214409
214409
214409
214409
214409
214409
214409
218748
214409
218750
218750
218750
218750
