40.075944 116.327545
40.075942 116.327549
40.075936 116.327556
40.075937 116.327555
40.075932 116.327561
40.075926 116.327569
40.075907 116.327594
40.075884 116.327624
40.075719 116.327583
40.075737 116.327611
40.075719 116.327583
40.075728 116.327597
40.075732 116.327604
40.075726 116.327595
40.075710 116.327588
40.075680 116.327604
40.075653 116.327618
40.075630 116.327630
40.075613 116.327640
40.075583 116.327655
40.075528 116.327630
40.075521 116.327610
40.075470 116.327720
40.075448 116.327734
40.075441 116.327738
40.075428 116.327745
40.075413 116.327754
40.075399 116.327763
40.075389 116.327768
40.075369 116.327781
40.075346 116.327794
40.075331 116.327803
40.075306 116.327818
40.075274 116.327837
40.075256 116.327848
40.075118 116.327731
40.075115 116.327720
40.075114 116.327714
40.075112 116.327706
40.075112 116.327705
40.075110 116.327698
40.075162 116.327904
40.075162 116.327904
40.075162 116.327904
40.075162 116.327904
40.075162 116.327904
40.075162 116.327904
40.075162 116.327904
40.075162 116.327904
40.075162 116.327904
40.074392 116.327726
40.074390 116.327743
40.074389 116.327755
40.074385 116.327784
40.074380 116.327818
40.075077 116.327567
40.075023 116.327355
40.075041 116.327426
40.075082 116.327588
40.075102 116.327665
40.074390 116.327745
40.075162 116.327904
40.075162 116.327904
40.075162 116.327904
40.074376 116.327847
40.074374 116.327864
40.074373 116.327875
40.074372 116.327879
40.074371 116.327889
40.074370 116.327899
40.074364 116.327945
40.074360 116.327973
40.074357 116.327993
40.074355 116.328013
40.074349 116.328054
40.074342 116.328109
40.074337 116.328149
40.074330 116.328204
40.074336 116.328156
40.074334 116.328168
40.074332 116.328189
40.074239 116.327957
40.074239 116.327957
40.074239 116.327957
40.073794 116.328014
40.073794 116.328014
40.073794 116.328014
40.073794 116.328014
40.073794 116.328014
40.073794 116.328014
40.073794 116.328014
40.073794 116.328014
40.073794 116.328014
40.073794 116.328014
40.073794 116.328014
40.073613 116.328285
40.073604 116.328271
40.073596 116.328256
40.073580 116.328230
40.073572 116.328216
40.073569 116.328211
40.073557 116.328192
40.073547 116.328174
40.073538 116.328159
40.073530 116.328145
40.073518 116.328125
40.073496 116.328088
40.073484 116.328067
40.073474 116.328051
40.073464 116.328035
40.073453 116.328015
40.073437 116.327988
0.000000 0.000000
0.000000 0.000000
0.000000 0.000000
0.000000 0.000000
0.000000 0.000000
0.000000 0.000000
0.000000 0.000000
40.072318 116.328414
40.072317 116.328443
40.072317 116.328443
40.072317 116.328456
40.072316 116.328463
40.072316 116.328469
40.072316 116.328482
40.072315 116.328512
40.072314 116.328524
40.072314 116.328534
40.072314 116.328534
40.072314 116.328533
40.072314 116.328545
40.072313 116.328555
40.072313 116.328566
40.072313 116.328568
40.072313 116.328574
40.072312 116.328597
40.071922 116.328602
40.071922 116.328601
40.071922 116.328588
40.071922 116.328595
40.071922 116.328600
40.071922 116.328608
40.071922 116.328605
40.071922 116.328620
40.071922 116.328629
40.071922 116.328639
40.071922 116.328652
40.071922 116.328662
40.071922 116.328664
40.071922 116.328669
40.071922 116.328676
40.071922 116.328680
40.071401 116.328681
40.071401 116.328687
40.071401 116.328691
40.071401 116.328694
40.071401 116.328705
40.071401 116.328712
40.071401 116.328712
40.071401 116.328717
40.071401 116.328720
40.071401 116.328727
40.071401 116.328732
40.071304 116.328737
40.071304 116.328741
40.071303 116.328747
40.071303 116.328754
40.071303 116.328761
40.071303 116.328767
40.071303 116.328776
40.071303 116.328776
40.071303 116.328780
40.071303 116.328781
40.071303 116.328781
40.071303 116.328780
40.071303 116.328786
40.071303 116.328788
40.071303 116.328792
40.071303 116.328803
40.071303 116.328811
40.071303 116.328813
40.071303 116.328814
0.000000 0.000000
0.000000 0.000000
0.000000 0.000000
0.000000 0.000000
0.000000 0.000000
0.000000 0.000000
0.000000 0.000000
0.000000 0.000000
0.000000 0.000000
0.000000 0.000000
40.070089 116.328880
40.070089 116.328880
40.070089 116.328880
40.070089 116.328880
40.070089 116.328880
40.070089 116.328880
40.070089 116.328880
40.070089 116.328880
40.070089 116.328880
40.070089 116.328880
40.070089 116.328880
40.070089 116.328880
40.070089 116.328880
40.070089 116.328880
40.070089 116.328880
40.070089 116.328880
40.070089 116.328909
40.070089 116.328912
40.070088 116.328927
40.070088 116.328959
40.070006 116.328881
40.069959 116.328882
40.069949 116.328882
0.000000 0.000000
40.069953 116.328882
40.069939 116.328882
40.069948 116.328882
40.069842 116.328884
40.069703 116.328886
40.069666 116.328887
40.069654 116.328887
0.000000 0.000000
40.069645 116.328887
40.069632 116.328887
40.069618 116.328888
40.069613 116.328888
40.069612 116.328888
40.069612 116.328888
40.069585 116.328888
40.069575 116.328888
40.069562 116.328889
0.000000 0.000000
0.000000 0.000000
0.000000 0.000000
0.000000 0.000000
0.000000 0.000000
0.000000 0.000000
0.000000 0.000000
0.000000 0.000000
0.000000 0.000000
40.070079 116.329830
40.070079 116.329848
40.070079 116.329838
40.070079 116.329848
40.070078 116.329901
0.000000 0.000000
0.000000 0.000000
0.000000 0.000000
0.000000 0.000000
0.000000 0.000000
0.000000 0.000000
0.000000 0.000000
0.000000 0.000000
0.000000 0.000000
0.000000 0.000000
0.000000 0.000000
0.000000 0.000000
0.000000 0.000000
0.000000 0.000000
0.000000 0.000000
0.000000 0.000000
0.000000 0.000000
40.069160 116.328156
40.069495 116.326124
40.069244 116.324947
40.069371 116.323645
40.069222 116.322029
40.069625 116.321724
40.069319 116.319864
40.069326 116.318708
40.069422 116.317764
40.069708 116.316602
40.069585 116.315871
40.069565 116.315533
0.000000 0.000000
0.000000 0.000000
0.000000 0.000000
0.000000 0.000000
0.000000 0.000000
0.000000 0.000000
0.000000 0.000000
0.000000 0.000000
0.000000 0.000000
0.000000 0.000000
0.000000 0.000000
0.000000 0.000000
0.000000 0.000000
0.000000 0.000000
0.000000 0.000000
0.000000 0.000000
0.000000 0.000000
0.000000 0.000000
0.000000 0.000000
0.000000 0.000000
0.000000 0.000000
0.000000 0.000000
0.000000 0.000000
0.000000 0.000000
0.000000 0.000000
0.000000 0.000000
0.000000 0.000000
0.000000 0.000000
0.000000 0.000000
0.000000 0.000000
0.000000 0.000000
0.000000 0.000000
0.000000 0.000000
0.000000 0.000000
40.052839 116.299316
40.051400 116.300300
40.050946 116.300641
40.050937 116.300693
40.050712 116.300575
40.050908 116.300861
40.050648 116.300601
40.050913 116.300830
40.050916 116.300816
40.050674 116.300590
0.000000 0.000000
40.050679 116.300588
40.050908 116.300863
0.000000 0.000000
0.000000 0.000000
40.046361 116.303429
40.045475 116.304091
40.044578 116.304638
40.044006 116.305183
40.043297 116.306123
40.042578 116.306587
40.041831 116.306986
40.041026 116.307124
40.040453 116.308162
40.039722 116.308602
40.038895 116.308690
40.038322 116.309443
40.037648 116.310026
40.037134 116.310890
40.036435 116.311433
0.000000 0.000000
0.000000 0.000000
0.000000 0.000000
40.033323 116.313236
40.033012 116.313351
40.032615 116.313710
40.032247 116.313843
40.032183 116.313863
40.032128 116.313881
40.032103 116.313889
40.032141 116.313877
40.032144 116.313876
40.032144 116.313876
40.032160 116.313871
40.032165 116.313869
40.032147 116.313875
40.032184 116.313863
40.032226 116.313735
40.032223 116.313716
40.032233 116.313770
40.032228 116.313849
40.032255 116.313906
40.032270 116.314016
40.030678 116.313955
40.029393 116.314947
0.000000 0.000000
40.027525 116.315691
40.026616 116.315497
0.000000 0.000000
0.000000 0.000000
40.023666 116.316673
40.022991 116.317586
40.022175 116.317956
40.021093 116.318367
40.019661 116.318882
40.018875 116.319166
40.018312 116.319444
40.017353 116.320183
40.016645 116.320221
0.000000 0.000000
40.014679 116.322821
40.014069 116.323231
40.013202 116.324690
40.012167 116.325555
40.011437 116.326326
40.010456 116.327009
40.009809 116.328738
40.009030 116.329085
40.007989 116.329938
40.007329 116.330386
40.006353 116.330429
0.000000 0.000000
40.004395 116.331286
40.003639 116.331333
40.002330 116.330660
40.001348 116.330714
0.000000 0.000000
39.999323 116.331219
39.998390 116.331605
39.997215 116.331059
39.996346 116.331572
39.995290 116.331533
39.994324 116.331487
39.993571 116.331620
39.993212 116.331734
39.992521 116.331585
39.991890 116.331115
39.991742 116.331187
39.991532 116.331288
39.991610 116.331251
39.991649 116.331232
39.991692 116.331211
39.991748 116.331184
0.000000 0.000000
39.991835 116.331141
39.991829 116.331144
39.991804 116.331156
39.991758 116.331179
39.991614 116.331248
39.991447 116.331329
39.991188 116.331455
39.991188 116.331455
39.989761 116.331532
39.988864 116.331666
39.988126 116.331728
39.986212 116.331846
39.985725 116.331959
39.984319 116.332008
0.000000 0.000000
39.982668 116.332581
0.000000 0.000000
39.980737 116.333390
39.979643 116.333444
39.978599 116.333450
39.977561 116.333534
39.976883 116.333566
39.976366 116.333641
39.976007 116.333609
39.975779 116.333812
39.975665 116.333817
39.975655 116.333817
39.975650 116.333817
39.975632 116.333818
39.975601 116.333820
39.975608 116.333819
39.975695 116.333815
39.975672 116.333628
39.975649 116.333629
39.975636 116.333630
39.975608 116.333631
39.975586 116.333633
39.975538 116.333635
39.975484 116.333638
39.975416 116.333642
39.975422 116.333642
39.975427 116.333641
39.975421 116.333642
39.975561 116.333634
39.975565 116.333634
39.975568 116.333634
39.975563 116.333634
39.975538 116.333635
39.975507 116.333637
39.975464 116.333639
39.975420 116.333642
39.975368 116.333644
39.975353 116.333645
39.975779 116.333385
39.975778 116.333345
39.975777 116.333260
39.975777 116.333260
39.975776 116.333226
39.975776 116.333190
39.975777 116.333260
39.975777 116.333260
39.975774 116.333103
39.975774 116.333074
39.975357 116.333645
0.000000 0.000000
0.000000 0.000000
0.000000 0.000000
0.000000 0.000000
0.000000 0.000000
0.000000 0.000000
0.000000 0.000000
39.974912 116.332528
39.974915 116.332519
39.974928 116.332489
39.974944 116.332450
39.974964 116.332402
39.975765 116.332610
39.975764 116.332561
39.975763 116.332479
39.975762 116.332439
39.975762 116.332409
39.975761 116.332383
39.975071 116.332142
39.975084 116.332113
39.975093 116.332090
39.975102 116.332068
39.975761 116.332378
39.975283 116.331931
39.975274 116.331934
39.975121 116.332022
39.975266 116.331936
39.975136 116.331987
39.975270 116.331935
39.975285 116.331930
39.975302 116.331925
39.975313 116.331922
39.975323 116.331919
39.975336 116.331915
39.975366 116.331905
39.975388 116.331899
39.975416 116.331890
39.975462 116.331876
39.975495 116.331866
39.975518 116.331859
39.975540 116.331852
39.975548 116.331850
39.975561 116.331846
39.975591 116.331837
39.975591 116.331837
39.975591 116.331837
39.975591 116.331837
39.975591 116.331837
39.975591 116.331837
39.975591 116.331837
39.975591 116.331837
39.975591 116.331837
39.975591 116.331837
39.975591 116.331837
39.975591 116.331837
39.975591 116.331837
39.975591 116.331837
39.975591 116.331837
39.975591 116.331837
0.000000 0.000000
39.975591 116.331837
39.975591 116.331837
39.975540 116.331853
39.975477 116.331872
39.975410 116.331892
39.975304 116.331924
39.975141 116.331974
39.974925 116.331992
39.974881 116.331996
