39.985957 116.304543
39.985957 116.304543
39.985957 116.304543
39.985957 116.304543
39.985957 116.304543
39.985957 116.304543
39.985957 116.304543
39.986188 116.305382
39.986188 116.305382
39.986188 116.305382
39.986188 116.305382
39.986188 116.305382
39.986188 116.305382
39.986188 116.305382
39.986188 116.305382
39.986188 116.305382
39.986188 116.305382
39.986188 116.305382
39.986188 116.305382
39.986188 116.305382
39.986188 116.305382
39.986188 116.305382
39.986188 116.305382
39.986188 116.305382
39.986194 116.305381
39.986175 116.305384
39.986188 116.305382
39.986188 116.305382
39.986159 116.305387
39.986137 116.305391
39.986119 116.305394
39.986103 116.305396
39.986188 116.305382
39.986154 116.305388
39.986188 116.305382
39.986188 116.305382
39.986154 116.305388
39.986188 116.305382
0.000000 0.000000
39.986127 116.305392
39.986098 116.305397
39.986063 116.305403
39.986029 116.305409
39.985983 116.305416
39.985951 116.305422
39.985919 116.305427
39.985891 116.305432
39.985863 116.305437
39.985838 116.305441
39.985808 116.305446
39.985778 116.305451
39.985751 116.305456
39.985727 116.305460
39.985703 116.305464
39.985673 116.305469
39.985639 116.305474
39.985611 116.305479
39.985380 116.305203
39.985380 116.305203
39.985380 116.305203
39.985380 116.305203
39.985380 116.305203
39.985380 116.305203
39.985380 116.305203
39.985383 116.305262
39.985384 116.305278
39.985385 116.305286
39.985385 116.305291
39.985385 116.305293
39.985386 116.305310
39.985302 116.305210
39.985227 116.305342
39.985227 116.305359
39.985228 116.305384
39.985229 116.305405
39.985229 116.305420
39.985156 116.305521
39.985134 116.305521
39.985108 116.305522
39.985094 116.305656
39.985110 116.305656
39.985120 116.305656
39.985050 116.305788
39.985051 116.305822
39.985052 116.305852
39.985140 116.305918
39.985148 116.305917
39.985150 116.305917
39.985251 116.306060
39.985253 116.306118
39.985063 116.306169
39.985064 116.306205
39.985065 116.306248
39.985066 116.306253
39.985066 116.306263
39.985065 116.306240
39.985065 116.306236
39.985065 116.306243
39.985257 116.306237
39.985258 116.306273
39.985259 116.306316
39.985262 116.306395
39.985074 116.306504
39.985078 116.306629
39.985084 116.306798
39.985091 116.307008
39.984969 116.307295
39.984980 116.307586
39.984991 116.307908
39.985000 116.308148
39.985008 116.308365
39.985015 116.308553
39.985023 116.308748
39.985030 116.308930
39.985163 116.309094
39.985104 116.309340
39.985176 116.309480
39.985084 116.309685
39.985125 116.309775
39.985057 116.309854
39.985057 116.309907
39.985057 116.309871
39.985057 116.309893
39.984871 116.309367
39.984822 116.309370
39.984807 116.309371
39.984772 116.309373
39.984727 116.309375
39.984665 116.309379
39.984583 116.309384
39.984133 116.309959
39.984133 116.309959
39.984133 116.309959
39.984145 116.310001
39.984010 116.310014
39.984009 116.309971
39.984009 116.309971
39.984009 116.309971
39.983278 116.310126
39.983279 116.310182
39.983281 116.310236
39.982499 116.310296
39.982499 116.310265
39.982499 116.310278
39.982499 116.310301
39.982499 116.310307
39.982499 116.310290
39.982499 116.310292
39.982499 116.310292
39.982499 116.310294
0.000000 0.000000
39.982403 116.310293
39.982403 116.310295
39.982403 116.310301
39.982403 116.310305
39.982403 116.310307
39.982403 116.310309
39.982403 116.310309
39.982403 116.310309
39.982403 116.310317
39.982403 116.310346
39.982069 116.310947
39.981966 116.310946
39.981873 116.310945
39.981756 116.310943
39.981626 116.310942
39.981478 116.310940
39.981310 116.310938
39.981128 116.310936
39.980937 116.310934
39.980740 116.310931
39.980543 116.310929
39.980349 116.310927
39.980206 116.310505
39.979966 116.310939
39.979764 116.310950
39.979556 116.310962
39.979227 116.310981
39.978879 116.310592
39.978536 116.311021
39.978175 116.311048
39.977809 116.310570
39.977567 116.311095
39.977433 116.311106
39.977335 116.311114
39.977108 116.310619
39.977109 116.310656
39.976960 116.311144
39.976807 116.311156
39.976631 116.311170
39.976454 116.311185
39.976271 116.311199
39.976107 116.311213
39.975862 116.310864
39.975860 116.310899
39.975747 116.310924
39.975657 116.310950
39.975658 116.310973
39.975659 116.311004
39.975660 116.311042
39.975660 116.311057
39.975661 116.311066
39.975661 116.311070
39.975661 116.311076
39.975662 116.311110
39.975662 116.311112
39.975663 116.311130
39.975663 116.311139
39.975663 116.311134
39.975663 116.311133
39.975663 116.311131
39.975663 116.311146
39.975664 116.311166
39.975664 116.311196
39.975665 116.311208
39.975665 116.311212
39.975759 116.311298
39.975759 116.311298
39.975759 116.311298
39.975759 116.311298
39.975759 116.311298
39.975759 116.311298
39.975759 116.311298
39.975669 116.311346
39.975670 116.311381
39.975671 116.311404
39.975671 116.311432
39.975672 116.311455
39.975672 116.311459
39.975672 116.311471
0.000000 0.000000
39.975673 116.311477
0.000000 0.000000
0.000000 0.000000
0.000000 0.000000
0.000000 0.000000
0.000000 0.000000
0.000000 0.000000
0.000000 0.000000
0.000000 0.000000
0.000000 0.000000
0.000000 0.000000
0.000000 0.000000
0.000000 0.000000
39.973303 116.311741
39.973309 116.311783
39.973311 116.311804
39.973313 116.311820
39.972837 116.312134
39.972837 116.312134
39.972738 116.312131
39.972626 116.312129
39.972555 116.312127
39.972504 116.312125
39.972484 116.312125
39.972484 116.312125
39.972492 116.312125
39.972459 116.312124
39.972411 116.312123
39.972358 116.312122
39.972325 116.312121
39.972325 116.312121
39.972322 116.312121
39.972278 116.312120
39.972199 116.312118
39.972093 116.312116
39.971965 116.312129
39.971829 116.312144
39.971684 116.312160
39.971278 116.312656
39.971278 116.312656
39.971278 116.312656
39.971148 116.312671
39.970982 116.312691
39.970811 116.312710
39.970646 116.312730
39.970417 116.313104
39.970423 116.313210
39.970429 116.313295
0.000000 0.000000
39.969534 116.313508
39.969537 116.313545
39.969541 116.313585
39.969273 116.313076
39.968812 116.313779
39.968816 116.313828
39.968819 116.313866
39.968823 116.313907
39.968307 116.314025
39.968310 116.314070
39.968313 116.314114
39.967715 116.314254
39.967716 116.314264
39.967285 116.314137
39.967244 116.314182
39.967130 116.314306
39.967005 116.314441
39.966885 116.314535
39.966753 116.314605
39.966640 116.314660
39.966589 116.314738
39.966482 116.314738
39.966410 116.314773
39.966377 116.314789
39.966356 116.314799
39.966350 116.314802
39.966350 116.314802
39.966353 116.314801
39.966370 116.314793
39.966373 116.314791
39.966371 116.314792
39.966371 116.314792
39.966371 116.314792
39.966368 116.314793
39.966343 116.314806
39.966316 116.314819
39.966283 116.314836
39.966244 116.314855
39.966210 116.314872
39.966161 116.314870
39.966164 116.314878
39.966158 116.314918
39.966159 116.314865
39.966151 116.314934
39.966147 116.314943
39.966144 116.314950
39.966140 116.314960
39.966134 116.314973
39.966119 116.315010
39.966090 116.315076
39.965717 116.315038
39.965721 116.315119
39.965728 116.315223
39.965736 116.315362
39.965670 116.315716
39.965552 116.315785
39.965445 116.316200
39.965510 116.316380
39.965572 116.316553
39.965632 116.316718
39.965690 116.316879
39.965739 116.317017
39.965777 116.317122
39.965802 116.317189
39.965812 116.317219
39.965831 116.317270
39.965850 116.317324
39.965877 116.317397
39.965902 116.317467
39.965897 116.317454
39.965686 116.318203
39.965788 116.319435
39.965878 116.320664
39.965937 116.320930
39.966033 116.321364
39.965941 116.321936
39.966239 116.322297
39.965997 116.322941
39.965673 116.323518
39.965704 116.324063
39.965734 116.324589
39.965764 116.325119
39.966113 116.325241
0.000000 0.000000
0.000000 0.000000
0.000000 0.000000
39.965757 116.327803
39.965776 116.328347
39.965798 116.328903
39.966230 116.329397
0.000000 0.000000
0.000000 0.000000
39.966120 116.331481
39.966184 116.331516
0.000000 0.000000
39.965889 116.333283
39.965889 116.333283
39.966191 116.334210
39.966176 116.334416
0.000000 0.000000
0.000000 0.000000
0.000000 0.000000
0.000000 0.000000
0.000000 0.000000
39.966344 116.338957
0.000000 0.000000
0.000000 0.000000
0.000000 0.000000
39.966395 116.341613
39.966348 116.341622
0.000000 0.000000
0.000000 0.000000
0.000000 0.000000
0.000000 0.000000
0.000000 0.000000
0.000000 0.000000
0.000000 0.000000
0.000000 0.000000
0.000000 0.000000
0.000000 0.000000
0.000000 0.000000
0.000000 0.000000
0.000000 0.000000
0.000000 0.000000
0.000000 0.000000
0.000000 0.000000
0.000000 0.000000
0.000000 0.000000
0.000000 0.000000
39.966267 116.347495
39.966309 116.347498
39.966296 116.347832
39.966323 116.348520
39.966309 116.348521
0.000000 0.000000
39.966545 116.350346
39.966537 116.350568
39.966525 116.350918
39.965937 116.351566
39.966382 116.351910
39.966495 116.352899
39.966411 116.352932
39.966372 116.353408
39.966573 116.353514
39.966349 116.354691
39.966336 116.354866
39.966315 116.354867
0.000000 0.000000
0.000000 0.000000
0.000000 0.000000
39.966174 116.357395
39.966174 116.357395
0.000000 0.000000
0.000000 0.000000
0.000000 0.000000
0.000000 0.000000
0.000000 0.000000
0.000000 0.000000
0.000000 0.000000
0.000000 0.000000
0.000000 0.000000
0.000000 0.000000
0.000000 0.000000
0.000000 0.000000
0.000000 0.000000
0.000000 0.000000
0.000000 0.000000
0.000000 0.000000
0.000000 0.000000
0.000000 0.000000
0.000000 0.000000
0.000000 0.000000
0.000000 0.000000
0.000000 0.000000
0.000000 0.000000
0.000000 0.000000
0.000000 0.000000
0.000000 0.000000
0.000000 0.000000
0.000000 0.000000
0.000000 0.000000
0.000000 0.000000
39.966339 116.360722
39.966341 116.360721
39.966337 116.360722
39.966348 116.360721
39.966369 116.360862
39.966382 116.361020
39.966391 116.361020
0.000000 0.000000
0.000000 0.000000
0.000000 0.000000
0.000000 0.000000
0.000000 0.000000
0.000000 0.000000
39.966511 116.364535
39.966542 116.364534
39.966565 116.364534
0.000000 0.000000
0.000000 0.000000
39.966621 116.366981
39.966593 116.366982
0.000000 0.000000
0.000000 0.000000
0.000000 0.000000
0.000000 0.000000
39.967021 116.370049
39.966699 116.370362
39.966750 116.370433
0.000000 0.000000
0.000000 0.000000
0.000000 0.000000
0.000000 0.000000
0.000000 0.000000
0.000000 0.000000
0.000000 0.000000
0.000000 0.000000
39.966866 116.375806
39.966822 116.375820
39.966777 116.375835
39.966732 116.375850
39.966698 116.375862
39.966672 116.375871
0.000000 0.000000
0.000000 0.000000
0.000000 0.000000
0.000000 0.000000
39.966538 116.377243
39.966538 116.377243
39.966538 116.377243
39.966538 116.377243
39.966538 116.377243
39.966538 116.377243
39.966538 116.377243
39.966538 116.377243
39.966538 116.377243
39.966538 116.377243
39.966538 116.377243
39.966596 116.377397
39.966605 116.377421
39.966625 116.377473
39.966656 116.377556
39.966700 116.377672
39.966752 116.377811
39.966812 116.377969
39.966808 116.378243
39.966907 116.378441
39.966898 116.378696
39.966888 116.378968
39.966883 116.379105
39.966859 116.380020
39.966894 116.380335
39.966497 116.380954
39.966595 116.381406
39.966688 116.381835
39.966767 116.382203
39.966805 116.382378
39.966805 116.382378
39.966805 116.382378
39.967272 116.383541
39.966988 116.383938
39.966988 116.383938
39.967136 116.383732
39.967148 116.383714
39.967140 116.383726
39.967122 116.383750
39.967097 116.383786
39.967058 116.383840
39.967019 116.383894
39.966990 116.384006
39.966991 116.384018
39.966993 116.384092
39.966997 116.384200
39.967002 116.384346
39.967009 116.384526
39.967016 116.384730
39.967024 116.384963
39.967089 116.385159
39.967031 116.385162
0.000000 0.000000
0.000000 0.000000
39.967400 116.387039
39.967227 116.387418
39.967251 116.387834
39.967270 116.388275
39.967208 116.389256
39.967370 116.389388
0.000000 0.000000
0.000000 0.000000
0.000000 0.000000
0.000000 0.000000
0.000000 0.000000
0.000000 0.000000
0.000000 0.000000
0.000000 0.000000
39.967296 116.394473
39.967288 116.394610
39.967309 116.394890
39.967278 116.394892
39.967270 116.395615
39.967270 116.395615
39.967270 116.395615
39.967270 116.395615
39.967270 116.395615
39.967270 116.395615
39.967270 116.395615
39.967270 116.395615
39.967270 116.395615
39.967270 116.395615
39.967224 116.395609
39.967235 116.395610
39.967270 116.395615
39.967270 116.395615
39.967227 116.394894
39.967270 116.395615
39.967268 116.394892
39.967249 116.394893
39.967243 116.394894
39.967268 116.394892
39.967273 116.394892
39.967259 116.394893
39.967255 116.394893
39.967267 116.394892
39.967270 116.394892
39.967259 116.394893
39.967240 116.394765
39.967217 116.394766
39.967052 116.394903
39.966850 116.395557
39.967035 116.395583
39.967079 116.395589
39.967134 116.395924
39.967081 116.396046
39.967064 116.396084
39.967064 116.396084
39.967064 116.396084
0.000000 0.000000
0.000000 0.000000
0.000000 0.000000
39.967422 116.398000
39.967120 116.398186
39.967291 116.398128
39.967249 116.398286
39.967239 116.398178
39.967405 116.398408
0.000000 0.000000
0.000000 0.000000
0.000000 0.000000
0.000000 0.000000
0.000000 0.000000
0.000000 0.000000
0.000000 0.000000
39.967349 116.400852
39.967281 116.400855
39.967294 116.400855
39.967179 116.400860
39.967109 116.400863
39.967041 116.400867
39.966978 116.400870
39.966884 116.400874
39.966785 116.400936
39.966619 116.401087
39.966458 116.401090
39.966269 116.401092
39.966056 116.401095
39.965863 116.401098
39.965684 116.401101
39.965505 116.401045
39.965254 116.400897
39.965011 116.401131
39.964792 116.400928
39.964442 116.400952
39.964088 116.400976
39.963796 116.400995
39.963597 116.401007
39.963364 116.401241
39.963362 116.401298
39.963371 116.401020
39.963360 116.401388
0.000000 0.000000
0.000000 0.000000
0.000000 0.000000
0.000000 0.000000
0.000000 0.000000
0.000000 0.000000
0.000000 0.000000
0.000000 0.000000
0.000000 0.000000
0.000000 0.000000
0.000000 0.000000
0.000000 0.000000
0.000000 0.000000
0.000000 0.000000
0.000000 0.000000
0.000000 0.000000
0.000000 0.000000
0.000000 0.000000
0.000000 0.000000
0.000000 0.000000
0.000000 0.000000
0.000000 0.000000
0.000000 0.000000
0.000000 0.000000
0.000000 0.000000
0.000000 0.000000
0.000000 0.000000
0.000000 0.000000
0.000000 0.000000
0.000000 0.000000
0.000000 0.000000
0.000000 0.000000
0.000000 0.000000
0.000000 0.000000
0.000000 0.000000
0.000000 0.000000
0.000000 0.000000
0.000000 0.000000
0.000000 0.000000
0.000000 0.000000
0.000000 0.000000
39.959156 116.401088
39.959009 116.401260
39.958886 116.401404
39.958784 116.401522
39.958693 116.401628
39.958625 116.401708
39.958585 116.401755
39.958555 116.401790
39.958544 116.401803
39.958538 116.401810
39.958541 116.401806
39.958548 116.401798
39.958551 116.401795
39.958538 116.401810
39.958506 116.401847
39.958474 116.401884
39.958436 116.401929
39.958403 116.401968
39.958372 116.402003
0.000000 0.000000
0.000000 0.000000
0.000000 0.000000
0.000000 0.000000
0.000000 0.000000
0.000000 0.000000
0.000000 0.000000
0.000000 0.000000
0.000000 0.000000
0.000000 0.000000
0.000000 0.000000
0.000000 0.000000
0.000000 0.000000
0.000000 0.000000
39.957152 116.401444
39.957152 116.401445
0.000000 0.000000
0.000000 0.000000
0.000000 0.000000
0.000000 0.000000
0.000000 0.000000
0.000000 0.000000
0.000000 0.000000
0.000000 0.000000
0.000000 0.000000
0.000000 0.000000
0.000000 0.000000
0.000000 0.000000
0.000000 0.000000
0.000000 0.000000
39.952675 116.402161
39.952367 116.401986
39.952068 116.401815
39.951781 116.401652
39.951523 116.401505
39.951521 116.401851
39.950625 116.402088
39.950587 116.402023
39.950564 116.401983
39.950549 116.401958
39.950490 116.401856
39.950490 116.401856
39.950490 116.401856
39.950490 116.401856
39.950490 116.401856
39.950490 116.401856
0.000000 0.000000
39.949749 116.401481
39.949749 116.401453
39.949749 116.401419
39.949213 116.401413
39.949213 116.401423
39.948835 116.401610
39.948215 116.401621
39.948215 116.401612
39.948215 116.401580
39.948215 116.401555
39.948215 116.401520
39.948215 116.401493
39.948215 116.401486
39.947530 116.401138
39.947530 116.401138
39.947520 116.401543
39.947519 116.401591
39.947517 116.401665
39.947514 116.401773
39.947511 116.401892
39.947508 116.402018
39.947505 116.402137
39.947503 116.402242
39.947501 116.402300
39.947499 116.402398
39.947662 116.402804
39.947783 116.402805
39.947875 116.402804
39.947961 116.402804
39.948028 116.402803
39.948216 116.402366
39.948216 116.402376
39.948216 116.402363
39.948216 116.402347
39.948216 116.402328
39.948216 116.402318
39.948216 116.402322
39.948216 116.402329
39.948216 116.402377
39.948216 116.402450
39.948217 116.402529
39.948408 116.402805
39.948408 116.402805
39.948408 116.402805
39.948217 116.402545
39.948217 116.402519
39.948217 116.402495
39.948217 116.402469
39.948216 116.402452
39.948217 116.402467
39.948216 116.402463
39.948217 116.402475
39.948217 116.402477
39.948217 116.402492
39.948217 116.402482
39.948216 116.402460
39.948216 116.402460
39.948216 116.402453
39.948216 116.402445
39.948081 116.402803
39.948055 116.402803
39.948026 116.402803
39.947990 116.402803
39.947963 116.402804
39.947933 116.402804
39.947970 116.402804
39.947956 116.402804
39.947945 116.402804
39.947915 116.402804
39.947888 116.402804
39.947858 116.402804
39.947828 116.402805
39.947801 116.402805
39.947778 116.402805
39.947751 116.402805
39.947731 116.402805
39.947714 116.402805
39.947693 116.402804
39.947668 116.402804
39.947643 116.402804
39.947626 116.402804
39.947604 116.402803
39.947497 116.402458
39.947497 116.402459
39.947497 116.402459
39.947498 116.402455
39.947498 116.402454
39.947498 116.402457
39.947497 116.402458
39.947497 116.402458
39.947498 116.402454
39.947498 116.402450
39.947498 116.402442
39.947498 116.402433
39.947498 116.402423
39.947499 116.402410
39.947499 116.402394
39.947499 116.402380
39.947500 116.402363
39.947500 116.402345
39.947501 116.402323
39.947501 116.402297
39.947502 116.402269
39.947503 116.402244
39.947503 116.402221
39.947504 116.402191
39.947505 116.402167
39.947505 116.402146
39.946803 116.402129
39.946803 116.402117
39.946803 116.402097
39.946803 116.402095
39.946803 116.402097
39.946803 116.402100
39.946803 116.402106
39.946803 116.402110
39.946803 116.402104
39.946803 116.402104
39.946803 116.402102
39.946803 116.402105
39.946803 116.402102
39.946803 116.402102
39.946803 116.402094
39.946803 116.402078
39.946803 116.402070
39.946803 116.402078
39.946803 116.402078
39.946803 116.402032
39.946803 116.402029
39.946803 116.402040
39.946803 116.402052
39.946803 116.402055
39.946803 116.402041
39.946803 116.402034
39.946803 116.402046
39.946803 116.402053
39.946803 116.402071
39.946803 116.402086
39.946803 116.402084
39.946803 116.402070
39.946803 116.402077
39.946803 116.402073
39.946238 116.402069
39.946238 116.402102
39.946238 116.402102
39.946238 116.402095
39.946238 116.402082
39.946238 116.402087
39.946238 116.402075
39.946238 116.402108
39.946238 116.402147
39.946238 116.402147
39.946238 116.402152
39.946238 116.402147
39.946238 116.402163
39.946238 116.402177
39.946238 116.402182
39.946238 116.402195
39.946238 116.402190
39.946238 116.402187
39.946238 116.402185
39.946238 116.402173
39.946238 116.402172
39.946238 116.402175
39.946238 116.402183
39.946238 116.402175
39.946238 116.402165
39.946238 116.402150
39.946238 116.402127
39.946238 116.402095
39.946238 116.402095
39.946238 116.402115
39.946238 116.402128
39.946238 116.402128
39.945404 116.402125
39.945404 116.402117
39.945404 116.402126
39.945404 116.402100
39.945404 116.402092
39.945404 116.402092
39.945404 116.402092
39.945404 116.402092
39.945404 116.402122
39.945404 116.402120
39.945404 116.402126
39.945404 116.402126
39.945404 116.402125
39.945404 116.402108
39.945404 116.402082
39.945404 116.402065
39.945404 116.402040
39.945403 116.402018
39.945403 116.401991
39.945403 116.401963
39.945403 116.401935
39.945403 116.401909
39.945402 116.401899
39.945402 116.401884
39.945402 116.401881
39.945402 116.401876
39.945402 116.401879
39.945402 116.401871
39.945402 116.401866
39.945402 116.401878
39.945402 116.401873
39.945402 116.401871
39.945402 116.401867
39.945402 116.401869
39.945402 116.401872
39.945402 116.401882
39.945402 116.401881
39.945402 116.401881
39.945402 116.401879
39.945402 116.401877
39.945402 116.401873
39.945402 116.401862
39.945402 116.401855
39.945402 116.401851
39.945402 116.401869
39.944685 116.401875
39.944685 116.401881
39.944686 116.401895
39.944686 116.401905
39.944686 116.401907
39.944686 116.401910
39.944686 116.401908
39.944686 116.401914
39.944686 116.401917
39.944686 116.401911
39.944686 116.401910
39.944686 116.401910
39.944686 116.401925
39.944686 116.401916
39.944686 116.401921
39.944686 116.401920
39.944686 116.401914
39.944686 116.401917
39.944686 116.401922
39.944686 116.401924
39.944686 116.401930
39.944686 116.401938
39.944686 116.401945
39.944686 116.401945
39.944686 116.401936
39.944686 116.401931
39.944686 116.401915
39.944686 116.401906
39.944686 116.401912
39.944686 116.401921
39.944686 116.401908
39.944686 116.401903
39.943983 116.401915
39.943983 116.401916
39.943984 116.401918
39.943984 116.401919
39.943984 116.401921
39.943983 116.401918
39.943983 116.401887
39.943983 116.401900
39.943983 116.401872
39.943982 116.401852
39.943982 116.401838
39.943981 116.401820
39.943981 116.401802
39.943981 116.401780
39.943980 116.401752
39.943980 116.401735
39.943979 116.401715
39.943979 116.401692
39.943978 116.401672
39.943978 116.401671
39.943978 116.401641
39.943977 116.401630
39.943977 116.401618
39.943977 116.401602
39.943977 116.401590
39.943976 116.401552
39.943974 116.401477
39.943973 116.401429
39.943973 116.401400
39.943972 116.401382
39.943971 116.401346
39.943971 116.401316
39.943970 116.401293
39.943970 116.401264
39.943969 116.401225
39.943968 116.401194
39.943968 116.401175
39.943967 116.401156
39.943967 116.401118
39.943967 116.401088
39.943967 116.401067
39.943967 116.401054
39.943967 116.401025
39.943967 116.400954
39.943967 116.400920
39.943967 116.400892
39.943967 116.400875
39.943967 116.400857
39.943967 116.400840
39.943967 116.400832
39.943967 116.400824
39.943967 116.400812
39.943967 116.400790
39.943966 116.400770
39.943966 116.400770
39.943966 116.400753
39.943966 116.400745
39.943966 116.400743
39.943966 116.400740
39.943966 116.400741
39.943966 116.400745
39.943966 116.400743
39.943966 116.400746
39.943966 116.400748
39.943966 116.400743
39.943966 116.400725
39.943966 116.400696
39.943966 116.400670
39.943966 116.400668
39.943966 116.400666
39.943966 116.400659
39.943966 116.400617
39.943966 116.400592
39.943966 116.400572
0.000000 0.000000
0.000000 0.000000
0.000000 0.000000
0.000000 0.000000
0.000000 0.000000
0.000000 0.000000
0.000000 0.000000
0.000000 0.000000
0.000000 0.000000
0.000000 0.000000
0.000000 0.000000
0.000000 0.000000
0.000000 0.000000
0.000000 0.000000
0.000000 0.000000
