0.000000 0.000000
0.000000 0.000000
0.000000 0.000000
0.000000 0.000000
0.000000 0.000000
0.000000 0.000000
0.000000 0.000000
0.000000 0.000000
0.000000 0.000000
0.000000 0.000000
0.000000 0.000000
0.000000 0.000000
0.000000 0.000000
0.000000 0.000000
0.000000 0.000000
0.000000 0.000000
0.000000 0.000000
0.000000 0.000000
0.000000 0.000000
0.000000 0.000000
0.000000 0.000000
0.000000 0.000000
0.000000 0.000000
0.000000 0.000000
0.000000 0.000000
0.000000 0.000000
0.000000 0.000000
0.000000 0.000000
0.000000 0.000000
0.000000 0.000000
0.000000 0.000000
0.000000 0.000000
0.000000 0.000000
0.000000 0.000000
0.000000 0.000000
0.000000 0.000000
0.000000 0.000000
0.000000 0.000000
0.000000 0.000000
0.000000 0.000000
0.000000 0.000000
0.000000 0.000000
0.000000 0.000000
40.006214 116.318005
40.006237 116.318053
40.006322 116.318228
40.006407 116.318407
40.006485 116.318567
40.006581 116.318768
40.006638 116.318886
40.006638 116.318886
40.006638 116.318886
40.006724 116.319962
40.006724 116.319962
40.006712 116.319973
40.006634 116.320042
40.006579 116.320091
0.000000 0.000000
0.000000 0.000000
0.000000 0.000000
0.000000 0.000000
0.000000 0.000000
0.000000 0.000000
0.000000 0.000000
0.000000 0.000000
0.000000 0.000000
0.000000 0.000000
0.000000 0.000000
0.000000 0.000000
0.000000 0.000000
0.000000 0.000000
0.000000 0.000000
0.000000 0.000000
0.000000 0.000000
0.000000 0.000000
0.000000 0.000000
0.000000 0.000000
0.000000 0.000000
0.000000 0.000000
0.000000 0.000000
0.000000 0.000000
0.000000 0.000000
0.000000 0.000000
0.000000 0.000000
0.000000 0.000000
0.000000 0.000000
0.000000 0.000000
0.000000 0.000000
0.000000 0.000000
0.000000 0.000000
0.000000 0.000000
0.000000 0.000000
0.000000 0.000000
0.000000 0.000000
0.000000 0.000000
0.000000 0.000000
0.000000 0.000000
0.000000 0.000000
0.000000 0.000000
0.000000 0.000000
40.006507 116.321724
40.006345 116.321629
40.006345 116.321629
40.006244 116.321637
40.006104 116.321648
40.005839 116.321256
40.005839 116.321261
40.005605 116.321690
40.005443 116.321704
40.005292 116.321717
40.005147 116.321730
40.004983 116.321744
40.004818 116.321759
40.004658 116.321773
40.004525 116.321401
40.004177 116.321277
40.004111 116.321409
40.004029 116.321569
40.003744 116.321540
40.003674 116.321445
40.003416 116.321374
40.003286 116.321394
40.003100 116.321422
40.002947 116.321445
40.002795 116.321468
40.002627 116.321494
40.002451 116.321521
40.002312 116.321541
40.002167 116.321608
40.001978 116.321601
40.001796 116.321637
40.001590 116.321678
40.001396 116.321716
40.001236 116.321747
40.001075 116.321771
40.000905 116.321789
40.000714 116.321809
40.000543 116.321827
40.000369 116.321846
40.000196 116.321864
40.000012 116.321880
39.999879 116.321882
39.999795 116.321981
39.999786 116.322173
39.999781 116.322291
39.999770 116.322524
39.999762 116.322717
39.999753 116.322905
39.999744 116.323110
39.999734 116.323343
39.999722 116.323603
39.999711 116.323857
39.999700 116.324089
39.999701 116.324349
39.999698 116.324567
39.999691 116.324768
39.999682 116.325005
39.999674 116.325223
39.999666 116.325442
39.999658 116.325648
39.999651 116.325854
39.999737 116.326099
39.999837 116.326164
39.999631 116.326465
39.999625 116.326672
39.999620 116.326858
39.999616 116.326989
0.000000 0.000000
0.000000 0.000000
0.000000 0.000000
0.000000 0.000000
0.000000 0.000000
0.000000 0.000000
0.000000 0.000000
0.000000 0.000000
0.000000 0.000000
0.000000 0.000000
0.000000 0.000000
0.000000 0.000000
0.000000 0.000000
0.000000 0.000000
0.000000 0.000000
39.999613 116.327080
39.999605 116.327339
39.999604 116.327359
39.999604 116.327351
39.999613 116.327080
0.000000 0.000000
39.999604 116.327344
39.999613 116.327080
39.999613 116.327080
39.999605 116.327328
39.999613 116.327080
39.999613 116.327080
39.999613 116.327080
0.000000 0.000000
0.000000 0.000000
0.000000 0.000000
0.000000 0.000000
0.000000 0.000000
0.000000 0.000000
0.000000 0.000000
0.000000 0.000000
0.000000 0.000000
0.000000 0.000000
0.000000 0.000000
0.000000 0.000000
0.000000 0.000000
0.000000 0.000000
40.000984 116.327306
40.000984 116.327326
40.000984 116.327291
40.000984 116.327296
40.000984 116.327299
40.000984 116.327315
