39.906257 116.214975
39.906254 116.214966
39.906228 116.214885
39.906214 116.214842
39.906023 116.214581
39.905928 116.214581
39.905838 116.214581
39.905753 116.214581
39.905759 116.214581
39.905759 116.214581
39.905738 116.214581
39.905759 116.214477
39.905758 116.214421
39.905758 116.214330
39.905893 116.214145
39.905757 116.214192
39.905757 116.214142
39.905757 116.214142
39.905757 116.214142
39.905389 116.214582
39.905305 116.214583
0.000000 0.000000
39.905757 116.214142
39.905757 116.214142
39.905757 116.214142
39.905757 116.214142
39.905757 116.214142
39.905859 116.214126
39.905996 116.214104
39.906129 116.214083
39.906254 116.214063
39.906377 116.214043
39.906486 116.214026
39.906557 116.214015
39.906456 116.214031
39.906395 116.214040
39.906340 116.214049
39.906275 116.214060
39.906161 116.214152
39.906071 116.214092
0.000000 0.000000
0.000000 0.000000
0.000000 0.000000
0.000000 0.000000
0.000000 0.000000
0.000000 0.000000
0.000000 0.000000
0.000000 0.000000
0.000000 0.000000
0.000000 0.000000
0.000000 0.000000
0.000000 0.000000
0.000000 0.000000
0.000000 0.000000
0.000000 0.000000
0.000000 0.000000
0.000000 0.000000
0.000000 0.000000
0.000000 0.000000
0.000000 0.000000
0.000000 0.000000
0.000000 0.000000
0.000000 0.000000
0.000000 0.000000
0.000000 0.000000
0.000000 0.000000
0.000000 0.000000
0.000000 0.000000
0.000000 0.000000
0.000000 0.000000
0.000000 0.000000
0.000000 0.000000
0.000000 0.000000
0.000000 0.000000
0.000000 0.000000
0.000000 0.000000
0.000000 0.000000
0.000000 0.000000
0.000000 0.000000
0.000000 0.000000
39.906012 116.252716
39.906027 116.252716
39.906017 116.252716
39.906015 116.252716
39.906020 116.252716
39.906023 116.252911
39.906030 116.252911
39.906018 116.253113
39.906020 116.253216
39.906013 116.253216
39.906098 116.253156
39.906129 116.253173
39.906162 116.253190
39.906012 116.253216
0.000000 0.000000
0.000000 0.000000
0.000000 0.000000
0.000000 0.000000
0.000000 0.000000
0.000000 0.000000
0.000000 0.000000
0.000000 0.000000
39.905841 116.255413
39.905841 116.255413
39.905841 116.255413
39.905841 116.255413
39.905841 116.255413
39.905886 116.255543
39.905914 116.255626
39.905945 116.255717
39.905974 116.255800
39.905999 116.255874
39.906045 116.256006
39.905829 116.256190
39.905818 116.256863
39.905818 116.256863
39.905830 116.256863
39.905739 116.256861
39.905559 116.257142
39.905560 116.257223
39.905956 116.256867
39.905563 116.257521
0.000000 0.000000
0.000000 0.000000
39.906028 116.258308
39.906033 116.258308
39.906027 116.258308
39.906022 116.258308
39.906037 116.258308
39.906040 116.258308
39.906053 116.258308
39.906112 116.258308
39.906128 116.258308
0.000000 0.000000
0.000000 0.000000
0.000000 0.000000
0.000000 0.000000
0.000000 0.000000
0.000000 0.000000
0.000000 0.000000
0.000000 0.000000
0.000000 0.000000
0.000000 0.000000
0.000000 0.000000
0.000000 0.000000
0.000000 0.000000
0.000000 0.000000
0.000000 0.000000
0.000000 0.000000
0.000000 0.000000
0.000000 0.000000
0.000000 0.000000
0.000000 0.000000
0.000000 0.000000
0.000000 0.000000
0.000000 0.000000
0.000000 0.000000
0.000000 0.000000
0.000000 0.000000
0.000000 0.000000
0.000000 0.000000
0.000000 0.000000
0.000000 0.000000
0.000000 0.000000
0.000000 0.000000
39.905732 116.263202
39.905768 116.263330
39.905806 116.263465
39.905866 116.263676
39.905866 116.263676
39.905866 116.263742
39.905866 116.263920
39.905866 116.264018
39.905866 116.264108
39.905866 116.264215
39.905870 116.264405
39.905873 116.264504
39.906132 116.264662
39.906133 116.264662
39.906136 116.264662
39.905880 116.264971
39.905881 116.265062
39.905882 116.265164
39.905884 116.265256
39.905884 116.265346
39.906026 116.267021
39.906038 116.267021
39.905881 116.266808
39.905881 116.266760
39.905882 116.266645
39.905882 116.266506
39.905882 116.266438
39.905882 116.266363
39.905705 116.267010
39.905509 116.267011
39.905204 116.267011
39.904843 116.267012
39.904183 116.267013
39.903781 116.267788
39.903781 116.267946
39.903782 116.268144
39.903783 116.268628
0.000000 0.000000
0.000000 0.000000
0.000000 0.000000
0.000000 0.000000
0.000000 0.000000
0.000000 0.000000
0.000000 0.000000
0.000000 0.000000
0.000000 0.000000
0.000000 0.000000
0.000000 0.000000
0.000000 0.000000
0.000000 0.000000
39.900210 116.269390
39.900212 116.269809
39.900043 116.270355
39.899814 116.270361
39.899588 116.270367
39.899369 116.270372
39.899195 116.270238
39.899042 116.270389
39.899022 116.270775
0.000000 0.000000
0.000000 0.000000
39.897797 116.270889
39.897780 116.270839
39.897776 116.270830
39.897627 116.270875
39.897050 116.270993
39.897096 116.271118
39.897050 116.271221
39.896800 116.271321
39.896596 116.271416
39.896619 116.271680
39.896532 116.271878
0.000000 0.000000
39.895514 116.271909
39.895519 116.272002
39.895524 116.272102
39.895530 116.272209
39.894498 116.272045
39.893733 116.272923
39.893736 116.273054
39.893481 116.273228
39.893479 116.273396
39.893140 116.273735
39.892975 116.273735
39.892843 116.273924
