40.046112 116.401745
40.046139 116.401746
40.046163 116.401747
40.046180 116.401748
40.046189 116.401748
40.046193 116.401748
40.046199 116.401749
40.046204 116.401749
40.046210 116.401749
40.046104 116.402893
40.046104 116.402893
40.046098 116.403110
0.000000 0.000000
40.046295 116.406317
40.046292 116.406317
40.046284 116.406318
40.046277 116.406319
40.046262 116.406320
40.046235 116.406322
40.046109 116.406332
40.045946 116.406345
40.045746 116.406360
40.044698 116.405919
0.000000 0.000000
0.000000 0.000000
40.043947 116.406528
40.043861 116.406538
40.043327 116.406601
40.043327 116.406601
0.000000 0.000000
0.000000 0.000000
0.000000 0.000000
0.000000 0.000000
0.000000 0.000000
0.000000 0.000000
0.000000 0.000000
0.000000 0.000000
0.000000 0.000000
0.000000 0.000000
40.039578 116.414501
0.000000 0.000000
40.039815 116.421794
40.040014 116.422151
40.039972 116.422282
40.039915 116.422282
40.039658 116.422283
0.000000 0.000000
40.039645 116.423517
40.039338 116.423517
40.037072 116.428432
40.037020 116.428650
40.036999 116.428741
40.036940 116.428985
40.036878 116.429246
0.000000 0.000000
0.000000 0.000000
0.000000 0.000000
0.000000 0.000000
0.000000 0.000000
0.000000 0.000000
0.000000 0.000000
40.032621 116.430925
0.000000 0.000000
0.000000 0.000000
0.000000 0.000000
0.000000 0.000000
0.000000 0.000000
0.000000 0.000000
0.000000 0.000000
0.000000 0.000000
0.000000 0.000000
0.000000 0.000000
0.000000 0.000000
0.000000 0.000000
0.000000 0.000000
40.030840 116.441823
40.030830 116.441929
40.030810 116.441929
40.030779 116.441928
40.030746 116.441927
40.030713 116.441927
40.027077 116.441872
40.026410 116.441859
40.024437 116.441826
40.024212 116.441820
40.023570 116.441803
40.023554 116.441803
40.023540 116.441803
40.023534 116.441802
40.023529 116.441802
40.023528 116.441802
40.023518 116.441802
40.023525 116.441802
40.023533 116.441802
40.023541 116.441803
40.023551 116.441803
40.023586 116.441804
40.023603 116.441804
40.023807 116.441810
40.023884 116.441812
40.023975 116.441814
40.024015 116.441815
40.024037 116.441816
40.024049 116.441816
40.024072 116.441817
40.024092 116.441817
40.024115 116.441818
40.024114 116.441818
40.024112 116.441818
40.024110 116.441818
40.024109 116.441818
40.024107 116.441817
40.024105 116.441817
40.024105 116.441817
40.024104 116.441817
40.024100 116.441817
40.024100 116.441817
40.024093 116.441817
40.024086 116.441817
40.024079 116.441817
40.024074 116.441817
40.024066 116.441816
40.024056 116.441816
40.024046 116.441816
40.023659 116.441806
40.023630 116.441805
40.023605 116.441804
40.023586 116.441804
40.023571 116.441803
40.023563 116.441803
40.023559 116.441803
40.023561 116.441803
40.023563 116.441803
40.023556 116.441803
40.023549 116.441803
40.023541 116.441803
40.023532 116.441802
40.023504 116.441802
40.020492 116.442462
40.020115 116.442502
40.019931 116.442513
40.019931 116.442499
40.019931 116.442480
40.019930 116.442457
40.019928 116.442385
0.000000 0.000000
40.019934 116.435330
40.020181 116.434927
40.020372 116.434616
40.020520 116.434375
40.020773 116.433962
40.020843 116.433849
40.020872 116.433802
40.020645 116.432945
40.020645 116.432945
40.020645 116.432945
40.020645 116.432945
40.020514 116.432983
40.020477 116.432994
40.020669 116.432726
40.020090 116.432592
40.020093 116.432523
40.020099 116.432367
40.020148 116.431118
40.020869 116.427475
40.020895 116.427477
40.020895 116.427477
40.020889 116.427477
40.020861 116.427474
0.000000 0.000000
0.000000 0.000000
0.000000 0.000000
0.000000 0.000000
0.000000 0.000000
0.000000 0.000000
0.000000 0.000000
0.000000 0.000000
0.000000 0.000000
0.000000 0.000000
40.022054 116.409765
40.022054 116.409762
40.022053 116.409781
40.022054 116.409771
40.022056 116.409740
40.022060 116.409702
40.022064 116.409663
40.022151 116.407697
40.022152 116.407620
40.022153 116.407546
40.022154 116.407476
40.022155 116.407410
0.000000 0.000000
0.000000 0.000000
0.000000 0.000000
0.000000 0.000000
0.000000 0.000000
0.000000 0.000000
0.000000 0.000000
0.000000 0.000000
0.000000 0.000000
0.000000 0.000000
0.000000 0.000000
0.000000 0.000000
0.000000 0.000000
0.000000 0.000000
0.000000 0.000000
40.021245 116.402278
40.020950 116.402275
40.020950 116.402275
40.020950 116.402275
40.021194 116.402277
40.021179 116.402277
40.021154 116.402277
40.021171 116.402277
40.021136 116.402277
40.021071 116.402276
40.021058 116.402276
40.021088 116.402276
40.021103 116.402277
40.021136 116.402277
40.021162 116.402277
40.021159 116.402277
40.021129 116.402277
40.021120 116.402277
40.021109 116.402277
40.020950 116.402275
40.021086 116.402276
40.020950 116.402275
40.021068 116.402276
40.021041 116.402276
40.021006 116.402276
40.020966 116.402275
40.020930 116.402273
40.020797 116.402257
40.020688 116.402244
40.020573 116.402231
40.020421 116.402213
40.019876 116.402149
40.018051 116.401767
40.015562 116.401398
40.009749 116.401623
40.009048 116.401639
39.988685 116.401501
39.988483 116.401175
39.988482 116.401148
39.988481 116.401116
39.988478 116.401039
39.987241 116.399611
39.987215 116.399468
39.987210 116.399438
39.987204 116.399405
39.987198 116.399373
39.987183 116.399291
39.987113 116.398907
39.987054 116.398584
39.986828 116.398039
0.000000 0.000000
0.000000 0.000000
39.987358 116.395269
39.986766 116.387541
39.986702 116.387441
39.986602 116.387446
39.986628 116.387445
39.986650 116.386220
39.985474 116.340702
39.985495 116.340700
0.000000 0.000000
39.984987 116.327327
39.984977 116.327270
39.984965 116.327271
39.984948 116.327272
39.984925 116.327273
39.984894 116.327276
39.984855 116.327278
39.984762 116.327284
39.984649 116.327291
39.984531 116.327299
39.984467 116.327303
39.976158 116.327369
39.976140 116.327030
39.976140 116.327030
39.976158 116.327365
39.976157 116.327352
39.976157 116.327352
39.976157 116.327350
39.976157 116.327351
39.975268 116.327415
39.974433 116.327523
39.974294 116.327429
39.972896 116.327578
