39.975330 116.333647
39.975371 116.333644
39.975114 116.333658
39.975106 116.333659
39.975106 116.333659
39.975112 116.333658
39.975112 116.333658
39.975123 116.333658
0.000000 0.000000
0.000000 0.000000
39.975123 116.333658
0.000000 0.000000
39.975122 116.333658
39.975123 116.333658
39.975123 116.333658
0.000000 0.000000
0.000000 0.000000
0.000000 0.000000
0.000000 0.000000
0.000000 0.000000
0.000000 0.000000
39.975122 116.333658
0.000000 0.000000
0.000000 0.000000
39.975122 116.333658
0.000000 0.000000
0.000000 0.000000
0.000000 0.000000
0.000000 0.000000
0.000000 0.000000
0.000000 0.000000
0.000000 0.000000
0.000000 0.000000
0.000000 0.000000
0.000000 0.000000
0.000000 0.000000
0.000000 0.000000
0.000000 0.000000
0.000000 0.000000
0.000000 0.000000
0.000000 0.000000
0.000000 0.000000
0.000000 0.000000
0.000000 0.000000
39.975122 116.333658
0.000000 0.000000
0.000000 0.000000
0.000000 0.000000
0.000000 0.000000
0.000000 0.000000
0.000000 0.000000
0.000000 0.000000
39.975122 116.333658
0.000000 0.000000
0.000000 0.000000
0.000000 0.000000
0.000000 0.000000
0.000000 0.000000
39.975120 116.333658
0.000000 0.000000
39.975120 116.333658
39.975120 116.333658
39.975120 116.333658
39.975120 116.333658
39.975120 116.333658
39.975120 116.333658
39.975122 116.333658
39.975122 116.333658
39.975122 116.333658
39.975122 116.333658
39.975124 116.333658
39.975124 116.333658
39.975124 116.333658
39.975124 116.333658
39.975124 116.333658
39.975124 116.333658
39.975124 116.333658
39.975125 116.333658
39.975123 116.333658
39.975123 116.333658
39.975121 116.333658
39.975123 116.333658
39.975131 116.333657
39.975116 116.333658
39.975119 116.333658
39.975113 116.333658
39.975112 116.333658
39.975126 116.333658
39.975136 116.333657
39.975143 116.333657
39.975148 116.333656
39.974751 116.332915
39.974772 116.332866
39.974795 116.332809
39.974822 116.332744
39.974849 116.332678
39.974878 116.332609
39.974907 116.332539
39.974938 116.332464
39.974970 116.332387
39.975003 116.332308
39.975033 116.332235
39.975062 116.332164
39.975091 116.332095
39.975119 116.332027
39.975141 116.331974
39.975141 116.331974
39.975141 116.331974
39.975141 116.331974
39.975141 116.331974
39.975141 116.331974
39.975330 116.331916
0.000000 0.000000
0.000000 0.000000
0.000000 0.000000
0.000000 0.000000
0.000000 0.000000
0.000000 0.000000
0.000000 0.000000
0.000000 0.000000
0.000000 0.000000
0.000000 0.000000
0.000000 0.000000
0.000000 0.000000
0.000000 0.000000
0.000000 0.000000
0.000000 0.000000
0.000000 0.000000
0.000000 0.000000
0.000000 0.000000
0.000000 0.000000
0.000000 0.000000
0.000000 0.000000
0.000000 0.000000
0.000000 0.000000
0.000000 0.000000
0.000000 0.000000
0.000000 0.000000
0.000000 0.000000
0.000000 0.000000
39.975316 116.328632
39.975316 116.328632
39.975316 116.328632
39.975316 116.328632
39.975316 116.328632
39.975316 116.328632
39.975316 116.328632
39.975316 116.328632
39.975316 116.328632
39.975316 116.328632
39.975316 116.328632
39.975316 116.328629
39.975313 116.328552
39.975309 116.328457
39.975305 116.328382
39.975303 116.328321
39.975300 116.328258
39.975297 116.328183
39.975293 116.328104
39.975290 116.328032
39.975287 116.327941
39.975284 116.327873
39.975281 116.327798
39.975279 116.327718
39.975277 116.327646
39.975274 116.327569
39.975272 116.327498
39.975270 116.327421
39.975268 116.327354
39.975265 116.327279
39.975263 116.327212
39.975261 116.327136
39.975259 116.327064
39.975257 116.326991
39.975254 116.326909
39.975252 116.326823
39.975249 116.326731
39.975247 116.326656
39.975245 116.326571
39.975243 116.326496
39.975241 116.326426
39.975239 116.326356
39.975237 116.326297
39.975234 116.326235
39.975233 116.326183
39.975231 116.326144
39.975230 116.326106
39.975229 116.326091
39.975229 116.326078
39.975228 116.326063
39.975228 116.326052
39.975227 116.326035
39.975227 116.326022
39.975226 116.326012
39.975226 116.326000
39.975225 116.325986
39.975225 116.325981
39.975225 116.325975
39.975225 116.325970
39.975225 116.325965
39.975225 116.325962
39.975224 116.325959
39.975224 116.325956
39.975224 116.325954
39.975224 116.325952
39.975224 116.325951
39.975224 116.325949
39.975224 116.325948
39.975224 116.325946
39.975224 116.325940
39.975223 116.325930
39.975223 116.325910
39.975221 116.325874
39.975220 116.325844
39.975220 116.325825
39.975218 116.325791
39.975217 116.325748
39.975215 116.325706
39.975214 116.325681
39.975214 116.325662
39.975213 116.325652
39.975213 116.325653
39.975213 116.325653
39.975213 116.325650
39.975213 116.325648
39.975213 116.325639
39.975213 116.325632
39.975213 116.325632
39.975213 116.325632
39.975213 116.325632
39.975213 116.325630
39.975213 116.325630
39.975213 116.325630
39.975213 116.325630
39.975213 116.325630
39.975212 116.325628
39.975212 116.325624
39.975212 116.325616
39.975211 116.325594
39.975210 116.325566
39.975209 116.325535
39.975208 116.325494
39.975206 116.325444
39.975204 116.325391
39.975202 116.325330
39.975270 116.325199
39.975259 116.325200
39.975197 116.325203
39.975197 116.325203
39.975383 116.324809
39.975346 116.324736
39.975301 116.324648
39.975278 116.324603
39.975238 116.324522
39.975191 116.324430
39.975148 116.324345
39.975334 116.324075
39.975294 116.323975
39.975255 116.323878
39.975225 116.323803
39.975225 116.323803
39.975225 116.323803
39.975225 116.323803
39.975225 116.323803
39.975133 116.322582
39.975133 116.322582
39.975336 116.322716
39.975133 116.322582
39.975185 116.322578
39.975125 116.322476
39.975114 116.322337
39.975104 116.322198
39.975093 116.322059
39.975082 116.321911
39.975101 116.321715
39.975148 116.321658
39.975201 116.321596
39.975271 116.321218
39.975226 116.321089
39.975180 116.320959
39.975140 116.320843
39.975099 116.320727
39.975059 116.320613
39.975018 116.320501
39.974983 116.320382
39.974954 116.320271
39.974924 116.320155
39.974896 116.320029
39.974876 116.319926
39.974857 116.319832
39.974840 116.319747
39.974987 116.319278
39.974991 116.319271
39.975000 116.319258
39.975010 116.319241
39.975019 116.319227
39.975032 116.319206
39.975048 116.319181
39.975064 116.319155
39.975084 116.319123
39.975103 116.319092
39.974959 116.318794
39.974970 116.318790
39.974982 116.318786
39.974994 116.318782
39.975157 116.318500
39.975136 116.318419
39.975113 116.318332
39.975090 116.318243
39.974954 116.318183
39.974955 116.318090
39.974975 116.318083
39.974943 116.317865
39.974964 116.317857
39.974983 116.317849
39.974999 116.317842
39.975008 116.317838
39.975018 116.317834
39.975025 116.317831
39.975037 116.317826
39.975044 116.317823
39.975043 116.317824
39.975045 116.317823
39.975046 116.317822
39.975047 116.317822
39.975046 116.317822
39.975045 116.317823
39.975045 116.317823
39.975044 116.317823
39.975046 116.317822
39.975048 116.317822
39.975047 116.317822
39.975049 116.317821
39.975051 116.317820
39.975051 116.317820
39.975055 116.317819
39.975059 116.317817
39.975054 116.317819
39.975058 116.317817
39.975062 116.317816
39.975068 116.317813
39.975071 116.317812
39.975077 116.317809
0.000000 0.000000
0.000000 0.000000
0.000000 0.000000
0.000000 0.000000
0.000000 0.000000
0.000000 0.000000
0.000000 0.000000
0.000000 0.000000
0.000000 0.000000
0.000000 0.000000
0.000000 0.000000
0.000000 0.000000
0.000000 0.000000
0.000000 0.000000
0.000000 0.000000
0.000000 0.000000
0.000000 0.000000
0.000000 0.000000
0.000000 0.000000
0.000000 0.000000
0.000000 0.000000
0.000000 0.000000
0.000000 0.000000
0.000000 0.000000
0.000000 0.000000
0.000000 0.000000
0.000000 0.000000
0.000000 0.000000
0.000000 0.000000
0.000000 0.000000
0.000000 0.000000
0.000000 0.000000
0.000000 0.000000
0.000000 0.000000
0.000000 0.000000
0.000000 0.000000
0.000000 0.000000
0.000000 0.000000
0.000000 0.000000
0.000000 0.000000
0.000000 0.000000
0.000000 0.000000
0.000000 0.000000
0.000000 0.000000
0.000000 0.000000
0.000000 0.000000
0.000000 0.000000
0.000000 0.000000
0.000000 0.000000
0.000000 0.000000
0.000000 0.000000
0.000000 0.000000
0.000000 0.000000
0.000000 0.000000
0.000000 0.000000
0.000000 0.000000
0.000000 0.000000
0.000000 0.000000
0.000000 0.000000
0.000000 0.000000
0.000000 0.000000
0.000000 0.000000
0.000000 0.000000
0.000000 0.000000
0.000000 0.000000
0.000000 0.000000
0.000000 0.000000
0.000000 0.000000
0.000000 0.000000
0.000000 0.000000
0.000000 0.000000
0.000000 0.000000
0.000000 0.000000
0.000000 0.000000
0.000000 0.000000
0.000000 0.000000
0.000000 0.000000
0.000000 0.000000
0.000000 0.000000
0.000000 0.000000
0.000000 0.000000
0.000000 0.000000
0.000000 0.000000
0.000000 0.000000
0.000000 0.000000
0.000000 0.000000
0.000000 0.000000
0.000000 0.000000
0.000000 0.000000
0.000000 0.000000
0.000000 0.000000
0.000000 0.000000
0.000000 0.000000
0.000000 0.000000
0.000000 0.000000
0.000000 0.000000
0.000000 0.000000
0.000000 0.000000
0.000000 0.000000
0.000000 0.000000
0.000000 0.000000
0.000000 0.000000
0.000000 0.000000
0.000000 0.000000
0.000000 0.000000
0.000000 0.000000
0.000000 0.000000
0.000000 0.000000
0.000000 0.000000
0.000000 0.000000
0.000000 0.000000
0.000000 0.000000
0.000000 0.000000
0.000000 0.000000
0.000000 0.000000
0.000000 0.000000
0.000000 0.000000
0.000000 0.000000
0.000000 0.000000
0.000000 0.000000
0.000000 0.000000
0.000000 0.000000
0.000000 0.000000
0.000000 0.000000
0.000000 0.000000
0.000000 0.000000
0.000000 0.000000
0.000000 0.000000
0.000000 0.000000
0.000000 0.000000
0.000000 0.000000
0.000000 0.000000
0.000000 0.000000
0.000000 0.000000
0.000000 0.000000
0.000000 0.000000
0.000000 0.000000
0.000000 0.000000
0.000000 0.000000
0.000000 0.000000
0.000000 0.000000
0.000000 0.000000
0.000000 0.000000
0.000000 0.000000
0.000000 0.000000
0.000000 0.000000
0.000000 0.000000
0.000000 0.000000
0.000000 0.000000
0.000000 0.000000
39.974534 116.307782
39.974546 116.307777
39.974551 116.307775
39.974559 116.307772
39.974570 116.307767
39.974581 116.307762
39.974599 116.307755
39.974619 116.307746
39.974644 116.307736
39.974657 116.307730
39.974664 116.307727
39.974683 116.307719
39.974688 116.307717
39.974701 116.307712
0.000000 0.000000
39.974527 116.306473
39.974550 116.306470
39.974559 116.306469
39.974576 116.306467
39.974580 116.306466
39.974589 116.306465
39.974593 116.306465
39.974593 116.306334
39.974596 116.306333
39.974647 116.306328
39.974638 116.306329
39.974635 116.306329
39.974637 116.306329
0.000000 0.000000
39.974935 116.305313
39.974935 116.305313
39.974935 116.305313
39.974935 116.305313
39.974935 116.305313
39.974934 116.305268
39.974681 116.305043
39.974638 116.304998
39.974614 116.304972
39.974614 116.304931
39.974551 116.304905
39.974597 116.304253
39.974597 116.304253
39.974597 116.304253
39.974597 116.304253
39.974597 116.304253
39.974626 116.304180
39.974651 116.304117
39.974676 116.304055
39.974698 116.303998
39.974719 116.303945
39.974734 116.303907
39.974464 116.303486
39.974464 116.303486
39.974464 116.303486
39.974464 116.303486
39.974464 116.303486
0.000000 0.000000
39.974464 116.303486
0.000000 0.000000
39.974464 116.303486
39.974464 116.303486
39.974464 116.303486
39.974758 116.303849
39.974800 116.303742
39.974800 116.303742
39.974800 116.303742
39.974800 116.303742
39.974762 116.303838
39.974759 116.303845
39.974755 116.303855
39.974750 116.303869
39.974744 116.303882
39.974744 116.303883
39.974741 116.303891
39.974737 116.303900
39.974735 116.303905
39.974733 116.303911
39.974732 116.303914
39.974730 116.303919
39.974728 116.303923
39.974727 116.303926
39.974724 116.303932
39.974721 116.303941
39.974718 116.303949
39.974715 116.303957
39.974709 116.303972
39.974704 116.303984
39.974700 116.303993
39.974693 116.304012
39.974687 116.304027
39.974678 116.304048
39.974673 116.304062
39.974666 116.304079
39.974659 116.304098
39.974732 116.304234
39.974728 116.304234
39.974724 116.304235
39.974717 116.304236
39.974715 116.304236
39.974713 116.304236
39.974708 116.304237
39.974701 116.304238
39.974597 116.304253
39.974597 116.304253
39.974597 116.304253
39.974597 116.304253
39.974597 116.304253
39.974597 116.304253
39.974597 116.304253
39.974597 116.304253
39.974597 116.304253
39.974597 116.304253
39.974597 116.304253
39.974597 116.304253
39.974597 116.304253
39.974597 116.304253
39.974597 116.304253
39.974597 116.304253
39.974930 116.305107
39.974930 116.305107
39.974930 116.305107
39.974930 116.305107
39.974604 116.304962
39.974612 116.304970
39.974678 116.304967
39.974684 116.304970
39.974691 116.304974
39.974696 116.304977
39.974703 116.304981
39.974711 116.304985
39.974719 116.304990
39.974734 116.304998
39.974741 116.305002
39.974754 116.305009
39.974769 116.305017
39.974782 116.305025
39.974783 116.305025
39.974789 116.305029
39.974801 116.305035
39.974815 116.305043
39.974830 116.305051
39.974840 116.305057
39.974853 116.305064
39.974866 116.305071
39.974883 116.305081
39.974886 116.305082
39.974880 116.305079
39.974883 116.305081
39.974891 116.305085
39.974895 116.305087
39.974899 116.305090
39.974902 116.305091
39.974907 116.305094
39.974910 116.305096
39.974915 116.305098
39.974925 116.305104
39.974930 116.305107
39.974930 116.305107
39.974930 116.305107
39.974930 116.305107
39.974930 116.305107
39.974930 116.305107
39.974930 116.305107
39.974930 116.305107
39.974930 116.305107
39.975113 116.305311
39.975128 116.305311
39.975151 116.305311
39.975161 116.305311
39.975171 116.305311
39.975195 116.305311
39.975208 116.305310
39.975220 116.305310
39.975240 116.305310
39.975253 116.305310
39.975270 116.305310
39.975290 116.305310
39.975310 116.305310
39.975326 116.305309
39.975343 116.305309
39.975360 116.305309
39.975377 116.305309
39.975395 116.305309
39.975410 116.305309
39.975425 116.305309
39.975445 116.305309
39.975460 116.305309
39.975572 116.305056
39.975573 116.305075
39.975573 116.305067
39.975573 116.305071
39.975573 116.305070
39.975573 116.305077
39.975615 116.305074
39.975615 116.305072
39.975615 116.305076
39.975615 116.305067
39.975614 116.305063
39.975615 116.305074
39.975615 116.305078
39.975615 116.305077
39.975613 116.305049
39.975614 116.305062
39.975616 116.305083
39.975616 116.305091
39.975617 116.305103
39.975618 116.305114
39.975616 116.305085
39.975615 116.305078
39.975615 116.305072
39.975614 116.305061
39.975613 116.305044
39.975613 116.305037
39.975612 116.305035
39.975611 116.305007
39.975610 116.304999
39.975589 116.305309
39.975610 116.305007
39.975589 116.305309
39.975589 116.305309
39.975589 116.305309
39.975589 116.305309
39.975589 116.305309
39.975589 116.305309
39.975589 116.305309
39.975589 116.305309
39.975589 116.305309
39.975589 116.305309
39.975589 116.305309
39.975589 116.305309
39.975589 116.305309
39.975589 116.305309
39.975589 116.305309
39.975589 116.305309
39.975589 116.305309
39.975589 116.305309
39.975589 116.305309
39.975613 116.305045
39.975613 116.305052
39.975614 116.305057
39.975614 116.305065
39.975615 116.305070
39.975616 116.305082
39.975616 116.305092
0.000000 0.000000
0.000000 0.000000
0.000000 0.000000
0.000000 0.000000
0.000000 0.000000
0.000000 0.000000
0.000000 0.000000
0.000000 0.000000
0.000000 0.000000
0.000000 0.000000
0.000000 0.000000
0.000000 0.000000
0.000000 0.000000
0.000000 0.000000
0.000000 0.000000
0.000000 0.000000
0.000000 0.000000
0.000000 0.000000
0.000000 0.000000
0.000000 0.000000
0.000000 0.000000
0.000000 0.000000
0.000000 0.000000
0.000000 0.000000
0.000000 0.000000
0.000000 0.000000
0.000000 0.000000
0.000000 0.000000
0.000000 0.000000
0.000000 0.000000
0.000000 0.000000
0.000000 0.000000
0.000000 0.000000
0.000000 0.000000
0.000000 0.000000
0.000000 0.000000
0.000000 0.000000
0.000000 0.000000
0.000000 0.000000
0.000000 0.000000
0.000000 0.000000
0.000000 0.000000
0.000000 0.000000
0.000000 0.000000
0.000000 0.000000
0.000000 0.000000
0.000000 0.000000
0.000000 0.000000
0.000000 0.000000
0.000000 0.000000
0.000000 0.000000
0.000000 0.000000
0.000000 0.000000
0.000000 0.000000
0.000000 0.000000
0.000000 0.000000
0.000000 0.000000
0.000000 0.000000
0.000000 0.000000
0.000000 0.000000
0.000000 0.000000
0.000000 0.000000
0.000000 0.000000
0.000000 0.000000
0.000000 0.000000
0.000000 0.000000
0.000000 0.000000
0.000000 0.000000
0.000000 0.000000
0.000000 0.000000
0.000000 0.000000
0.000000 0.000000
0.000000 0.000000
0.000000 0.000000
0.000000 0.000000
0.000000 0.000000
0.000000 0.000000
0.000000 0.000000
0.000000 0.000000
0.000000 0.000000
0.000000 0.000000
0.000000 0.000000
0.000000 0.000000
0.000000 0.000000
0.000000 0.000000
0.000000 0.000000
0.000000 0.000000
0.000000 0.000000
0.000000 0.000000
0.000000 0.000000
0.000000 0.000000
0.000000 0.000000
0.000000 0.000000
0.000000 0.000000
0.000000 0.000000
0.000000 0.000000
0.000000 0.000000
0.000000 0.000000
0.000000 0.000000
0.000000 0.000000
0.000000 0.000000
0.000000 0.000000
0.000000 0.000000
0.000000 0.000000
0.000000 0.000000
0.000000 0.000000
0.000000 0.000000
0.000000 0.000000
0.000000 0.000000
0.000000 0.000000
0.000000 0.000000
0.000000 0.000000
0.000000 0.000000
0.000000 0.000000
0.000000 0.000000
0.000000 0.000000
0.000000 0.000000
0.000000 0.000000
0.000000 0.000000
0.000000 0.000000
0.000000 0.000000
0.000000 0.000000
0.000000 0.000000
0.000000 0.000000
0.000000 0.000000
0.000000 0.000000
0.000000 0.000000
0.000000 0.000000
0.000000 0.000000
0.000000 0.000000
0.000000 0.000000
0.000000 0.000000
0.000000 0.000000
0.000000 0.000000
0.000000 0.000000
0.000000 0.000000
0.000000 0.000000
0.000000 0.000000
0.000000 0.000000
0.000000 0.000000
0.000000 0.000000
0.000000 0.000000
0.000000 0.000000
0.000000 0.000000
0.000000 0.000000
0.000000 0.000000
0.000000 0.000000
0.000000 0.000000
0.000000 0.000000
0.000000 0.000000
0.000000 0.000000
0.000000 0.000000
0.000000 0.000000
0.000000 0.000000
0.000000 0.000000
0.000000 0.000000
0.000000 0.000000
0.000000 0.000000
0.000000 0.000000
0.000000 0.000000
0.000000 0.000000
0.000000 0.000000
0.000000 0.000000
0.000000 0.000000
0.000000 0.000000
0.000000 0.000000
0.000000 0.000000
0.000000 0.000000
0.000000 0.000000
0.000000 0.000000
0.000000 0.000000
0.000000 0.000000
0.000000 0.000000
0.000000 0.000000
0.000000 0.000000
0.000000 0.000000
0.000000 0.000000
0.000000 0.000000
0.000000 0.000000
0.000000 0.000000
0.000000 0.000000
