40.009709 116.315264 50195.000000
40.009709 116.315264 50198.000000
40.009707 116.315270 50200.000000
40.009703 116.315258 50205.000000
40.009682 116.315219 50210.000000
40.009679 116.315370 50215.000000
40.009675 116.315472 50220.000000
40.009716 116.315489 50225.000000
40.009755 116.315565 50230.000000
40.009728 116.315590 50235.000000
40.009663 116.315724 50240.000000
40.009603 116.315839 50245.000000
40.009582 116.315824 50250.000000
40.009612 116.315751 50255.000000
40.009651 116.315744 50260.000000
40.009648 116.315655 50265.000000
40.009647 116.315586 50270.000000
40.009639 116.315585 50275.000000
40.009638 116.315583 50280.000000
40.009638 116.315583 50283.000000
40.009636 116.315576 50285.000000
40.009659 116.315554 50290.000000
40.009659 116.315529 50295.000000
40.009685 116.315436 50300.000000
40.009701 116.315410 50305.000000
40.009708 116.315417 50310.000000
40.009709 116.315421 50315.000000
40.009709 116.315421 50318.000000
40.009710 116.315425 50320.000000
40.009674 116.315458 50325.000000
40.009631 116.315441 50330.000000
40.009637 116.315411 50335.000000
40.009647 116.315380 50340.000000
40.009644 116.315372 50345.000000
40.009644 116.315376 50350.000000
40.009644 116.315376 50353.000000
40.009642 116.315378 50355.000000
40.009639 116.315368 50360.000000
40.009597 116.315346 50365.000000
40.009595 116.315339 50370.000000
40.009595 116.315339 50373.000000
40.009592 116.315331 50375.000000
40.009589 116.315320 50380.000000
40.009585 116.315311 50385.000000
40.009584 116.315317 50390.000000
40.009584 116.315317 50393.000000
40.009586 116.315324 50395.000000
40.009606 116.315318 50400.000000
40.009622 116.315264 50405.000000
40.009622 116.315264 50408.000000
40.009623 116.315257 50410.000000
40.009623 116.315266 50415.000000
40.009617 116.315290 50420.000000
40.009597 116.315316 50425.000000
40.009568 116.315328 50430.000000
40.009573 116.315308 50435.000000
40.009573 116.315308 50438.000000
40.009574 116.315309 50440.000000
40.009576 116.315319 50445.000000
40.009576 116.315319 50448.000000
40.009576 116.315317 50450.000000
40.009554 116.315322 50455.000000
40.009545 116.315324 50460.000000
40.009546 116.315333 50465.000000
40.009529 116.315374 50470.000000
40.009495 116.315449 50475.000000
40.009504 116.315562 50480.000000
40.009535 116.315644 50485.000000
40.009577 116.315791 50490.000000
40.009540 116.315820 50495.000000
40.009506 116.315841 50500.000000
40.009509 116.315741 50505.000000
40.009514 116.315577 50510.000000
40.009507 116.315492 50515.000000
40.009482 116.315441 50520.000000
40.009497 116.315441 50525.000000
40.009557 116.315409 50530.000000
40.009565 116.315374 50535.000000
40.009547 116.315325 50540.000000
40.009520 116.315217 50545.000000
40.009479 116.315150 50550.000000
40.009432 116.315142 50555.000000
40.009432 116.315142 50558.000000
40.009427 116.315142 50560.000000
40.009408 116.315149 50565.000000
40.009375 116.315129 50570.000000
40.009379 116.315116 50575.000000
40.009427 116.315065 50580.000000
40.009479 116.315074 50585.000000
40.009560 116.315041 50590.000000
40.009643 116.314945 50595.000000
40.009705 116.314810 50600.000000
40.009736 116.314683 50605.000000
40.009774 116.314613 50610.000000
40.009842 116.314529 50615.000000
40.009945 116.314459 50620.000000
40.009969 116.314414 50625.000000
40.009997 116.314329 50630.000000
40.010119 116.314204 50635.000000
40.010317 116.314045 50640.000000
40.010443 116.313827 50645.000000
40.010556 116.313657 50650.000000
40.009875 116.315267 50705.000000
40.009869 116.315336 50710.000000
40.009881 116.315371 50715.000000
40.009876 116.315390 50720.000000
40.009824 116.315445 50725.000000
40.009727 116.315562 50730.000000
40.009677 116.315744 50735.000000
40.009646 116.315912 50740.000000
40.009592 116.316009 50745.000000
40.009554 116.316114 50750.000000
40.009672 116.315581 50765.000000
40.009574 116.315189 50795.000000
40.009719 116.315288 50800.000000
40.009794 116.315373 50805.000000
40.009883 116.315346 50810.000000
40.010047 116.315269 50815.000000
40.009501 116.316197 50850.000000
40.009516 116.316227 50855.000000
40.009539 116.316216 50860.000000
40.009573 116.316037 50865.000000
40.009557 116.315968 50870.000000
40.009424 116.315340 50875.000000
40.009464 116.315247 50880.000000
40.009459 116.315208 50885.000000
40.009358 116.315255 50890.000000
40.009276 116.315406 50895.000000
40.009212 116.315642 50900.000000
40.009225 116.315849 50905.000000
40.009262 116.315861 50910.000000
40.009290 116.315761 50915.000000
40.009290 116.315743 50920.000000
40.009303 116.315705 50925.000000
40.009297 116.315661 50930.000000
40.009295 116.315619 50935.000000
40.009293 116.315583 50940.000000
40.009300 116.315567 50945.000000
40.009299 116.315552 50950.000000
40.009299 116.315538 50955.000000
40.009299 116.315538 50958.000000
40.009300 116.315536 50960.000000
40.009299 116.315525 50965.000000
40.009298 116.315508 50970.000000
40.009344 116.315436 50975.000000
40.009370 116.315304 50980.000000
