39.926024 116.336863 21672.000000
39.925989 116.336810 21677.000000
39.925966 116.336782 21682.000000
39.925966 116.336782 21685.000000
39.925965 116.336784 21687.000000
39.925976 116.336833 21692.000000
39.925956 116.336876 21697.000000
39.925939 116.336891 21702.000000
39.925929 116.336877 21707.000000
39.925929 116.336877 21710.000000
39.925927 116.336883 21712.000000
39.925929 116.336893 21717.000000
39.925944 116.336906 21722.000000
39.925944 116.336906 21725.000000
39.925941 116.336900 21727.000000
39.925936 116.336889 21732.000000
39.925931 116.336875 21737.000000
39.925923 116.336900 21742.000000
39.925942 116.336960 21747.000000
39.925967 116.337063 21752.000000
39.925990 116.337126 21757.000000
39.925994 116.337150 21762.000000
39.926013 116.337169 21767.000000
39.926013 116.337166 21772.000000
39.926013 116.337166 21775.000000
39.926012 116.337172 21777.000000
39.925999 116.337164 21782.000000
39.926005 116.337137 21787.000000
39.926018 116.337115 21792.000000
39.926031 116.337120 21797.000000
39.926035 116.337115 21802.000000
39.926037 116.337109 21807.000000
39.926040 116.337107 21812.000000
39.926035 116.337112 21817.000000
39.926036 116.337112 21822.000000
39.926036 116.337112 21825.000000
39.926029 116.337108 21827.000000
39.926018 116.337094 21832.000000
39.926008 116.337075 21837.000000
39.926006 116.337065 21842.000000
39.926017 116.337034 21847.000000
39.926027 116.337036 21852.000000
39.926049 116.337041 21857.000000
39.926060 116.337039 21862.000000
39.926047 116.337037 21867.000000
39.926018 116.337008 21872.000000
39.925988 116.336978 21877.000000
39.925972 116.336998 21882.000000
39.925976 116.336972 21887.000000
39.925990 116.336969 21892.000000
39.926009 116.336999 21897.000000
39.926027 116.337016 21902.000000
39.926059 116.337008 21907.000000
39.926059 116.337008 21910.000000
39.926052 116.337015 21912.000000
39.926043 116.337010 21917.000000
39.926039 116.336999 21922.000000
39.926035 116.336996 21927.000000
39.926029 116.336993 21932.000000
39.926029 116.336985 21937.000000
39.926027 116.336983 21942.000000
39.926027 116.336983 21945.000000
39.926027 116.336989 21947.000000
39.926042 116.337027 21952.000000
39.926042 116.337034 21957.000000
39.926034 116.337037 21962.000000
39.926034 116.337037 21965.000000
39.926037 116.337041 21967.000000
39.926027 116.337054 21972.000000
39.926037 116.337034 21977.000000
39.926029 116.337052 21982.000000
39.926024 116.337049 21987.000000
39.926017 116.337044 21992.000000
39.926017 116.337044 21995.000000
39.926011 116.337042 21997.000000
39.925959 116.336948 22002.000000
39.925933 116.336932 22007.000000
39.925950 116.336916 22012.000000
39.925985 116.336878 22017.000000
39.925941 116.336862 22022.000000
39.925919 116.336929 22027.000000
39.925888 116.336948 22032.000000
39.925892 116.336957 22037.000000
39.925893 116.336973 22042.000000
39.925934 116.337072 22047.000000
39.925981 116.337114 22052.000000
39.926006 116.337181 22057.000000
39.926006 116.337181 22060.000000
39.926013 116.337174 22062.000000
39.926006 116.337148 22067.000000
39.926011 116.337155 22072.000000
39.926011 116.337155 22075.000000
39.926017 116.337159 22077.000000
39.926028 116.337164 22082.000000
39.926043 116.337161 22087.000000
39.926053 116.337145 22092.000000
39.926056 116.337114 22097.000000
39.926035 116.337062 22102.000000
39.926020 116.337046 22107.000000
39.926011 116.337048 22112.000000
39.925977 116.337002 22117.000000
39.925975 116.337001 22122.000000
39.925983 116.336996 22127.000000
39.925983 116.336996 22130.000000
39.925979 116.336990 22132.000000
39.926000 116.337044 22137.000000
39.926005 116.337058 22142.000000
39.926004 116.337124 22147.000000
39.926012 116.337188 22152.000000
39.925988 116.337159 22157.000000
39.925980 116.337113 22162.000000
39.925986 116.337099 22167.000000
39.925999 116.337076 22172.000000
39.926010 116.337051 22177.000000
39.926021 116.337025 22182.000000
39.926047 116.337028 22187.000000
39.926059 116.337025 22192.000000
39.926070 116.337051 22197.000000
39.926104 116.337113 22202.000000
39.926083 116.337109 22207.000000
39.926043 116.337101 22212.000000
39.926043 116.337101 22215.000000
39.926037 116.337096 22217.000000
39.926030 116.337086 22222.000000
39.926057 116.337099 22227.000000
39.926084 116.337191 22232.000000
39.926101 116.337214 22237.000000
39.926101 116.337214 22240.000000
39.926097 116.337211 22242.000000
39.926092 116.337201 22247.000000
39.926064 116.337154 22252.000000
39.926025 116.337070 22257.000000
39.925978 116.336970 22262.000000
39.925997 116.336968 22267.000000
39.926010 116.336987 22272.000000
39.926010 116.336987 22275.000000
39.926014 116.336979 22277.000000
39.926023 116.337027 22282.000000
39.926057 116.337093 22287.000000
39.926091 116.337192 22292.000000
39.926152 116.337273 22297.000000
39.926154 116.337307 22302.000000
39.926142 116.337293 22307.000000
39.926142 116.337293 22310.000000
39.926135 116.337292 22312.000000
39.926161 116.337323 22317.000000
39.926158 116.337294 22322.000000
39.926165 116.337330 22327.000000
39.926186 116.337357 22332.000000
