39.926297 116.337431 17025.000000
39.926263 116.337101 17030.000000
39.926268 116.337181 17035.000000
39.926308 116.337418 17040.000000
39.926256 116.337580 17045.000000
39.926039 116.337722 17050.000000
39.925716 116.337876 17060.000000
39.925649 116.337840 17065.000000
39.925584 116.337897 17070.000000
39.925657 116.337925 17075.000000
39.925755 116.337783 17080.000000
39.925795 116.337659 17085.000000
39.925868 116.337666 17090.000000
39.926002 116.337433 17095.000000
39.926042 116.337453 17100.000000
39.925990 116.337543 17105.000000
39.925852 116.337590 17110.000000
39.925783 116.337599 17115.000000
39.925970 116.337560 17120.000000
39.926035 116.337517 17125.000000
39.926120 116.337480 17130.000000
39.926169 116.337340 17135.000000
39.926243 116.337145 17140.000000
39.926344 116.337001 17145.000000
39.926005 116.338069 17205.000000
39.926009 116.337676 17210.000000
39.925964 116.337649 17215.000000
39.925921 116.337722 17220.000000
39.925914 116.337748 17225.000000
39.926159 116.337178 17250.000000
39.926084 116.337081 17255.000000
39.926071 116.337116 17260.000000
39.926053 116.337075 17265.000000
39.926026 116.336909 17270.000000
39.926088 116.336849 17275.000000
39.926116 116.336834 17280.000000
39.926120 116.336918 17285.000000
39.926127 116.336950 17290.000000
39.926073 116.337009 17295.000000
39.926257 116.336062 17335.000000
39.926281 116.336512 17340.000000
39.926164 116.336948 17345.000000
39.926098 116.337214 17350.000000
39.926085 116.337534 17355.000000
39.926078 116.337558 17360.000000
39.926090 116.337465 17365.000000
39.926046 116.337386 17370.000000
39.925979 116.337441 17375.000000
39.925953 116.337486 17380.000000
39.925922 116.337557 17385.000000
39.925903 116.337642 17390.000000
39.925928 116.337696 17395.000000
39.925904 116.337367 17400.000000
39.925907 116.337316 17405.000000
39.925936 116.337129 17410.000000
39.925955 116.336842 17415.000000
39.925981 116.336672 17420.000000
39.926013 116.336678 17425.000000
39.926070 116.336734 17430.000000
39.926127 116.336739 17435.000000
39.926177 116.336726 17440.000000
39.926199 116.336695 17445.000000
39.926235 116.336770 17450.000000
39.926227 116.336889 17455.000000
39.926217 116.336952 17460.000000
39.926245 116.337024 17465.000000
39.926262 116.337050 17470.000000
39.926237 116.336969 17475.000000
39.926154 116.336886 17480.000000
39.926110 116.336751 17485.000000
39.926080 116.336653 17490.000000
39.926095 116.336698 17495.000000
39.926099 116.336758 17500.000000
39.926069 116.336776 17505.000000
39.926020 116.336789 17510.000000
39.926015 116.336747 17515.000000
39.926051 116.336728 17520.000000
39.926043 116.336796 17525.000000
39.926103 116.336923 17530.000000
39.926086 116.337004 17535.000000
39.926096 116.336927 17540.000000
39.926084 116.336880 17545.000000
39.926107 116.336895 17550.000000
39.926089 116.337002 17555.000000
39.926111 116.337051 17560.000000
39.926111 116.337051 17563.000000
39.926108 116.337048 17565.000000
39.926182 116.336951 17570.000000
39.926191 116.336939 17575.000000
39.926197 116.336990 17580.000000
39.926174 116.336918 17585.000000
39.926128 116.337032 17590.000000
39.926103 116.337069 17595.000000
39.926019 116.337118 17600.000000
39.926003 116.337236 17605.000000
39.926025 116.337322 17610.000000
39.926083 116.337396 17615.000000
39.926106 116.337479 17620.000000
39.926098 116.337601 17625.000000
39.926115 116.337824 17630.000000
39.926125 116.337946 17635.000000
39.926156 116.337972 17640.000000
39.926177 116.337947 17645.000000
39.926216 116.338018 17650.000000
39.926179 116.338150 17655.000000
39.926110 116.338163 17660.000000
39.926147 116.338076 17665.000000
39.926147 116.337948 17670.000000
39.926141 116.337835 17675.000000
39.925694 116.339252 17705.000000
39.925674 116.338551 17710.000000
39.925929 116.337800 17715.000000
39.926051 116.337483 17720.000000
39.926063 116.337478 17725.000000
39.926081 116.337333 17730.000000
39.926279 116.338688 17755.000000
39.926164 116.338373 17760.000000
39.926137 116.338173 17765.000000
39.926122 116.337896 17770.000000
39.926144 116.337762 17775.000000
39.926149 116.337559 17780.000000
39.926164 116.337643 17785.000000
39.926094 116.336219 17845.000000
39.925953 116.336655 17850.000000
39.925879 116.336936 17855.000000
