39.927912 116.337600 12463.000000
39.927914 116.337693 12468.000000
39.927937 116.337730 12473.000000
39.927928 116.337737 12478.000000
39.927928 116.337737 12481.000000
39.927935 116.337738 12483.000000
39.927939 116.337750 12488.000000
39.927940 116.337754 12493.000000
39.927940 116.337754 12496.000000
39.927938 116.337750 12498.000000
39.927933 116.337734 12503.000000
39.927907 116.337749 12508.000000
39.927898 116.337807 12513.000000
39.927911 116.337885 12518.000000
39.927908 116.337839 12523.000000
39.927901 116.337824 12528.000000
39.927899 116.337823 12533.000000
39.927896 116.337823 12538.000000
39.927891 116.337818 12543.000000
39.927891 116.337818 12546.000000
39.927892 116.337816 12548.000000
39.927908 116.337828 12553.000000
39.927913 116.337839 12558.000000
39.927911 116.337836 12563.000000
39.927905 116.337837 12568.000000
39.927905 116.337833 12573.000000
39.927902 116.337825 12578.000000
39.927899 116.337817 12583.000000
39.927898 116.337813 12588.000000
39.927896 116.337812 12593.000000
39.927895 116.337807 12598.000000
39.927895 116.337807 12601.000000
39.927895 116.337812 12603.000000
39.927877 116.337766 12608.000000
39.927877 116.337756 12613.000000
39.927878 116.337747 12618.000000
39.927862 116.337748 12623.000000
39.927848 116.337742 12628.000000
39.927849 116.337740 12633.000000
39.927849 116.337740 12636.000000
39.927856 116.337747 12638.000000
39.927844 116.337725 12643.000000
39.927852 116.337710 12648.000000
39.927858 116.337693 12653.000000
39.927867 116.337709 12658.000000
39.927867 116.337709 12661.000000
39.927862 116.337712 12663.000000
39.927888 116.337663 12668.000000
39.927888 116.337634 12673.000000
39.927885 116.337611 12678.000000
39.927885 116.337611 12681.000000
39.927887 116.337613 12683.000000
39.927869 116.337629 12688.000000
39.927861 116.337588 12693.000000
39.927864 116.337588 12698.000000
39.927867 116.337585 12703.000000
39.927867 116.337585 12706.000000
39.927872 116.337591 12708.000000
39.927875 116.337604 12713.000000
39.927875 116.337611 12718.000000
39.927879 116.337618 12723.000000
39.927879 116.337618 12726.000000
39.927878 116.337619 12728.000000
39.927913 116.337608 12733.000000
39.927865 116.337657 12738.000000
39.927824 116.337726 12743.000000
39.927804 116.337736 12748.000000
39.927723 116.337795 12753.000000
39.927709 116.337798 12758.000000
39.927747 116.337786 12763.000000
39.927968 116.337679 12768.000000
39.928426 116.337609 12773.000000
39.928969 116.337571 12778.000000
39.929413 116.337621 12783.000000
39.929789 116.337638 12788.000000
39.929980 116.337704 12793.000000
39.930026 116.337752 12798.000000
39.930024 116.337783 12803.000000
39.930033 116.337808 12808.000000
39.930066 116.337827 12813.000000
39.930090 116.337863 12818.000000
39.930204 116.337876 12823.000000
39.930497 116.337856 12828.000000
39.930820 116.337847 12833.000000
39.931181 116.337892 12838.000000
39.931550 116.337968 12843.000000
39.931694 116.337990 12848.000000
39.931706 116.338005 12853.000000
39.931804 116.338007 12858.000000
39.932095 116.337985 12863.000000
39.932485 116.337905 12868.000000
39.932952 116.337912 12873.000000
39.933466 116.337953 12878.000000
39.933964 116.338025 12883.000000
39.934384 116.338024 12888.000000
39.934718 116.338033 12893.000000
39.934946 116.338028 12898.000000
39.935032 116.338037 12903.000000
39.935025 116.338053 12908.000000
39.935064 116.338046 12913.000000
39.935172 116.338031 12918.000000
39.935294 116.338036 12923.000000
39.935318 116.338009 12928.000000
39.935356 116.338016 12933.000000
39.935463 116.338028 12938.000000
39.935587 116.338034 12943.000000
39.935615 116.338048 12948.000000
39.935619 116.338049 12953.000000
39.935619 116.338049 12956.000000
39.935615 116.338055 12958.000000
39.935605 116.338066 12963.000000
39.935626 116.338081 12968.000000
39.935659 116.338088 12973.000000
39.935687 116.338086 12978.000000
39.935699 116.338082 12983.000000
39.935720 116.338078 12988.000000
39.935790 116.338084 12993.000000
39.935922 116.338102 12998.000000
39.935997 116.338111 13003.000000
39.936013 116.338214 13008.000000
39.935996 116.338462 13013.000000
39.935932 116.338883 13018.000000
39.935915 116.339216 13023.000000
39.935957 116.339424 13028.000000
39.936042 116.339370 13033.000000
39.936264 116.339368 13038.000000
39.936621 116.339280 13043.000000
39.937023 116.339415 13048.000000
39.937244 116.339993 13053.000000
39.937460 116.340613 13058.000000
39.937664 116.341198 13063.000000
39.937904 116.341731 13068.000000
39.938107 116.342228 13073.000000
39.938217 116.342688 13078.000000
39.938261 116.343058 13083.000000
39.938296 116.343276 13088.000000
39.938335 116.343554 13093.000000
39.938325 116.343689 13098.000000
39.938307 116.343711 13103.000000
39.938307 116.343704 13108.000000
39.938307 116.343704 13111.000000
39.938311 116.343710 13113.000000
39.938338 116.343833 13118.000000
39.938385 116.343962 13123.000000
39.938419 116.344211 13128.000000
39.938445 116.344565 13133.000000
39.938472 116.344726 13138.000000
39.938489 116.344757 13143.000000
39.938489 116.344757 13146.000000
39.938489 116.344756 13148.000000
39.938491 116.344800 13153.000000
39.938512 116.345009 13158.000000
39.938533 116.345136 13163.000000
39.938562 116.345435 13168.000000
39.938581 116.345667 13173.000000
39.938566 116.345695 13178.000000
39.938566 116.345698 13183.000000
39.938567 116.345694 13188.000000
39.938567 116.345694 13191.000000
39.938568 116.345691 13193.000000
39.938567 116.345700 13198.000000
39.938567 116.345713 13203.000000
39.938567 116.345713 13206.000000
39.938567 116.345720 13208.000000
39.938569 116.345710 13213.000000
39.938578 116.345673 13218.000000
39.938596 116.345648 13223.000000
39.938598 116.345639 13228.000000
39.938599 116.345653 13233.000000
39.938637 116.345814 13238.000000
39.938666 116.345980 13243.000000
39.938672 116.346061 13248.000000
39.938669 116.346128 13253.000000
39.938655 116.346125 13258.000000
39.938667 116.346064 13263.000000
39.938695 116.346039 13268.000000
39.938727 116.345981 13273.000000
39.938717 116.345941 13278.000000
39.938741 116.345591 13283.000000
39.938894 116.345742 13288.000000
39.939203 116.346029 13293.000000
39.939491 116.345997 13298.000000
39.939761 116.345926 13303.000000
39.939980 116.345812 13308.000000
39.940073 116.345783 13313.000000
39.940073 116.345783 13316.000000
39.940078 116.345777 13318.000000
39.940080 116.345762 13323.000000
39.940080 116.345762 13326.000000
39.940081 116.345754 13328.000000
39.940080 116.345776 13333.000000
39.940080 116.345776 13336.000000
39.940086 116.345774 13338.000000
39.940213 116.345693 13343.000000
39.940278 116.345722 13348.000000
39.940275 116.345720 13353.000000
39.940275 116.345720 13356.000000
39.940275 116.345719 13358.000000
39.940313 116.345659 13363.000000
39.940466 116.345660 13368.000000
39.940806 116.345586 13373.000000
39.941113 116.345563 13378.000000
39.941477 116.345690 13383.000000
39.941932 116.345582 13388.000000
39.942198 116.345440 13393.000000
39.942409 116.345237 13398.000000
39.942599 116.344945 13403.000000
39.942731 116.344568 13408.000000
39.942795 116.344109 13413.000000
39.942939 116.343657 13418.000000
39.943103 116.343323 13423.000000
39.943402 116.343036 13428.000000
39.943588 116.342603 13433.000000
39.943731 116.342221 13438.000000
39.943752 116.342019 13443.000000
39.943725 116.341967 13448.000000
39.943711 116.341825 13453.000000
39.943810 116.341380 13458.000000
39.943986 116.340750 13463.000000
39.944274 116.340072 13468.000000
39.944482 116.339474 13473.000000
39.944689 116.338863 13478.000000
39.944880 116.338405 13483.000000
39.945065 116.337956 13488.000000
39.945227 116.337528 13493.000000
39.945371 116.337215 13498.000000
39.945348 116.337148 13503.000000
39.945337 116.337156 13508.000000
39.945336 116.337168 13513.000000
39.945335 116.337175 13518.000000
39.945335 116.337175 13521.000000
39.945335 116.337172 13523.000000
39.945392 116.337044 13528.000000
39.945483 116.336889 13533.000000
39.945512 116.336861 13538.000000
39.945645 116.336645 13543.000000
39.945866 116.336276 13548.000000
39.946026 116.335875 13553.000000
39.946164 116.335673 13558.000000
39.946314 116.335617 13563.000000
39.946432 116.335512 13568.000000
39.946556 116.335466 13573.000000
39.946523 116.335273 13578.000000
39.946501 116.335085 13583.000000
39.946579 116.334858 13588.000000
39.946689 116.334617 13593.000000
39.946812 116.334245 13598.000000
39.947036 116.333698 13603.000000
39.947314 116.333103 13608.000000
39.947724 116.332457 13613.000000
39.948231 116.331911 13618.000000
39.948663 116.331467 13623.000000
39.949004 116.331238 13628.000000
39.949076 116.331208 13633.000000
39.949073 116.331201 13638.000000
39.949073 116.331199 13643.000000
39.949073 116.331199 13646.000000
39.949072 116.331198 13648.000000
39.949072 116.331189 13653.000000
39.949194 116.331040 13658.000000
39.949468 116.330818 13663.000000
39.949784 116.330545 13668.000000
39.950134 116.330305 13673.000000
39.950402 116.330101 13678.000000
39.950612 116.329992 13683.000000
39.950683 116.329972 13688.000000
39.950686 116.329946 13693.000000
39.950686 116.329946 13696.000000
39.950684 116.329947 13698.000000
39.950693 116.329943 13703.000000
39.950825 116.329866 13708.000000
39.950905 116.329686 13713.000000
39.950870 116.329491 13718.000000
39.950861 116.329343 13723.000000
39.950856 116.329115 13728.000000
39.950869 116.328766 13733.000000
39.950830 116.328337 13738.000000
39.950799 116.327852 13743.000000
39.950773 116.327267 13748.000000
39.950749 116.326797 13753.000000
39.950742 116.326340 13758.000000
39.950735 116.325846 13763.000000
39.950730 116.325546 13768.000000
39.950748 116.325448 13773.000000
39.950750 116.325445 13778.000000
39.950750 116.325445 13781.000000
39.950754 116.325440 13783.000000
39.950738 116.325368 13788.000000
39.950768 116.325109 13793.000000
39.950751 116.324698 13798.000000
39.950746 116.324139 13803.000000
39.950725 116.323504 13808.000000
39.950699 116.322834 13813.000000
39.950617 116.322188 13818.000000
39.950539 116.321540 13823.000000
39.950493 116.320866 13828.000000
39.950486 116.320237 13833.000000
39.950447 116.319677 13838.000000
39.950460 116.319194 13843.000000
39.950541 116.318768 13848.000000
39.950505 116.318608 13853.000000
39.950487 116.318360 13858.000000
39.950415 116.318207 13863.000000
39.950391 116.318127 13868.000000
39.950451 116.318051 13873.000000
39.950558 116.317932 13878.000000
39.950635 116.317899 13883.000000
39.950719 116.317882 13888.000000
39.950805 116.317833 13893.000000
39.951086 116.317849 13898.000000
39.951363 116.317768 13903.000000
39.951562 116.317691 13908.000000
39.951515 116.317648 13913.000000
39.951515 116.317627 13918.000000
39.951518 116.317624 13923.000000
39.951518 116.317624 13926.000000
39.951514 116.317623 13928.000000
39.951351 116.317411 13933.000000
