40.006942 116.197208 17995.000000
40.006987 116.197225 17999.000000
40.006982 116.197212 18004.000000
40.006957 116.197192 18009.000000
40.006944 116.197187 18014.000000
40.006917 116.197171 18019.000000
40.006913 116.197166 18024.000000
40.006909 116.197161 18029.000000
40.006909 116.197161 18032.000000
40.006906 116.197157 18034.000000
40.006911 116.197141 18039.000000
40.006903 116.197127 18044.000000
40.006876 116.197127 18049.000000
40.006861 116.197137 18054.000000
40.006840 116.197138 18059.000000
40.006834 116.197149 18064.000000
40.006818 116.197151 18069.000000
40.006781 116.197150 18074.000000
40.006771 116.197148 18079.000000
40.006760 116.197152 18084.000000
40.006758 116.197168 18089.000000
40.006772 116.197169 18094.000000
40.006822 116.197176 18099.000000
40.006858 116.197209 18104.000000
40.006864 116.197245 18109.000000
40.006864 116.197245 18112.000000
40.006872 116.197249 18114.000000
40.006867 116.197262 18119.000000
40.006832 116.197231 18124.000000
40.006832 116.197231 18127.000000
40.006836 116.197229 18129.000000
40.006836 116.197240 18134.000000
40.006796 116.197251 18139.000000
40.006772 116.197273 18144.000000
40.006751 116.197301 18149.000000
40.006746 116.197285 18154.000000
40.006731 116.197228 18157.000000
40.006755 116.197170 18161.000000
40.006802 116.197137 18164.000000
40.006858 116.197120 18168.000000
40.006914 116.197110 18171.000000
40.006967 116.197093 18174.000000
40.007018 116.197059 18178.000000
40.007062 116.197031 18183.000000
40.007091 116.197027 18188.000000
40.007128 116.197058 18193.000000
40.007153 116.197094 18198.000000
40.007166 116.197103 18203.000000
40.007167 116.197119 18208.000000
40.007166 116.197134 18213.000000
40.007203 116.197144 18218.000000
40.007256 116.197150 18222.000000
40.007280 116.197142 18227.000000
40.007274 116.197120 18232.000000
40.007316 116.197130 18237.000000
40.007365 116.197146 18241.000000
40.007418 116.197154 18246.000000
40.007456 116.197191 18251.000000
40.007474 116.197179 18256.000000
40.007492 116.197122 18261.000000
40.007513 116.197052 18266.000000
40.007539 116.197003 18270.000000
40.007585 116.196989 18275.000000
40.007585 116.196989 18278.000000
40.007590 116.196995 18280.000000
40.007602 116.197027 18285.000000
40.007628 116.197087 18288.000000
40.007636 116.197134 18293.000000
40.007602 116.197175 18298.000000
40.007633 116.197209 18303.000000
40.007689 116.197220 18306.000000
40.007741 116.197186 18310.000000
40.007785 116.197165 18313.000000
40.007822 116.197131 18318.000000
40.007863 116.197088 18323.000000
40.007896 116.197046 18327.000000
40.007902 116.196984 18332.000000
40.007910 116.196964 18337.000000
40.007910 116.196964 18340.000000
40.007909 116.196961 18342.000000
40.007894 116.196937 18347.000000
40.007885 116.196876 18352.000000
40.007881 116.196819 18357.000000
40.007885 116.196792 18362.000000
40.007855 116.196789 18367.000000
40.007812 116.196831 18372.000000
40.007827 116.196857 18377.000000
40.007839 116.196906 18382.000000
40.007815 116.196934 18387.000000
40.007766 116.196910 18391.000000
40.007745 116.196901 18396.000000
40.007769 116.196889 18401.000000
40.007813 116.196905 18405.000000
40.007853 116.196906 18410.000000
40.007900 116.196900 18415.000000
40.007946 116.196883 18419.000000
40.007952 116.196857 18424.000000
40.007917 116.196835 18429.000000
40.007882 116.196846 18434.000000
40.007851 116.196853 18439.000000
40.007834 116.196857 18444.000000
40.007789 116.196836 18449.000000
40.007765 116.196852 18454.000000
40.007805 116.196870 18457.000000
40.007826 116.196906 18462.000000
40.007876 116.196943 18465.000000
40.007927 116.196962 18467.000000
40.007972 116.196988 18468.000000
40.008021 116.197012 18470.000000
40.008080 116.197032 18473.000000
40.008127 116.197023 18477.000000
40.008142 116.197013 18482.000000
40.008159 116.196988 18487.000000
40.008172 116.196971 18492.000000
40.008203 116.196922 18497.000000
40.008185 116.196923 18502.000000
40.008184 116.196881 18507.000000
40.008156 116.196872 18512.000000
40.008136 116.196882 18517.000000
40.008132 116.196861 18522.000000
40.008184 116.196888 18525.000000
40.008186 116.196869 18530.000000
40.008213 116.196874 18535.000000
40.008243 116.196867 18540.000000
40.008253 116.196899 18545.000000
40.008255 116.196943 18550.000000
40.008251 116.196982 18555.000000
40.008241 116.196990 18560.000000
40.008244 116.197007 18565.000000
40.008242 116.197016 18570.000000
40.008242 116.197016 18573.000000
40.008239 116.197012 18575.000000
40.008215 116.197026 18580.000000
40.008261 116.197056 18583.000000
40.008260 116.197069 18588.000000
40.008260 116.197069 18591.000000
40.008261 116.197073 18593.000000
40.008268 116.197114 18598.000000
40.008304 116.197123 18603.000000
40.008290 116.197128 18608.000000
40.008301 116.197122 18613.000000
40.008313 116.197117 18618.000000
40.008363 116.197103 18622.000000
40.008414 116.197078 18626.000000
