39.901124 116.386405 26520.000000
39.901095 116.386448 26525.000000
39.900988 116.386524 26530.000000
39.900914 116.386566 26535.000000
39.900834 116.386612 26540.000000
39.900732 116.386638 26545.000000
39.900664 116.386672 26550.000000
39.900737 116.386719 26555.000000
39.900952 116.386649 26560.000000
39.900944 116.386620 26565.000000
39.900914 116.386593 26570.000000
39.900899 116.386565 26575.000000
39.900829 116.385842 26675.000000
39.900793 116.386155 26680.000000
39.900775 116.386210 26685.000000
39.900766 116.386245 26690.000000
39.900758 116.386268 26695.000000
39.900758 116.386268 26698.000000
39.900750 116.386271 26700.000000
39.901089 116.386284 26715.000000
39.901016 116.386340 26720.000000
39.900963 116.386389 26725.000000
39.900917 116.386422 26730.000000
39.900912 116.386442 26735.000000
39.900885 116.386477 26740.000000
39.900831 116.386491 26745.000000
39.900776 116.386384 26750.000000
39.900704 116.386320 26755.000000
39.900693 116.386217 26760.000000
39.900731 116.386123 26765.000000
39.900815 116.385988 26770.000000
39.900889 116.385882 26775.000000
39.900890 116.385863 26780.000000
39.900836 116.385890 26785.000000
39.900741 116.385911 26790.000000
39.900368 116.386333 26795.000000
39.900349 116.386364 26800.000000
39.900358 116.386366 26805.000000
39.900315 116.386393 26810.000000
39.900252 116.386390 26815.000000
39.900185 116.386382 26820.000000
39.900115 116.386352 26825.000000
39.900090 116.386329 26830.000000
39.900092 116.386315 26835.000000
39.900086 116.386339 26840.000000
39.900117 116.386384 26845.000000
39.900135 116.386444 26850.000000
39.900149 116.386432 26855.000000
39.900203 116.386375 26860.000000
39.900529 116.386267 26865.000000
39.900603 116.386328 26870.000000
39.900657 116.386304 26875.000000
39.900697 116.386295 26880.000000
39.900768 116.386284 26885.000000
39.900776 116.386287 26890.000000
39.900776 116.386287 26893.000000
39.900773 116.386288 26895.000000
39.900732 116.386285 26900.000000
39.900732 116.386285 26903.000000
39.900727 116.386277 26905.000000
39.900745 116.386246 26910.000000
39.900811 116.386208 26915.000000
39.900884 116.386142 26920.000000
39.900919 116.386125 26925.000000
39.900952 116.386155 26930.000000
39.901004 116.386201 26935.000000
39.901040 116.386240 26940.000000
39.901047 116.386280 26945.000000
39.901051 116.386245 26950.000000
39.901033 116.386255 26955.000000
39.900985 116.386294 26960.000000
39.900935 116.386329 26965.000000
39.900912 116.386334 26970.000000
39.900912 116.386334 26973.000000
39.900913 116.386336 26975.000000
39.900922 116.386329 26980.000000
39.900888 116.386308 26985.000000
39.900888 116.386306 26990.000000
39.900894 116.386306 26995.000000
39.900897 116.386314 27000.000000
39.900897 116.386314 27003.000000
39.900895 116.386320 27005.000000
39.900904 116.386310 27010.000000
39.900896 116.386294 27015.000000
39.900905 116.386280 27020.000000
39.900872 116.386273 27025.000000
39.900883 116.386265 27030.000000
39.900925 116.386271 27035.000000
39.900963 116.386256 27040.000000
39.900952 116.386309 27045.000000
39.900971 116.386318 27050.000000
39.900965 116.386337 27055.000000
39.900986 116.386327 27060.000000
39.901020 116.386294 27065.000000
39.901022 116.386269 27070.000000
39.900979 116.386271 27075.000000
39.900932 116.386313 27080.000000
39.900886 116.386363 27085.000000
39.900898 116.386376 27090.000000
39.900898 116.386376 27093.000000
39.900890 116.386382 27095.000000
39.900862 116.386386 27100.000000
39.900862 116.386386 27103.000000
39.900856 116.386384 27105.000000
39.900876 116.386374 27110.000000
39.900921 116.386404 27115.000000
39.900943 116.386443 27120.000000
39.900946 116.386485 27125.000000
39.900959 116.386495 27130.000000
39.900975 116.386496 27135.000000
39.900974 116.386463 27140.000000
39.900969 116.386442 27145.000000
39.900960 116.386432 27150.000000
39.900960 116.386432 27153.000000
39.900960 116.386431 27155.000000
39.900927 116.386492 27160.000000
39.900867 116.386559 27165.000000
39.900826 116.386632 27170.000000
39.900780 116.386641 27175.000000
39.900790 116.386641 27180.000000
39.900799 116.386599 27185.000000
39.900796 116.386585 27190.000000
39.900826 116.386573 27195.000000
39.900880 116.386533 27200.000000
39.900911 116.386486 27205.000000
39.900922 116.386449 27210.000000
39.900901 116.386449 27215.000000
39.900878 116.386464 27220.000000
39.900882 116.386461 27225.000000
39.900882 116.386461 27228.000000
39.900881 116.386460 27230.000000
39.900868 116.386472 27235.000000
39.900868 116.386472 27238.000000
39.900863 116.386473 27240.000000
39.900845 116.386516 27245.000000
39.900792 116.386595 27250.000000
39.900783 116.386592 27255.000000
39.900777 116.386612 27260.000000
39.900792 116.386607 27265.000000
39.900802 116.386599 27270.000000
39.900802 116.386599 27273.000000
39.900802 116.386599 27275.000000
39.900796 116.386608 27280.000000
39.900765 116.386643 27285.000000
39.900758 116.386651 27290.000000
39.900756 116.386652 27295.000000
39.900759 116.386652 27300.000000
39.900759 116.386652 27303.000000
39.900767 116.386650 27305.000000
39.900779 116.386617 27310.000000
39.900768 116.386610 27315.000000
39.900763 116.386568 27320.000000
39.900714 116.386601 27325.000000
39.900730 116.386566 27330.000000
39.900739 116.386589 27335.000000
39.900743 116.386601 27340.000000
39.900729 116.386617 27345.000000
39.900727 116.386622 27350.000000
39.900733 116.386623 27355.000000
39.900733 116.386623 27358.000000
39.900728 116.386624 27360.000000
39.900690 116.386667 27365.000000
39.900678 116.386694 27370.000000
39.900660 116.386729 27375.000000
39.900652 116.386740 27380.000000
39.900613 116.386783 27385.000000
39.900616 116.386815 27390.000000
39.900633 116.386834 27395.000000
39.900681 116.386803 27400.000000
39.900712 116.386737 27405.000000
39.900782 116.386694 27410.000000
39.900782 116.386719 27415.000000
39.900853 116.386693 27420.000000
39.900744 116.386527 27435.000000
39.900757 116.386506 27440.000000
39.900747 116.386476 27465.000000
39.900791 116.386519 27470.000000
39.900815 116.386669 27475.000000
39.900881 116.386724 27480.000000
39.900918 116.386723 27485.000000
39.900948 116.386686 27490.000000
39.900971 116.386692 27495.000000
39.900992 116.386689 27500.000000
39.901043 116.386649 27505.000000
39.901533 116.386653 27540.000000
39.900836 116.386275 27545.000000
39.900781 116.386441 27550.000000
39.900790 116.386538 27560.000000
39.900713 116.386621 27565.000000
