39.900557 116.383627 42812.000000
39.900522 116.383524 42817.000000
39.900520 116.383499 42822.000000
39.900474 116.383489 42827.000000
39.900460 116.383465 42832.000000
39.900480 116.383418 42837.000000
39.900480 116.383418 42840.000000
39.900479 116.383412 42842.000000
39.900480 116.383403 42847.000000
39.900497 116.383346 42852.000000
39.900495 116.383253 42857.000000
39.900522 116.383193 42862.000000
39.900581 116.383120 42867.000000
39.900599 116.383066 42872.000000
39.900604 116.382992 42877.000000
39.900601 116.382935 42882.000000
39.900615 116.382831 42887.000000
39.900649 116.382763 42892.000000
39.900690 116.382714 42897.000000
39.900720 116.382676 42902.000000
39.900708 116.382618 42907.000000
39.900695 116.382571 42912.000000
39.900656 116.382472 42917.000000
39.900666 116.382363 42922.000000
39.900668 116.382290 42927.000000
39.900632 116.382236 42932.000000
39.900618 116.382151 42937.000000
39.900651 116.382084 42942.000000
39.900658 116.381972 42947.000000
39.900659 116.381880 42952.000000
39.900654 116.381797 42957.000000
39.900599 116.381737 42962.000000
39.900594 116.381679 42967.000000
39.900544 116.381668 42972.000000
39.900481 116.381668 42977.000000
39.900399 116.381642 42982.000000
39.900350 116.381637 42987.000000
39.900313 116.381620 42992.000000
39.900232 116.381655 42997.000000
39.900160 116.381652 43002.000000
39.900107 116.381647 43007.000000
39.900042 116.381653 43012.000000
39.899980 116.381667 43017.000000
39.899913 116.381673 43022.000000
39.899851 116.381676 43027.000000
39.899800 116.381711 43032.000000
39.899730 116.381719 43037.000000
39.899692 116.381732 43042.000000
39.899645 116.381741 43047.000000
39.899584 116.381732 43052.000000
39.899516 116.381720 43057.000000
39.899446 116.381698 43062.000000
39.899372 116.381719 43067.000000
39.899302 116.381735 43072.000000
39.899230 116.381733 43077.000000
39.899153 116.381760 43082.000000
39.899109 116.381798 43087.000000
39.899080 116.381801 43092.000000
39.899096 116.381780 43097.000000
39.899104 116.381784 43102.000000
39.899100 116.381786 43107.000000
39.899100 116.381788 43112.000000
39.899100 116.381788 43115.000000
39.899095 116.381796 43117.000000
39.899096 116.381780 43122.000000
39.899110 116.381789 43127.000000
39.899111 116.381799 43132.000000
39.899051 116.381784 43137.000000
39.898996 116.381801 43142.000000
39.898918 116.381804 43147.000000
39.898918 116.381804 43150.000000
39.898913 116.381798 43152.000000
39.898851 116.381770 43157.000000
39.898784 116.381768 43162.000000
39.898788 116.381712 43167.000000
39.898798 116.381680 43172.000000
39.898755 116.381676 43177.000000
39.898704 116.381668 43182.000000
39.898657 116.381669 43187.000000
39.898614 116.381666 43192.000000
39.898579 116.381657 43197.000000
39.898578 116.381588 43202.000000
39.898549 116.381544 43207.000000
39.898515 116.381484 43212.000000
39.898517 116.381415 43217.000000
39.898505 116.381343 43222.000000
39.898513 116.381242 43227.000000
39.898508 116.381162 43232.000000
39.898576 116.381064 43237.000000
39.898494 116.380989 43242.000000
39.898509 116.380895 43247.000000
39.898507 116.380821 43252.000000
39.898531 116.380722 43257.000000
39.898529 116.380652 43262.000000
39.898530 116.380592 43267.000000
39.898508 116.380541 43272.000000
39.898520 116.380488 43277.000000
39.898556 116.380431 43282.000000
39.898535 116.380361 43287.000000
39.898523 116.380302 43292.000000
39.898503 116.380269 43297.000000
39.898477 116.380229 43302.000000
39.898474 116.380092 43307.000000
39.898455 116.380021 43312.000000
39.898514 116.379948 43317.000000
39.898573 116.379875 43322.000000
39.898574 116.379807 43327.000000
39.898566 116.379733 43332.000000
39.898586 116.379673 43337.000000
39.898586 116.379588 43342.000000
39.898473 116.379496 43347.000000
39.898377 116.379434 43352.000000
39.898382 116.379354 43357.000000
39.898395 116.379277 43362.000000
39.898397 116.379210 43367.000000
39.898394 116.379118 43372.000000
39.898385 116.379028 43377.000000
39.898376 116.378973 43382.000000
39.898382 116.378884 43387.000000
39.898370 116.378800 43392.000000
39.898354 116.378715 43397.000000
39.898353 116.378636 43402.000000
39.898386 116.378565 43407.000000
39.898381 116.378468 43412.000000
39.898356 116.378386 43417.000000
39.898353 116.378314 43422.000000
39.898336 116.378237 43427.000000
39.898298 116.378185 43432.000000
39.898202 116.378105 43437.000000
39.898155 116.378073 43442.000000
39.898111 116.378050 43447.000000
39.898065 116.378022 43452.000000
39.898031 116.378014 43457.000000
39.897980 116.378041 43462.000000
39.897913 116.378027 43467.000000
39.897860 116.378012 43472.000000
39.897794 116.378017 43477.000000
39.897738 116.378010 43482.000000
39.897539 116.378120 43487.000000
39.897456 116.378165 43492.000000
39.897430 116.378176 43497.000000
39.897390 116.378176 43502.000000
39.897370 116.378167 43507.000000
39.897332 116.378143 43512.000000
39.897292 116.378109 43517.000000
39.897243 116.378115 43522.000000
39.897187 116.378137 43527.000000
39.897120 116.378152 43532.000000
39.897079 116.378151 43537.000000
39.897022 116.378158 43542.000000
39.896989 116.378151 43547.000000
39.896922 116.378147 43552.000000
39.896912 116.378173 43557.000000
