39.898566 116.378961 2102.000000
39.898532 116.379003 2107.000000
39.898523 116.379093 2112.000000
39.898530 116.379172 2117.000000
39.898495 116.379259 2122.000000
39.898430 116.379319 2127.000000
39.898363 116.379378 2132.000000
39.898342 116.379459 2137.000000
39.898316 116.379527 2142.000000
39.898325 116.379603 2147.000000
39.898321 116.379699 2152.000000
39.898336 116.379785 2157.000000
39.898338 116.379864 2162.000000
39.898332 116.379917 2167.000000
39.898330 116.379995 2172.000000
39.898340 116.380073 2177.000000
39.898349 116.380148 2182.000000
39.898370 116.380228 2187.000000
39.898410 116.380309 2192.000000
39.898444 116.380412 2197.000000
39.898450 116.380509 2202.000000
39.898448 116.380596 2207.000000
39.898438 116.380649 2212.000000
39.898452 116.380716 2217.000000
39.898488 116.380829 2222.000000
39.898494 116.380903 2227.000000
39.898523 116.381013 2232.000000
39.898516 116.381083 2237.000000
39.898487 116.381199 2242.000000
39.898482 116.381291 2247.000000
39.898462 116.381390 2252.000000
39.898456 116.381451 2257.000000
39.898489 116.381536 2262.000000
39.898500 116.381644 2267.000000
39.898505 116.381739 2272.000000
39.898512 116.381821 2277.000000
39.898545 116.381917 2282.000000
39.898516 116.381992 2287.000000
39.898506 116.382073 2292.000000
39.898524 116.382168 2297.000000
39.898555 116.382254 2302.000000
39.898550 116.382338 2307.000000
39.898571 116.382426 2312.000000
39.898588 116.382528 2317.000000
39.898581 116.382643 2322.000000
39.898563 116.382735 2327.000000
39.898562 116.382822 2332.000000
39.898566 116.382891 2337.000000
39.898569 116.382992 2342.000000
39.898533 116.383108 2347.000000
39.898508 116.383168 2352.000000
39.898488 116.383248 2357.000000
39.898462 116.383332 2362.000000
39.898460 116.383426 2367.000000
39.898472 116.383512 2372.000000
39.898496 116.383603 2377.000000
39.898515 116.383696 2382.000000
39.898483 116.383763 2387.000000
39.898472 116.383851 2392.000000
39.898483 116.383934 2397.000000
39.898482 116.384046 2402.000000
39.898490 116.384139 2407.000000
39.898485 116.384229 2412.000000
39.898492 116.384312 2417.000000
39.898493 116.384390 2422.000000
39.898499 116.384477 2427.000000
39.898495 116.384551 2432.000000
39.898519 116.384630 2437.000000
39.898558 116.384740 2442.000000
39.898575 116.384809 2447.000000
39.898581 116.384921 2452.000000
39.898581 116.385020 2457.000000
39.898568 116.385093 2462.000000
39.898556 116.385172 2467.000000
39.898549 116.385298 2472.000000
39.898560 116.385412 2477.000000
39.898568 116.385511 2482.000000
39.898526 116.385580 2487.000000
39.898511 116.385610 2492.000000
39.898519 116.385602 2497.000000
39.898525 116.385599 2502.000000
39.898525 116.385599 2505.000000
39.898526 116.385597 2507.000000
39.898560 116.385609 2512.000000
39.898556 116.385645 2517.000000
39.898561 116.385641 2522.000000
39.898565 116.385639 2527.000000
39.898565 116.385639 2530.000000
39.898572 116.385635 2532.000000
39.898581 116.385630 2537.000000
39.898590 116.385626 2542.000000
39.898620 116.385637 2547.000000
39.898644 116.385635 2552.000000
39.898680 116.385636 2557.000000
39.898740 116.385649 2562.000000
39.898755 116.385659 2567.000000
39.898835 116.385668 2572.000000
39.898844 116.385674 2577.000000
39.898847 116.385673 2582.000000
39.898850 116.385671 2587.000000
39.898855 116.385668 2592.000000
39.898861 116.385664 2597.000000
39.898869 116.385658 2602.000000
39.898877 116.385652 2607.000000
39.898882 116.385648 2612.000000
39.898882 116.385648 2615.000000
39.898889 116.385642 2617.000000
39.898900 116.385635 2622.000000
39.898907 116.385630 2627.000000
39.898907 116.385630 2630.000000
39.898905 116.385631 2632.000000
39.898914 116.385616 2637.000000
39.898897 116.385596 2642.000000
39.898916 116.385593 2647.000000
39.898931 116.385586 2652.000000
39.898931 116.385586 2655.000000
39.898924 116.385593 2657.000000
39.898929 116.385606 2662.000000
39.898943 116.385650 2667.000000
39.898787 116.385639 2672.000000
39.898784 116.385647 2677.000000
39.898784 116.385647 2680.000000
39.898780 116.385652 2682.000000
39.898748 116.385696 2687.000000
39.898744 116.385738 2692.000000
39.898754 116.385743 2697.000000
39.898750 116.385748 2702.000000
39.898751 116.385747 2707.000000
39.898751 116.385747 2710.000000
39.898748 116.385750 2712.000000
39.898771 116.385756 2717.000000
39.898827 116.385773 2722.000000
39.898796 116.385818 2727.000000
39.898735 116.385873 2732.000000
39.898722 116.385865 2737.000000
39.898702 116.385879 2742.000000
