40.079599 116.586635 54025.000000
40.079626 116.586452 54030.000000
40.079636 116.586273 54035.000000
40.079633 116.586182 54040.000000
40.079610 116.586086 54045.000000
40.079576 116.586080 54050.000000
40.079528 116.586133 54055.000000
40.079517 116.586106 54060.000000
40.079494 116.586122 54065.000000
40.079494 116.586048 54070.000000
40.079514 116.586073 54075.000000
40.079549 116.586131 54080.000000
40.079562 116.586305 54085.000000
40.079591 116.586409 54090.000000
40.079637 116.586541 54095.000000
40.079703 116.586698 54100.000000
40.079826 116.586880 54105.000000
40.079777 116.586799 54110.000000
40.079741 116.586550 54115.000000
40.079619 116.585912 54120.000000
40.079536 116.585351 54125.000000
40.079522 116.585001 54130.000000
40.079545 116.584618 54135.000000
40.079466 116.584095 54140.000000
40.079408 116.583483 54145.000000
40.079448 116.583012 54150.000000
40.079461 116.582719 54155.000000
40.079470 116.582543 54160.000000
40.079487 116.582343 54165.000000
