40.002312 116.326454 51541.000000
40.002161 116.326706 51546.000000
40.002127 116.326668 51551.000000
40.002087 116.326645 51556.000000
40.002031 116.326659 51561.000000
40.001952 116.326628 51566.000000
40.001926 116.326638 51571.000000
40.001836 116.326643 51576.000000
40.001746 116.326674 51581.000000
40.001667 116.326673 51586.000000
40.001619 116.326683 51591.000000
40.001564 116.326699 51596.000000
40.001518 116.326710 51601.000000
40.001470 116.326713 51606.000000
40.001447 116.326776 51611.000000
40.001442 116.326850 51616.000000
40.001436 116.326837 51621.000000
40.001361 116.326838 51626.000000
40.001287 116.326812 51631.000000
40.001214 116.326759 51636.000000
40.001112 116.326878 51641.000000
40.001014 116.326880 51646.000000
40.000957 116.326911 51651.000000
40.000888 116.326891 51656.000000
40.000797 116.326883 51661.000000
40.000690 116.326869 51666.000000
40.000567 116.326681 51671.000000
40.000513 116.326652 51676.000000
40.000447 116.326920 51681.000000
40.000413 116.326963 51686.000000
40.000364 116.326984 51691.000000
40.000275 116.327049 51696.000000
40.000228 116.327158 51701.000000
40.000218 116.327196 51706.000000
40.000194 116.327281 51711.000000
40.000197 116.327298 51716.000000
40.000190 116.327259 51721.000000
40.000226 116.327298 51726.000000
40.000286 116.327392 51731.000000
40.000396 116.327514 51736.000000
40.000505 116.327629 51741.000000
40.000508 116.327612 51746.000000
40.000401 116.327461 51751.000000
40.000338 116.327259 51756.000000
40.000375 116.327200 51761.000000
40.000434 116.326987 51766.000000
40.000495 116.326781 51771.000000
40.000525 116.326522 51776.000000
40.000593 116.326347 51781.000000
40.000698 116.326371 51786.000000
40.000807 116.326372 51791.000000
40.000927 116.326409 51796.000000
