39.991560 116.326598 42494.000000
39.991539 116.326576 42499.000000
39.991624 116.326527 42504.000000
39.991657 116.326534 42509.000000
39.991748 116.326537 42514.000000
39.991814 116.326537 42519.000000
39.991885 116.326539 42524.000000
39.991981 116.326545 42529.000000
39.992064 116.326553 42534.000000
39.992180 116.326588 42539.000000
39.992326 116.326782 42544.000000
39.992396 116.326830 42549.000000
39.992414 116.326841 42554.000000
39.992437 116.326870 42559.000000
39.992466 116.326868 42564.000000
39.992470 116.326869 42569.000000
39.992469 116.326870 42574.000000
39.992469 116.326871 42579.000000
39.992469 116.326871 42582.000000
39.992468 116.326870 42584.000000
39.992541 116.326872 42589.000000
39.992674 116.326936 42594.000000
39.992845 116.326921 42599.000000
39.992954 116.326948 42604.000000
39.993007 116.326952 42609.000000
39.993066 116.326948 42614.000000
39.993257 116.326884 42619.000000
39.993338 116.326870 42624.000000
39.993421 116.326844 42629.000000
39.993539 116.326845 42634.000000
39.993638 116.326843 42639.000000
39.993766 116.326836 42644.000000
39.993903 116.326820 42649.000000
39.994022 116.326857 42654.000000
39.994142 116.326922 42659.000000
39.994232 116.327033 42664.000000
39.994323 116.327135 42669.000000
39.994428 116.327258 42674.000000
39.994524 116.327373 42679.000000
39.994619 116.327502 42684.000000
39.994726 116.327672 42689.000000
39.994816 116.327835 42694.000000
39.994919 116.327941 42699.000000
39.995021 116.328033 42704.000000
39.995145 116.328092 42709.000000
39.995215 116.328073 42714.000000
39.995349 116.328131 42719.000000
39.995516 116.328206 42724.000000
39.995590 116.328362 42729.000000
39.995638 116.328539 42734.000000
39.995794 116.328650 42739.000000
39.995902 116.328718 42744.000000
39.996039 116.328772 42749.000000
39.996061 116.328765 42754.000000
39.996060 116.328763 42759.000000
39.996063 116.328765 42764.000000
39.996063 116.328768 42769.000000
39.996067 116.328776 42774.000000
39.996067 116.328776 42777.000000
39.996071 116.328784 42779.000000
39.996076 116.328794 42784.000000
39.996082 116.328807 42789.000000
39.996086 116.328818 42794.000000
39.996066 116.328840 42799.000000
39.996050 116.328868 42804.000000
39.996047 116.328868 42809.000000
39.996045 116.328865 42814.000000
39.996039 116.328857 42819.000000
39.996036 116.328855 42824.000000
39.996036 116.328855 42827.000000
39.996040 116.328862 42829.000000
39.996049 116.328876 42834.000000
39.996061 116.328895 42839.000000
39.996068 116.328906 42844.000000
39.996071 116.328911 42849.000000
39.996070 116.328908 42854.000000
39.996070 116.328908 42857.000000
39.996069 116.328907 42859.000000
39.996048 116.328933 42864.000000
39.996046 116.328927 42869.000000
39.996046 116.328927 42872.000000
39.996050 116.328931 42874.000000
39.996043 116.328922 42879.000000
39.995989 116.328765 42884.000000
39.995925 116.328603 42889.000000
39.995857 116.328471 42894.000000
39.995800 116.328292 42899.000000
39.995688 116.328117 42904.000000
39.995497 116.328017 42909.000000
39.995392 116.327878 42914.000000
39.995312 116.327754 42919.000000
39.995233 116.327656 42924.000000
39.995239 116.327496 42929.000000
39.995235 116.327264 42934.000000
39.995204 116.327055 42939.000000
39.995222 116.326928 42944.000000
39.995280 116.326796 42949.000000
39.995393 116.326736 42954.000000
39.995557 116.326672 42959.000000
39.995731 116.326615 42964.000000
39.995916 116.326608 42969.000000
39.996111 116.326832 42974.000000
39.996221 116.326916 42979.000000
39.996301 116.326989 42984.000000
39.996341 116.326931 42989.000000
39.996401 116.326878 42994.000000
39.996512 116.326856 42999.000000
39.996635 116.326815 43004.000000
39.996773 116.326768 43009.000000
39.996934 116.326873 43014.000000
39.997136 116.326894 43019.000000
39.997337 116.326845 43024.000000
39.997530 116.326812 43029.000000
39.997768 116.326857 43034.000000
39.997978 116.326843 43039.000000
39.998174 116.326795 43044.000000
39.998413 116.326814 43049.000000
39.998650 116.326830 43054.000000
39.998899 116.326803 43059.000000
39.999145 116.326791 43064.000000
39.999273 116.326972 43069.000000
39.999447 116.327107 43074.000000
39.999648 116.327171 43079.000000
39.999768 116.327276 43084.000000
39.999832 116.327395 43089.000000
39.999880 116.327408 43094.000000
39.999883 116.327407 43099.000000
39.999888 116.327411 43104.000000
39.999888 116.327411 43107.000000
39.999896 116.327417 43109.000000
39.999905 116.327423 43114.000000
39.999905 116.327423 43117.000000
39.999906 116.327424 43119.000000
39.999878 116.327420 43124.000000
39.999855 116.327420 43129.000000
39.999846 116.327416 43134.000000
39.999846 116.327416 43137.000000
39.999846 116.327417 43139.000000
39.999867 116.327434 43144.000000
39.999898 116.327461 43149.000000
39.999925 116.327482 43154.000000
39.999947 116.327495 43159.000000
39.999964 116.327507 43164.000000
39.999978 116.327518 43169.000000
39.999994 116.327530 43174.000000
40.000011 116.327541 43179.000000
40.000047 116.327541 43184.000000
