39.998569 116.338227 12667.000000
39.998911 116.338402 12672.000000
39.998913 116.338424 12677.000000
39.998994 116.338462 12682.000000
39.999020 116.338494 12687.000000
39.998979 116.338519 12692.000000
39.998843 116.338499 12697.000000
39.998769 116.338484 12702.000000
39.998660 116.338469 12707.000000
39.998577 116.338458 12712.000000
39.998584 116.338470 12717.000000
39.998630 116.338491 12722.000000
39.998701 116.338486 12727.000000
39.998733 116.338471 12732.000000
39.998763 116.338462 12737.000000
39.998794 116.338452 12742.000000
39.998811 116.338447 12747.000000
39.998926 116.338483 12752.000000
