39.979913 116.342919 54486.000000
39.979931 116.342683 54491.000000
39.979928 116.342498 54496.000000
39.979915 116.342275 54501.000000
39.979926 116.342080 54506.000000
39.980042 116.341826 54511.000000
39.980090 116.341884 54516.000000
39.980088 116.341858 54521.000000
39.980012 116.341706 54526.000000
39.980000 116.341504 54531.000000
39.979990 116.341280 54536.000000
39.979978 116.341041 54541.000000
39.979968 116.340780 54546.000000
39.979963 116.340533 54551.000000
39.979963 116.340294 54556.000000
39.979962 116.340069 54561.000000
39.979961 116.339862 54566.000000
39.979953 116.339637 54571.000000
39.979935 116.339411 54576.000000
39.979928 116.339183 54581.000000
39.979928 116.338953 54586.000000
39.979921 116.338726 54591.000000
39.979917 116.338502 54596.000000
39.979899 116.338297 54601.000000
39.979917 116.338132 54606.000000
39.980039 116.338099 54611.000000
39.980188 116.338064 54616.000000
39.980335 116.338064 54621.000000
39.980497 116.338082 54626.000000
39.980645 116.338062 54631.000000
39.980828 116.338060 54636.000000
39.981041 116.338105 54641.000000
39.981229 116.338101 54646.000000
39.981413 116.338084 54651.000000
39.981605 116.338063 54656.000000
39.981790 116.338050 54661.000000
39.981981 116.338047 54666.000000
39.982138 116.337998 54671.000000
39.982329 116.337978 54676.000000
39.982514 116.338002 54681.000000
39.982731 116.338008 54686.000000
39.982923 116.337991 54691.000000
39.983063 116.337980 54696.000000
39.983237 116.337941 54701.000000
39.983454 116.337839 54706.000000
39.983676 116.337916 54711.000000
39.983881 116.337935 54716.000000
39.984090 116.337965 54721.000000
39.984264 116.337982 54726.000000
39.984434 116.338006 54731.000000
39.984586 116.337989 54736.000000
39.984690 116.337874 54741.000000
39.984775 116.337847 54746.000000
39.984821 116.337810 54751.000000
39.984802 116.337633 54756.000000
39.984813 116.337427 54761.000000
39.984740 116.337219 54766.000000
39.984795 116.336999 54771.000000
39.984789 116.336786 54776.000000
39.984734 116.336560 54781.000000
39.984749 116.336350 54786.000000
39.984785 116.336080 54791.000000
39.984811 116.335823 54796.000000
39.984814 116.335574 54801.000000
39.984771 116.335314 54806.000000
39.984754 116.335083 54811.000000
39.984729 116.334899 54816.000000
39.984707 116.334787 54821.000000
39.984675 116.334632 54826.000000
39.984667 116.334474 54831.000000
39.984661 116.334317 54836.000000
39.984651 116.334139 54841.000000
39.984655 116.333962 54846.000000
39.984611 116.333754 54851.000000
39.984592 116.333521 54856.000000
39.984595 116.333312 54861.000000
39.984596 116.333104 54866.000000
39.984599 116.332919 54871.000000
39.984612 116.332779 54876.000000
39.984572 116.332727 54881.000000
39.984578 116.332897 54886.000000
39.984586 116.333124 54891.000000
39.984601 116.333373 54896.000000
39.984607 116.333605 54901.000000
39.984638 116.333839 54906.000000
39.984678 116.334051 54911.000000
39.984687 116.334254 54916.000000
39.984701 116.334430 54921.000000
39.984735 116.334476 54926.000000
39.984743 116.334492 54931.000000
39.984766 116.334534 54936.000000
39.984767 116.334615 54941.000000
39.984920 116.334615 54946.000000
39.985082 116.334606 54951.000000
39.985239 116.334594 54956.000000
39.985353 116.334578 54961.000000
39.985457 116.334612 54966.000000
39.985573 116.334644 54971.000000
39.985743 116.334600 54976.000000
39.985933 116.334583 54981.000000
39.986119 116.334566 54986.000000
39.986294 116.334536 54991.000000
39.986497 116.334511 54996.000000
39.986689 116.334518 55001.000000
39.986896 116.334515 55006.000000
39.987094 116.334510 55011.000000
39.987296 116.334488 55016.000000
39.987505 116.334475 55021.000000
39.987721 116.334457 55026.000000
39.987924 116.334429 55031.000000
39.988113 116.334382 55036.000000
39.988329 116.334393 55041.000000
39.988498 116.334328 55046.000000
39.988606 116.334163 55051.000000
39.988782 116.334261 55056.000000
39.988963 116.334274 55061.000000
39.989187 116.334167 55066.000000
39.989438 116.334263 55071.000000
39.989594 116.334230 55076.000000
39.989780 116.334190 55081.000000
39.990017 116.334206 55086.000000
39.990180 116.334176 55091.000000
39.990405 116.334256 55096.000000
39.990612 116.334239 55101.000000
39.990793 116.334222 55106.000000
39.990968 116.334207 55111.000000
39.991105 116.334201 55116.000000
39.991275 116.334231 55121.000000
39.991396 116.334280 55126.000000
39.991505 116.334273 55131.000000
39.991684 116.334235 55136.000000
39.991721 116.334164 55141.000000
39.991722 116.334153 55146.000000
39.991715 116.334040 55151.000000
39.991748 116.333856 55156.000000
39.991760 116.333626 55161.000000
39.991764 116.333389 55166.000000
39.991763 116.333190 55171.000000
39.991772 116.332976 55176.000000
39.991762 116.332758 55181.000000
39.991768 116.332547 55186.000000
39.991729 116.332342 55191.000000
39.991729 116.332101 55196.000000
39.991719 116.331887 55201.000000
39.991694 116.331711 55206.000000
39.991665 116.331556 55211.000000
39.991657 116.331318 55216.000000
39.991661 116.331070 55221.000000
39.991673 116.330855 55226.000000
39.991694 116.330667 55231.000000
39.991619 116.330523 55236.000000
39.991616 116.330328 55241.000000
39.991647 116.330094 55246.000000
39.991650 116.329873 55251.000000
39.991651 116.329634 55256.000000
39.991650 116.329412 55261.000000
39.991666 116.329212 55266.000000
39.991662 116.328970 55271.000000
39.991655 116.328726 55276.000000
39.991649 116.328492 55281.000000
39.991660 116.328255 55286.000000
39.991639 116.328029 55291.000000
39.991652 116.327774 55296.000000
39.991660 116.327539 55301.000000
39.991633 116.327325 55306.000000
39.991651 116.327072 55311.000000
39.991725 116.326945 55316.000000
39.991876 116.326907 55321.000000
39.992067 116.326887 55326.000000
39.992246 116.326867 55331.000000
39.992359 116.326792 55336.000000
39.992553 116.326797 55341.000000
39.992782 116.326852 55346.000000
39.992976 116.326853 55351.000000
39.993196 116.326889 55356.000000
39.993406 116.326919 55361.000000
39.993621 116.326798 55366.000000
39.993811 116.326770 55371.000000
39.993941 116.326754 55376.000000
39.994065 116.326770 55381.000000
39.994284 116.326765 55386.000000
39.994467 116.326787 55391.000000
39.994633 116.326773 55396.000000
39.994838 116.326794 55401.000000
39.995038 116.326767 55406.000000
39.995206 116.326723 55411.000000
39.995349 116.326695 55416.000000
39.995532 116.326677 55421.000000
39.995710 116.326653 55426.000000
39.995870 116.326628 55431.000000
39.996033 116.326660 55436.000000
39.996249 116.326672 55441.000000
39.996451 116.326682 55446.000000
39.996657 116.326657 55451.000000
39.996842 116.326642 55456.000000
39.996977 116.326605 55461.000000
39.997244 116.326678 55466.000000
39.997473 116.326791 55471.000000
39.997688 116.326785 55476.000000
39.997875 116.326754 55481.000000
39.998088 116.326745 55486.000000
39.998274 116.326719 55491.000000
39.998480 116.326713 55496.000000
39.998706 116.326725 55501.000000
39.998910 116.326732 55506.000000
39.999118 116.326717 55511.000000
39.999268 116.326837 55516.000000
39.999401 116.327002 55521.000000
39.999582 116.327101 55526.000000
39.999725 116.327129 55531.000000
39.999828 116.327216 55536.000000
39.999885 116.327342 55541.000000
39.999908 116.327373 55546.000000
39.999908 116.327359 55551.000000
39.999910 116.327362 55556.000000
39.999910 116.327362 55559.000000
39.999910 116.327356 55561.000000
39.999915 116.327382 55566.000000
39.999896 116.327403 55571.000000
39.999887 116.327402 55576.000000
39.999887 116.327402 55581.000000
39.999887 116.327402 55584.000000
39.999889 116.327408 55586.000000
39.999888 116.327430 55591.000000
39.999916 116.327498 55596.000000
39.999967 116.327493 55601.000000
40.000040 116.327513 55606.000000
40.000089 116.327523 55611.000000
40.000132 116.327479 55616.000000
40.000152 116.327447 55621.000000
40.000153 116.327452 55626.000000
40.000153 116.327452 55629.000000
40.000155 116.327458 55631.000000
40.000170 116.327472 55636.000000
40.000205 116.327508 55641.000000
40.000205 116.327508 55644.000000
40.000209 116.327513 55646.000000
