39.819677 116.276703 7380.000000
39.819678 116.276704 7385.000000
39.819679 116.276706 7390.000000
39.819680 116.276712 7395.000000
39.819681 116.276712 7400.000000
39.819681 116.276711 7405.000000
39.819681 116.276710 7410.000000
39.819681 116.276711 7415.000000
39.819682 116.276713 7420.000000
39.819683 116.276715 7425.000000
39.819683 116.276716 7430.000000
39.819683 116.276716 7435.000000
39.819684 116.276716 7440.000000
39.819683 116.276715 7445.000000
39.819683 116.276714 7450.000000
39.819684 116.276714 7455.000000
39.819684 116.276713 7460.000000
39.819684 116.276711 7465.000000
39.819684 116.276710 7470.000000
39.819684 116.276710 7475.000000
39.819684 116.276710 7480.000000
39.819684 116.276711 7485.000000
39.819684 116.276710 7490.000000
39.819685 116.276710 7495.000000
39.819685 116.276709 7500.000000
39.819685 116.276709 7505.000000
39.819685 116.276707 7510.000000
39.819685 116.276706 7515.000000
39.819686 116.276706 7520.000000
39.819686 116.276706 7525.000000
39.819687 116.276705 7530.000000
39.819687 116.276705 7535.000000
39.819688 116.276705 7540.000000
39.819688 116.276705 7545.000000
39.819689 116.276705 7550.000000
39.819689 116.276706 7555.000000
39.819689 116.276706 7558.000000
39.819690 116.276707 7560.000000
39.819692 116.276716 7565.000000
39.819693 116.276718 7570.000000
39.819694 116.276720 7575.000000
39.819695 116.276722 7580.000000
39.819695 116.276723 7585.000000
39.819695 116.276725 7590.000000
39.819696 116.276726 7595.000000
39.819696 116.276728 7600.000000
39.819697 116.276729 7605.000000
39.819698 116.276731 7610.000000
39.819698 116.276732 7615.000000
39.819699 116.276734 7620.000000
39.819700 116.276735 7625.000000
39.819700 116.276736 7630.000000
39.819701 116.276740 7635.000000
39.819701 116.276743 7640.000000
39.819702 116.276744 7645.000000
39.819703 116.276745 7650.000000
39.819703 116.276745 7655.000000
39.819703 116.276745 7660.000000
39.819703 116.276746 7665.000000
39.819704 116.276747 7670.000000
39.819704 116.276748 7675.000000
39.819704 116.276749 7680.000000
39.819705 116.276750 7685.000000
39.819705 116.276752 7690.000000
39.819705 116.276753 7695.000000
39.819706 116.276755 7700.000000
39.819706 116.276756 7705.000000
39.819706 116.276758 7710.000000
39.819706 116.276759 7715.000000
39.819706 116.276759 7720.000000
39.819706 116.276760 7725.000000
39.819706 116.276761 7730.000000
39.819706 116.276761 7735.000000
39.819706 116.276761 7740.000000
39.819706 116.276761 7745.000000
39.819706 116.276761 7750.000000
39.819707 116.276762 7755.000000
39.819707 116.276764 7760.000000
39.819707 116.276765 7765.000000
39.819707 116.276766 7770.000000
39.819707 116.276767 7775.000000
39.819708 116.276768 7780.000000
39.819708 116.276769 7785.000000
39.819709 116.276771 7790.000000
39.819709 116.276772 7795.000000
39.819709 116.276772 7800.000000
39.819709 116.276773 7805.000000
39.819709 116.276774 7810.000000
39.819710 116.276775 7815.000000
39.819710 116.276775 7820.000000
39.819711 116.276775 7825.000000
39.819711 116.276776 7830.000000
39.819711 116.276776 7835.000000
39.819712 116.276776 7840.000000
39.819712 116.276776 7845.000000
39.819712 116.276776 7850.000000
39.819712 116.276776 7855.000000
39.819712 116.276777 7860.000000
39.819712 116.276776 7865.000000
39.819713 116.276776 7870.000000
39.819713 116.276776 7875.000000
39.819714 116.276776 7880.000000
39.819714 116.276776 7885.000000
39.819714 116.276776 7890.000000
39.819715 116.276777 7895.000000
39.819715 116.276777 7900.000000
39.819716 116.276777 7905.000000
39.819717 116.276777 7910.000000
39.819716 116.276777 7915.000000
39.819717 116.276776 7920.000000
39.819717 116.276776 7925.000000
39.819717 116.276776 7930.000000
39.819718 116.276776 7935.000000
39.819718 116.276775 7940.000000
39.819718 116.276774 7945.000000
39.819718 116.276774 7950.000000
39.819718 116.276774 7953.000000
39.819723 116.276782 7955.000000
39.819747 116.276800 7960.000000
39.819768 116.276813 7965.000000
39.819750 116.276635 7970.000000
39.819830 116.276620 7975.000000
39.819893 116.276656 7980.000000
39.819921 116.276793 7985.000000
39.819936 116.276830 7990.000000
39.819941 116.276856 7995.000000
39.819952 116.276895 8000.000000
39.819948 116.276924 8005.000000
39.819952 116.276936 8010.000000
39.819892 116.277043 8015.000000
39.819893 116.277047 8020.000000
39.819888 116.277041 8025.000000
39.819881 116.277035 8030.000000
39.819878 116.277033 8035.000000
39.819872 116.277031 8040.000000
39.819864 116.277024 8045.000000
39.819857 116.277017 8050.000000
39.819855 116.277017 8055.000000
39.819855 116.277017 8060.000000
39.819854 116.277018 8065.000000
39.819856 116.277024 8070.000000
39.819852 116.277019 8075.000000
39.819846 116.277012 8080.000000
39.819845 116.277011 8085.000000
39.819845 116.277011 8088.000000
39.819847 116.277019 8090.000000
39.819820 116.277101 8095.000000
39.819825 116.277112 8100.000000
39.819826 116.277124 8105.000000
39.819827 116.277131 8110.000000
39.819827 116.277131 8113.000000
39.819831 116.277139 8115.000000
39.819836 116.277150 8120.000000
39.819839 116.277159 8125.000000
39.819839 116.277159 8128.000000
39.819831 116.277162 8130.000000
39.819756 116.277320 8135.000000
39.819776 116.277240 8140.000000
39.819824 116.277143 8145.000000
39.819914 116.277053 8150.000000
39.819961 116.277091 8155.000000
39.819999 116.277073 8160.000000
39.820059 116.277031 8165.000000
39.820099 116.277013 8170.000000
39.820100 116.277010 8175.000000
39.820102 116.277008 8180.000000
39.820100 116.277000 8185.000000
39.820101 116.276996 8190.000000
39.820101 116.276996 8193.000000
39.820101 116.276992 8195.000000
39.820128 116.276929 8200.000000
39.820166 116.276882 8205.000000
39.820163 116.276873 8210.000000
39.820163 116.276870 8215.000000
39.820167 116.276874 8220.000000
39.820171 116.276879 8225.000000
39.820176 116.276885 8230.000000
39.820180 116.276889 8235.000000
39.820184 116.276895 8240.000000
39.820188 116.276900 8245.000000
39.820188 116.276899 8250.000000
39.820188 116.276898 8255.000000
39.820190 116.276901 8260.000000
39.820195 116.276908 8265.000000
39.820195 116.276908 8268.000000
39.820197 116.276910 8270.000000
39.820192 116.276859 8275.000000
39.820189 116.276854 8280.000000
39.820188 116.276849 8285.000000
39.820188 116.276848 8290.000000
39.820190 116.276851 8295.000000
39.820191 116.276851 8300.000000
39.820190 116.276849 8305.000000
39.820190 116.276849 8308.000000
39.820193 116.276852 8310.000000
39.820197 116.276876 8315.000000
39.820204 116.276893 8320.000000
39.820204 116.276893 8323.000000
39.820206 116.276893 8325.000000
39.820225 116.276786 8330.000000
39.820225 116.276732 8335.000000
39.820224 116.276727 8340.000000
39.820222 116.276723 8345.000000
39.820225 116.276725 8350.000000
39.820225 116.276722 8355.000000
39.820223 116.276717 8360.000000
39.820223 116.276714 8365.000000
39.820223 116.276714 8368.000000
39.820223 116.276713 8370.000000
39.820218 116.276702 8375.000000
39.820216 116.276699 8380.000000
39.820213 116.276692 8385.000000
39.820213 116.276692 8388.000000
39.820212 116.276689 8390.000000
39.820210 116.276671 8395.000000
39.820200 116.276647 8400.000000
39.820195 116.276638 8405.000000
39.820193 116.276634 8410.000000
39.820192 116.276633 8415.000000
39.820187 116.276626 8420.000000
39.820186 116.276625 8425.000000
39.820183 116.276620 8430.000000
39.820183 116.276620 8435.000000
39.820185 116.276623 8440.000000
39.820185 116.276623 8445.000000
39.820187 116.276627 8450.000000
39.820188 116.276629 8455.000000
39.820188 116.276629 8458.000000
39.820187 116.276630 8460.000000
39.820192 116.276647 8465.000000
39.820183 116.276719 8470.000000
39.820186 116.276724 8475.000000
39.820187 116.276725 8480.000000
39.820188 116.276726 8485.000000
39.820189 116.276727 8490.000000
39.820189 116.276727 8495.000000
39.820188 116.276724 8500.000000
39.820184 116.276718 8505.000000
39.820180 116.276710 8510.000000
39.820178 116.276706 8515.000000
39.820180 116.276707 8520.000000
39.820180 116.276707 8525.000000
39.820180 116.276705 8530.000000
39.820181 116.276704 8535.000000
39.820181 116.276704 8540.000000
39.820181 116.276704 8543.000000
39.820177 116.276696 8545.000000
39.820173 116.276686 8550.000000
39.820193 116.276669 8555.000000
39.820213 116.276685 8560.000000
39.820221 116.276695 8565.000000
39.820226 116.276693 8570.000000
39.820226 116.276693 8573.000000
39.820229 116.276695 8575.000000
39.820233 116.276707 8580.000000
39.820237 116.276706 8585.000000
39.820242 116.276701 8590.000000
39.820247 116.276700 8595.000000
39.820247 116.276701 8600.000000
39.820248 116.276701 8605.000000
39.820248 116.276702 8610.000000
39.820244 116.276708 8615.000000
39.820244 116.276708 8618.000000
39.820240 116.276711 8620.000000
39.820237 116.276720 8625.000000
39.820231 116.276730 8630.000000
39.820227 116.276745 8635.000000
39.820225 116.276760 8640.000000
39.820229 116.276768 8645.000000
39.820229 116.276768 8648.000000
39.820235 116.276776 8650.000000
39.820249 116.276779 8655.000000
39.820255 116.276788 8660.000000
39.820258 116.276794 8665.000000
39.820259 116.276795 8670.000000
39.820259 116.276795 8673.000000
39.820258 116.276793 8675.000000
39.820261 116.276776 8680.000000
39.820272 116.276758 8685.000000
39.820272 116.276758 8688.000000
39.820278 116.276755 8690.000000
39.820277 116.276741 8695.000000
39.820271 116.276758 8700.000000
39.820272 116.276771 8705.000000
39.820268 116.276783 8710.000000
39.820236 116.276855 8715.000000
39.820226 116.276933 8720.000000
39.820215 116.276959 8725.000000
39.820210 116.276969 8730.000000
39.820208 116.276973 8735.000000
39.820208 116.276973 8738.000000
39.820206 116.276968 8740.000000
39.820206 116.276958 8745.000000
39.820208 116.276953 8750.000000
39.820209 116.276950 8755.000000
39.820212 116.276942 8760.000000
39.820212 116.276942 8763.000000
39.820219 116.276934 8765.000000
39.820230 116.276930 8770.000000
39.820254 116.276941 8775.000000
39.820261 116.276941 8780.000000
39.820262 116.276939 8785.000000
39.820259 116.276935 8790.000000
39.820259 116.276935 8793.000000
39.820259 116.276930 8795.000000
39.820280 116.276898 8800.000000
39.820284 116.276880 8805.000000
39.820286 116.276874 8810.000000
39.820289 116.276871 8815.000000
39.820289 116.276871 8818.000000
39.820295 116.276872 8820.000000
39.820304 116.276875 8825.000000
