39.989530 116.328656 6531.000000
39.989443 116.328868 6541.000000
39.989687 116.328592 6546.000000
39.989922 116.328327 6551.000000
39.990226 116.327974 6556.000000
39.990236 116.327906 6561.000000
39.990196 116.327929 6566.000000
39.990245 116.327912 6571.000000
39.990277 116.327918 6576.000000
39.990279 116.327930 6581.000000
39.990266 116.327949 6586.000000
39.990259 116.327939 6591.000000
39.990249 116.327909 6596.000000
39.990213 116.327873 6601.000000
39.990200 116.327861 6606.000000
39.990168 116.327848 6611.000000
39.990122 116.327857 6616.000000
39.990086 116.327896 6621.000000
39.990070 116.327934 6626.000000
39.990066 116.327921 6631.000000
