40.000018 116.327494 13582.000000
39.999961 116.327398 13587.000000
39.999934 116.327389 13592.000000
39.999902 116.327315 13597.000000
39.999905 116.327216 13602.000000
39.999915 116.327076 13607.000000
39.999918 116.326898 13612.000000
39.999926 116.326739 13617.000000
39.999884 116.326548 13622.000000
39.999882 116.326396 13627.000000
39.999881 116.326260 13632.000000
39.999871 116.326118 13637.000000
39.999878 116.325971 13642.000000
39.999873 116.325814 13647.000000
39.999874 116.325676 13652.000000
39.999867 116.325479 13657.000000
39.999843 116.325329 13662.000000
39.999859 116.325186 13667.000000
39.999894 116.325033 13672.000000
39.999865 116.324905 13677.000000
39.999867 116.324809 13682.000000
39.999914 116.324722 13687.000000
40.000010 116.324709 13692.000000
40.000136 116.324711 13697.000000
40.000236 116.324681 13702.000000
40.000370 116.324675 13707.000000
40.000470 116.324649 13712.000000
40.000618 116.324632 13717.000000
40.000796 116.324655 13722.000000
40.000933 116.324657 13727.000000
40.001055 116.324657 13732.000000
40.001129 116.324640 13737.000000
40.001212 116.324655 13742.000000
40.001324 116.324655 13747.000000
40.001518 116.324665 13752.000000
40.001640 116.324631 13757.000000
40.001776 116.324583 13762.000000
40.001862 116.324552 13767.000000
40.001990 116.324533 13772.000000
40.002116 116.324535 13777.000000
40.002246 116.324469 13782.000000
40.002403 116.324425 13787.000000
40.002559 116.324434 13792.000000
40.002711 116.324418 13797.000000
40.002888 116.324414 13802.000000
40.003036 116.324397 13807.000000
40.003169 116.324396 13812.000000
40.003265 116.324358 13817.000000
40.003399 116.324345 13822.000000
40.003538 116.324331 13827.000000
40.003682 116.324328 13832.000000
40.003879 116.324324 13837.000000
40.004077 116.324382 13842.000000
40.004338 116.324401 13847.000000
40.004521 116.324369 13852.000000
40.004649 116.324388 13857.000000
40.004785 116.324405 13862.000000
40.004904 116.324412 13867.000000
40.005032 116.324415 13872.000000
40.005133 116.324383 13877.000000
40.005282 116.324373 13882.000000
40.005457 116.324371 13887.000000
40.005595 116.324362 13892.000000
40.005729 116.324362 13897.000000
40.005875 116.324366 13902.000000
40.006038 116.324341 13907.000000
40.006207 116.324321 13912.000000
40.006369 116.324337 13917.000000
40.006533 116.324361 13922.000000
40.006692 116.324361 13927.000000
40.006849 116.324358 13932.000000
40.006986 116.324349 13937.000000
40.007156 116.324363 13942.000000
40.007300 116.324328 13947.000000
40.007449 116.324295 13952.000000
40.007621 116.324315 13957.000000
40.007760 116.324291 13962.000000
40.007910 116.324223 13967.000000
40.008083 116.324206 13972.000000
40.008251 116.324173 13977.000000
40.008416 116.324131 13982.000000
40.008560 116.324103 13987.000000
40.008717 116.324082 13992.000000
40.008890 116.324087 13997.000000
40.009047 116.324079 14002.000000
40.009221 116.324074 14007.000000
40.009378 116.324036 14012.000000
40.009518 116.324007 14017.000000
40.009570 116.323886 14022.000000
40.009633 116.323651 14027.000000
40.009630 116.323473 14032.000000
40.009631 116.323278 14037.000000
40.009626 116.323099 14042.000000
40.009625 116.322923 14047.000000
40.009655 116.322768 14052.000000
40.009728 116.322713 14057.000000
40.009817 116.322713 14062.000000
40.009920 116.322697 14067.000000
40.009986 116.322644 14072.000000
40.010058 116.322581 14077.000000
40.010158 116.322528 14082.000000
40.010164 116.322533 14087.000000
40.010164 116.322535 14092.000000
40.010164 116.322535 14095.000000
40.010164 116.322538 14097.000000
40.010164 116.322555 14102.000000
40.010163 116.322576 14107.000000
40.010174 116.322604 14112.000000
40.010182 116.322584 14117.000000
40.010183 116.322567 14122.000000
40.010180 116.322556 14127.000000
40.010181 116.322543 14132.000000
40.010182 116.322531 14137.000000
40.010182 116.322531 14140.000000
40.010182 116.322524 14142.000000
40.010183 116.322515 14147.000000
40.010183 116.322503 14152.000000
