40.009746 116.315082 41300.000000
40.009812 116.314986 41305.000000
40.009845 116.314952 41310.000000
40.009839 116.314965 41315.000000
40.009839 116.314965 41318.000000
40.009840 116.314966 41320.000000
40.009823 116.315024 41325.000000
40.009819 116.315031 41330.000000
40.009819 116.315031 41333.000000
40.009818 116.315032 41335.000000
40.009789 116.315051 41340.000000
40.009717 116.315110 41345.000000
40.009690 116.315152 41350.000000
40.009690 116.315152 41353.000000
40.009694 116.315153 41355.000000
40.009668 116.315186 41360.000000
40.009668 116.315186 41363.000000
40.009669 116.315190 41365.000000
40.009679 116.315172 41370.000000
40.009672 116.315168 41375.000000
40.009672 116.315168 41378.000000
40.009670 116.315161 41380.000000
40.009690 116.315153 41385.000000
40.009670 116.315148 41390.000000
40.009670 116.315148 41393.000000
40.009671 116.315147 41395.000000
40.009661 116.315147 41400.000000
40.009697 116.315148 41405.000000
40.009697 116.315148 41408.000000
40.009695 116.315149 41410.000000
40.009677 116.315159 41415.000000
40.009666 116.315165 41420.000000
40.009666 116.315165 41423.000000
40.009661 116.315157 41425.000000
40.009678 116.315117 41430.000000
40.009714 116.315044 41435.000000
40.009734 116.315008 41440.000000
40.009743 116.315043 41445.000000
40.009768 116.315033 41450.000000
40.009803 116.314985 41455.000000
40.009841 116.315122 41460.000000
40.009924 116.315092 41465.000000
40.009964 116.315102 41470.000000
40.010035 116.315088 41475.000000
40.010059 116.315045 41480.000000
40.010098 116.315072 41485.000000
40.010108 116.315067 41490.000000
40.010102 116.315053 41495.000000
40.010108 116.315053 41500.000000
40.010112 116.315052 41505.000000
40.010109 116.315051 41510.000000
40.010103 116.315052 41515.000000
40.010103 116.315051 41520.000000
40.010107 116.315050 41525.000000
40.010101 116.315049 41530.000000
40.010096 116.315050 41535.000000
40.010096 116.315050 41538.000000
40.010093 116.315050 41540.000000
40.010072 116.315034 41545.000000
40.010073 116.314984 41550.000000
40.010083 116.314937 41555.000000
40.010084 116.314866 41560.000000
40.010072 116.314795 41565.000000
40.010017 116.314755 41570.000000
40.010008 116.314745 41575.000000
40.009887 116.314680 41580.000000
40.009855 116.314615 41585.000000
40.009835 116.314547 41590.000000
40.009798 116.314490 41595.000000
40.009798 116.314490 41598.000000
40.009790 116.314485 41600.000000
40.009625 116.314536 41605.000000
40.009642 116.314527 41610.000000
40.009635 116.314551 41615.000000
40.009624 116.314665 41620.000000
40.009617 116.314668 41625.000000
40.009617 116.314668 41628.000000
40.009614 116.314671 41630.000000
40.009616 116.314700 41635.000000
40.009596 116.314814 41640.000000
40.009600 116.314908 41645.000000
40.009611 116.314950 41650.000000
40.009623 116.314998 41655.000000
40.009627 116.315000 41660.000000
40.009624 116.315002 41665.000000
40.009629 116.315002 41670.000000
40.009629 116.315002 41673.000000
40.009624 116.315004 41675.000000
40.009631 116.315041 41680.000000
40.009631 116.315041 41683.000000
40.009634 116.315048 41685.000000
40.009646 116.315286 41690.000000
40.009658 116.315355 41695.000000
40.009658 116.315355 41698.000000
40.009659 116.315360 41700.000000
40.009712 116.315419 41705.000000
40.009719 116.315514 41710.000000
40.009724 116.315519 41715.000000
40.009724 116.315519 41718.000000
40.009725 116.315523 41720.000000
40.009716 116.315613 41725.000000
40.009694 116.315753 41730.000000
40.009658 116.315831 41735.000000
40.009628 116.315901 41740.000000
40.009589 116.315955 41745.000000
40.009528 116.316026 41750.000000
40.009474 116.316068 41755.000000
40.009427 116.316113 41760.000000
40.009367 116.316135 41765.000000
40.009316 116.316162 41770.000000
40.009268 116.316168 41775.000000
40.009204 116.316190 41780.000000
40.009137 116.316203 41785.000000
40.009089 116.316245 41790.000000
40.009065 116.316262 41795.000000
40.009028 116.316324 41800.000000
40.009001 116.316397 41805.000000
40.008985 116.316468 41810.000000
40.008981 116.316506 41815.000000
40.008981 116.316506 41818.000000
40.008987 116.316509 41820.000000
40.009032 116.316656 41825.000000
40.009056 116.316782 41830.000000
40.009080 116.316859 41835.000000
40.009080 116.316905 41840.000000
40.009089 116.316979 41845.000000
40.009110 116.317063 41850.000000
40.009090 116.317141 41855.000000
40.009088 116.317217 41860.000000
40.009093 116.317272 41865.000000
40.009093 116.317351 41870.000000
40.009098 116.317401 41875.000000
40.009093 116.317455 41880.000000
40.009089 116.317479 41885.000000
40.009084 116.317512 41890.000000
40.009063 116.317594 41895.000000
40.009024 116.317623 41900.000000
40.008990 116.317648 41905.000000
40.008939 116.317689 41910.000000
40.008904 116.317688 41915.000000
40.008830 116.317700 41920.000000
40.008788 116.317695 41925.000000
40.008749 116.317693 41930.000000
40.008683 116.317683 41935.000000
40.008638 116.317679 41940.000000
40.008558 116.317685 41945.000000
40.008493 116.317662 41950.000000
40.008462 116.317653 41955.000000
40.008417 116.317654 41960.000000
40.008374 116.317637 41965.000000
40.008340 116.317618 41970.000000
40.008310 116.317620 41975.000000
40.008268 116.317640 41980.000000
40.008216 116.317663 41985.000000
40.008159 116.317652 41990.000000
40.008120 116.317641 41995.000000
40.008065 116.317638 42000.000000
40.008026 116.317637 42005.000000
40.007965 116.317630 42010.000000
40.007910 116.317653 42015.000000
40.007871 116.317650 42020.000000
40.007831 116.317662 42025.000000
40.007788 116.317691 42030.000000
40.007731 116.317673 42035.000000
40.007669 116.317650 42040.000000
40.007621 116.317638 42045.000000
40.007565 116.317596 42050.000000
40.007531 116.317634 42055.000000
40.007476 116.317629 42060.000000
40.007432 116.317643 42065.000000
40.007378 116.317647 42070.000000
40.007291 116.317672 42075.000000
40.007226 116.317664 42080.000000
40.007203 116.317675 42085.000000
40.007170 116.317674 42090.000000
40.007136 116.317660 42095.000000
40.007044 116.317685 42100.000000
40.007010 116.317681 42105.000000
40.006945 116.317655 42110.000000
40.006903 116.317651 42115.000000
40.006858 116.317646 42120.000000
40.006797 116.317655 42125.000000
40.006754 116.317660 42130.000000
40.006711 116.317653 42135.000000
