39.971565 116.315864 48790.000000
39.971529 116.315899 48795.000000
39.971537 116.315883 48800.000000
39.971509 116.315875 48805.000000
39.971493 116.315876 48810.000000
39.971476 116.315889 48815.000000
39.971468 116.315932 48820.000000
39.971476 116.315982 48825.000000
39.971489 116.316046 48830.000000
39.971527 116.316122 48835.000000
39.971571 116.316194 48840.000000
39.971598 116.316279 48845.000000
39.971569 116.316291 48850.000000
39.971536 116.316315 48855.000000
39.971513 116.316381 48860.000000
39.971476 116.316449 48865.000000
39.971465 116.316494 48870.000000
39.971432 116.316541 48875.000000
39.971441 116.316562 48880.000000
39.971435 116.316642 48885.000000
39.971404 116.316668 48890.000000
39.971384 116.316706 48895.000000
39.971385 116.316779 48900.000000
39.971340 116.316838 48905.000000
39.971342 116.316884 48910.000000
39.971323 116.316962 48915.000000
39.971327 116.317003 48920.000000
39.971342 116.317017 48925.000000
39.971342 116.317010 48930.000000
39.971342 116.317010 48933.000000
39.971343 116.317005 48935.000000
39.971429 116.317133 48940.000000
39.971362 116.317160 48945.000000
39.971324 116.317131 48950.000000
39.971275 116.317109 48955.000000
39.971206 116.317079 48960.000000
39.971098 116.317096 48965.000000
39.971093 116.317122 48970.000000
39.971099 116.317201 48975.000000
39.971053 116.317413 48980.000000
39.971042 116.317542 48985.000000
39.971037 116.317667 48990.000000
39.971038 116.317773 48995.000000
39.970986 116.317869 49000.000000
39.970993 116.318007 49005.000000
39.971007 116.318112 49010.000000
39.971002 116.318089 49015.000000
39.970955 116.318042 49020.000000
39.970895 116.318010 49025.000000
39.970830 116.317978 49030.000000
39.970782 116.317926 49035.000000
39.970731 116.318025 49040.000000
39.970658 116.318169 49045.000000
39.970606 116.318287 49050.000000
39.970606 116.318440 49055.000000
39.970621 116.318497 49060.000000
39.970617 116.318485 49065.000000
39.970622 116.318476 49070.000000
39.970622 116.318476 49073.000000
39.970624 116.318474 49075.000000
39.970622 116.318484 49080.000000
39.970620 116.318476 49085.000000
39.970622 116.318475 49090.000000
39.970628 116.318473 49095.000000
39.970628 116.318473 49098.000000
39.970636 116.318465 49100.000000
39.970665 116.318446 49105.000000
39.970686 116.318437 49110.000000
39.970717 116.318433 49115.000000
39.970780 116.318455 49120.000000
39.970825 116.318507 49125.000000
39.970870 116.318565 49130.000000
39.970892 116.318636 49135.000000
39.970864 116.318711 49140.000000
39.970838 116.318713 49145.000000
39.970791 116.318690 49150.000000
39.970759 116.318612 49155.000000
39.970839 116.318543 49160.000000
39.970856 116.318577 49165.000000
39.970893 116.318630 49170.000000
39.970922 116.318719 49175.000000
39.970970 116.318836 49180.000000
39.971045 116.318946 49185.000000
39.971048 116.318986 49190.000000
39.970950 116.318869 49195.000000
39.970916 116.318836 49200.000000
39.970839 116.318823 49205.000000
39.970779 116.318779 49210.000000
