39.997225 116.317857 24660.000000
39.997362 116.317966 24665.000000
39.997490 116.318036 24670.000000
39.997533 116.318023 24675.000000
39.997534 116.318091 24680.000000
39.997541 116.318143 24685.000000
39.997557 116.318195 24690.000000
39.997539 116.318225 24695.000000
39.997558 116.318284 24700.000000
39.997568 116.318305 24705.000000
39.997568 116.318305 24708.000000
39.997575 116.318308 24710.000000
39.997571 116.318328 24715.000000
39.997571 116.318328 24718.000000
39.997571 116.318335 24720.000000
39.997532 116.318343 24725.000000
39.997582 116.318357 24730.000000
39.997565 116.318363 24735.000000
39.997536 116.318351 24740.000000
39.997544 116.318334 24745.000000
39.997563 116.318316 24750.000000
39.997560 116.318317 24755.000000
39.997560 116.318317 24758.000000
39.997561 116.318317 24760.000000
39.997546 116.318330 24765.000000
39.997537 116.318367 24770.000000
39.997527 116.318366 24775.000000
39.997520 116.318365 24780.000000
39.997517 116.318365 24785.000000
39.997517 116.318367 24790.000000
39.997517 116.318367 24793.000000
39.997522 116.318369 24795.000000
39.997520 116.318385 24800.000000
39.997561 116.318389 24805.000000
39.997578 116.318378 24810.000000
39.997578 116.318378 24813.000000
39.997574 116.318381 24815.000000
39.997530 116.318439 24820.000000
39.997534 116.318457 24825.000000
39.997541 116.318472 24830.000000
39.997563 116.318468 24835.000000
39.997543 116.318474 24840.000000
39.997490 116.318526 24845.000000
39.997463 116.318529 24850.000000
39.997434 116.318541 24855.000000
39.997388 116.318470 24860.000000
39.997404 116.318431 24865.000000
39.997421 116.318427 24870.000000
39.997406 116.318417 24875.000000
39.997451 116.318320 24880.000000
39.997482 116.318234 24885.000000
39.997532 116.318076 24890.000000
39.997513 116.317968 24895.000000
39.997432 116.317930 24900.000000
39.997350 116.317880 24905.000000
39.997248 116.317854 24910.000000
39.997149 116.317853 24915.000000
39.997151 116.317864 24920.000000
39.997122 116.317869 24925.000000
39.997100 116.317873 24930.000000
39.997071 116.317850 24935.000000
39.997068 116.317787 24940.000000
39.997067 116.317763 24945.000000
39.997055 116.317725 24950.000000
39.997048 116.317720 24955.000000
39.997041 116.317717 24960.000000
39.997033 116.317715 24965.000000
39.997028 116.317713 24970.000000
39.997026 116.317713 24975.000000
39.997026 116.317713 24978.000000
39.997033 116.317715 24980.000000
39.997060 116.317745 24985.000000
39.997064 116.317791 24990.000000
39.997084 116.317835 24995.000000
39.997057 116.317874 25000.000000
39.997028 116.317899 25005.000000
39.997028 116.317899 25008.000000
39.997025 116.317899 25010.000000
39.996994 116.317906 25015.000000
39.996959 116.318041 25020.000000
39.996985 116.318070 25025.000000
39.997071 116.318065 25030.000000
39.997073 116.318161 25035.000000
39.997109 116.318222 25040.000000
39.997143 116.318201 25045.000000
39.997168 116.318152 25050.000000
39.997185 116.318111 25055.000000
39.997193 116.318084 25060.000000
39.997200 116.318057 25065.000000
39.997203 116.317999 25070.000000
39.997211 116.317873 25075.000000
39.997232 116.317729 25080.000000
39.997271 116.317570 25085.000000
39.997351 116.317461 25090.000000
39.997406 116.317439 25095.000000
39.997406 116.317430 25100.000000
39.997406 116.317430 25103.000000
39.997405 116.317426 25105.000000
39.997419 116.317425 25110.000000
39.997409 116.317505 25115.000000
39.997302 116.317658 25120.000000
39.997359 116.317670 25125.000000
39.997359 116.317670 25128.000000
39.997354 116.317672 25130.000000
39.997266 116.317653 25135.000000
39.997230 116.317669 25140.000000
39.997204 116.317696 25145.000000
39.997206 116.317741 25150.000000
39.997197 116.317747 25155.000000
39.997176 116.317755 25160.000000
39.997173 116.317754 25165.000000
39.997174 116.317754 25170.000000
39.997173 116.317754 25175.000000
39.997170 116.317753 25180.000000
39.997168 116.317752 25185.000000
39.997170 116.317753 25190.000000
39.997170 116.317753 25193.000000
39.997175 116.317755 25195.000000
39.997166 116.317756 25200.000000
39.997183 116.317791 25205.000000
39.997243 116.317758 25210.000000
39.997377 116.317880 25215.000000
39.997506 116.317975 25220.000000
39.997640 116.317984 25225.000000
39.997783 116.318000 25230.000000
39.997922 116.318001 25235.000000
39.998121 116.318102 25240.000000
39.998240 116.318167 25245.000000
39.998319 116.318253 25250.000000
39.998315 116.318406 25255.000000
39.998384 116.318554 25260.000000
39.998460 116.318643 25265.000000
39.998403 116.318816 25270.000000
39.998421 116.319024 25275.000000
39.998416 116.319200 25280.000000
39.998310 116.319553 25285.000000
39.998360 116.319784 25290.000000
39.998404 116.320003 25295.000000
39.998411 116.320157 25300.000000
39.998420 116.320442 25305.000000
39.998463 116.320685 25310.000000
39.998420 116.321016 25315.000000
39.998429 116.321187 25320.000000
39.998325 116.321315 25325.000000
39.998297 116.321477 25330.000000
39.998294 116.321584 25335.000000
39.998294 116.321584 25338.000000
39.998292 116.321587 25340.000000
39.998290 116.321604 25345.000000
39.998296 116.321682 25350.000000
39.998274 116.321798 25355.000000
39.998316 116.321947 25360.000000
39.998264 116.321955 25365.000000
39.998142 116.321963 25370.000000
39.998026 116.321965 25375.000000
39.997913 116.321952 25380.000000
39.997658 116.322037 25385.000000
39.997434 116.322075 25390.000000
39.997284 116.322082 25395.000000
39.997017 116.322174 25400.000000
39.996803 116.322249 25405.000000
39.996643 116.322268 25410.000000
39.996485 116.322291 25415.000000
39.996315 116.322307 25420.000000
39.996234 116.322328 25425.000000
39.996091 116.322481 25430.000000
39.996062 116.322612 25435.000000
39.995998 116.322691 25440.000000
39.995992 116.322858 25445.000000
39.995991 116.323079 25450.000000
39.996033 116.323388 25455.000000
39.996018 116.323634 25460.000000
39.996011 116.323847 25465.000000
39.996011 116.324079 25470.000000
39.996016 116.324254 25475.000000
39.996053 116.324506 25480.000000
39.996101 116.324761 25485.000000
39.996162 116.325007 25490.000000
39.996238 116.325232 25495.000000
39.996282 116.325414 25500.000000
39.996303 116.325613 25505.000000
39.996151 116.325863 25510.000000
39.996049 116.326041 25515.000000
39.996053 116.326026 25520.000000
39.996049 116.326013 25525.000000
39.996053 116.326016 25530.000000
39.996053 116.326016 25533.000000
39.996059 116.326018 25535.000000
39.996044 116.326020 25540.000000
39.996054 116.326058 25545.000000
39.996052 116.326108 25550.000000
39.996049 116.326122 25555.000000
39.996029 116.326155 25560.000000
39.995997 116.326228 25565.000000
39.995958 116.326282 25570.000000
39.995997 116.326373 25575.000000
39.995988 116.326392 25580.000000
39.995977 116.326389 25585.000000
39.995981 116.326390 25590.000000
39.995981 116.326390 25593.000000
39.995977 116.326392 25595.000000
39.996109 116.326529 25600.000000
39.996109 116.326529 25603.000000
39.996103 116.326525 25605.000000
39.996015 116.326479 25610.000000
39.996015 116.326479 25613.000000
39.996017 116.326481 25615.000000
39.996039 116.326499 25620.000000
39.996040 116.326484 25625.000000
39.996059 116.326559 25630.000000
39.996045 116.326613 25635.000000
39.995993 116.326622 25640.000000
39.996066 116.326671 25645.000000
39.996221 116.326821 25650.000000
39.996290 116.326996 25655.000000
39.996409 116.327099 25660.000000
39.996451 116.327197 25665.000000
39.996490 116.327249 25670.000000
39.996517 116.327251 25675.000000
39.996522 116.327294 25680.000000
39.996500 116.327388 25685.000000
39.996549 116.327522 25690.000000
39.996605 116.327635 25695.000000
39.996681 116.327765 25700.000000
39.996763 116.327874 25705.000000
39.996865 116.328005 25710.000000
39.996932 116.328139 25715.000000
39.996888 116.328331 25720.000000
39.996857 116.328391 25725.000000
39.996884 116.328578 25730.000000
39.996874 116.328665 25735.000000
39.996822 116.328676 25740.000000
39.996811 116.328602 25745.000000
39.996789 116.328519 25750.000000
39.996744 116.328424 25755.000000
39.996666 116.328354 25760.000000
39.996506 116.328294 25765.000000
39.996446 116.328175 25770.000000
39.996406 116.328042 25775.000000
39.996394 116.327881 25780.000000
39.996353 116.327749 25785.000000
39.996253 116.327518 25790.000000
39.996231 116.327254 25795.000000
39.996112 116.327046 25800.000000
39.996002 116.326937 25805.000000
39.995958 116.326820 25810.000000
39.995843 116.326803 25815.000000
39.995643 116.326826 25820.000000
39.995446 116.326788 25825.000000
39.995299 116.326767 25830.000000
39.995196 116.326789 25835.000000
39.995092 116.326874 25840.000000
39.994987 116.327012 25845.000000
39.994977 116.327184 25850.000000
39.995064 116.327419 25855.000000
39.995109 116.327548 25860.000000
39.995212 116.327683 25865.000000
39.995306 116.327841 25870.000000
39.995406 116.327893 25875.000000
39.995467 116.327829 25880.000000
39.995548 116.327831 25885.000000
39.995644 116.327849 25890.000000
39.995708 116.327849 25895.000000
39.995797 116.327822 25900.000000
39.995865 116.327780 25905.000000
39.995882 116.327793 25910.000000
39.995888 116.327802 25915.000000
39.995892 116.327809 25920.000000
39.995892 116.327809 25923.000000
39.995895 116.327815 25925.000000
39.995878 116.327791 25930.000000
39.995868 116.327769 25935.000000
39.995868 116.327769 25938.000000
39.995864 116.327761 25940.000000
39.995859 116.327751 25945.000000
39.996956 116.327906 26010.000000
39.996970 116.327930 26015.000000
39.996972 116.327939 26020.000000
39.996972 116.327939 26023.000000
39.996967 116.327931 26025.000000
39.996911 116.327838 26030.000000
39.996872 116.327786 26035.000000
39.996861 116.327719 26040.000000
39.996837 116.327688 26045.000000
39.996824 116.327691 26050.000000
39.996745 116.327730 26055.000000
39.996609 116.327826 26060.000000
39.996361 116.328016 26065.000000
39.996247 116.328093 26070.000000
39.996252 116.328113 26075.000000
39.996222 116.328125 26080.000000
39.996196 116.328096 26085.000000
39.996175 116.328121 26090.000000
39.996169 116.328124 26095.000000
39.996169 116.328124 26098.000000
39.996164 116.328116 26100.000000
39.996146 116.328109 26105.000000
39.996139 116.328096 26110.000000
39.996110 116.328117 26115.000000
39.996120 116.328103 26120.000000
39.996143 116.328010 26125.000000
39.996143 116.327943 26130.000000
39.996160 116.327902 26135.000000
39.996130 116.327869 26140.000000
39.996105 116.327799 26145.000000
39.996077 116.327755 26150.000000
39.996127 116.327704 26155.000000
39.996042 116.327844 26160.000000
39.995892 116.328074 26165.000000
39.995753 116.328210 26170.000000
39.995690 116.328284 26175.000000
39.995774 116.328297 26180.000000
39.995921 116.328262 26185.000000
39.995933 116.328247 26190.000000
39.995933 116.328247 26193.000000
39.995932 116.328243 26195.000000
39.995927 116.328216 26200.000000
39.995829 116.328173 26205.000000
39.995776 116.328168 26210.000000
39.995893 116.327997 26215.000000
39.995971 116.327877 26220.000000
39.995982 116.327888 26225.000000
39.996009 116.327900 26230.000000
39.996022 116.327925 26235.000000
39.996024 116.327929 26240.000000
39.996024 116.327929 26243.000000
39.996027 116.327935 26245.000000
39.996035 116.327946 26250.000000
39.996035 116.327946 26253.000000
39.996038 116.327942 26255.000000
39.996016 116.327951 26260.000000
39.995977 116.327934 26265.000000
39.995873 116.327940 26270.000000
39.995722 116.327926 26275.000000
39.995558 116.327927 26280.000000
39.995434 116.327999 26285.000000
39.995328 116.328051 26290.000000
39.995258 116.327824 26295.000000
39.995105 116.327711 26300.000000
39.994997 116.327562 26305.000000
39.994923 116.327375 26310.000000
39.994931 116.327203 26315.000000
39.994984 116.327102 26320.000000
39.995081 116.327038 26325.000000
39.995200 116.326967 26330.000000
39.995386 116.327016 26335.000000
39.995539 116.327096 26340.000000
39.995753 116.327084 26345.000000
39.995990 116.327077 26350.000000
39.996151 116.327117 26355.000000
39.996244 116.327021 26360.000000
39.996384 116.326980 26365.000000
39.996515 116.327020 26370.000000
39.996618 116.326963 26375.000000
39.996862 116.327097 26380.000000
39.997185 116.327129 26385.000000
39.997362 116.327314 26390.000000
39.997494 116.327361 26395.000000
39.997741 116.327140 26400.000000
39.997939 116.327154 26405.000000
39.998118 116.327109 26410.000000
39.998351 116.327160 26415.000000
39.998549 116.327212 26420.000000
39.998732 116.327184 26425.000000
39.998963 116.327094 26430.000000
39.999110 116.327181 26435.000000
39.999282 116.327238 26440.000000
39.999512 116.327373 26445.000000
39.999633 116.327387 26450.000000
39.999700 116.327420 26455.000000
39.999790 116.327345 26460.000000
39.999820 116.327430 26465.000000
39.999829 116.327436 26470.000000
39.999819 116.327432 26475.000000
39.999810 116.327440 26480.000000
39.999833 116.327454 26485.000000
39.999856 116.327475 26490.000000
39.999883 116.327483 26495.000000
39.999893 116.327492 26500.000000
39.999919 116.327482 26505.000000
39.999921 116.327462 26510.000000
