39.999840 116.327361 71616.000000
39.999892 116.327362 71621.000000
39.999863 116.327341 71626.000000
39.999842 116.327298 71631.000000
39.999840 116.327181 71636.000000
39.999845 116.327012 71641.000000
39.999817 116.326850 71646.000000
39.999847 116.326684 71651.000000
39.999907 116.326565 71656.000000
39.999900 116.326413 71661.000000
39.999905 116.326242 71666.000000
39.999884 116.326100 71671.000000
39.999889 116.325948 71676.000000
39.999886 116.325815 71681.000000
39.999880 116.325659 71686.000000
39.999851 116.325520 71691.000000
39.999830 116.325373 71696.000000
39.999821 116.325241 71701.000000
39.999806 116.325125 71706.000000
39.999800 116.324940 71711.000000
39.999817 116.324793 71716.000000
39.999807 116.324696 71721.000000
39.999841 116.324639 71726.000000
39.999920 116.324578 71731.000000
40.000013 116.324547 71736.000000
40.000120 116.324537 71741.000000
40.000237 116.324539 71746.000000
40.000346 116.324528 71751.000000
40.000463 116.324507 71756.000000
40.000557 116.324498 71761.000000
40.000689 116.324499 71766.000000
40.000836 116.324485 71771.000000
40.000956 116.324431 71776.000000
40.001074 116.324422 71781.000000
40.001201 116.324415 71786.000000
40.001325 116.324418 71791.000000
40.001432 116.324444 71796.000000
40.001549 116.324483 71801.000000
40.001684 116.324488 71806.000000
40.001856 116.324427 71811.000000
40.002021 116.324414 71816.000000
40.002154 116.324393 71821.000000
40.002302 116.324400 71826.000000
40.002452 116.324381 71831.000000
40.002575 116.324396 71836.000000
40.002685 116.324400 71841.000000
40.002849 116.324395 71846.000000
40.002992 116.324383 71851.000000
40.003114 116.324339 71856.000000
40.003238 116.324314 71861.000000
40.003350 116.324292 71866.000000
40.003450 116.324268 71871.000000
40.003566 116.324241 71876.000000
40.003671 116.324284 71881.000000
40.003815 116.324274 71886.000000
40.003993 116.324249 71891.000000
40.004240 116.324237 71896.000000
40.004405 116.324217 71901.000000
40.004558 116.324207 71906.000000
40.004699 116.324184 71911.000000
40.004825 116.324162 71916.000000
40.004947 116.324160 71921.000000
40.005125 116.324113 71926.000000
40.005277 116.324103 71931.000000
40.005414 116.324109 71936.000000
40.005598 116.324197 71941.000000
40.005746 116.324203 71946.000000
40.005883 116.324199 71951.000000
40.005993 116.324173 71956.000000
40.006113 116.324157 71961.000000
40.006264 116.324153 71966.000000
40.006400 116.324150 71971.000000
40.006506 116.324065 71976.000000
40.006555 116.323937 71981.000000
40.006568 116.323778 71986.000000
40.006587 116.323611 71991.000000
40.006595 116.323452 71996.000000
40.006610 116.323299 72001.000000
40.006613 116.323143 72006.000000
40.006615 116.323003 72011.000000
40.006632 116.322872 72016.000000
40.006645 116.322747 72021.000000
40.006651 116.322610 72026.000000
40.006643 116.322474 72031.000000
40.006636 116.322327 72036.000000
40.006637 116.322180 72041.000000
40.006645 116.322010 72046.000000
40.006652 116.321893 72051.000000
40.006627 116.321709 72056.000000
40.006593 116.321549 72061.000000
40.006611 116.321411 72066.000000
40.006658 116.321283 72071.000000
40.006721 116.321160 72076.000000
40.006730 116.321034 72081.000000
40.006723 116.320894 72086.000000
40.006726 116.320766 72091.000000
40.006713 116.320633 72096.000000
40.006698 116.320500 72101.000000
40.006687 116.320353 72106.000000
40.006675 116.320203 72111.000000
40.006667 116.320079 72116.000000
40.006669 116.319961 72121.000000
40.006669 116.319848 72126.000000
40.006664 116.319734 72131.000000
40.006656 116.319612 72136.000000
40.006662 116.319459 72141.000000
40.006626 116.319335 72146.000000
40.006561 116.319196 72151.000000
40.006508 116.319057 72156.000000
40.006450 116.318836 72161.000000
40.006419 116.318589 72166.000000
40.006384 116.318378 72171.000000
40.006375 116.318168 72176.000000
40.006408 116.317955 72181.000000
40.006431 116.317789 72186.000000
40.006556 116.317736 72191.000000
40.006684 116.317749 72196.000000
40.006845 116.317700 72201.000000
40.006983 116.317682 72206.000000
40.007105 116.317669 72211.000000
40.007253 116.317633 72216.000000
40.007388 116.317627 72221.000000
40.007553 116.317605 72226.000000
40.007794 116.317578 72231.000000
40.007948 116.317609 72236.000000
40.008122 116.317564 72241.000000
40.008253 116.317604 72246.000000
40.008428 116.317564 72251.000000
40.008592 116.317553 72256.000000
40.008744 116.317573 72261.000000
40.008872 116.317533 72266.000000
40.008963 116.317367 72271.000000
40.008975 116.317157 72276.000000
40.008989 116.316970 72281.000000
40.009020 116.316838 72286.000000
40.009005 116.316683 72291.000000
40.008969 116.316514 72296.000000
40.009052 116.316354 72301.000000
40.009158 116.316261 72306.000000
40.009296 116.316232 72311.000000
40.009434 116.316195 72316.000000
40.009523 116.316153 72321.000000
40.009635 116.316029 72326.000000
40.009661 116.315820 72331.000000
40.009642 116.315619 72336.000000
40.009636 116.315427 72341.000000
40.009634 116.315229 72346.000000
40.009625 116.315022 72351.000000
40.009615 116.314820 72356.000000
40.009609 116.314643 72361.000000
40.009629 116.314492 72366.000000
40.009681 116.314452 72371.000000
40.009765 116.314444 72376.000000
40.009821 116.314567 72381.000000
40.009931 116.314714 72386.000000
40.010035 116.314816 72391.000000
40.010128 116.314896 72396.000000
40.010132 116.314905 72401.000000
40.010155 116.314900 72406.000000
40.010157 116.314889 72411.000000
40.010153 116.314880 72416.000000
40.010150 116.314865 72421.000000
40.010150 116.314865 72426.000000
40.010150 116.314865 72429.000000
40.010151 116.314870 72431.000000
40.010155 116.314884 72436.000000
40.010175 116.314908 72441.000000
40.010189 116.314925 72446.000000
40.010186 116.314915 72451.000000
40.010183 116.314900 72456.000000
40.010180 116.314885 72461.000000
40.010176 116.314869 72466.000000
40.010172 116.314849 72471.000000
40.010169 116.314837 72476.000000
40.010166 116.314824 72481.000000
40.010166 116.314824 72484.000000
40.010165 116.314819 72486.000000
40.010163 116.314804 72491.000000
40.010159 116.314787 72496.000000
40.010154 116.314766 72501.000000
40.010145 116.314738 72506.000000
40.009677 116.314864 72511.000000
40.009640 116.314964 72516.000000
40.009627 116.315029 72521.000000
40.009626 116.315041 72526.000000
40.009627 116.315104 72531.000000
40.009629 116.315192 72536.000000
