39.999834 116.327281 33091.000000
39.999934 116.327344 33096.000000
39.999897 116.327298 33101.000000
39.999930 116.327176 33106.000000
40.000019 116.327140 33111.000000
40.000112 116.327125 33116.000000
40.000260 116.327151 33121.000000
40.000251 116.327177 33126.000000
40.000251 116.327177 33129.000000
40.000252 116.327184 33131.000000
40.000247 116.327193 33136.000000
40.000264 116.327199 33141.000000
40.000228 116.327117 33146.000000
40.000229 116.327089 33151.000000
40.000194 116.327085 33156.000000
40.000162 116.327064 33161.000000
40.000156 116.327079 33166.000000
40.000156 116.327079 33169.000000
40.000152 116.327077 33171.000000
40.000142 116.327065 33176.000000
40.000136 116.327049 33181.000000
40.000091 116.327052 33186.000000
40.000016 116.327059 33191.000000
39.999950 116.327079 33196.000000
39.999865 116.327109 33201.000000
39.999773 116.327137 33206.000000
39.999666 116.327124 33211.000000
39.999569 116.327076 33216.000000
39.999495 116.327001 33221.000000
39.999414 116.326921 33226.000000
39.999338 116.326824 33231.000000
39.999281 116.326735 33236.000000
39.999179 116.326738 33241.000000
39.999077 116.326729 33246.000000
39.998980 116.326736 33251.000000
39.998880 116.326748 33256.000000
39.998785 116.326732 33261.000000
39.998691 116.326737 33266.000000
39.998599 116.326739 33271.000000
39.998506 116.326736 33276.000000
39.998416 116.326742 33281.000000
39.998327 116.326743 33286.000000
39.998236 116.326756 33291.000000
39.998148 116.326774 33296.000000
39.998056 116.326817 33301.000000
39.997968 116.326837 33306.000000
39.997864 116.326830 33311.000000
39.997770 116.326840 33316.000000
39.997679 116.326834 33321.000000
39.997584 116.326831 33326.000000
39.997492 116.326780 33331.000000
39.997332 116.326733 33336.000000
39.997235 116.326743 33341.000000
39.997138 116.326759 33346.000000
39.997032 116.326761 33351.000000
39.996936 116.326771 33356.000000
39.996829 116.326749 33361.000000
39.996715 116.326707 33366.000000
39.996646 116.326759 33371.000000
39.996524 116.326792 33376.000000
39.996424 116.326804 33381.000000
39.996337 116.326724 33386.000000
39.996265 116.326695 33391.000000
39.996210 116.326695 33396.000000
39.996192 116.326647 33401.000000
39.996178 116.326599 33406.000000
39.996110 116.326548 33411.000000
39.996013 116.326504 33416.000000
39.995923 116.326525 33421.000000
39.995843 116.326536 33426.000000
39.995750 116.326555 33431.000000
39.995656 116.326562 33436.000000
39.995578 116.326573 33441.000000
39.995524 116.326549 33446.000000
39.995475 116.326531 33451.000000
39.995453 116.326488 33456.000000
39.995421 116.326476 33461.000000
39.995408 116.326461 33466.000000
39.995367 116.326358 33471.000000
39.995372 116.326319 33476.000000
39.995385 116.326314 33481.000000
39.995385 116.326314 33484.000000
39.995384 116.326315 33486.000000
39.995384 116.326327 33491.000000
39.995392 116.326330 33496.000000
39.995393 116.326331 33501.000000
39.995393 116.326331 33504.000000
39.995401 116.326330 33506.000000
39.995385 116.326357 33511.000000
39.995385 116.326357 33514.000000
39.995384 116.326360 33516.000000
39.995384 116.326404 33521.000000
39.995306 116.326447 33526.000000
39.995271 116.326457 33531.000000
39.995214 116.326471 33536.000000
39.995155 116.326496 33541.000000
39.995097 116.326476 33546.000000
39.995071 116.326479 33551.000000
39.995019 116.326402 33556.000000
39.994956 116.326379 33561.000000
39.994909 116.326373 33566.000000
39.994863 116.326366 33571.000000
39.994816 116.326364 33576.000000
39.994770 116.326374 33581.000000
39.994712 116.326375 33586.000000
39.994662 116.326367 33591.000000
39.994598 116.326367 33596.000000
39.994535 116.326356 33601.000000
39.994458 116.326296 33606.000000
39.994393 116.326323 33611.000000
39.994351 116.326347 33616.000000
39.994278 116.326342 33621.000000
39.994228 116.326360 33626.000000
39.994190 116.326371 33631.000000
39.994138 116.326395 33636.000000
39.994091 116.326404 33641.000000
39.994031 116.326400 33646.000000
39.993987 116.326416 33651.000000
39.993934 116.326449 33656.000000
39.993879 116.326452 33661.000000
39.993842 116.326440 33666.000000
39.993803 116.326434 33671.000000
39.993769 116.326466 33676.000000
39.993724 116.326456 33681.000000
39.993718 116.326479 33686.000000
39.993750 116.326525 33691.000000
39.993710 116.326646 33696.000000
39.993728 116.326694 33701.000000
39.993713 116.326752 33706.000000
39.993745 116.326812 33711.000000
39.993755 116.326806 33716.000000
39.993710 116.326819 33721.000000
39.993657 116.326830 33726.000000
39.993607 116.326859 33731.000000
39.993570 116.326870 33736.000000
39.993510 116.326892 33741.000000
39.993443 116.326898 33746.000000
39.993367 116.326934 33751.000000
39.993315 116.326958 33756.000000
39.993255 116.326979 33761.000000
39.993194 116.326965 33766.000000
39.993152 116.326960 33771.000000
39.993103 116.326949 33776.000000
39.993052 116.326955 33781.000000
39.993021 116.326963 33786.000000
39.992964 116.326966 33791.000000
39.992892 116.326991 33796.000000
39.992829 116.326967 33801.000000
39.992779 116.326957 33806.000000
39.992710 116.326953 33811.000000
39.992646 116.326950 33816.000000
39.992586 116.326944 33821.000000
39.992532 116.326958 33826.000000
39.992480 116.326979 33831.000000
39.992423 116.327024 33836.000000
39.992366 116.327035 33841.000000
39.992312 116.327078 33846.000000
39.992252 116.327117 33851.000000
39.992226 116.327164 33856.000000
39.992174 116.327225 33861.000000
39.992121 116.327310 33866.000000
39.992075 116.327357 33871.000000
39.992020 116.327401 33876.000000
39.991970 116.327415 33881.000000
39.991932 116.327491 33886.000000
39.991898 116.327520 33891.000000
39.991863 116.327573 33896.000000
39.991821 116.327623 33901.000000
39.991809 116.327665 33906.000000
39.991810 116.327785 33911.000000
39.991782 116.327812 33916.000000
39.991808 116.327908 33921.000000
39.991803 116.327989 33926.000000
39.991801 116.328087 33931.000000
39.991801 116.328087 33934.000000
39.991793 116.328093 33936.000000
39.991793 116.328105 33941.000000
39.991780 116.328156 33946.000000
39.991807 116.328215 33951.000000
39.991826 116.328288 33956.000000
39.991759 116.328338 33961.000000
39.991761 116.328412 33966.000000
39.991776 116.328476 33971.000000
39.991795 116.328544 33976.000000
39.991785 116.328580 33981.000000
39.991734 116.328673 33986.000000
39.991722 116.328697 33991.000000
39.991664 116.328724 33996.000000
39.991674 116.328865 34001.000000
39.991673 116.329007 34006.000000
39.991736 116.329084 34011.000000
39.991698 116.329181 34016.000000
39.991641 116.329274 34021.000000
39.991617 116.329378 34026.000000
39.991618 116.329455 34031.000000
39.991622 116.329502 34036.000000
39.991628 116.329555 34041.000000
39.991639 116.329601 34046.000000
39.991628 116.329734 34051.000000
39.991665 116.329799 34056.000000
39.991703 116.329876 34061.000000
39.991740 116.329980 34066.000000
39.991750 116.330053 34071.000000
39.991779 116.330164 34076.000000
39.991810 116.330261 34081.000000
39.991810 116.330330 34086.000000
39.991829 116.330382 34091.000000
39.991828 116.330426 34096.000000
39.991800 116.330498 34101.000000
39.991796 116.330584 34106.000000
39.991752 116.330691 34111.000000
39.991708 116.330783 34116.000000
39.991687 116.330877 34121.000000
39.991692 116.330938 34126.000000
39.991700 116.330991 34131.000000
39.991665 116.331127 34136.000000
39.991675 116.331172 34141.000000
39.991683 116.331192 34146.000000
39.991679 116.331229 34151.000000
39.991689 116.331259 34156.000000
39.991711 116.331336 34161.000000
39.991707 116.331415 34166.000000
39.991710 116.331431 34171.000000
39.991740 116.331384 34176.000000
39.991763 116.331359 34181.000000
39.991780 116.331354 34186.000000
39.991792 116.331349 34191.000000
39.991811 116.331372 34196.000000
39.991818 116.331407 34201.000000
39.991811 116.331437 34206.000000
