39.999952 116.327422 26018.000000
39.999945 116.327403 26023.000000
39.999958 116.327403 26028.000000
39.999897 116.327365 26033.000000
39.999880 116.327290 26038.000000
39.999902 116.327180 26043.000000
39.999799 116.327129 26048.000000
39.999681 116.327139 26053.000000
39.999539 116.327113 26058.000000
39.999424 116.327035 26063.000000
39.999328 116.326952 26068.000000
39.999245 116.326848 26073.000000
39.999198 116.326710 26078.000000
39.999179 116.326517 26083.000000
39.999157 116.326344 26088.000000
39.999073 116.326231 26093.000000
39.998961 116.326196 26098.000000
39.998840 116.326207 26103.000000
39.998708 116.326236 26108.000000
39.998563 116.326253 26113.000000
39.998406 116.326262 26118.000000
39.998192 116.326256 26123.000000
39.998022 116.326271 26128.000000
39.997867 116.326277 26133.000000
39.997704 116.326297 26138.000000
39.997545 116.326298 26143.000000
39.997425 116.326306 26148.000000
39.997277 116.326339 26153.000000
39.997087 116.326359 26158.000000
39.996897 116.326393 26163.000000
39.996678 116.326408 26168.000000
39.996489 116.326383 26173.000000
39.996310 116.326386 26178.000000
39.996174 116.326451 26183.000000
39.996041 116.326500 26188.000000
39.995869 116.326521 26193.000000
39.995703 116.326500 26198.000000
39.995545 116.326498 26203.000000
39.995361 116.326523 26208.000000
39.995192 116.326577 26213.000000
39.995058 116.326570 26218.000000
39.994944 116.326499 26223.000000
39.994782 116.326494 26228.000000
39.994567 116.326508 26233.000000
39.994348 116.326416 26238.000000
39.994176 116.326476 26243.000000
39.994055 116.326538 26248.000000
39.993926 116.326580 26253.000000
39.993795 116.326601 26258.000000
39.993676 116.326630 26263.000000
39.993536 116.326637 26268.000000
39.993347 116.326654 26273.000000
39.993169 116.326642 26278.000000
39.992997 116.326680 26283.000000
39.992814 116.326688 26288.000000
39.992668 116.326681 26293.000000
39.992422 116.326693 26298.000000
39.992255 116.326748 26303.000000
39.992090 116.326760 26308.000000
39.991947 116.326801 26313.000000
39.991912 116.326880 26318.000000
39.991902 116.326910 26323.000000
39.991868 116.326839 26328.000000
39.991845 116.326719 26333.000000
39.991800 116.326584 26338.000000
39.991771 116.326345 26343.000000
39.991561 116.326003 26348.000000
39.991405 116.325781 26353.000000
39.991383 116.325541 26358.000000
39.991476 116.325138 26363.000000
39.991447 116.324852 26368.000000
39.991454 116.324666 26373.000000
39.991491 116.324532 26378.000000
39.991494 116.324432 26383.000000
39.991491 116.324304 26388.000000
39.991477 116.324122 26393.000000
39.991469 116.323940 26398.000000
39.991512 116.323847 26403.000000
39.991541 116.323743 26408.000000
39.991569 116.323625 26413.000000
39.991468 116.323462 26418.000000
39.991432 116.323405 26423.000000
39.991435 116.323331 26428.000000
39.991392 116.323153 26433.000000
39.991298 116.322849 26438.000000
39.991245 116.322670 26443.000000
39.991279 116.322523 26448.000000
39.991346 116.322254 26453.000000
39.991381 116.322017 26458.000000
39.991357 116.321724 26463.000000
39.991335 116.321557 26468.000000
39.991319 116.321361 26473.000000
39.991299 116.320978 26478.000000
39.991287 116.320739 26483.000000
39.991274 116.320615 26488.000000
39.991197 116.320527 26493.000000
39.991322 116.320464 26498.000000
39.991427 116.320481 26503.000000
39.991433 116.320510 26508.000000
39.991425 116.320525 26513.000000
39.991422 116.320540 26518.000000
39.991422 116.320568 26523.000000
39.991421 116.320609 26528.000000
39.991390 116.320617 26533.000000
39.991344 116.320537 26538.000000
39.991294 116.320447 26543.000000
39.991297 116.320370 26548.000000
