39.906577 116.392636 13493.000000
39.906578 116.392583 13498.000000
39.906577 116.392531 13503.000000
39.906564 116.392463 13508.000000
39.906575 116.392392 13513.000000
39.906578 116.392323 13518.000000
39.906581 116.392279 13523.000000
39.906572 116.392227 13528.000000
39.906573 116.392152 13533.000000
39.906571 116.392114 13538.000000
39.906563 116.392051 13543.000000
39.906584 116.391989 13548.000000
39.906587 116.391945 13553.000000
39.906582 116.391906 13558.000000
39.906565 116.391852 13563.000000
39.906552 116.391795 13568.000000
39.906552 116.391752 13573.000000
39.906557 116.391711 13578.000000
39.906564 116.391696 13583.000000
39.906568 116.391694 13588.000000
39.906568 116.391694 13591.000000
39.906566 116.391693 13593.000000
39.906572 116.391662 13598.000000
39.906584 116.391613 13603.000000
39.906579 116.391547 13608.000000
39.906574 116.391486 13613.000000
39.906580 116.391443 13618.000000
39.906577 116.391417 13623.000000
39.906590 116.391364 13628.000000
39.906597 116.391329 13633.000000
39.906610 116.391327 13638.000000
39.906610 116.391327 13641.000000
39.906611 116.391329 13643.000000
39.906606 116.391349 13648.000000
39.906598 116.391380 13653.000000
39.906612 116.391403 13658.000000
39.906637 116.391434 13663.000000
39.906659 116.391442 13668.000000
39.906693 116.391442 13673.000000
39.906732 116.391450 13678.000000
39.906778 116.391442 13683.000000
39.906824 116.391440 13688.000000
39.906869 116.391437 13693.000000
39.906921 116.391442 13698.000000
39.906981 116.391434 13703.000000
39.907016 116.391445 13708.000000
39.907020 116.391462 13713.000000
39.907020 116.391460 13718.000000
39.907020 116.391460 13721.000000
39.907021 116.391459 13723.000000
39.907125 116.391510 13728.000000
39.907157 116.391545 13733.000000
39.907216 116.391549 13738.000000
39.907267 116.391574 13743.000000
39.907331 116.391589 13748.000000
39.907139 116.391253 13768.000000
39.907078 116.391417 13773.000000
39.907484 116.391432 13778.000000
39.907651 116.391427 13783.000000
39.907673 116.391447 13788.000000
39.907728 116.391435 13793.000000
39.907780 116.391415 13798.000000
39.907821 116.391412 13803.000000
39.907885 116.391372 13808.000000
39.907920 116.391355 13813.000000
39.907962 116.391372 13818.000000
39.908023 116.391372 13823.000000
39.908097 116.391383 13828.000000
39.908165 116.391376 13833.000000
39.908208 116.391363 13838.000000
39.908222 116.391379 13843.000000
39.908214 116.391389 13848.000000
39.908236 116.391384 13853.000000
39.908272 116.391387 13858.000000
39.908302 116.391381 13863.000000
39.908303 116.391385 13868.000000
39.908304 116.391385 13873.000000
39.908305 116.391387 13878.000000
39.908307 116.391391 13883.000000
39.908308 116.391395 13888.000000
39.908307 116.391397 13893.000000
39.908307 116.391396 13898.000000
39.908307 116.391396 13901.000000
39.908307 116.391398 13903.000000
39.908316 116.391387 13908.000000
39.908319 116.391392 13913.000000
39.908318 116.391390 13918.000000
39.908318 116.391390 13921.000000
39.908318 116.391393 13923.000000
39.908302 116.391381 13928.000000
39.908289 116.391382 13933.000000
39.908289 116.391385 13938.000000
39.908289 116.391385 13941.000000
39.908289 116.391386 13943.000000
39.908308 116.391387 13948.000000
39.908308 116.391387 13951.000000
39.908316 116.391391 13953.000000
39.908301 116.391369 13958.000000
39.908277 116.391365 13963.000000
39.908276 116.391366 13968.000000
39.908274 116.391362 13973.000000
39.908274 116.391358 13978.000000
39.908274 116.391353 13983.000000
39.908274 116.391353 13986.000000
39.908277 116.391358 13988.000000
39.908315 116.391370 13993.000000
39.908373 116.391339 13998.000000
39.908421 116.391342 14003.000000
39.908465 116.391339 14008.000000
39.908520 116.391327 14013.000000
39.908578 116.391321 14018.000000
39.908604 116.391330 14023.000000
39.908649 116.391318 14028.000000
39.908699 116.391312 14033.000000
39.908760 116.391312 14038.000000
39.908760 116.391312 14041.000000
39.908762 116.391319 14043.000000
39.908796 116.391341 14048.000000
39.908803 116.391372 14053.000000
39.908829 116.391390 14058.000000
39.908856 116.391392 14063.000000
39.908867 116.391404 14068.000000
39.909020 116.391313 14078.000000
39.909189 116.391294 14083.000000
39.909189 116.391294 14086.000000
39.909192 116.391298 14088.000000
39.909294 116.391285 14093.000000
39.909339 116.391266 14098.000000
39.909387 116.391260 14103.000000
39.909415 116.391249 14108.000000
39.909465 116.391253 14113.000000
39.909491 116.391279 14118.000000
39.909565 116.391278 14123.000000
39.909630 116.391288 14128.000000
39.909681 116.391284 14133.000000
39.909745 116.391258 14138.000000
39.909756 116.391237 14143.000000
39.909766 116.391249 14148.000000
39.909801 116.391248 14153.000000
39.909858 116.391244 14158.000000
39.909946 116.391220 14163.000000
39.910008 116.391224 14168.000000
39.910064 116.391205 14173.000000
39.910112 116.391221 14178.000000
39.910181 116.391195 14183.000000
39.910241 116.391187 14188.000000
39.910293 116.391213 14193.000000
39.910370 116.391213 14198.000000
39.910422 116.391185 14203.000000
39.910464 116.391165 14208.000000
39.910528 116.391166 14213.000000
39.910596 116.391165 14218.000000
39.910652 116.391174 14223.000000
39.910713 116.391163 14228.000000
39.910762 116.391169 14233.000000
39.910807 116.391148 14238.000000
39.910859 116.391140 14243.000000
39.910898 116.391125 14248.000000
39.910944 116.391133 14253.000000
39.910991 116.391126 14258.000000
39.911045 116.391101 14263.000000
39.911091 116.391088 14268.000000
39.911143 116.391079 14273.000000
39.911204 116.391067 14278.000000
39.911253 116.391054 14283.000000
39.911279 116.391036 14288.000000
39.911312 116.390987 14293.000000
