39.977519 116.339202 2853.000000
39.977465 116.339555 2858.000000
39.977639 116.339511 2863.000000
39.977753 116.339573 2868.000000
39.978089 116.339404 2873.000000
39.978178 116.339171 2878.000000
39.978170 116.338994 2883.000000
39.978287 116.338770 2888.000000
39.978096 116.338848 2893.000000
39.978251 116.338654 2898.000000
39.978285 116.338702 2903.000000
39.979275 116.338696 2918.000000
39.979374 116.338372 2923.000000
39.979508 116.338220 2928.000000
39.979673 116.338242 2933.000000
39.979697 116.338258 2938.000000
39.979723 116.338295 2943.000000
39.979692 116.338282 2948.000000
39.979941 116.338399 2953.000000
39.980223 116.338114 2958.000000
39.980282 116.338083 2963.000000
39.980427 116.338022 2968.000000
39.980568 116.337927 2973.000000
39.980763 116.337730 2978.000000
39.980769 116.337800 2983.000000
39.980952 116.337627 2988.000000
39.980665 116.337841 2993.000000
39.980599 116.337748 2998.000000
39.980695 116.337583 3003.000000
39.980855 116.337396 3008.000000
39.980981 116.337236 3013.000000
39.981057 116.337182 3018.000000
39.981057 116.337182 3021.000000
39.981057 116.337174 3023.000000
39.981143 116.337049 3028.000000
39.980225 116.337906 3033.000000
39.980216 116.337918 3038.000000
39.980207 116.337918 3043.000000
39.980180 116.337959 3048.000000
39.980165 116.337971 3053.000000
39.980165 116.337971 3056.000000
39.980162 116.337977 3058.000000
39.980066 116.337988 3063.000000
39.980148 116.338147 3068.000000
39.980228 116.338282 3073.000000
39.980280 116.338336 3078.000000
39.980352 116.338347 3083.000000
39.980413 116.338345 3088.000000
39.980448 116.338339 3093.000000
39.980501 116.338325 3098.000000
39.980512 116.338340 3103.000000
39.980500 116.338308 3108.000000
39.980494 116.338306 3113.000000
39.980494 116.338306 3116.000000
39.980491 116.338298 3118.000000
39.980476 116.338153 3123.000000
39.980576 116.338156 3128.000000
39.980595 116.338032 3133.000000
39.980593 116.337954 3138.000000
39.980625 116.337946 3143.000000
39.980624 116.337902 3148.000000
39.980627 116.337805 3153.000000
39.980628 116.337697 3158.000000
39.980615 116.337662 3163.000000
39.980602 116.337663 3168.000000
39.980597 116.337683 3173.000000
39.980587 116.337682 3178.000000
39.980587 116.337682 3181.000000
39.980582 116.337682 3183.000000
39.980621 116.337700 3188.000000
39.980636 116.337669 3193.000000
39.980699 116.337568 3198.000000
39.980737 116.337583 3203.000000
39.980796 116.337676 3208.000000
39.980866 116.337699 3213.000000
39.980931 116.337695 3218.000000
39.981036 116.337698 3223.000000
39.981084 116.337728 3228.000000
39.981162 116.337756 3233.000000
39.981245 116.337813 3238.000000
39.981321 116.337850 3243.000000
39.981375 116.337996 3248.000000
39.981429 116.338342 3253.000000
39.981413 116.338543 3258.000000
39.981392 116.338676 3263.000000
39.981384 116.338788 3268.000000
39.981391 116.338880 3273.000000
39.981408 116.338968 3278.000000
39.981419 116.339051 3283.000000
39.981411 116.339179 3288.000000
39.981420 116.339290 3293.000000
39.981443 116.339393 3298.000000
39.981433 116.339499 3303.000000
39.981629 116.339562 3313.000000
39.981652 116.339855 3318.000000
39.981760 116.340016 3323.000000
39.981817 116.340231 3328.000000
39.981860 116.340422 3333.000000
39.981884 116.340601 3338.000000
39.981921 116.340725 3343.000000
39.981936 116.340870 3348.000000
39.981984 116.341002 3353.000000
39.982018 116.341156 3358.000000
39.982042 116.341274 3363.000000
39.982092 116.341377 3368.000000
39.982119 116.341336 3373.000000
39.982185 116.341464 3378.000000
39.982134 116.341630 3383.000000
39.982031 116.341757 3388.000000
39.982034 116.341876 3393.000000
39.981953 116.341959 3398.000000
39.982017 116.342047 3403.000000
39.982053 116.342117 3408.000000
39.982042 116.342219 3413.000000
39.982021 116.342321 3418.000000
39.982039 116.342432 3423.000000
39.982080 116.342542 3428.000000
39.982114 116.342619 3433.000000
39.982129 116.342738 3438.000000
39.982107 116.342791 3443.000000
39.982080 116.342902 3448.000000
39.982039 116.343018 3453.000000
39.982028 116.343101 3458.000000
39.981983 116.343227 3463.000000
39.981960 116.343351 3468.000000
39.981945 116.343438 3473.000000
39.981911 116.343522 3478.000000
39.981921 116.343612 3483.000000
39.981925 116.343686 3488.000000
39.981922 116.343815 3493.000000
39.981908 116.343886 3498.000000
39.981934 116.343983 3503.000000
39.981975 116.344088 3508.000000
39.981991 116.344201 3513.000000
39.982038 116.344302 3518.000000
39.982029 116.344395 3523.000000
39.982066 116.344495 3528.000000
39.982088 116.344586 3533.000000
39.982050 116.344687 3538.000000
39.982008 116.344735 3543.000000
39.982008 116.344735 3546.000000
39.982009 116.344736 3548.000000
39.981967 116.344752 3553.000000
39.981862 116.344712 3558.000000
39.981656 116.344651 3563.000000
39.981506 116.344768 3568.000000
39.981473 116.344791 3573.000000
39.981435 116.345009 3578.000000
39.981456 116.345123 3583.000000
39.981451 116.345266 3588.000000
39.981509 116.345362 3593.000000
39.981454 116.345387 3598.000000
39.981320 116.345417 3603.000000
39.981236 116.345431 3608.000000
39.981240 116.345462 3613.000000
39.981215 116.345526 3618.000000
39.981162 116.345612 3623.000000
39.981072 116.345692 3628.000000
39.980938 116.345697 3633.000000
39.980849 116.345724 3638.000000
39.980842 116.345787 3643.000000
39.980799 116.345863 3648.000000
39.980767 116.345932 3653.000000
39.980781 116.345974 3658.000000
39.980777 116.346069 3663.000000
39.980803 116.346153 3668.000000
39.980748 116.346174 3673.000000
39.980667 116.346217 3678.000000
39.980277 116.346173 3713.000000
39.980773 116.346167 3718.000000
39.981134 116.346202 3723.000000
39.980967 116.346199 3728.000000
