39.979483 116.339142 61016.000000
39.979438 116.339164 61021.000000
39.979417 116.339160 61031.000000
39.979410 116.339142 61036.000000
39.979396 116.339095 61041.000000
39.979486 116.338964 61046.000000
39.979606 116.338879 61051.000000
39.979661 116.338860 61056.000000
39.979682 116.338884 61061.000000
39.979689 116.338920 61066.000000
39.979736 116.338931 61071.000000
39.979769 116.338947 61076.000000
39.979717 116.338978 61081.000000
39.979724 116.339022 61086.000000
39.979724 116.339022 61089.000000
39.979724 116.339016 61091.000000
39.979694 116.338985 61096.000000
39.979665 116.338987 61101.000000
39.979652 116.338982 61106.000000
39.979707 116.338995 61111.000000
39.979713 116.339014 61116.000000
39.979738 116.339026 61121.000000
39.979818 116.339037 61126.000000
39.979869 116.339058 61131.000000
39.979940 116.339070 61136.000000
39.979964 116.339089 61141.000000
39.980014 116.339105 61146.000000
39.979927 116.339098 61151.000000
39.979982 116.339086 61156.000000
39.979963 116.339088 61161.000000
39.979963 116.339088 61164.000000
39.979969 116.339085 61166.000000
39.979888 116.339100 61171.000000
39.979928 116.339119 61176.000000
39.979930 116.339154 61181.000000
39.979898 116.339163 61186.000000
39.979930 116.339181 61191.000000
39.979870 116.339172 61196.000000
39.979891 116.339235 61201.000000
39.979844 116.339253 61206.000000
39.979803 116.339274 61211.000000
39.979754 116.339241 61216.000000
39.979724 116.339199 61221.000000
39.979770 116.339214 61226.000000
39.979743 116.339195 61231.000000
39.979737 116.339204 61236.000000
39.979700 116.339227 61241.000000
39.979805 116.339294 61246.000000
39.979863 116.339342 61251.000000
39.979823 116.339322 61256.000000
39.979783 116.339301 61261.000000
39.979730 116.339258 61266.000000
39.979746 116.339265 61271.000000
39.979747 116.339286 61276.000000
39.979714 116.339295 61281.000000
39.979750 116.339279 61286.000000
39.979801 116.339206 61291.000000
39.979864 116.339159 61296.000000
39.979902 116.339167 61301.000000
39.979899 116.339178 61306.000000
39.979913 116.339152 61311.000000
39.979900 116.339142 61316.000000
39.979710 116.339155 61321.000000
39.979444 116.339155 61326.000000
39.979228 116.339152 61331.000000
39.979285 116.339176 61336.000000
39.979369 116.339183 61341.000000
39.979270 116.339150 61346.000000
39.979201 116.339106 61351.000000
