40.002728 116.343561 1163.000000
40.002701 116.343506 1164.000000
40.002679 116.343471 1169.000000
40.002676 116.343457 1174.000000
40.002642 116.343440 1179.000000
40.002632 116.343375 1181.000000
40.002477 116.343296 1186.000000
40.002389 116.343265 1189.000000
40.002443 116.343236 1192.000000
40.002492 116.343166 1194.000000
40.002540 116.343144 1196.000000
40.002596 116.343154 1198.000000
40.002652 116.343195 1200.000000
40.002699 116.343150 1202.000000
40.002793 116.343191 1204.000000
40.002832 116.343071 1209.000000
40.003051 116.343066 1211.000000
40.003067 116.342984 1213.000000
40.003073 116.342908 1214.000000
40.003110 116.342865 1215.000000
40.003106 116.342806 1216.000000
40.003103 116.342695 1218.000000
40.003110 116.342598 1220.000000
40.003161 116.342576 1222.000000
40.003235 116.342567 1223.000000
40.003267 116.342431 1225.000000
40.003296 116.342367 1227.000000
40.003055 116.342273 1228.000000
40.002981 116.342206 1230.000000
40.002922 116.342188 1232.000000
40.002850 116.342159 1234.000000
40.002786 116.342103 1236.000000
40.002727 116.342066 1238.000000
40.002660 116.342032 1240.000000
40.002585 116.342006 1242.000000
40.002516 116.342017 1244.000000
40.002436 116.341998 1246.000000
40.002392 116.342031 1247.000000
40.002311 116.342017 1249.000000
40.002238 116.342012 1251.000000
40.002171 116.342047 1253.000000
40.002098 116.342055 1255.000000
40.002021 116.342046 1257.000000
40.001949 116.342047 1259.000000
40.001889 116.342045 1261.000000
40.001820 116.342039 1263.000000
40.001775 116.342047 1264.000000
40.001699 116.342039 1266.000000
40.001656 116.342081 1268.000000
40.001595 116.342058 1270.000000
40.001523 116.342027 1272.000000
40.001461 116.342026 1274.000000
40.001389 116.342031 1276.000000
40.001306 116.342018 1278.000000
40.001231 116.341997 1280.000000
40.001165 116.342019 1282.000000
40.001650 116.342917 1285.000000
40.001567 116.342905 1287.000000
40.001489 116.342900 1289.000000
40.001428 116.342900 1291.000000
40.001369 116.342886 1293.000000
40.001311 116.342846 1296.000000
40.001258 116.342831 1298.000000
40.001204 116.342841 1300.000000
40.001149 116.342834 1302.000000
40.001054 116.342797 1304.000000
40.000969 116.342781 1306.000000
40.000930 116.342755 1307.000000
40.000850 116.342739 1309.000000
40.000776 116.342747 1311.000000
40.000727 116.342772 1312.000000
40.000653 116.342777 1314.000000
40.000590 116.342798 1316.000000
40.000531 116.342800 1318.000000
40.000459 116.342787 1320.000000
40.000382 116.342772 1322.000000
40.000299 116.342778 1324.000000
40.000233 116.342793 1326.000000
40.000180 116.342810 1328.000000
40.000115 116.342806 1330.000000
40.000050 116.342802 1332.000000
40.000005 116.342795 1333.000000
39.999947 116.342796 1336.000000
39.999886 116.342780 1338.000000
39.999844 116.342751 1342.000000
39.999836 116.342664 1344.000000
39.999833 116.342569 1346.000000
39.999829 116.342473 1348.000000
39.999825 116.342370 1350.000000
39.999819 116.342275 1352.000000
39.999802 116.342164 1354.000000
39.999813 116.342055 1356.000000
39.999814 116.341959 1358.000000
39.999819 116.341855 1360.000000
39.999809 116.341753 1362.000000
39.999780 116.341696 1363.000000
39.999788 116.341613 1365.000000
39.999784 116.341552 1366.000000
39.999771 116.341485 1368.000000
39.999756 116.341415 1370.000000
39.999734 116.341357 1372.000000
39.999759 116.341266 1374.000000
39.999776 116.341207 1375.000000
39.999752 116.341116 1377.000000
39.999749 116.341022 1379.000000
39.999752 116.340932 1381.000000
39.999751 116.340850 1383.000000
39.999737 116.340755 1385.000000
39.999751 116.340617 1387.000000
39.999740 116.340556 1388.000000
39.999744 116.340477 1389.000000
39.999736 116.340386 1390.000000
39.999740 116.340277 1392.000000
39.999728 116.340150 1394.000000
39.999732 116.340059 1396.000000
39.999728 116.339969 1398.000000
39.999726 116.339869 1400.000000
39.999723 116.339767 1402.000000
39.999738 116.339659 1404.000000
39.999745 116.339588 1405.000000
39.999744 116.339480 1407.000000
39.999735 116.339371 1409.000000
39.999737 116.339312 1410.000000
39.999731 116.339254 1411.000000
39.999731 116.339193 1412.000000
39.999728 116.339086 1414.000000
39.999698 116.338983 1416.000000
39.999668 116.338852 1418.000000
39.999649 116.338741 1420.000000
39.999640 116.338675 1421.000000
39.999620 116.338564 1423.000000
39.999604 116.338439 1425.000000
39.999606 116.338384 1426.000000
39.999601 116.338291 1428.000000
39.999598 116.338213 1430.000000
39.999592 116.338121 1432.000000
39.999598 116.338043 1434.000000
39.999611 116.337953 1435.000000
39.999615 116.337867 1437.000000
39.999622 116.337790 1439.000000
39.999626 116.337723 1441.000000
39.999644 116.337665 1443.000000
39.999641 116.337588 1445.000000
39.999637 116.337495 1447.000000
39.999624 116.337390 1449.000000
39.999624 116.337326 1450.000000
39.999611 116.337236 1451.000000
39.999595 116.337178 1452.000000
39.999588 116.337073 1454.000000
39.999579 116.336976 1456.000000
39.999563 116.336874 1458.000000
39.999562 116.336772 1460.000000
39.999550 116.336673 1462.000000
39.999535 116.336566 1464.000000
39.999518 116.336455 1466.000000
39.999522 116.336392 1467.000000
39.999510 116.336335 1468.000000
39.999501 116.336232 1470.000000
39.999510 116.336097 1472.000000
39.999523 116.336014 1473.000000
39.999529 116.335947 1474.000000
39.999558 116.335948 1475.000000
39.999573 116.335915 1476.000000
39.999568 116.335829 1478.000000
39.999561 116.335734 1480.000000
39.999538 116.335639 1482.000000
39.999535 116.335584 1483.000000
39.999528 116.335471 1485.000000
39.999543 116.335368 1487.000000
39.999535 116.335282 1489.000000
39.999571 116.335163 1491.000000
39.999583 116.335105 1492.000000
39.999607 116.335033 1493.000000
39.999652 116.334888 1495.000000
39.999661 116.334778 1497.000000
39.999668 116.334658 1499.000000
39.999649 116.334535 1501.000000
39.999642 116.334435 1503.000000
39.999646 116.334326 1505.000000
39.999634 116.334273 1506.000000
39.999614 116.334175 1508.000000
39.999592 116.334109 1509.000000
39.999578 116.334004 1511.000000
39.999578 116.333898 1513.000000
39.999581 116.333791 1515.000000
39.999577 116.333733 1516.000000
39.999572 116.333623 1518.000000
39.999581 116.333522 1520.000000
39.999570 116.333422 1522.000000
39.999557 116.333327 1524.000000
39.999546 116.333227 1526.000000
39.999552 116.333146 1528.000000
39.999576 116.333057 1530.000000
39.999574 116.332994 1531.000000
39.999582 116.332891 1533.000000
39.999587 116.332831 1534.000000
39.999589 116.332772 1535.000000
39.999571 116.332685 1537.000000
39.999539 116.332598 1539.000000
39.999504 116.332541 1541.000000
39.999507 116.332470 1543.000000
39.999489 116.332414 1546.000000
39.999496 116.332358 1551.000000
39.999500 116.332340 1556.000000
39.999472 116.332279 1560.000000
39.999435 116.332223 1564.000000
39.999409 116.332173 1568.000000
39.999373 116.332149 1573.000000
39.999343 116.332097 1578.000000
39.999301 116.332064 1581.000000
39.999253 116.332037 1584.000000
39.999198 116.332005 1587.000000
39.999150 116.331971 1591.000000
39.999058 116.332012 1594.000000
39.999052 116.331984 1599.000000
39.999001 116.331942 1604.000000
39.998947 116.331905 1607.000000
39.998894 116.331884 1610.000000
39.998846 116.331874 1613.000000
39.998794 116.331845 1616.000000
39.998748 116.331816 1618.000000
39.998696 116.331774 1620.000000
39.998636 116.331751 1623.000000
39.998573 116.331725 1625.000000
39.998523 116.331692 1627.000000
39.998482 116.331670 1629.000000
39.998433 116.331651 1631.000000
39.998387 116.331657 1633.000000
39.998338 116.331660 1636.000000
39.998289 116.331664 1638.000000
39.998237 116.331661 1640.000000
39.998184 116.331636 1642.000000
39.998143 116.331594 1644.000000
39.998124 116.331530 1645.000000
39.998108 116.331441 1646.000000
39.998085 116.331418 1651.000000
39.998060 116.331405 1656.000000
39.998024 116.331337 1661.000000
39.997955 116.331290 1663.000000
39.997908 116.331258 1665.000000
39.997862 116.331237 1669.000000
39.997779 116.331188 1671.000000
39.997742 116.331151 1674.000000
39.997715 116.331120 1679.000000
39.997599 116.331057 1683.000000
39.997544 116.331030 1685.000000
39.997509 116.331052 1690.000000
39.997515 116.331074 1695.000000
39.997515 116.331064 1700.000000
39.997496 116.331042 1705.000000
39.997465 116.330999 1709.000000
39.997425 116.330962 1712.000000
39.997370 116.330930 1717.000000
39.997330 116.330890 1720.000000
39.997286 116.330844 1723.000000
39.997239 116.330818 1726.000000
39.997195 116.330790 1730.000000
39.997154 116.330759 1731.000000
39.997111 116.330717 1732.000000
39.997054 116.330678 1734.000000
39.997023 116.330594 1736.000000
39.996986 116.330540 1738.000000
39.997013 116.330477 1740.000000
39.997070 116.330420 1742.000000
39.997125 116.330317 1744.000000
39.997176 116.330235 1746.000000
39.997279 116.330212 1748.000000
39.997262 116.330088 1751.000000
39.997117 116.330039 1753.000000
39.996960 116.329970 1755.000000
39.996912 116.329940 1756.000000
39.996875 116.329878 1758.000000
39.996851 116.329804 1760.000000
39.996776 116.329657 1763.000000
39.996736 116.329601 1764.000000
39.996716 116.329549 1765.000000
39.996663 116.329561 1766.000000
39.996623 116.329514 1769.000000
39.996593 116.329443 1772.000000
39.996559 116.329404 1773.000000
39.996524 116.329365 1774.000000
39.996482 116.329324 1775.000000
39.996446 116.329280 1777.000000
39.996386 116.329249 1779.000000
39.996342 116.329218 1781.000000
39.996302 116.329184 1784.000000
39.996247 116.329153 1788.000000
39.996276 116.329175 1790.000000
39.996265 116.329203 1795.000000
39.996268 116.329212 1800.000000
39.996262 116.329206 1805.000000
39.996260 116.329202 1810.000000
39.996259 116.329202 1815.000000
39.996259 116.329202 1818.000000
39.996254 116.329199 1820.000000
39.996216 116.329172 1825.000000
39.996219 116.329094 1830.000000
39.996174 116.329000 1833.000000
39.996142 116.328958 1835.000000
39.996110 116.328897 1838.000000
39.996115 116.328823 1841.000000
39.996084 116.328777 1845.000000
39.996060 116.328723 1846.000000
39.996032 116.328560 1848.000000
39.996036 116.328492 1851.000000
39.996043 116.328433 1855.000000
39.995996 116.328423 1860.000000
39.995961 116.328460 1863.000000
39.995877 116.328446 1868.000000
39.995841 116.328410 1870.000000
39.995819 116.328353 1872.000000
39.995816 116.328294 1873.000000
39.995797 116.328238 1875.000000
39.995760 116.328178 1878.000000
39.995699 116.328161 1881.000000
39.995571 116.328192 1884.000000
39.995546 116.328136 1887.000000
39.995507 116.328106 1889.000000
39.995458 116.328072 1892.000000
39.995406 116.328037 1895.000000
39.995373 116.327993 1898.000000
39.995326 116.327964 1901.000000
39.995293 116.327921 1903.000000
39.995241 116.327884 1906.000000
39.995191 116.327850 1910.000000
39.995148 116.327817 1914.000000
39.995105 116.327793 1917.000000
39.995067 116.327749 1921.000000
39.995045 116.327691 1926.000000
39.995014 116.327643 1929.000000
39.994970 116.327562 1932.000000
39.994969 116.327493 1935.000000
39.994976 116.327432 1938.000000
39.994987 116.327368 1941.000000
39.995024 116.327322 1944.000000
39.995072 116.327325 1948.000000
39.995115 116.327293 1953.000000
39.995183 116.327319 1958.000000
39.995235 116.327324 1960.000000
39.995293 116.327331 1964.000000
39.995346 116.327334 1968.000000
39.995364 116.327329 1973.000000
39.995357 116.327320 1978.000000
39.995344 116.327327 1983.000000
39.995344 116.327327 1986.000000
39.995344 116.327323 1988.000000
39.995355 116.327339 1993.000000
39.995355 116.327339 1996.000000
39.995358 116.327332 1998.000000
39.995359 116.327356 2003.000000
39.995316 116.327347 2008.000000
39.995316 116.327347 2011.000000
39.995318 116.327346 2013.000000
39.995296 116.327348 2018.000000
39.995300 116.327322 2023.000000
39.995264 116.327296 2028.000000
39.995240 116.327324 2033.000000
39.995194 116.327294 2037.000000
39.995172 116.327339 2042.000000
39.995127 116.327330 2046.000000
39.995098 116.327381 2051.000000
39.995113 116.327441 2055.000000
39.995107 116.327491 2060.000000
39.995103 116.327531 2065.000000
39.995121 116.327582 2070.000000
39.995139 116.327650 2074.000000
39.995193 116.327718 2076.000000
39.995196 116.327774 2080.000000
39.995232 116.327831 2084.000000
39.995263 116.327917 2087.000000
39.995290 116.327964 2090.000000
39.995348 116.327998 2093.000000
39.995378 116.328043 2096.000000
39.995437 116.328062 2101.000000
39.995479 116.328097 2104.000000
39.995521 116.328146 2108.000000
39.995575 116.328190 2110.000000
39.995598 116.328241 2113.000000
39.995642 116.328291 2116.000000
39.995695 116.328346 2119.000000
39.995740 116.328368 2123.000000
39.995765 116.328347 2128.000000
39.995800 116.328352 2133.000000
39.995800 116.328352 2136.000000
39.995799 116.328347 2138.000000
39.995791 116.328321 2143.000000
