39.912088 116.469958 40448.000000
39.912106 116.469936 40449.000000
39.912136 116.469913 40450.000000
39.912161 116.469900 40451.000000
39.912208 116.469888 40453.000000
39.912236 116.469870 40454.000000
39.912253 116.469855 40455.000000
39.912273 116.469834 40456.000000
39.912296 116.469813 40457.000000
39.912313 116.469795 40458.000000
39.912323 116.469775 40459.000000
39.912329 116.469748 40460.000000
39.912333 116.469728 40461.000000
39.912338 116.469673 40463.000000
39.912331 116.469651 40464.000000
39.912329 116.469619 40465.000000
39.912333 116.469600 40466.000000
39.912341 116.469576 40467.000000
39.912335 116.469543 40468.000000
39.912336 116.469501 40469.000000
39.912329 116.469481 40470.000000
39.912321 116.469451 40471.000000
39.912338 116.469414 40473.000000
39.912344 116.469399 40474.000000
39.912326 116.469384 40475.000000
39.912321 116.469351 40476.000000
39.912326 116.469338 40477.000000
39.912299 116.469333 40478.000000
39.912303 116.469326 40479.000000
39.912328 116.469309 40480.000000
39.912336 116.469291 40481.000000
39.912331 116.469270 40483.000000
39.912343 116.469261 40484.000000
39.912346 116.469243 40485.000000
39.912356 116.469231 40486.000000
39.912364 116.469216 40487.000000
39.912371 116.469208 40488.000000
39.912366 116.469181 40489.000000
39.912354 116.469170 40490.000000
39.912363 116.469163 40491.000000
39.912368 116.469135 40493.000000
39.912373 116.469106 40494.000000
39.912395 116.469091 40495.000000
39.912329 116.469058 40496.000000
39.912336 116.469038 40497.000000
39.912341 116.469028 40498.000000
39.912346 116.469001 40499.000000
39.912344 116.468966 40500.000000
39.912348 116.468950 40501.000000
39.912361 116.468898 40503.000000
39.912374 116.468869 40504.000000
39.912388 116.468851 40505.000000
39.912393 116.468826 40506.000000
39.912401 116.468806 40507.000000
39.912393 116.468779 40508.000000
39.912431 116.468761 40509.000000
39.912451 116.468738 40510.000000
39.912463 116.468721 40511.000000
39.912470 116.468684 40513.000000
39.912485 116.468663 40514.000000
39.912498 116.468641 40515.000000
39.912501 116.468618 40516.000000
39.912509 116.468599 40517.000000
39.912506 116.468576 40518.000000
39.912496 116.468558 40519.000000
39.912505 116.468545 40520.000000
39.912498 116.468524 40521.000000
39.912511 116.468479 40523.000000
39.912518 116.468461 40524.000000
39.912524 116.468449 40525.000000
39.912515 116.468441 40526.000000
39.912516 116.468421 40527.000000
39.912511 116.468393 40528.000000
39.912493 116.468374 40529.000000
39.912474 116.468351 40530.000000
39.912463 116.468329 40531.000000
39.912423 116.468288 40533.000000
39.912381 116.468254 40534.000000
39.912346 116.468233 40535.000000
39.912359 116.468209 40536.000000
39.912358 116.468196 40537.000000
39.912350 116.468166 40538.000000
39.912316 116.468153 40539.000000
39.912299 116.468134 40540.000000
39.912395 116.468451 40604.000000
39.912393 116.468469 40605.000000
39.912393 116.468483 40606.000000
39.912391 116.468500 40607.000000
39.912389 116.468530 40608.000000
39.912399 116.468543 40609.000000
39.912404 116.468563 40610.000000
39.912411 116.468579 40611.000000
39.912418 116.468616 40613.000000
39.912384 116.468648 40614.000000
39.912381 116.468644 40615.000000
39.912366 116.468648 40616.000000
39.912371 116.468646 40617.000000
39.912339 116.468661 40618.000000
39.912314 116.468669 40619.000000
39.912309 116.468675 40620.000000
39.912306 116.468683 40621.000000
39.912303 116.468676 40623.000000
39.912288 116.468665 40624.000000
39.912281 116.468648 40625.000000
39.912271 116.468630 40626.000000
39.912266 116.468611 40627.000000
39.912268 116.468596 40628.000000
39.912274 116.468579 40629.000000
39.912283 116.468559 40630.000000
39.912266 116.468538 40631.000000
39.912284 116.468493 40633.000000
39.912299 116.468469 40634.000000
39.912328 116.468448 40635.000000
39.912328 116.468419 40636.000000
39.912335 116.468393 40637.000000
39.912348 116.468371 40638.000000
39.912354 116.468353 40639.000000
39.912361 116.468326 40640.000000
39.912364 116.468298 40641.000000
39.912374 116.468238 40643.000000
39.912383 116.468218 40644.000000
39.912364 116.468171 40645.000000
39.912371 116.468149 40646.000000
39.912374 116.468115 40647.000000
39.912383 116.468096 40648.000000
39.912391 116.468063 40649.000000
39.912398 116.468038 40650.000000
39.912406 116.468013 40651.000000
39.912426 116.467988 40653.000000
39.912423 116.467974 40654.000000
39.912421 116.467950 40655.000000
39.912416 116.467931 40656.000000
39.912421 116.467919 40657.000000
39.912431 116.467898 40658.000000
39.912433 116.467868 40659.000000
39.912431 116.467831 40660.000000
39.912426 116.467794 40661.000000
39.912436 116.467728 40663.000000
39.912456 116.467703 40664.000000
39.912473 116.467684 40665.000000
39.912485 116.467671 40666.000000
39.912496 116.467653 40667.000000
39.912511 116.467628 40668.000000
39.912508 116.467543 40669.000000
39.912539 116.467563 40670.000000
39.912548 116.467578 40671.000000
39.912568 116.467563 40673.000000
39.912561 116.467556 40674.000000
39.912564 116.467554 40675.000000
39.912564 116.467556 40676.000000
39.912560 116.467556 40677.000000
39.912563 116.467546 40678.000000
39.912560 116.467541 40679.000000
39.912543 116.467535 40680.000000
39.912546 116.467531 40681.000000
39.912536 116.467520 40683.000000
39.912534 116.467520 40684.000000
39.912526 116.467514 40685.000000
39.912501 116.467511 40686.000000
39.912476 116.467508 40687.000000
39.912463 116.467496 40688.000000
39.912458 116.467481 40689.000000
39.912473 116.467473 40690.000000
39.912468 116.467468 40691.000000
39.912511 116.467451 40693.000000
39.912454 116.467414 40694.000000
39.912441 116.467411 40695.000000
39.912371 116.467450 40696.000000
39.912293 116.467438 40697.000000
39.912223 116.467363 40698.000000
39.912156 116.467028 40745.000000
39.912174 116.466979 40746.000000
39.912200 116.466949 40747.000000
39.912211 116.466913 40748.000000
39.912231 116.466896 40749.000000
39.912225 116.466874 40750.000000
39.912241 116.466844 40751.000000
39.912263 116.466791 40753.000000
39.912271 116.466763 40754.000000
39.912291 116.466736 40755.000000
39.912318 116.466718 40756.000000
39.912329 116.466688 40757.000000
39.912361 116.466666 40758.000000
39.912363 116.466649 40759.000000
39.912361 116.466623 40760.000000
39.912354 116.466610 40761.000000
39.912336 116.466581 40763.000000
39.912341 116.466559 40764.000000
39.912339 116.466539 40765.000000
39.912331 116.466528 40766.000000
39.912319 116.466526 40767.000000
39.912328 116.466504 40768.000000
39.912329 116.466473 40769.000000
39.912328 116.466458 40770.000000
39.912338 116.466429 40771.000000
39.912348 116.466371 40773.000000
39.912356 116.466351 40774.000000
39.912358 116.466333 40775.000000
39.912364 116.466308 40776.000000
39.912388 116.466283 40777.000000
39.912399 116.466256 40778.000000
39.912399 116.466233 40779.000000
39.912408 116.466208 40780.000000
39.912413 116.466181 40781.000000
39.912448 116.466128 40783.000000
39.912461 116.466099 40784.000000
39.912466 116.466071 40785.000000
39.912479 116.466053 40786.000000
39.912509 116.466023 40787.000000
39.912505 116.465993 40788.000000
39.912528 116.465966 40789.000000
39.912523 116.465950 40790.000000
39.912539 116.465920 40791.000000
39.912530 116.465886 40793.000000
39.912511 116.465870 40794.000000
39.912501 116.465860 40795.000000
39.912483 116.465846 40796.000000
39.912463 116.465838 40797.000000
39.912449 116.465830 40798.000000
39.912444 116.465815 40799.000000
39.912431 116.465801 40800.000000
39.912416 116.465785 40801.000000
39.912344 116.465783 40803.000000
39.912341 116.465761 40804.000000
39.912336 116.465741 40805.000000
39.912323 116.465725 40806.000000
39.912321 116.465716 40807.000000
39.912323 116.465708 40808.000000
39.912323 116.465699 40809.000000
39.912309 116.465686 40810.000000
39.912306 116.465674 40811.000000
39.912319 116.465623 40813.000000
39.912276 116.465629 40814.000000
39.912276 116.465616 40815.000000
39.912270 116.465609 40816.000000
39.912261 116.465605 40817.000000
39.912238 116.465603 40818.000000
39.912238 116.465583 40819.000000
39.912201 116.465574 40820.000000
39.912163 116.465583 40821.000000
39.912143 116.465566 40823.000000
39.912128 116.465571 40824.000000
39.912151 116.465556 40825.000000
39.912165 116.465545 40826.000000
39.912165 116.465538 40827.000000
39.912165 116.465538 40828.000000
39.912170 116.465535 40829.000000
39.912173 116.465531 40830.000000
39.912174 116.465531 40831.000000
39.912191 116.465521 40833.000000
39.912201 116.465518 40834.000000
39.912211 116.465513 40835.000000
39.912210 116.465513 40836.000000
39.912210 116.465509 40837.000000
39.912219 116.465509 40838.000000
39.912218 116.465511 40839.000000
39.912218 116.465511 40840.000000
39.912226 116.465503 40841.000000
39.912246 116.465521 40843.000000
39.912251 116.465546 40844.000000
39.912256 116.465574 40845.000000
39.912246 116.465561 40846.000000
39.912221 116.465578 40847.000000
39.912226 116.465571 40848.000000
39.912198 116.465590 40849.000000
39.912184 116.465608 40850.000000
39.912153 116.465609 40851.000000
39.912061 116.465503 40853.000000
39.912033 116.465479 40854.000000
39.912009 116.465463 40855.000000
39.911986 116.465448 40856.000000
39.911964 116.465449 40857.000000
39.911951 116.465434 40858.000000
39.911941 116.465419 40859.000000
39.911940 116.465403 40860.000000
39.911941 116.465398 40861.000000
39.911940 116.465388 40863.000000
39.911956 116.465381 40864.000000
39.911958 116.465373 40865.000000
39.911951 116.465370 40866.000000
39.911948 116.465365 40867.000000
39.911938 116.465356 40868.000000
39.911941 116.465336 40869.000000
39.911934 116.465329 40870.000000
39.911923 116.465306 40871.000000
39.911903 116.465288 40873.000000
39.911898 116.465278 40874.000000
39.911896 116.465268 40875.000000
39.911900 116.465254 40876.000000
39.911901 116.465243 40877.000000
39.911901 116.465243 40878.000000
39.911903 116.465241 40879.000000
39.911904 116.465241 40880.000000
39.911904 116.465223 40881.000000
39.911913 116.465190 40883.000000
39.911971 116.464851 40929.000000
39.911988 116.464851 40930.000000
39.912058 116.464823 40931.000000
39.912054 116.464839 40933.000000
39.912056 116.464838 40934.000000
39.912071 116.464841 40935.000000
39.912078 116.464838 40936.000000
39.912151 116.464851 40937.000000
39.912159 116.464846 40938.000000
39.912165 116.464850 40939.000000
39.912171 116.464856 40940.000000
39.912176 116.464866 40941.000000
39.912139 116.464899 40943.000000
39.912131 116.464913 40944.000000
39.912116 116.464925 40945.000000
39.912129 116.464944 40946.000000
39.912133 116.464951 40947.000000
39.912131 116.464956 40948.000000
39.912139 116.464971 40949.000000
39.912165 116.464985 40950.000000
39.912166 116.464986 40951.000000
39.912200 116.465008 40953.000000
39.912196 116.465013 40954.000000
39.912215 116.465021 40955.000000
39.912215 116.465034 40956.000000
39.912213 116.465046 40957.000000
39.912204 116.465056 40958.000000
39.912193 116.465056 40959.000000
39.912183 116.465056 40960.000000
39.912183 116.465056 40961.000000
39.912180 116.465063 40963.000000
39.912180 116.465064 40964.000000
39.912178 116.465073 40965.000000
39.912180 116.465086 40966.000000
39.912186 116.465096 40967.000000
39.912189 116.465108 40968.000000
