39.958159 116.419059 84149.000000
39.958401 116.419090 84150.000000
39.958165 116.419312 84151.000000
39.958287 116.418981 84152.000000
39.958324 116.418860 84153.000000
39.958193 116.419157 84154.000000
39.958209 116.419137 84155.000000
39.958200 116.419163 84156.000000
39.958202 116.419163 84157.000000
39.958175 116.419216 84158.000000
39.958196 116.419198 84159.000000
39.958205 116.419188 84160.000000
39.958207 116.419201 84161.000000
39.958221 116.419198 84162.000000
39.958241 116.419192 84163.000000
39.958260 116.419184 84164.000000
39.958285 116.419170 84165.000000
39.958286 116.419186 84166.000000
39.958302 116.419179 84167.000000
39.958307 116.419189 84168.000000
39.958322 116.419190 84169.000000
39.958323 116.419202 84170.000000
39.958331 116.419199 84171.000000
39.958339 116.419196 84172.000000
39.958368 116.419171 84173.000000
39.958372 116.419179 84174.000000
39.958379 116.419166 84175.000000
39.958391 116.419163 84177.000000
39.958392 116.419176 84178.000000
39.958399 116.419170 84179.000000
39.958410 116.419164 84181.000000
39.958423 116.419160 84182.000000
39.958436 116.419170 84184.000000
39.958447 116.419168 84185.000000
39.958457 116.419166 84186.000000
39.958472 116.419158 84187.000000
39.958481 116.419164 84188.000000
39.958490 116.419166 84189.000000
39.958496 116.419176 84190.000000
39.958506 116.419175 84191.000000
39.958518 116.419175 84192.000000
39.958535 116.419178 84194.000000
39.958543 116.419187 84195.000000
39.958552 116.419183 84196.000000
39.958569 116.419170 84197.000000
39.958579 116.419170 84198.000000
39.958617 116.419145 84199.000000
39.958624 116.419159 84200.000000
39.958642 116.419155 84201.000000
39.958658 116.419146 84202.000000
39.958681 116.419142 84204.000000
39.958704 116.419124 84205.000000
39.958721 116.419123 84207.000000
39.958735 116.419120 84208.000000
39.958759 116.419101 84209.000000
39.958771 116.419113 84210.000000
39.958788 116.419104 84211.000000
39.958796 116.419112 84212.000000
39.958812 116.419107 84213.000000
39.958828 116.419103 84214.000000
39.958839 116.419104 84215.000000
39.958853 116.419100 84216.000000
39.958865 116.419113 84217.000000
39.958893 116.419097 84218.000000
39.958911 116.419088 84219.000000
39.958925 116.419081 84220.000000
39.958939 116.419075 84221.000000
39.958950 116.419071 84222.000000
39.958951 116.419082 84223.000000
39.958963 116.419080 84224.000000
39.958980 116.419078 84226.000000
39.958992 116.419073 84227.000000
39.959017 116.419060 84228.000000
39.959034 116.419058 84229.000000
39.959056 116.419044 84230.000000
39.959068 116.419048 84231.000000
39.959072 116.419071 84232.000000
39.959085 116.419070 84234.000000
39.959092 116.419064 84235.000000
39.959101 116.419059 84236.000000
39.959110 116.419063 84237.000000
39.959118 116.419056 84238.000000
39.959128 116.419054 84240.000000
39.959134 116.419051 84242.000000
39.959131 116.419043 84244.000000
39.959131 116.419028 84246.000000
39.959136 116.419021 84247.000000
39.959147 116.419020 84248.000000
39.959141 116.419009 84251.000000
39.959128 116.418987 84252.000000
39.959135 116.418974 84253.000000
39.959140 116.418965 84254.000000
39.959143 116.418956 84256.000000
39.959159 116.418949 84259.000000
39.959169 116.418943 84260.000000
39.959189 116.418935 84261.000000
39.959225 116.418930 84262.000000
39.959262 116.418933 84263.000000
39.959300 116.418928 84264.000000
39.959340 116.418924 84265.000000
39.959393 116.418911 84266.000000
39.959449 116.418905 84267.000000
39.959526 116.418894 84268.000000
39.959599 116.418896 84269.000000
39.959676 116.418895 84270.000000
39.959760 116.418888 84271.000000
39.959839 116.418889 84272.000000
39.959924 116.418888 84273.000000
39.960020 116.418873 84274.000000
39.960112 116.418870 84275.000000
39.960196 116.418870 84276.000000
39.960278 116.418871 84277.000000
39.960362 116.418867 84278.000000
39.960441 116.418858 84279.000000
39.960511 116.418850 84280.000000
39.960575 116.418843 84281.000000
39.960639 116.418840 84282.000000
39.960705 116.418831 84283.000000
39.960772 116.418821 84284.000000
39.960839 116.418810 84285.000000
39.960905 116.418799 84286.000000
39.960971 116.418785 84287.000000
39.961050 116.418786 84288.000000
39.961134 116.418785 84289.000000
39.961221 116.418801 84290.000000
39.961309 116.418815 84291.000000
39.961391 116.418813 84292.000000
39.961467 116.418809 84293.000000
39.961540 116.418811 84294.000000
39.961620 116.418826 84295.000000
39.961698 116.418835 84296.000000
39.961765 116.418842 84297.000000
39.961829 116.418844 84298.000000
39.961894 116.418844 84299.000000
39.961966 116.418837 84300.000000
39.962058 116.418837 84301.000000
39.962137 116.418831 84302.000000
39.962216 116.418825 84303.000000
39.962301 116.418807 84304.000000
39.962386 116.418792 84305.000000
39.962470 116.418778 84306.000000
39.962556 116.418769 84307.000000
39.962652 116.418752 84308.000000
39.962740 116.418743 84309.000000
39.962827 116.418730 84310.000000
39.962912 116.418726 84311.000000
39.962985 116.418722 84312.000000
39.963053 116.418711 84313.000000
39.963106 116.418696 84314.000000
39.963142 116.418673 84315.000000
39.963181 116.418659 84316.000000
39.963207 116.418655 84317.000000
39.963220 116.418641 84318.000000
39.963229 116.418635 84320.000000
39.963236 116.418625 84321.000000
39.963238 116.418618 84322.000000
39.963242 116.418607 84323.000000
39.963247 116.418595 84324.000000
39.963251 116.418582 84325.000000
39.963260 116.418571 84326.000000
39.963279 116.418566 84327.000000
39.963286 116.418558 84328.000000
39.963294 116.418552 84329.000000
39.963299 116.418540 84331.000000
39.963308 116.418540 84333.000000
39.963321 116.418534 84335.000000
39.963333 116.418536 84337.000000
39.963342 116.418537 84338.000000
39.963360 116.418531 84339.000000
39.963384 116.418527 84340.000000
39.963416 116.418513 84341.000000
39.963450 116.418499 84342.000000
39.963494 116.418485 84343.000000
39.963539 116.418474 84344.000000
39.963594 116.418460 84345.000000
39.963653 116.418446 84346.000000
39.963715 116.418434 84347.000000
39.963780 116.418426 84348.000000
39.963855 116.418416 84349.000000
39.963943 116.418402 84350.000000
39.964032 116.418391 84351.000000
39.964124 116.418385 84352.000000
39.964223 116.418385 84353.000000
39.964340 116.418391 84354.000000
39.964444 116.418388 84355.000000
39.964555 116.418384 84356.000000
39.964669 116.418381 84357.000000
39.964783 116.418376 84358.000000
39.964897 116.418369 84359.000000
39.965011 116.418365 84360.000000
39.965127 116.418364 84361.000000
39.965250 116.418365 84362.000000
39.965358 116.418369 84363.000000
39.965464 116.418365 84364.000000
39.965586 116.418366 84365.000000
39.965695 116.418361 84366.000000
39.965790 116.418361 84367.000000
39.965869 116.418352 84368.000000
39.965962 116.418348 84369.000000
39.966045 116.418348 84370.000000
39.966124 116.418351 84371.000000
39.966194 116.418359 84372.000000
39.966265 116.418361 84373.000000
39.966333 116.418360 84374.000000
39.966400 116.418360 84375.000000
39.966469 116.418356 84376.000000
39.966535 116.418351 84377.000000
39.966593 116.418350 84378.000000
39.966650 116.418356 84379.000000
39.966712 116.418359 84380.000000
39.966771 116.418362 84381.000000
39.966822 116.418361 84382.000000
39.966868 116.418369 84383.000000
39.966906 116.418371 84384.000000
39.966940 116.418372 84385.000000
39.966965 116.418379 84386.000000
39.966960 116.418381 84387.000000
39.966972 116.418378 84388.000000
39.966982 116.418377 84389.000000
39.966996 116.418383 84391.000000
39.967007 116.418388 84393.000000
39.967018 116.418397 84394.000000
39.967031 116.418398 84395.000000
39.967047 116.418400 84396.000000
39.967067 116.418402 84397.000000
39.967093 116.418403 84398.000000
39.967120 116.418414 84399.000000
39.967157 116.418415 84400.000000
39.967202 116.418417 84401.000000
39.967246 116.418420 84402.000000
39.967282 116.418420 84403.000000
39.967322 116.418418 84404.000000
39.967361 116.418413 84405.000000
39.967400 116.418407 84406.000000
39.967433 116.418399 84407.000000
39.967463 116.418392 84408.000000
39.967501 116.418391 84409.000000
39.967523 116.418389 84410.000000
39.967537 116.418384 84411.000000
39.967559 116.418379 84412.000000
39.967583 116.418375 84413.000000
39.967602 116.418374 84414.000000
39.967634 116.418358 84415.000000
39.967653 116.418352 84416.000000
39.967668 116.418351 84417.000000
39.967679 116.418349 84418.000000
39.967690 116.418347 84419.000000
39.967687 116.418343 84421.000000
39.967694 116.418344 84426.000000
39.967698 116.418345 84431.000000
39.967698 116.418345 84434.000000
39.967697 116.418353 84436.000000
39.967710 116.418366 84438.000000
39.967731 116.418373 84439.000000
39.967749 116.418382 84441.000000
39.967760 116.418384 84442.000000
39.967773 116.418382 84443.000000
39.967785 116.418378 84444.000000
39.967797 116.418360 84445.000000
39.967809 116.418364 84446.000000
39.967826 116.418350 84447.000000
39.967852 116.418320 84448.000000
39.967873 116.418299 84449.000000
39.967885 116.418284 84450.000000
39.967905 116.418274 84451.000000
39.967920 116.418240 84452.000000
39.967959 116.418206 84453.000000
39.967979 116.418177 84454.000000
39.968000 116.418143 84455.000000
39.968017 116.418097 84456.000000
39.968047 116.418030 84457.000000
39.968063 116.417979 84458.000000
39.968078 116.417929 84459.000000
39.968107 116.417858 84460.000000
39.968133 116.417775 84461.000000
39.968147 116.417703 84462.000000
39.968155 116.417627 84463.000000
39.968163 116.417540 84464.000000
39.968183 116.417445 84465.000000
39.968192 116.417364 84466.000000
39.968198 116.417274 84467.000000
39.968183 116.417180 84468.000000
39.968144 116.417072 84469.000000
39.968132 116.416978 84470.000000
39.968114 116.416886 84471.000000
39.968102 116.416798 84472.000000
39.968104 116.416719 84473.000000
39.968102 116.416646 84474.000000
39.968098 116.416581 84475.000000
39.968091 116.416520 84476.000000
39.968112 116.416445 84477.000000
39.968113 116.416393 84478.000000
39.968116 116.416352 84479.000000
39.968123 116.416306 84480.000000
39.968129 116.416269 84481.000000
39.968119 116.416228 84482.000000
39.968117 116.416202 84483.000000
39.968117 116.416190 84484.000000
39.968126 116.416186 84487.000000
39.968128 116.416201 84488.000000
39.968134 116.416202 84489.000000
39.968140 116.416201 84490.000000
39.968144 116.416198 84491.000000
39.968153 116.416185 84493.000000
39.968161 116.416169 84494.000000
39.968161 116.416158 84495.000000
39.968165 116.416145 84496.000000
39.968168 116.416126 84498.000000
39.968171 116.416107 84500.000000
39.968168 116.416087 84502.000000
39.968153 116.416057 84504.000000
39.968120 116.416022 84505.000000
39.968102 116.415992 84506.000000
39.968082 116.415959 84507.000000
39.968078 116.415926 84508.000000
39.968074 116.415895 84509.000000
39.968069 116.415867 84510.000000
39.968068 116.415838 84511.000000
39.968061 116.415815 84512.000000
39.968054 116.415788 84513.000000
39.968055 116.415758 84514.000000
39.968051 116.415734 84515.000000
39.968047 116.415704 84516.000000
39.968045 116.415673 84517.000000
39.968043 116.415645 84518.000000
39.968047 116.415607 84519.000000
39.968053 116.415565 84520.000000
39.968059 116.415522 84521.000000
39.968064 116.415478 84522.000000
39.968066 116.415442 84523.000000
39.968070 116.415404 84524.000000
39.968073 116.415359 84525.000000
39.968071 116.415319 84526.000000
39.968066 116.415274 84527.000000
39.968062 116.415213 84528.000000
39.968056 116.415151 84529.000000
39.968045 116.415084 84530.000000
39.968035 116.415005 84531.000000
39.968024 116.414920 84532.000000
39.968017 116.414826 84533.000000
39.968014 116.414722 84534.000000
39.968011 116.414615 84535.000000
39.968008 116.414510 84536.000000
39.968003 116.414404 84537.000000
39.967999 116.414295 84538.000000
39.967995 116.414186 84539.000000
39.967987 116.414066 84540.000000
39.967985 116.413946 84541.000000
39.967982 116.413827 84542.000000
39.967980 116.413710 84543.000000
39.967979 116.413594 84544.000000
39.967976 116.413482 84545.000000
39.967969 116.413376 84546.000000
39.967962 116.413273 84547.000000
39.967955 116.413175 84548.000000
39.967961 116.413082 84549.000000
39.967960 116.412989 84550.000000
39.967956 116.412904 84551.000000
39.967960 116.412824 84552.000000
39.967962 116.412756 84553.000000
39.967968 116.412702 84554.000000
39.967981 116.412665 84555.000000
39.967998 116.412640 84556.000000
39.968226 116.412486 84656.000000
39.968228 116.412437 84657.000000
39.968210 116.412392 84658.000000
39.968187 116.412343 84659.000000
39.968201 116.412250 84660.000000
39.968178 116.412183 84661.000000
39.968161 116.412114 84662.000000
39.968147 116.412033 84663.000000
39.968133 116.411954 84664.000000
39.968120 116.411865 84665.000000
39.968107 116.411784 84666.000000
39.968095 116.411699 84667.000000
39.968082 116.411615 84668.000000
39.968074 116.411538 84669.000000
39.968071 116.411462 84670.000000
39.968068 116.411400 84671.000000
39.968062 116.411334 84672.000000
39.968056 116.411259 84673.000000
39.968052 116.411185 84674.000000
39.968053 116.411108 84675.000000
39.968050 116.411029 84676.000000
39.968049 116.410955 84677.000000
39.968040 116.410886 84678.000000
39.968029 116.410818 84679.000000
39.968021 116.410752 84680.000000
39.968017 116.410680 84681.000000
39.968003 116.410618 84682.000000
39.967994 116.410566 84683.000000
39.967988 116.410526 84684.000000
39.968001 116.410497 84685.000000
39.967999 116.410468 84686.000000
39.968000 116.410438 84687.000000
39.968003 116.410413 84688.000000
39.967968 116.410377 84689.000000
39.967864 116.410328 84690.000000
39.967860 116.410282 84691.000000
39.967851 116.410244 84692.000000
39.967838 116.410208 84693.000000
39.967832 116.410169 84694.000000
39.967817 116.410133 84695.000000
39.967815 116.410096 84696.000000
39.967844 116.410065 84697.000000
39.967851 116.410035 84698.000000
39.967855 116.410013 84699.000000
39.967879 116.409989 84700.000000
39.967882 116.409964 84701.000000
39.967878 116.409949 84702.000000
39.967875 116.409934 84703.000000
39.967865 116.409919 84704.000000
39.967850 116.409902 84705.000000
39.967843 116.409889 84706.000000
39.967827 116.409885 84709.000000
39.967827 116.409885 84710.000000
39.967820 116.409893 84712.000000
39.967810 116.409894 84715.000000
39.967798 116.409900 84719.000000
39.967789 116.409905 84723.000000
39.967778 116.409900 84726.000000
39.967787 116.409880 84727.000000
39.967790 116.409854 84728.000000
39.967812 116.409859 84729.000000
39.967827 116.409857 84730.000000
39.967842 116.409851 84731.000000
39.967850 116.409845 84735.000000
39.967850 116.409845 84738.000000
39.967842 116.409840 84740.000000
39.967861 116.409824 84741.000000
39.967869 116.409816 84743.000000
39.967857 116.409811 84744.000000
39.967848 116.409788 84748.000000
39.967839 116.409766 84749.000000
39.967839 116.409731 84750.000000
39.967830 116.409696 84751.000000
39.967827 116.409640 84752.000000
39.967840 116.409569 84753.000000
39.967838 116.409490 84754.000000
39.967818 116.409405 84755.000000
39.967807 116.409324 84756.000000
39.967811 116.409220 84757.000000
39.967806 116.409121 84758.000000
39.967798 116.409021 84759.000000
39.967790 116.408918 84760.000000
39.967777 116.408813 84761.000000
39.967766 116.408710 84762.000000
39.967759 116.408597 84763.000000
39.967752 116.408477 84764.000000
39.967749 116.408342 84765.000000
39.967751 116.408199 84766.000000
39.967751 116.408062 84767.000000
39.967751 116.407915 84768.000000
39.967750 116.407784 84769.000000
39.967760 116.407662 84770.000000
39.967740 116.407533 84771.000000
39.967716 116.407410 84772.000000
39.967715 116.407282 84773.000000
39.967704 116.407178 84774.000000
39.967701 116.407083 84775.000000
39.967700 116.406991 84776.000000
39.967694 116.406912 84777.000000
39.967675 116.406828 84778.000000
39.967660 116.406774 84779.000000
39.967650 116.406694 84780.000000
39.967635 116.406615 84781.000000
39.967637 116.406532 84782.000000
39.967638 116.406455 84783.000000
39.967646 116.406369 84784.000000
39.967657 116.406278 84785.000000
39.967663 116.406197 84786.000000
39.967671 116.406115 84787.000000
39.967663 116.406026 84788.000000
39.967678 116.405932 84789.000000
39.967685 116.405852 84790.000000
39.967695 116.405774 84791.000000
39.967707 116.405694 84792.000000
39.967719 116.405618 84793.000000
39.967726 116.405556 84794.000000
39.967725 116.405504 84795.000000
39.967723 116.405455 84796.000000
39.967723 116.405417 84797.000000
39.967725 116.405381 84798.000000
39.967734 116.405337 84799.000000
39.967749 116.405278 84800.000000
39.967758 116.405207 84801.000000
39.967756 116.405117 84802.000000
39.967760 116.405036 84803.000000
39.967761 116.404951 84804.000000
39.967776 116.404902 84805.000000
39.967830 116.404800 84806.000000
39.967831 116.404683 84807.000000
39.967835 116.404556 84808.000000
39.967855 116.404437 84809.000000
39.967857 116.404315 84810.000000
39.967848 116.404186 84811.000000
39.967841 116.404056 84812.000000
39.967838 116.403927 84813.000000
39.967831 116.403801 84814.000000
39.967825 116.403672 84815.000000
39.967823 116.403532 84816.000000
39.967700 116.403386 84817.000000
39.967626 116.403234 84818.000000
39.967590 116.403092 84819.000000
39.967567 116.402939 84820.000000
39.967567 116.402794 84821.000000
39.967548 116.402652 84822.000000
39.967546 116.402512 84823.000000
39.967553 116.402359 84824.000000
39.967558 116.402204 84825.000000
39.967553 116.402071 84826.000000
39.967546 116.401929 84827.000000
39.967541 116.401789 84828.000000
39.967537 116.401655 84829.000000
39.967525 116.401531 84830.000000
39.967519 116.401384 84831.000000
39.967511 116.401242 84832.000000
39.967505 116.401097 84833.000000
39.967504 116.400940 84834.000000
39.967500 116.400791 84835.000000
39.967493 116.400638 84836.000000
39.967491 116.400481 84837.000000
39.967491 116.400319 84838.000000
39.967489 116.400165 84839.000000
39.967485 116.400010 84840.000000
39.967486 116.399855 84841.000000
39.967488 116.399698 84842.000000
39.967495 116.399536 84843.000000
39.967495 116.399379 84844.000000
39.967489 116.399233 84845.000000
39.967480 116.399082 84846.000000
39.967479 116.398927 84847.000000
39.967471 116.398774 84848.000000
39.967466 116.398621 84849.000000
39.967461 116.398465 84850.000000
39.967464 116.398312 84851.000000
39.967458 116.398158 84852.000000
39.967453 116.398017 84853.000000
39.967455 116.397870 84854.000000
39.967465 116.397735 84855.000000
39.967479 116.397594 84856.000000
39.967500 116.397452 84857.000000
39.967510 116.397311 84858.000000
39.967522 116.397167 84859.000000
39.967525 116.397048 84860.000000
39.967530 116.396924 84861.000000
39.967528 116.396807 84862.000000
39.967531 116.396686 84863.000000
39.967534 116.396560 84864.000000
39.967532 116.396442 84865.000000
39.967527 116.396329 84866.000000
39.967532 116.396217 84867.000000
39.967536 116.396106 84868.000000
39.967545 116.395995 84869.000000
39.967541 116.395890 84870.000000
39.967541 116.395791 84871.000000
39.967534 116.395696 84872.000000
39.967530 116.395607 84873.000000
39.967526 116.395523 84874.000000
39.967521 116.395441 84875.000000
39.967514 116.395354 84876.000000
39.967505 116.395271 84877.000000
39.967490 116.395197 84878.000000
39.967480 116.395123 84879.000000
39.967478 116.395057 84880.000000
39.967481 116.394988 84881.000000
39.967482 116.394929 84882.000000
39.967476 116.394899 84883.000000
39.967476 116.394879 84884.000000
39.967477 116.394848 84885.000000
39.967477 116.394835 84887.000000
39.967487 116.394812 84888.000000
39.967475 116.394792 84891.000000
39.967466 116.394771 84892.000000
39.967458 116.394761 84893.000000
39.967464 116.394735 84894.000000
39.967463 116.394742 84895.000000
39.967455 116.394759 84896.000000
39.967443 116.394777 84897.000000
39.967421 116.394831 84898.000000
39.967419 116.394818 84899.000000
39.967416 116.394801 84900.000000
39.967409 116.394791 84901.000000
39.967399 116.394796 84902.000000
39.967391 116.394805 84903.000000
39.967383 116.394813 84904.000000
39.967394 116.394797 84905.000000
39.967389 116.394784 84906.000000
39.967392 116.394768 84907.000000
39.967398 116.394746 84908.000000
39.967403 116.394721 84909.000000
39.967407 116.394687 84910.000000
39.967419 116.394652 84911.000000
39.967425 116.394619 84912.000000
39.967439 116.394587 84913.000000
39.967462 116.394553 84914.000000
39.967475 116.394534 84915.000000
39.967470 116.394520 84918.000000
39.967470 116.394520 84921.000000
39.967470 116.394516 84923.000000
39.967479 116.394509 84927.000000
39.967487 116.394502 84929.000000
39.967490 116.394493 84934.000000
39.967477 116.394496 84939.000000
39.967478 116.394477 84940.000000
39.967484 116.394458 84941.000000
39.967465 116.394427 84942.000000
39.967451 116.394402 84943.000000
39.967460 116.394317 84944.000000
39.967458 116.394253 84945.000000
39.967447 116.394186 84946.000000
39.967440 116.394118 84947.000000
39.967432 116.394062 84948.000000
39.967427 116.394008 84949.000000
39.967424 116.393963 84950.000000
39.967412 116.393925 84951.000000
39.967403 116.393882 84952.000000
39.967389 116.393865 84953.000000
39.967379 116.393848 84954.000000
39.967383 116.393837 84955.000000
39.967382 116.393822 84956.000000
39.967388 116.393810 84958.000000
39.967394 116.393800 84960.000000
39.967394 116.393785 84962.000000
39.967339 116.393774 84963.000000
39.967314 116.393751 84964.000000
39.967287 116.393732 84965.000000
39.967248 116.393711 84966.000000
39.967222 116.393680 84967.000000
39.967195 116.393633 84968.000000
39.967178 116.393592 84969.000000
39.967165 116.393552 84970.000000
39.967153 116.393511 84971.000000
39.967149 116.393479 84972.000000
39.967149 116.393440 84973.000000
39.967134 116.393414 84974.000000
39.967106 116.393393 84975.000000
39.967097 116.393365 84976.000000
39.967079 116.393336 84977.000000
39.967060 116.393300 84978.000000
39.967048 116.393259 84979.000000
39.967035 116.393224 84980.000000
39.967019 116.393179 84981.000000
39.967007 116.393143 84982.000000
39.966990 116.393089 84983.000000
39.966968 116.393009 84984.000000
39.966952 116.392960 84985.000000
39.966932 116.392903 84986.000000
39.966894 116.392815 84987.000000
39.966887 116.392745 84988.000000
39.966876 116.392679 84989.000000
39.966875 116.392590 84990.000000
39.966876 116.392515 84991.000000
39.966892 116.392416 84992.000000
39.966898 116.392326 84993.000000
39.966894 116.392258 84994.000000
39.966878 116.392188 84995.000000
39.966859 116.392131 84996.000000
39.966860 116.392070 84997.000000
39.966864 116.392025 84998.000000
39.966868 116.391972 84999.000000
39.966872 116.391912 85000.000000
39.966867 116.391853 85001.000000
39.966887 116.391772 85002.000000
39.966906 116.391696 85003.000000
39.966943 116.391614 85004.000000
39.966982 116.391544 85005.000000
39.966992 116.391496 85006.000000
39.967002 116.391447 85007.000000
39.967024 116.391379 85008.000000
39.967037 116.391330 85009.000000
39.967045 116.391286 85010.000000
39.967058 116.391233 85011.000000
39.967070 116.391174 85012.000000
39.967074 116.391141 85013.000000
39.967072 116.391106 85014.000000
39.967079 116.391068 85015.000000
39.967085 116.391033 85016.000000
39.967093 116.390998 85017.000000
39.967082 116.390955 85018.000000
39.967062 116.390901 85019.000000
39.967076 116.390845 85020.000000
39.967079 116.390793 85021.000000
39.967066 116.390750 85022.000000
39.967067 116.390696 85023.000000
39.967091 116.390615 85024.000000
39.967088 116.390562 85025.000000
39.967086 116.390522 85026.000000
39.967086 116.390492 85027.000000
39.967089 116.390464 85028.000000
39.967092 116.390434 85029.000000
39.967093 116.390393 85030.000000
39.967092 116.390353 85031.000000
39.967097 116.390298 85032.000000
39.967091 116.390250 85033.000000
39.967076 116.390207 85034.000000
39.967090 116.390123 85035.000000
39.967081 116.390058 85036.000000
39.967068 116.389983 85037.000000
39.967121 116.389847 85038.000000
39.967120 116.389761 85039.000000
39.967138 116.389684 85040.000000
39.967139 116.389589 85041.000000
39.967136 116.389491 85042.000000
39.967130 116.389392 85043.000000
39.967119 116.389293 85044.000000
39.967116 116.389198 85045.000000
39.967105 116.389095 85046.000000
39.967099 116.388993 85047.000000
39.967096 116.388889 85048.000000
39.967087 116.388787 85049.000000
39.967085 116.388700 85050.000000
39.967084 116.388607 85051.000000
39.967082 116.388513 85052.000000
39.967082 116.388422 85053.000000
39.967087 116.388333 85054.000000
39.967092 116.388248 85055.000000
39.967098 116.388171 85056.000000
39.967082 116.388103 85057.000000
39.967071 116.388031 85058.000000
39.967088 116.387970 85059.000000
39.967094 116.387915 85060.000000
39.967093 116.387860 85061.000000
39.967103 116.387801 85062.000000
39.967115 116.387737 85063.000000
39.967120 116.387676 85064.000000
39.967118 116.387628 85065.000000
39.967104 116.387551 85066.000000
39.967095 116.387497 85067.000000
39.967093 116.387407 85068.000000
39.967090 116.387318 85069.000000
39.967096 116.387229 85070.000000
39.967093 116.387143 85071.000000
39.967095 116.387048 85072.000000
39.967087 116.386952 85073.000000
39.967086 116.386848 85074.000000
39.967079 116.386743 85075.000000
39.967072 116.386630 85076.000000
39.967067 116.386523 85077.000000
39.967057 116.386430 85078.000000
39.967049 116.386350 85079.000000
39.967041 116.386262 85080.000000
39.967035 116.386174 85081.000000
39.967030 116.386057 85082.000000
39.967026 116.385943 85083.000000
39.967017 116.385830 85084.000000
39.967016 116.385716 85085.000000
39.967021 116.385576 85086.000000
39.967019 116.385448 85087.000000
39.967022 116.385310 85088.000000
39.967021 116.385180 85089.000000
39.967021 116.385070 85090.000000
39.967035 116.384934 85091.000000
39.967052 116.384802 85092.000000
39.967060 116.384684 85093.000000
39.967072 116.384569 85094.000000
39.967081 116.384460 85095.000000
39.967088 116.384360 85096.000000
39.967087 116.384270 85097.000000
39.967087 116.384205 85098.000000
39.967088 116.384152 85099.000000
39.967097 116.384101 85100.000000
39.967099 116.384049 85101.000000
39.967104 116.384014 85102.000000
39.967104 116.383986 85103.000000
39.967106 116.383962 85104.000000
39.967095 116.383943 85105.000000
39.967119 116.383908 85106.000000
39.967125 116.383880 85107.000000
39.967128 116.383871 85108.000000
39.967131 116.383861 85109.000000
39.967146 116.383846 85110.000000
39.967145 116.383840 85112.000000
39.967145 116.383828 85116.000000
39.967145 116.383828 85119.000000
39.967144 116.383827 85121.000000
39.967130 116.383797 85125.000000
39.967122 116.383766 85126.000000
39.967093 116.383743 85127.000000
39.967066 116.383706 85128.000000
39.967055 116.383657 85129.000000
39.967030 116.383612 85130.000000
39.967010 116.383561 85131.000000
39.967008 116.383476 85132.000000
39.967003 116.383402 85133.000000
39.967003 116.383319 85134.000000
39.967000 116.383220 85135.000000
39.967003 116.383121 85136.000000
39.967006 116.383019 85137.000000
39.967003 116.382910 85138.000000
39.967006 116.382788 85139.000000
39.967016 116.382661 85140.000000
39.967003 116.382547 85141.000000
39.967005 116.382419 85142.000000
39.967003 116.382284 85143.000000
39.966996 116.382162 85144.000000
39.966996 116.382024 85145.000000
39.966994 116.381881 85146.000000
39.966995 116.381737 85147.000000
39.966994 116.381599 85148.000000
39.966988 116.381458 85149.000000
39.966983 116.381319 85150.000000
39.966987 116.381179 85151.000000
39.966970 116.381032 85152.000000
39.966978 116.380878 85153.000000
39.966978 116.380741 85154.000000
39.966971 116.380619 85155.000000
39.966968 116.380503 85156.000000
39.966964 116.380392 85157.000000
39.966963 116.380285 85158.000000
39.966968 116.380183 85159.000000
39.966968 116.380085 85160.000000
39.966967 116.379986 85161.000000
39.966967 116.379888 85162.000000
39.966969 116.379796 85163.000000
39.966969 116.379693 85164.000000
39.966971 116.379587 85165.000000
39.966958 116.379484 85166.000000
39.966950 116.379377 85167.000000
39.966935 116.379283 85168.000000
39.966938 116.379168 85169.000000
39.966941 116.379064 85170.000000
39.966932 116.378973 85171.000000
39.966913 116.378888 85172.000000
39.966889 116.378797 85173.000000
39.966888 116.378707 85174.000000
39.966890 116.378617 85175.000000
39.966895 116.378524 85176.000000
39.966901 116.378439 85177.000000
39.966905 116.378350 85178.000000
39.966906 116.378269 85179.000000
39.966912 116.378186 85180.000000
39.966916 116.378109 85181.000000
39.966917 116.378042 85182.000000
39.966918 116.377977 85183.000000
39.966911 116.377922 85184.000000
39.966908 116.377876 85185.000000
39.966907 116.377831 85186.000000
39.966902 116.377779 85187.000000
39.966898 116.377734 85188.000000
39.966895 116.377700 85189.000000
39.966898 116.377662 85190.000000
39.966902 116.377625 85191.000000
39.966903 116.377598 85192.000000
39.966900 116.377584 85193.000000
39.966902 116.377572 85194.000000
39.966904 116.377559 85195.000000
39.966910 116.377538 85197.000000
39.966910 116.377526 85199.000000
39.966910 116.377512 85203.000000
39.966909 116.377496 85206.000000
39.966909 116.377474 85207.000000
39.966893 116.377447 85208.000000
39.966889 116.377412 85209.000000
39.966890 116.377380 85210.000000
39.966895 116.377334 85211.000000
39.966900 116.377287 85212.000000
39.966895 116.377243 85213.000000
39.966891 116.377193 85214.000000
39.966885 116.377151 85215.000000
39.966874 116.377126 85216.000000
39.966877 116.377102 85217.000000
39.966871 116.377090 85219.000000
39.966876 116.377070 85220.000000
39.966876 116.377056 85221.000000
39.966872 116.377040 85222.000000
39.966879 116.377008 85223.000000
39.966880 116.376981 85224.000000
39.966874 116.376958 85225.000000
39.966886 116.376938 85226.000000
39.966893 116.376932 85227.000000
39.966890 116.376923 85232.000000
39.966889 116.376932 85237.000000
39.966889 116.376934 85242.000000
39.966889 116.376934 85245.000000
39.966890 116.376934 85247.000000
39.966859 116.376886 85252.000000
39.966866 116.376856 85253.000000
39.966883 116.376825 85254.000000
39.966878 116.376790 85255.000000
39.966880 116.376754 85256.000000
39.966862 116.376710 85257.000000
39.966850 116.376661 85258.000000
39.966843 116.376602 85259.000000
39.966823 116.376535 85260.000000
39.966825 116.376462 85261.000000
39.966823 116.376345 85262.000000
39.966829 116.376261 85263.000000
39.966843 116.376166 85264.000000
39.966876 116.376044 85265.000000
39.966891 116.375950 85266.000000
39.966899 116.375859 85267.000000
39.966904 116.375776 85268.000000
39.966904 116.375700 85269.000000
39.966918 116.375617 85270.000000
39.966914 116.375536 85271.000000
39.966904 116.375449 85272.000000
39.966902 116.375358 85273.000000
39.966897 116.375276 85274.000000
39.966895 116.375190 85275.000000
39.966892 116.375106 85276.000000
39.966890 116.375034 85277.000000
39.966892 116.374960 85278.000000
39.966899 116.374886 85279.000000
39.966905 116.374809 85280.000000
39.966911 116.374729 85281.000000
39.966909 116.374650 85282.000000
39.966911 116.374574 85283.000000
39.966911 116.374508 85284.000000
39.966908 116.374434 85285.000000
39.966907 116.374364 85286.000000
39.966905 116.374293 85287.000000
39.966903 116.374221 85288.000000
39.966903 116.374150 85289.000000
39.966905 116.374082 85290.000000
39.966909 116.374018 85291.000000
39.966933 116.373844 85292.000000
39.966937 116.373716 85293.000000
39.966955 116.373610 85294.000000
39.966957 116.373502 85295.000000
39.966947 116.373381 85296.000000
39.966933 116.373268 85297.000000
39.966924 116.373134 85298.000000
39.966907 116.373036 85299.000000
39.966912 116.372940 85300.000000
39.966911 116.372800 85301.000000
39.966900 116.372690 85302.000000
39.966924 116.372592 85303.000000
39.966930 116.372521 85304.000000
39.966937 116.372444 85305.000000
39.966924 116.372375 85306.000000
39.966933 116.372292 85307.000000
39.966944 116.372214 85308.000000
39.966970 116.372126 85309.000000
39.966958 116.372046 85310.000000
39.966954 116.371989 85311.000000
39.966953 116.371919 85312.000000
39.966947 116.371858 85313.000000
39.966937 116.371820 85314.000000
39.966945 116.371778 85315.000000
39.966949 116.371742 85316.000000
39.966950 116.371717 85317.000000
39.966961 116.371697 85318.000000
39.966968 116.371678 85319.000000
39.966968 116.371661 85320.000000
39.966967 116.371651 85321.000000
39.966969 116.371634 85322.000000
39.966983 116.371619 85323.000000
39.966997 116.371610 85324.000000
39.966998 116.371592 85326.000000
39.966995 116.371575 85328.000000
39.966995 116.371565 85331.000000
39.966995 116.371551 85336.000000
39.966994 116.371534 85340.000000
39.967004 116.371498 85342.000000
39.966989 116.371492 85343.000000
39.966990 116.371471 85344.000000
39.966982 116.371454 85345.000000
39.966999 116.371438 85346.000000
39.966990 116.371425 85347.000000
39.966979 116.371419 85348.000000
39.966983 116.371396 85349.000000
39.967017 116.371342 85350.000000
39.967056 116.371277 85351.000000
39.967056 116.371257 85352.000000
39.967026 116.371261 85353.000000
39.967019 116.371253 85354.000000
39.967018 116.371229 85355.000000
39.967018 116.371196 85356.000000
39.967015 116.371155 85357.000000
39.967007 116.371114 85358.000000
39.966971 116.371045 85359.000000
39.966964 116.370987 85360.000000
39.966956 116.370937 85361.000000
39.966946 116.370888 85362.000000
39.966941 116.370836 85363.000000
39.966945 116.370784 85364.000000
39.966943 116.370753 85365.000000
39.966931 116.370731 85366.000000
39.966922 116.370712 85367.000000
39.966906 116.370692 85368.000000
39.966893 116.370677 85369.000000
39.966875 116.370663 85370.000000
39.966881 116.370643 85371.000000
39.966871 116.370630 85373.000000
39.966878 116.370618 85374.000000
39.966885 116.370603 85375.000000
39.966885 116.370600 85380.000000
39.966885 116.370598 85385.000000
39.966885 116.370598 85388.000000
39.966883 116.370601 85390.000000
39.966866 116.370598 85395.000000
39.966855 116.370586 85396.000000
39.966867 116.370574 85397.000000
39.966853 116.370582 85398.000000
39.966841 116.370597 85399.000000
39.966827 116.370606 85400.000000
39.966813 116.370603 85401.000000
39.966796 116.370606 85402.000000
39.966772 116.370615 85403.000000
39.966760 116.370613 85404.000000
39.966742 116.370605 85405.000000
39.966754 116.370539 85406.000000
39.966738 116.370497 85407.000000
39.966725 116.370466 85408.000000
39.966723 116.370364 85409.000000
39.966724 116.370276 85410.000000
39.966724 116.370199 85411.000000
39.966700 116.370155 85412.000000
39.966698 116.370113 85413.000000
39.966688 116.370082 85414.000000
39.966659 116.370056 85415.000000
39.966629 116.370038 85416.000000
39.966613 116.370013 85417.000000
39.966601 116.369979 85418.000000
39.966598 116.369924 85419.000000
39.966582 116.369869 85420.000000
39.966567 116.369769 85421.000000
39.966550 116.369690 85422.000000
39.966536 116.369603 85423.000000
39.966526 116.369507 85424.000000
39.966540 116.369388 85425.000000
39.966539 116.369281 85426.000000
39.966540 116.369175 85427.000000
39.966513 116.369096 85428.000000
39.966476 116.369032 85429.000000
39.966442 116.368978 85430.000000
39.966419 116.368910 85431.000000
39.966397 116.368833 85432.000000
39.966390 116.368740 85433.000000
39.966390 116.368645 85434.000000
39.966385 116.368550 85435.000000
39.966378 116.368456 85436.000000
39.966392 116.368346 85437.000000
39.966402 116.368246 85438.000000
39.966407 116.368156 85439.000000
39.966415 116.368065 85440.000000
39.966423 116.367969 85441.000000
39.966449 116.367859 85442.000000
39.966456 116.367764 85443.000000
39.966488 116.367636 85444.000000
39.966516 116.367536 85445.000000
39.966568 116.367397 85446.000000
39.966599 116.367288 85447.000000
39.966620 116.367186 85448.000000
39.966663 116.367067 85449.000000
39.966690 116.366979 85450.000000
39.966698 116.366906 85451.000000
39.966709 116.366830 85452.000000
39.966712 116.366775 85453.000000
39.966712 116.366724 85454.000000
39.966719 116.366673 85455.000000
39.966722 116.366628 85456.000000
39.966722 116.366586 85457.000000
39.966727 116.366536 85458.000000
39.966723 116.366495 85459.000000
39.966731 116.366427 85460.000000
39.966743 116.366363 85461.000000
39.966740 116.366310 85462.000000
39.966742 116.366263 85463.000000
39.966748 116.366220 85464.000000
39.966753 116.366180 85465.000000
39.966738 116.366157 85466.000000
39.966725 116.366129 85467.000000
39.966723 116.366098 85468.000000
39.966720 116.366078 85469.000000
39.966719 116.366058 85470.000000
39.966719 116.366037 85471.000000
39.966711 116.366022 85472.000000
39.966706 116.365983 85473.000000
39.966704 116.365944 85474.000000
39.966717 116.365882 85475.000000
39.966718 116.365837 85476.000000
39.966722 116.365775 85477.000000
39.966739 116.365718 85478.000000
39.966736 116.365675 85479.000000
39.966714 116.365655 85480.000000
39.966730 116.365625 85481.000000
39.966740 116.365595 85482.000000
39.966773 116.365558 85483.000000
39.966768 116.365534 85484.000000
39.966737 116.365513 85485.000000
39.966726 116.365491 85486.000000
39.966745 116.365459 85487.000000
39.966736 116.365434 85488.000000
39.966757 116.365394 85489.000000
39.966746 116.365357 85490.000000
39.966786 116.365254 85491.000000
39.966790 116.365208 85492.000000
39.966803 116.365150 85493.000000
39.966804 116.365114 85494.000000
39.966831 116.365076 85495.000000
39.966841 116.365045 85496.000000
39.966855 116.365022 85497.000000
39.966849 116.365013 85498.000000
39.966856 116.364999 85499.000000
39.966860 116.364989 85500.000000
39.966870 116.364975 85501.000000
39.966869 116.364961 85503.000000
39.966869 116.364948 85508.000000
39.966871 116.364946 85513.000000
39.966873 116.364947 85518.000000
39.966874 116.364946 85523.000000
39.966881 116.364944 85526.000000
39.966884 116.364946 85528.000000
39.966889 116.364939 85530.000000
39.966892 116.364941 85532.000000
39.966892 116.364941 85534.000000
39.966897 116.364935 85536.000000
39.966909 116.364930 85538.000000
39.966920 116.364936 85539.000000
39.966924 116.364944 85540.000000
39.966924 116.364944 85541.000000
39.966925 116.364950 85543.000000
39.966927 116.364941 85545.000000
39.966941 116.364947 85546.000000
39.966950 116.364958 85547.000000
39.966956 116.364943 85550.000000
39.966959 116.364931 85551.000000
39.966961 116.364918 85552.000000
39.966966 116.364897 85554.000000
39.966975 116.364882 85555.000000
39.966967 116.364874 85556.000000
39.966963 116.364854 85558.000000
39.966962 116.364835 85559.000000
39.966950 116.364827 85560.000000
39.966937 116.364815 85561.000000
39.966928 116.364813 85562.000000
39.966917 116.364810 85563.000000
39.966897 116.364807 85564.000000
39.966881 116.364798 85565.000000
39.966858 116.364789 85567.000000
39.966844 116.364790 85568.000000
39.966844 116.364789 85573.000000
39.966844 116.364788 85578.000000
39.966843 116.364788 85583.000000
39.966843 116.364788 85586.000000
39.966842 116.364791 85588.000000
39.966840 116.364800 85593.000000
39.966840 116.364780 85597.000000
39.966842 116.364750 85598.000000
39.966851 116.364722 85599.000000
39.966856 116.364686 85600.000000
39.966857 116.364627 85601.000000
39.966849 116.364565 85602.000000
39.966840 116.364514 85603.000000
39.966839 116.364462 85604.000000
39.966842 116.364409 85605.000000
39.966851 116.364339 85606.000000
39.966859 116.364275 85607.000000
39.966863 116.364198 85608.000000
39.966838 116.364135 85609.000000
39.966834 116.364075 85610.000000
39.966831 116.364019 85611.000000
39.966813 116.363948 85612.000000
39.966813 116.363859 85613.000000
39.966805 116.363786 85614.000000
39.966795 116.363726 85615.000000
39.966789 116.363660 85616.000000
39.966761 116.363600 85617.000000
39.966725 116.363543 85618.000000
39.966677 116.363504 85619.000000
39.966607 116.363437 85620.000000
39.966555 116.363384 85621.000000
39.966529 116.363330 85622.000000
39.966500 116.363262 85623.000000
39.966485 116.363170 85624.000000
39.966465 116.363057 85625.000000
39.966413 116.362984 85626.000000
39.966377 116.362900 85627.000000
39.966342 116.362819 85628.000000
39.966324 116.362738 85629.000000
39.966299 116.362641 85630.000000
39.966229 116.362599 85631.000000
39.966181 116.362567 85632.000000
39.966156 116.362475 85633.000000
39.966139 116.362423 85634.000000
39.966115 116.362371 85635.000000
39.966087 116.362319 85636.000000
39.966089 116.362219 85637.000000
39.966065 116.362198 85638.000000
39.966048 116.362177 85639.000000
39.966057 116.362147 85640.000000
39.966074 116.362083 85641.000000
39.966094 116.362021 85642.000000
39.966127 116.361956 85643.000000
39.966154 116.361912 85644.000000
39.966196 116.361868 85645.000000
39.966242 116.361832 85646.000000
39.966275 116.361802 85647.000000
39.966305 116.361778 85648.000000
39.966333 116.361748 85649.000000
39.966370 116.361713 85650.000000
39.966400 116.361685 85651.000000
39.966421 116.361648 85652.000000
39.966433 116.361615 85653.000000
39.966442 116.361581 85654.000000
39.966446 116.361554 85655.000000
39.966451 116.361531 85657.000000
39.966466 116.361518 85658.000000
39.966476 116.361514 85659.000000
39.966486 116.361514 85660.000000
39.966486 116.361514 85663.000000
39.966487 116.361507 85665.000000
39.966488 116.361497 85670.000000
39.966489 116.361485 85674.000000
39.966493 116.361473 85676.000000
39.966492 116.361456 85678.000000
39.966485 116.361437 85680.000000
39.966478 116.361418 85682.000000
39.966467 116.361386 85683.000000
39.966468 116.361326 85684.000000
39.966467 116.361260 85685.000000
39.966459 116.361197 85686.000000
39.966498 116.361087 85687.000000
39.966513 116.360997 85688.000000
39.966513 116.360908 85689.000000
39.966506 116.360817 85690.000000
39.966522 116.360717 85691.000000
39.966532 116.360613 85692.000000
39.966533 116.360513 85693.000000
39.966532 116.360415 85694.000000
39.966522 116.360309 85695.000000
39.966522 116.360221 85696.000000
39.966523 116.360107 85697.000000
39.966523 116.360010 85698.000000
39.966522 116.359913 85699.000000
39.966520 116.359819 85700.000000
39.966530 116.359734 85701.000000
39.966511 116.359662 85702.000000
39.966507 116.359600 85703.000000
39.966513 116.359530 85704.000000
39.966522 116.359458 85705.000000
39.966525 116.359402 85706.000000
39.966530 116.359358 85707.000000
39.966528 116.359313 85708.000000
39.966520 116.359255 85709.000000
39.966513 116.359183 85710.000000
39.966502 116.359056 85711.000000
39.966498 116.358963 85712.000000
39.966495 116.358876 85713.000000
39.966493 116.358789 85714.000000
39.966475 116.358688 85715.000000
39.966481 116.358560 85716.000000
39.966479 116.358449 85717.000000
39.966478 116.358328 85718.000000
39.966470 116.358217 85719.000000
39.966456 116.358107 85720.000000
39.966441 116.357981 85721.000000
39.966427 116.357852 85722.000000
39.966415 116.357722 85723.000000
39.966402 116.357597 85724.000000
39.966385 116.357474 85725.000000
39.966368 116.357349 85726.000000
39.966361 116.357220 85727.000000
39.966358 116.357076 85728.000000
39.966342 116.356943 85729.000000
39.966328 116.356806 85730.000000
39.966333 116.356658 85731.000000
39.966329 116.356508 85732.000000
39.966338 116.356354 85733.000000
39.966339 116.356190 85734.000000
39.966334 116.356042 85735.000000
39.966332 116.355884 85736.000000
39.966320 116.355742 85737.000000
39.966323 116.355580 85738.000000
39.966309 116.355440 85739.000000
39.966322 116.355274 85740.000000
39.966324 116.355129 85741.000000
39.966342 116.354970 85742.000000
39.966341 116.354828 85743.000000
39.966343 116.354692 85744.000000
39.966347 116.354568 85745.000000
39.966352 116.354456 85746.000000
39.966360 116.354354 85747.000000
39.966371 116.354266 85748.000000
39.966385 116.354188 85749.000000
39.966395 116.354146 85750.000000
39.966400 116.354114 85751.000000
39.966401 116.354101 85753.000000
39.966402 116.354089 85754.000000
39.966417 116.354081 85755.000000
39.966425 116.354081 85756.000000
39.966437 116.354082 85757.000000
39.966437 116.354082 85760.000000
39.966437 116.354079 85762.000000
39.966435 116.354039 85764.000000
39.966443 116.354001 85765.000000
39.966443 116.353977 85766.000000
39.966441 116.353940 85767.000000
39.966448 116.353901 85768.000000
39.966446 116.353865 85769.000000
39.966438 116.353842 85770.000000
39.966440 116.353815 85771.000000
39.966441 116.353803 85772.000000
39.966445 116.353784 85773.000000
39.966449 116.353756 85775.000000
39.966446 116.353731 85776.000000
39.966447 116.353701 85777.000000
39.966449 116.353684 85778.000000
39.966444 116.353678 85779.000000
39.966429 116.353688 85781.000000
39.966430 116.353679 85782.000000
39.966430 116.353668 85783.000000
39.966421 116.353677 85784.000000
39.966422 116.353674 85785.000000
39.966418 116.353676 85786.000000
39.966423 116.353670 85787.000000
39.966432 116.353667 85788.000000
39.966440 116.353646 85793.000000
39.966445 116.353630 85794.000000
39.966446 116.353617 85795.000000
39.966439 116.353596 85796.000000
39.966428 116.353579 85797.000000
39.966421 116.353558 85798.000000
39.966411 116.353536 85799.000000
39.966399 116.353512 85800.000000
39.966385 116.353490 85801.000000
39.966372 116.353463 85802.000000
39.966367 116.353428 85803.000000
39.966368 116.353389 85804.000000
39.966366 116.353341 85805.000000
39.966360 116.353292 85806.000000
39.966352 116.353245 85807.000000
39.966347 116.353204 85808.000000
39.966352 116.353126 85809.000000
39.966341 116.353070 85810.000000
39.966343 116.353002 85811.000000
39.966341 116.352918 85812.000000
39.966337 116.352823 85813.000000
39.966331 116.352724 85814.000000
39.966327 116.352613 85815.000000
39.966341 116.352476 85816.000000
39.966343 116.352367 85817.000000
39.966340 116.352253 85818.000000
39.966339 116.352137 85819.000000
39.966335 116.352022 85820.000000
39.966335 116.351894 85821.000000
39.966335 116.351768 85822.000000
39.966341 116.351632 85823.000000
39.966350 116.351498 85824.000000
39.966357 116.351374 85825.000000
39.966364 116.351246 85826.000000
39.966375 116.351114 85827.000000
39.966372 116.350994 85828.000000
39.966376 116.350878 85829.000000
39.966379 116.350767 85830.000000
39.966386 116.350657 85831.000000
39.966405 116.350547 85832.000000
39.966435 116.350426 85833.000000
39.966481 116.350300 85834.000000
39.966524 116.350203 85835.000000
39.966572 116.350097 85836.000000
39.966643 116.349967 85837.000000
39.966694 116.349868 85838.000000
39.966737 116.349758 85839.000000
39.966777 116.349656 85840.000000
39.966821 116.349551 85841.000000
39.966865 116.349437 85842.000000
39.966920 116.349318 85843.000000
39.966965 116.349222 85844.000000
39.967015 116.349117 85845.000000
39.967059 116.349023 85846.000000
39.967095 116.348937 85847.000000
39.967131 116.348862 85848.000000
39.967171 116.348783 85849.000000
39.967199 116.348726 85850.000000
39.967227 116.348682 85851.000000
39.967251 116.348649 85852.000000
39.967276 116.348629 85853.000000
39.967301 116.348616 85854.000000
39.967340 116.348592 85855.000000
39.967375 116.348578 85856.000000
39.967423 116.348569 85857.000000
39.967468 116.348575 85858.000000
39.967517 116.348583 85859.000000
39.967568 116.348582 85860.000000
39.967625 116.348577 85861.000000
39.967680 116.348575 85862.000000
39.967739 116.348573 85863.000000
39.967801 116.348576 85864.000000
39.967862 116.348587 85865.000000
39.967933 116.348580 85866.000000
39.968006 116.348581 85867.000000
39.968083 116.348583 85868.000000
39.968160 116.348584 85869.000000
39.968239 116.348575 85870.000000
39.968318 116.348568 85871.000000
39.968403 116.348546 85872.000000
39.968499 116.348540 85873.000000
39.968603 116.348530 85874.000000
39.968718 116.348520 85875.000000
39.968819 116.348510 85876.000000
39.968923 116.348509 85877.000000
39.969029 116.348511 85878.000000
39.969145 116.348516 85879.000000
39.969251 116.348518 85880.000000
39.969357 116.348521 85881.000000
39.969491 116.348499 85882.000000
39.969599 116.348471 85883.000000
39.969686 116.348468 85884.000000
39.969809 116.348436 85885.000000
39.969891 116.348446 85886.000000
39.969966 116.348443 85887.000000
39.970038 116.348443 85888.000000
39.970109 116.348435 85889.000000
39.970179 116.348438 85890.000000
39.970254 116.348444 85891.000000
39.970331 116.348448 85892.000000
39.970410 116.348444 85893.000000
39.970503 116.348433 85894.000000
39.970597 116.348421 85895.000000
39.970679 116.348428 85896.000000
39.970753 116.348441 85897.000000
39.970821 116.348411 85898.000000
39.970880 116.348413 85899.000000
39.970929 116.348410 85900.000000
39.970973 116.348404 85901.000000
39.971016 116.348392 85902.000000
39.971034 116.348386 85903.000000
39.971050 116.348371 85904.000000
39.971038 116.348362 85907.000000
39.971045 116.348361 85912.000000
39.971046 116.348361 85917.000000
39.971049 116.348362 85922.000000
39.971049 116.348362 85925.000000
39.971051 116.348362 85927.000000
