39.985525 116.320915 37527.000000
39.985525 116.320915 37528.000000
39.985525 116.320915 37530.000000
39.985410 116.320895 37534.000000
39.985283 116.320900 37536.000000
39.985158 116.320952 37538.000000
39.985017 116.321007 37540.000000
39.984870 116.321045 37542.000000
39.984723 116.321070 37544.000000
39.984555 116.321068 37546.000000
39.984410 116.321095 37548.000000
39.984322 116.321072 37549.000000
39.984210 116.321145 37552.000000
39.984178 116.321275 37554.000000
39.984202 116.321448 37556.000000
39.984202 116.321543 37557.000000
39.984205 116.321718 37559.000000
39.984203 116.321813 37560.000000
39.984205 116.321912 37561.000000
39.984197 116.322018 37562.000000
39.984188 116.322562 37565.000000
39.984248 116.323345 37569.000000
39.984255 116.323528 37570.000000
39.984267 116.323717 37571.000000
39.984242 116.323877 37572.000000
39.984242 116.324038 37573.000000
39.984243 116.324192 37574.000000
39.984245 116.324337 37575.000000
39.984245 116.324473 37576.000000
39.984247 116.324608 37577.000000
39.984258 116.324735 37578.000000
39.984252 116.324862 37579.000000
39.984238 116.324980 37580.000000
39.984222 116.325090 37581.000000
39.984215 116.325203 37582.000000
39.984210 116.325305 37583.000000
39.984202 116.325408 37584.000000
39.984193 116.325502 37585.000000
39.984173 116.325635 37587.000000
39.984105 116.325703 37589.000000
39.983995 116.325733 37592.000000
39.983887 116.325735 37595.000000
39.983775 116.325702 37599.000000
39.983692 116.325655 37604.000000
39.983697 116.325760 37692.000000
39.983703 116.325860 37694.000000
39.983705 116.325980 37696.000000
39.983710 116.326113 37698.000000
39.983758 116.326198 37699.000000
39.983813 116.326292 37700.000000
39.983870 116.326383 37701.000000
39.983925 116.326472 37702.000000
39.983972 116.326613 37704.000000
39.983982 116.326707 37706.000000
