39.958338 116.281628 43091.000000
39.958320 116.281672 43092.000000
39.958297 116.281800 43094.000000
39.958270 116.281907 43096.000000
39.958230 116.281992 43103.000000
39.958150 116.282073 43108.000000
39.958035 116.282082 43110.000000
39.957918 116.282092 43113.000000
39.956695 116.282218 43142.000000
39.956590 116.282245 43162.000000
39.956472 116.282243 43165.000000
39.956345 116.282263 43168.000000
39.956238 116.282300 43171.000000
39.956155 116.282385 43174.000000
39.956128 116.282493 43176.000000
39.956117 116.282648 43178.000000
39.956125 116.282752 43179.000000
39.956133 116.282863 43180.000000
39.956145 116.282988 43181.000000
39.956152 116.283110 43182.000000
39.956160 116.283237 43183.000000
39.956177 116.283387 43184.000000
39.956192 116.283537 43185.000000
39.956210 116.283687 43186.000000
39.956232 116.283837 43187.000000
39.956253 116.283985 43188.000000
39.956273 116.284133 43189.000000
39.956292 116.284283 43190.000000
39.956308 116.284435 43191.000000
39.956328 116.284590 43192.000000
39.956350 116.284748 43193.000000
39.956373 116.284910 43194.000000
39.956397 116.285068 43195.000000
39.956425 116.285223 43196.000000
39.956450 116.285377 43197.000000
39.956478 116.285530 43198.000000
39.956510 116.285688 43199.000000
39.956540 116.285848 43200.000000
39.956570 116.286008 43201.000000
39.956602 116.286173 43202.000000
39.956635 116.286338 43203.000000
39.956668 116.286502 43204.000000
39.956700 116.286662 43205.000000
39.956732 116.286820 43206.000000
39.956762 116.286975 43207.000000
39.956790 116.287123 43208.000000
39.956815 116.287253 43209.000000
39.956838 116.287363 43210.000000
39.956862 116.287457 43211.000000
39.956908 116.287632 43213.000000
39.956932 116.287737 43214.000000
39.956955 116.287857 43215.000000
39.956978 116.287992 43216.000000
39.957003 116.288132 43217.000000
39.957030 116.288280 43218.000000
39.957057 116.288432 43219.000000
39.957083 116.288583 43220.000000
39.957112 116.288738 43221.000000
39.957140 116.288897 43222.000000
39.957170 116.289053 43223.000000
39.957198 116.289210 43224.000000
39.957227 116.289370 43225.000000
39.957253 116.289527 43226.000000
39.957282 116.289682 43227.000000
39.957310 116.289835 43228.000000
39.957338 116.289987 43229.000000
39.957368 116.290137 43230.000000
39.957395 116.290287 43231.000000
39.957422 116.290437 43232.000000
39.957448 116.290585 43233.000000
39.957475 116.290733 43234.000000
39.957500 116.290880 43235.000000
39.957525 116.291027 43236.000000
39.957552 116.291175 43237.000000
39.957580 116.291327 43238.000000
39.957612 116.291483 43239.000000
39.957647 116.291648 43240.000000
39.957680 116.291815 43241.000000
39.957713 116.291978 43242.000000
39.957747 116.292140 43243.000000
39.957778 116.292302 43244.000000
39.957808 116.292457 43245.000000
39.957835 116.292598 43246.000000
39.957857 116.292722 43247.000000
39.957875 116.292827 43248.000000
39.957903 116.292980 43250.000000
39.957923 116.293082 43252.000000
39.957943 116.293180 43255.000000
39.957958 116.293273 43336.000000
39.958002 116.293393 43339.000000
39.958062 116.293470 43342.000000
39.958158 116.293515 43345.000000
39.958277 116.293502 43347.000000
39.958442 116.293458 43349.000000
39.958537 116.293435 43350.000000
39.958625 116.293408 43351.000000
39.958715 116.293383 43352.000000
39.958885 116.293332 43354.000000
39.959052 116.293297 43356.000000
39.959158 116.293342 43357.000000
39.959203 116.293252 43359.000000
39.959290 116.293183 43388.000000
39.959383 116.293155 43390.000000
39.959515 116.293112 43392.000000
39.959678 116.293060 43394.000000
39.959763 116.293030 43395.000000
39.959850 116.293000 43396.000000
39.959938 116.292963 43397.000000
39.960028 116.292933 43398.000000
39.960117 116.292915 43399.000000
39.960210 116.292907 43400.000000
39.960305 116.292892 43401.000000
39.960478 116.292848 43403.000000
39.960560 116.292807 43404.000000
39.960660 116.292773 43405.000000
39.960762 116.292737 43406.000000
39.960863 116.292703 43407.000000
39.960962 116.292660 43408.000000
39.961062 116.292622 43409.000000
39.961160 116.292588 43410.000000
39.961257 116.292552 43411.000000
39.961358 116.292522 43412.000000
39.961460 116.292492 43413.000000
39.961555 116.292460 43414.000000
39.961647 116.292423 43415.000000
39.961738 116.292395 43416.000000
39.961880 116.292332 43418.000000
39.962000 116.292313 43420.000000
39.962090 116.292295 43423.000000
39.962185 116.292273 43436.000000
39.962285 116.292258 43438.000000
39.962408 116.292230 43440.000000
39.962550 116.292187 43442.000000
39.962700 116.292142 43444.000000
39.962830 116.292078 43446.000000
39.962948 116.291997 43448.000000
39.963078 116.291937 43450.000000
39.963233 116.291915 43452.000000
39.963380 116.291895 43454.000000
39.963527 116.291852 43456.000000
39.963687 116.291815 43458.000000
39.963832 116.291767 43460.000000
39.963983 116.291727 43462.000000
39.964127 116.291678 43464.000000
39.964242 116.291635 43466.000000
39.964325 116.291583 43470.000000
39.964442 116.291597 43486.000000
39.964537 116.291563 43488.000000
39.964632 116.291530 43490.000000
39.964750 116.291505 43492.000000
39.964892 116.291468 43494.000000
39.965028 116.291423 43496.000000
39.965177 116.291357 43498.000000
39.965242 116.291278 43499.000000
39.965403 116.291230 43501.000000
39.965570 116.291202 43503.000000
39.965738 116.291158 43505.000000
39.965895 116.291085 43507.000000
39.965988 116.291030 43508.000000
39.966153 116.290988 43510.000000
39.966312 116.290933 43512.000000
39.966473 116.290917 43514.000000
39.966603 116.290907 43516.000000
39.966698 116.290903 43523.000000
39.966640 116.290797 43531.000000
39.966545 116.290840 43535.000000
39.966425 116.290873 43537.000000
39.966292 116.290922 43539.000000
39.966145 116.290973 43541.000000
39.965988 116.291012 43543.000000
39.965820 116.291017 43545.000000
39.965660 116.290998 43547.000000
39.965527 116.291015 43549.000000
39.965453 116.291087 43551.000000
39.965390 116.291163 43555.000000
39.965247 116.291143 43561.000000
