39.969365 116.333685 32285.000000
39.975047 116.333683 32328.000000
39.974979 116.333659 32333.000000
39.974957 116.333648 32338.000000
39.974853 116.333656 32343.000000
39.974808 116.333668 32348.000000
39.974819 116.333654 32353.000000
39.974763 116.333624 32358.000000
39.974695 116.333577 32363.000000
39.974635 116.333533 32368.000000
39.974569 116.333506 32373.000000
39.974538 116.333468 32378.000000
39.974674 116.333553 32382.000000
39.974784 116.333611 32383.000000
39.974740 116.333630 32388.000000
39.974762 116.333625 32393.000000
39.974709 116.333526 32396.000000
39.974822 116.333573 32398.000000
39.974780 116.333556 32403.000000
39.974764 116.333568 32408.000000
39.974816 116.333528 32413.000000
39.974861 116.333495 32418.000000
39.982528 116.337805 32428.000000
39.982463 116.337775 32433.000000
39.982476 116.337765 32438.000000
39.982432 116.337727 32443.000000
39.982487 116.337728 32448.000000
39.982599 116.337685 32452.000000
39.981627 116.336736 32455.000000
39.981634 116.336916 32456.000000
39.981622 116.336909 32461.000000
39.981591 116.336882 32466.000000
39.981603 116.337018 32470.000000
39.981586 116.337097 32475.000000
39.981569 116.337117 32480.000000
39.981522 116.337099 32485.000000
39.981460 116.337083 32490.000000
39.981500 116.337127 32492.000000
39.981541 116.337165 32494.000000
39.981509 116.337142 32499.000000
39.981489 116.337127 32504.000000
39.981470 116.337127 32509.000000
39.981435 116.337105 32514.000000
39.981398 116.337099 32518.000000
39.981306 116.337069 32522.000000
39.981290 116.337076 32527.000000
39.981220 116.337076 32532.000000
39.981105 116.337046 32537.000000
39.981007 116.337015 32539.000000
39.980873 116.336965 32541.000000
39.980776 116.336924 32542.000000
39.980685 116.336892 32543.000000
39.980566 116.336848 32545.000000
39.980446 116.336809 32548.000000
39.980329 116.336782 32550.000000
39.980211 116.336763 32552.000000
39.980099 116.336737 32554.000000
39.980005 116.336709 32555.000000
39.979908 116.336683 32556.000000
39.979795 116.336625 32559.000000
39.979690 116.336570 32561.000000
39.979603 116.336550 32562.000000
39.979243 116.333815 32577.000000
39.979307 116.333687 32578.000000
39.979354 116.333693 32579.000000
39.979262 116.333703 32581.000000
39.979224 116.333740 32583.000000
39.979229 116.333750 32584.000000
39.979247 116.333776 32588.000000
39.979142 116.333809 32589.000000
39.979072 116.333834 32590.000000
39.978996 116.333794 32592.000000
39.978879 116.333789 32594.000000
39.978748 116.333754 32596.000000
39.978645 116.333796 32597.000000
39.978556 116.333766 32600.000000
39.978395 116.333775 32603.000000
39.978343 116.333745 32606.000000
39.978124 116.333766 32607.000000
39.978035 116.333713 32611.000000
39.978019 116.333763 32616.000000
39.977703 116.333770 32620.000000
39.977466 116.333779 32623.000000
39.977360 116.333766 32624.000000
39.977141 116.333802 32626.000000
39.977027 116.333809 32628.000000
39.976874 116.333828 32630.000000
39.976694 116.333870 32632.000000
39.976562 116.333906 32633.000000
39.976409 116.333920 32634.000000
39.976191 116.333886 32635.000000
39.976075 116.333887 32636.000000
39.975935 116.333847 32637.000000
39.975788 116.333821 32638.000000
39.975647 116.333795 32639.000000
39.975501 116.333779 32641.000000
39.975389 116.333768 32644.000000
39.975316 116.333765 32645.000000
39.975213 116.333753 32647.000000
39.975098 116.333734 32649.000000
39.974909 116.333710 32652.000000
39.974805 116.333688 32654.000000
39.974632 116.333664 32657.000000
39.974507 116.333633 32659.000000
39.974355 116.333621 32662.000000
39.974259 116.333622 32665.000000
39.974092 116.333594 32669.000000
39.974003 116.333586 32672.000000
39.973919 116.333554 32675.000000
39.973850 116.333548 32679.000000
39.973823 116.333545 32684.000000
39.973729 116.333523 32689.000000
39.973555 116.333496 32694.000000
39.973391 116.333431 32695.000000
39.973078 116.333298 32697.000000
39.972917 116.333231 32699.000000
39.972799 116.333190 32700.000000
39.972695 116.333175 32702.000000
39.972567 116.333141 32704.000000
39.972463 116.333117 32707.000000
39.972390 116.333101 32710.000000
39.972306 116.333089 32714.000000
39.972401 116.333140 32715.000000
39.972522 116.333214 32717.000000
39.972684 116.333265 32719.000000
39.972681 116.333294 32724.000000
39.972584 116.333276 32729.000000
39.972526 116.333275 32734.000000
39.972609 116.333312 32739.000000
39.972651 116.333363 32744.000000
39.972631 116.333416 32749.000000
39.972624 116.333436 32754.000000
39.972747 116.333433 32759.000000
