39.963182 116.401413 32847.000000
39.963077 116.401427 32850.000000
39.962985 116.401453 32853.000000
39.962880 116.401475 32855.000000
39.962747 116.401490 32857.000000
39.962617 116.401493 32859.000000
39.962507 116.401465 32861.000000
39.962408 116.401468 32862.000000
39.962235 116.401473 32864.000000
39.962057 116.401490 32866.000000
39.961955 116.401498 32867.000000
39.961848 116.401502 32868.000000
39.961742 116.401503 32869.000000
39.961637 116.401502 32870.000000
39.961538 116.401493 32871.000000
39.961447 116.401497 32872.000000
39.961278 116.401503 32874.000000
39.961122 116.401495 32876.000000
39.961002 116.401490 32878.000000
39.960888 116.401458 32880.000000
39.960775 116.401433 32883.000000
39.960707 116.401347 32887.000000
39.960738 116.401215 32890.000000
39.960755 116.401105 32892.000000
39.960757 116.400910 32894.000000
39.960770 116.400820 32895.000000
39.960798 116.400675 32897.000000
39.960842 116.400545 32899.000000
39.960863 116.400435 32901.000000
39.960845 116.400328 32903.000000
39.960818 116.400238 32905.000000
39.960813 116.400143 32907.000000
39.960838 116.400018 32909.000000
39.960862 116.399895 32911.000000
39.960880 116.399755 32913.000000
39.960883 116.399643 32915.000000
39.960873 116.399545 32917.000000
39.960872 116.399453 32919.000000
39.960850 116.399303 32922.000000
39.960843 116.399187 32924.000000
39.960857 116.399035 32926.000000
39.960898 116.398863 32928.000000
39.960938 116.398778 32929.000000
39.960948 116.398675 32930.000000
39.960978 116.398580 32931.000000
39.961005 116.398490 32932.000000
39.961038 116.398323 32934.000000
39.961062 116.398202 32936.000000
39.961095 116.398093 32938.000000
39.961110 116.397982 32940.000000
39.961147 116.397890 32942.000000
39.961165 116.397755 32945.000000
39.961227 116.397663 32947.000000
39.961292 116.397573 32949.000000
39.961347 116.397493 32951.000000
39.961390 116.397407 32953.000000
39.961435 116.397325 32955.000000
39.961485 116.397242 32957.000000
39.961533 116.397158 32959.000000
39.961585 116.397072 32963.000000
39.961643 116.396983 32966.000000
39.961695 116.396892 32968.000000
39.961748 116.396750 32970.000000
39.961798 116.396615 32972.000000
39.961843 116.396500 32974.000000
39.961892 116.396408 32976.000000
39.961985 116.396335 32979.000000
39.962093 116.396305 32982.000000
39.962238 116.396270 32984.000000
39.962340 116.396245 32986.000000
39.962427 116.396218 32988.000000
39.962545 116.396177 32991.000000
39.962618 116.396122 32993.000000
39.962668 116.396033 32996.000000
39.962632 116.395937 32999.000000
39.962545 116.395883 33002.000000
39.962403 116.395878 33005.000000
39.962300 116.395857 33008.000000
39.962280 116.395760 33011.000000
39.962247 116.395527 33014.000000
39.962260 116.395342 33016.000000
39.962282 116.395242 33017.000000
39.962277 116.395130 33018.000000
39.962277 116.395010 33019.000000
39.962267 116.394875 33020.000000
39.962273 116.394740 33021.000000
39.962292 116.394602 33022.000000
39.962305 116.394465 33023.000000
39.962317 116.394340 33024.000000
39.962327 116.394227 33025.000000
39.962337 116.394117 33026.000000
39.962340 116.394012 33027.000000
39.962288 116.393920 33028.000000
39.962267 116.393738 33030.000000
39.962265 116.393640 33031.000000
39.962278 116.393537 33032.000000
39.962283 116.393435 33033.000000
39.962277 116.393337 33034.000000
39.962277 116.393235 33035.000000
39.962292 116.393133 33036.000000
39.962292 116.393028 33037.000000
39.962298 116.392925 33038.000000
39.962302 116.392823 33039.000000
39.962285 116.392725 33040.000000
39.962247 116.392568 33042.000000
39.962233 116.392442 33044.000000
39.962238 116.392340 33047.000000
39.962253 116.392243 33087.000000
39.962243 116.392128 33090.000000
39.962223 116.392018 33093.000000
39.962232 116.391900 33096.000000
39.962230 116.391795 33100.000000
39.962200 116.391710 33113.000000
39.962197 116.391608 33118.000000
39.962200 116.391513 33175.000000
39.962200 116.391385 33178.000000
39.962178 116.391248 33180.000000
39.962160 116.391115 33182.000000
39.962165 116.390970 33184.000000
39.962163 116.390847 33186.000000
39.962140 116.390747 33190.000000
39.962058 116.390673 33201.000000
39.962040 116.390573 33266.000000
39.962043 116.390440 33269.000000
39.962058 116.390300 33272.000000
39.962070 116.390182 33274.000000
39.962077 116.390068 33276.000000
39.962102 116.389953 33278.000000
39.962120 116.389852 33280.000000
39.962133 116.389753 33283.000000
39.962088 116.389673 33352.000000
39.962038 116.389577 33415.000000
39.961998 116.389427 33419.000000
39.961968 116.389272 33421.000000
39.961947 116.389177 33422.000000
39.961933 116.389010 33424.000000
39.961878 116.388888 33426.000000
39.961932 116.388762 33428.000000
39.962018 116.388700 33430.000000
39.962188 116.388668 33432.000000
39.962285 116.388647 33433.000000
39.962390 116.388628 33434.000000
39.962505 116.388628 33435.000000
39.962613 116.388610 33436.000000
39.962735 116.388603 33437.000000
39.962858 116.388595 33438.000000
39.962982 116.388587 33439.000000
39.963113 116.388585 33440.000000
39.963247 116.388585 33441.000000
39.963382 116.388585 33442.000000
39.963527 116.388598 33443.000000
39.963713 116.388652 33444.000000
39.963863 116.388652 33445.000000
39.964015 116.388652 33446.000000
39.964160 116.388638 33447.000000
39.964308 116.388628 33448.000000
39.964450 116.388613 33449.000000
39.964590 116.388598 33450.000000
39.964738 116.388592 33451.000000
39.964895 116.388600 33452.000000
39.965042 116.388597 33453.000000
39.965177 116.388572 33454.000000
39.965332 116.388568 33455.000000
39.965473 116.388530 33456.000000
39.965622 116.388505 33457.000000
39.965780 116.388512 33458.000000
39.965938 116.388513 33459.000000
39.966102 116.388515 33460.000000
39.966272 116.388518 33461.000000
39.966442 116.388517 33462.000000
39.966603 116.388512 33463.000000
39.966758 116.388503 33464.000000
39.966910 116.388495 33465.000000
39.967062 116.388490 33466.000000
39.967208 116.388482 33467.000000
39.967350 116.388472 33468.000000
39.967492 116.388463 33469.000000
39.967630 116.388453 33470.000000
39.967773 116.388443 33471.000000
39.967917 116.388433 33472.000000
39.968067 116.388423 33473.000000
39.968218 116.388417 33474.000000
39.968372 116.388410 33475.000000
39.968523 116.388403 33476.000000
39.968677 116.388393 33477.000000
39.968838 116.388395 33478.000000
39.969000 116.388392 33479.000000
39.969165 116.388383 33480.000000
39.969328 116.388377 33481.000000
39.969490 116.388370 33482.000000
39.969645 116.388363 33483.000000
39.969798 116.388357 33484.000000
39.969953 116.388355 33485.000000
39.970100 116.388345 33486.000000
39.970247 116.388337 33487.000000
39.970398 116.388327 33488.000000
39.970552 116.388317 33489.000000
39.970708 116.388303 33490.000000
39.970870 116.388288 33491.000000
39.971030 116.388277 33492.000000
39.971195 116.388267 33493.000000
39.971363 116.388260 33494.000000
39.971527 116.388250 33495.000000
39.971692 116.388247 33496.000000
39.971852 116.388242 33497.000000
39.971990 116.388210 33498.000000
39.972118 116.388167 33499.000000
39.972243 116.388122 33500.000000
39.972352 116.388055 33501.000000
39.972460 116.387992 33502.000000
39.972573 116.387942 33503.000000
39.972675 116.387868 33504.000000
39.972813 116.387843 33505.000000
39.972975 116.387848 33506.000000
39.973123 116.387847 33507.000000
39.973272 116.387865 33508.000000
39.973388 116.387838 33509.000000
39.973508 116.387833 33510.000000
39.973627 116.387847 33511.000000
39.973735 116.387865 33512.000000
39.973838 116.387893 33513.000000
39.973932 116.387913 33514.000000
39.974080 116.387925 33516.000000
39.974217 116.387932 33518.000000
39.974320 116.387973 33520.000000
39.974412 116.388007 33522.000000
39.974518 116.388022 33524.000000
39.974640 116.388033 33526.000000
39.974757 116.388040 33528.000000
39.974878 116.388045 33530.000000
39.975017 116.388045 33532.000000
39.975162 116.388045 33534.000000
39.975312 116.388047 33536.000000
39.975465 116.388087 33538.000000
39.975615 116.388148 33540.000000
39.975775 116.388223 33542.000000
39.975860 116.388262 33543.000000
39.975948 116.388298 33544.000000
39.976040 116.388330 33545.000000
39.976130 116.388345 33546.000000
39.976223 116.388355 33547.000000
39.976318 116.388352 33548.000000
39.976420 116.388345 33549.000000
39.976525 116.388342 33550.000000
39.976632 116.388337 33551.000000
39.976735 116.388330 33552.000000
39.976833 116.388327 33553.000000
39.976925 116.388322 33554.000000
39.977100 116.388315 33556.000000
39.977278 116.388308 33558.000000
39.977458 116.388302 33560.000000
39.977553 116.388298 33561.000000
39.977653 116.388295 33562.000000
39.977758 116.388292 33563.000000
39.977867 116.388288 33564.000000
39.977977 116.388283 33565.000000
39.978088 116.388280 33566.000000
39.978200 116.388275 33567.000000
39.978312 116.388270 33568.000000
39.978420 116.388265 33569.000000
39.978522 116.388262 33570.000000
39.978612 116.388257 33571.000000
39.978773 116.388250 33573.000000
39.978927 116.388243 33575.000000
39.979077 116.388237 33577.000000
39.979227 116.388228 33579.000000
39.979363 116.388220 33581.000000
39.979465 116.388215 33583.000000
39.979560 116.388210 33585.000000
39.979665 116.388203 33587.000000
39.979763 116.388200 33589.000000
39.979857 116.388197 33591.000000
39.979953 116.388195 33593.000000
39.980045 116.388190 33595.000000
39.980180 116.388183 33598.000000
39.980290 116.388178 33600.000000
39.980430 116.388175 33602.000000
39.980603 116.388168 33604.000000
39.980698 116.388163 33605.000000
39.980793 116.388158 33606.000000
39.980962 116.388143 33608.000000
39.981102 116.388132 33610.000000
39.981213 116.388100 33612.000000
39.981308 116.388052 33614.000000
39.981393 116.387972 33617.000000
39.981383 116.387837 33643.000000
39.981382 116.387710 33645.000000
39.981378 116.387547 33647.000000
39.981377 116.387455 33648.000000
39.981372 116.387363 33649.000000
39.981363 116.387263 33650.000000
39.981353 116.387157 33651.000000
39.981342 116.387048 33652.000000
39.981332 116.386943 33653.000000
39.981322 116.386843 33654.000000
39.981313 116.386743 33655.000000
39.981307 116.386642 33656.000000
39.981303 116.386537 33657.000000
39.981300 116.386425 33658.000000
39.981297 116.386305 33659.000000
39.981295 116.386182 33660.000000
39.981288 116.386053 33661.000000
39.981283 116.385925 33662.000000
39.981277 116.385788 33663.000000
39.981270 116.385645 33664.000000
39.981263 116.385498 33665.000000
39.981257 116.385348 33666.000000
39.981250 116.385197 33667.000000
39.981245 116.385045 33668.000000
39.981238 116.384892 33669.000000
39.981235 116.384740 33670.000000
39.981233 116.384590 33671.000000
39.981230 116.384442 33672.000000
39.981228 116.384312 33673.000000
39.981225 116.384205 33674.000000
39.981215 116.384068 33676.000000
39.981220 116.383958 33680.000000
39.981210 116.383857 33683.000000
39.981232 116.383733 33685.000000
39.981250 116.383643 33686.000000
39.981268 116.383552 33687.000000
39.981290 116.383447 33688.000000
39.981303 116.383348 33689.000000
39.981315 116.383245 33690.000000
39.981322 116.383145 33691.000000
39.981327 116.383048 33692.000000
39.981330 116.382893 33694.000000
39.981338 116.382753 33696.000000
39.981340 116.382623 33698.000000
39.981345 116.382468 33700.000000
39.981362 116.382328 33702.000000
39.981380 116.382235 33704.000000
39.981373 116.382140 33707.000000
39.981340 116.382050 33713.000000
39.981372 116.381963 33719.000000
39.981372 116.381863 33728.000000
39.981402 116.381748 33732.000000
39.981495 116.381690 33735.000000
39.981640 116.381673 33737.000000
39.981812 116.381662 33739.000000
39.981922 116.381645 33740.000000
39.982038 116.381633 33741.000000
39.982167 116.381623 33742.000000
39.982328 116.381613 33743.000000
39.982448 116.381582 33744.000000
39.982575 116.381545 33745.000000
39.982728 116.381550 33746.000000
39.982860 116.381483 33747.000000
39.982995 116.381455 33748.000000
39.983130 116.381428 33749.000000
39.983270 116.381413 33750.000000
39.983427 116.381443 33751.000000
39.983585 116.381435 33752.000000
39.983737 116.381433 33753.000000
39.983900 116.381428 33754.000000
39.984073 116.381412 33755.000000
39.984240 116.381405 33756.000000
39.984415 116.381398 33757.000000
39.984593 116.381392 33758.000000
39.984772 116.381397 33759.000000
39.984953 116.381390 33760.000000
39.985135 116.381387 33761.000000
39.985320 116.381387 33762.000000
39.985507 116.381388 33763.000000
39.985688 116.381383 33764.000000
39.985872 116.381382 33765.000000
39.986040 116.381365 33766.000000
39.986215 116.381355 33767.000000
39.986390 116.381348 33768.000000
39.986562 116.381340 33769.000000
39.986732 116.381335 33770.000000
39.986897 116.381328 33771.000000
39.987060 116.381322 33772.000000
39.987225 116.381318 33773.000000
39.987388 116.381313 33774.000000
39.987557 116.381308 33775.000000
39.987723 116.381300 33776.000000
39.987892 116.381290 33777.000000
39.988058 116.381278 33778.000000
39.988222 116.381270 33779.000000
39.988387 116.381262 33780.000000
39.988545 116.381250 33781.000000
39.988702 116.381243 33782.000000
39.988857 116.381235 33783.000000
39.989013 116.381225 33784.000000
39.989168 116.381215 33785.000000
39.989325 116.381207 33786.000000
39.989480 116.381207 33787.000000
39.989637 116.381197 33788.000000
39.989792 116.381188 33789.000000
39.989947 116.381180 33790.000000
39.990105 116.381160 33791.000000
39.990258 116.381143 33792.000000
39.990417 116.381120 33793.000000
39.990577 116.381095 33794.000000
39.990730 116.381077 33795.000000
39.990883 116.381063 33796.000000
39.991033 116.381058 33797.000000
39.991175 116.381057 33798.000000
39.991307 116.381065 33799.000000
39.991428 116.381068 33800.000000
39.991543 116.381068 33801.000000
39.991645 116.381070 33803.000000
39.991737 116.381072 33804.000000
39.991912 116.381072 33806.000000
39.992025 116.381065 33808.000000
39.992130 116.381060 33810.000000
39.992253 116.381063 33813.000000
39.992348 116.381070 33818.000000
39.992477 116.381062 33853.000000
39.992587 116.381050 33855.000000
39.992697 116.381035 33857.000000
39.992805 116.381020 33859.000000
39.992935 116.381007 33861.000000
39.993092 116.380998 33863.000000
39.993185 116.380995 33864.000000
39.993287 116.380993 33865.000000
39.993387 116.380988 33866.000000
39.993490 116.380983 33867.000000
39.993597 116.380977 33868.000000
39.993702 116.380970 33869.000000
39.993813 116.380960 33870.000000
39.993928 116.380955 33871.000000
39.994043 116.380950 33872.000000
39.994172 116.380955 33873.000000
39.994297 116.380953 33874.000000
39.994423 116.380953 33875.000000
39.994548 116.380953 33876.000000
39.994672 116.380950 33877.000000
39.994792 116.380948 33878.000000
39.994912 116.380943 33879.000000
39.995035 116.380942 33880.000000
39.995160 116.380942 33881.000000
39.995285 116.380938 33882.000000
39.995412 116.380935 33883.000000
39.995538 116.380932 33884.000000
39.995665 116.380930 33885.000000
39.995792 116.380927 33886.000000
39.995920 116.380923 33887.000000
39.996048 116.380920 33888.000000
39.996182 116.380918 33889.000000
39.996315 116.380917 33890.000000
39.996447 116.380915 33891.000000
39.996578 116.380910 33892.000000
39.996707 116.380907 33893.000000
39.996835 116.380902 33894.000000
39.996967 116.380895 33895.000000
39.997100 116.380890 33896.000000
39.997235 116.380885 33897.000000
39.997372 116.380880 33898.000000
39.997510 116.380875 33899.000000
39.997650 116.380870 33900.000000
39.997790 116.380862 33901.000000
39.997927 116.380853 33902.000000
39.998065 116.380843 33903.000000
39.998203 116.380838 33904.000000
39.998343 116.380837 33905.000000
39.998480 116.380830 33906.000000
39.998615 116.380823 33907.000000
39.998745 116.380812 33908.000000
39.998865 116.380788 33909.000000
39.998977 116.380753 33910.000000
39.999098 116.380735 33911.000000
39.999233 116.380750 33912.000000
39.999362 116.380755 33913.000000
39.999493 116.380767 33914.000000
39.999610 116.380775 33915.000000
39.999717 116.380783 33916.000000
39.999808 116.380785 33917.000000
39.999952 116.380752 33919.000000
40.000090 116.380782 33921.000000
40.000257 116.380780 33923.000000
40.000348 116.380768 33924.000000
40.000443 116.380763 33925.000000
40.000538 116.380752 33926.000000
40.000638 116.380742 33927.000000
40.000743 116.380732 33928.000000
40.000850 116.380723 33929.000000
40.000963 116.380718 33930.000000
40.001078 116.380713 33931.000000
40.001195 116.380705 33932.000000
40.001317 116.380688 33933.000000
40.001445 116.380672 33934.000000
40.001578 116.380660 33935.000000
40.001715 116.380652 33936.000000
40.001857 116.380645 33937.000000
40.002000 116.380638 33938.000000
40.002143 116.380633 33939.000000
40.002288 116.380627 33940.000000
40.002437 116.380622 33941.000000
40.002587 116.380617 33942.000000
40.002737 116.380610 33943.000000
40.002885 116.380603 33944.000000
40.003030 116.380595 33945.000000
40.003175 116.380588 33946.000000
40.003318 116.380580 33947.000000
40.003460 116.380573 33948.000000
40.003598 116.380570 33949.000000
40.003730 116.380568 33950.000000
40.003853 116.380568 33951.000000
40.003970 116.380565 33952.000000
40.004080 116.380562 33953.000000
40.004187 116.380558 33954.000000
40.004292 116.380553 33955.000000
40.004393 116.380548 33956.000000
40.004495 116.380543 33957.000000
40.004598 116.380537 33958.000000
40.004700 116.380530 33959.000000
40.004805 116.380523 33960.000000
40.004913 116.380517 33961.000000
40.005023 116.380510 33962.000000
40.005135 116.380505 33963.000000
40.005248 116.380502 33964.000000
40.005367 116.380495 33965.000000
40.005485 116.380488 33966.000000
40.005603 116.380480 33967.000000
40.005723 116.380473 33968.000000
40.005845 116.380468 33969.000000
40.005968 116.380463 33970.000000
40.006093 116.380458 33971.000000
40.006220 116.380453 33972.000000
40.006347 116.380448 33973.000000
40.006475 116.380443 33974.000000
40.006605 116.380437 33975.000000
40.006738 116.380428 33976.000000
40.006870 116.380418 33977.000000
40.007002 116.380407 33978.000000
40.007130 116.380393 33979.000000
40.007255 116.380382 33980.000000
40.007377 116.380372 33981.000000
40.007493 116.380365 33982.000000
40.007603 116.380357 33983.000000
40.007705 116.380350 33984.000000
40.007795 116.380340 33985.000000
40.007953 116.380328 33987.000000
40.008087 116.380318 33989.000000
40.008187 116.380312 33991.000000
40.008293 116.380303 34034.000000
40.008395 116.380265 34037.000000
40.008497 116.380208 34039.000000
40.008560 116.380093 34041.000000
40.008588 116.379942 34043.000000
40.008585 116.379780 34045.000000
40.008597 116.379627 34047.000000
40.008607 116.379450 34049.000000
40.008612 116.379345 34050.000000
40.008620 116.379230 34051.000000
40.008627 116.379107 34052.000000
40.008633 116.378975 34053.000000
40.008640 116.378842 34054.000000
40.008645 116.378705 34055.000000
40.008650 116.378565 34056.000000
40.008652 116.378425 34057.000000
40.008653 116.378283 34058.000000
40.008655 116.378142 34059.000000
40.008655 116.378002 34060.000000
40.008657 116.377860 34061.000000
40.008657 116.377715 34062.000000
40.008658 116.377567 34063.000000
40.008660 116.377410 34064.000000
40.008663 116.377247 34065.000000
40.008670 116.377082 34066.000000
40.008670 116.376913 34067.000000
40.008673 116.376743 34068.000000
40.008675 116.376575 34069.000000
40.008677 116.376407 34070.000000
40.008678 116.376237 34071.000000
40.008680 116.376068 34072.000000
40.008682 116.375898 34073.000000
40.008685 116.375732 34074.000000
40.008687 116.375565 34075.000000
40.008687 116.375395 34076.000000
40.008685 116.375225 34077.000000
40.008682 116.375052 34078.000000
40.008680 116.374875 34079.000000
40.008678 116.374698 34080.000000
40.008677 116.374517 34081.000000
40.008677 116.374335 34082.000000
40.008677 116.374152 34083.000000
40.008677 116.373967 34084.000000
40.008677 116.373783 34085.000000
40.008675 116.373597 34086.000000
40.008673 116.373410 34087.000000
40.008672 116.373223 34088.000000
40.008672 116.373033 34089.000000
40.008667 116.372840 34090.000000
40.008662 116.372647 34091.000000
40.008660 116.372455 34092.000000
40.008660 116.372265 34093.000000
40.008658 116.372072 34094.000000
40.008658 116.371880 34095.000000
40.008655 116.371687 34096.000000
40.008655 116.371498 34097.000000
40.008652 116.371312 34098.000000
40.008652 116.371128 34099.000000
40.008652 116.370948 34100.000000
40.008650 116.370773 34101.000000
40.008647 116.370603 34102.000000
40.008648 116.370445 34103.000000
40.008650 116.370308 34104.000000
40.008647 116.370188 34105.000000
40.008642 116.370075 34106.000000
40.008637 116.369967 34107.000000
40.008640 116.369867 34108.000000
40.008640 116.369775 34109.000000
40.008637 116.369615 34111.000000
40.008637 116.369488 34113.000000
40.008633 116.369375 34116.000000
40.008622 116.369280 34121.000000
40.008607 116.369138 34124.000000
40.008585 116.368993 34126.000000
40.008562 116.368830 34128.000000
40.008533 116.368653 34130.000000
40.008522 116.368550 34131.000000
40.008512 116.368438 34132.000000
40.008503 116.368322 34133.000000
40.008498 116.368200 34134.000000
40.008488 116.368067 34135.000000
40.008487 116.367932 34136.000000
40.008497 116.367792 34137.000000
40.008515 116.367645 34138.000000
40.008530 116.367490 34139.000000
40.008538 116.367325 34140.000000
40.008542 116.367155 34141.000000
40.008568 116.366988 34142.000000
40.008558 116.366803 34143.000000
40.008563 116.366623 34144.000000
40.008570 116.366443 34145.000000
40.008578 116.366260 34146.000000
40.008595 116.366078 34147.000000
40.008607 116.365893 34148.000000
40.008603 116.365705 34149.000000
40.008598 116.365517 34150.000000
40.008597 116.365328 34151.000000
40.008593 116.365137 34152.000000
40.008595 116.364945 34153.000000
40.008587 116.364750 34154.000000
40.008572 116.364557 34155.000000
40.008555 116.364375 34156.000000
40.008522 116.364203 34157.000000
40.008507 116.364055 34158.000000
40.008490 116.363912 34159.000000
40.008473 116.363775 34160.000000
40.008465 116.363648 34161.000000
40.008462 116.363523 34162.000000
40.008450 116.363393 34163.000000
40.008443 116.363263 34164.000000
40.008435 116.363133 34165.000000
40.008427 116.363008 34166.000000
40.008418 116.362887 34167.000000
40.008407 116.362760 34168.000000
40.008397 116.362630 34169.000000
40.008388 116.362495 34170.000000
40.008382 116.362357 34171.000000
40.008378 116.362212 34172.000000
40.008370 116.362060 34173.000000
40.008373 116.361907 34174.000000
40.008377 116.361747 34175.000000
40.008368 116.361577 34176.000000
40.008367 116.361405 34177.000000
40.008365 116.361235 34178.000000
40.008358 116.361065 34179.000000
40.008352 116.360893 34180.000000
40.008343 116.360717 34181.000000
40.008328 116.360533 34182.000000
40.008330 116.360355 34183.000000
40.008323 116.360172 34184.000000
40.008312 116.359983 34185.000000
40.008303 116.359790 34186.000000
40.008297 116.359583 34187.000000
40.008278 116.359375 34188.000000
40.008262 116.359165 34189.000000
40.008243 116.358953 34190.000000
40.008220 116.358743 34191.000000
40.008197 116.358533 34192.000000
40.008170 116.358325 34193.000000
40.008140 116.358115 34194.000000
40.008107 116.357903 34195.000000
40.008072 116.357692 34196.000000
40.008035 116.357485 34197.000000
40.007995 116.357280 34198.000000
40.007955 116.357078 34199.000000
40.007912 116.356877 34200.000000
40.007868 116.356675 34201.000000
40.007823 116.356472 34202.000000
40.007778 116.356270 34203.000000
40.007733 116.356065 34204.000000
40.007687 116.355857 34205.000000
40.007637 116.355643 34206.000000
40.007587 116.355427 34207.000000
40.007535 116.355213 34208.000000
40.007482 116.355003 34209.000000
40.007428 116.354795 34210.000000
40.007375 116.354588 34211.000000
40.007327 116.354382 34212.000000
40.007280 116.354172 34213.000000
40.007235 116.353960 34214.000000
40.007190 116.353747 34215.000000
40.007147 116.353538 34216.000000
40.007103 116.353335 34217.000000
40.007062 116.353135 34218.000000
40.007020 116.352942 34219.000000
40.006978 116.352750 34220.000000
40.006938 116.352562 34221.000000
40.006900 116.352372 34222.000000
40.006868 116.352182 34223.000000
40.006840 116.351993 34224.000000
40.006817 116.351805 34225.000000
40.006795 116.351617 34226.000000
40.006773 116.351428 34227.000000
40.006745 116.351235 34228.000000
40.006718 116.351045 34229.000000
40.006695 116.350860 34230.000000
40.006665 116.350678 34231.000000
40.006613 116.350497 34232.000000
40.006562 116.350295 34233.000000
40.006543 116.350113 34234.000000
40.006538 116.349938 34235.000000
40.006547 116.349772 34236.000000
40.006547 116.349602 34237.000000
40.006542 116.349432 34238.000000
40.006530 116.349253 34239.000000
40.006535 116.349085 34240.000000
40.006535 116.348918 34241.000000
40.006520 116.348752 34242.000000
40.006500 116.348582 34243.000000
40.006525 116.348433 34244.000000
40.006542 116.348285 34245.000000
40.006528 116.348133 34246.000000
40.006518 116.347988 34247.000000
40.006535 116.347855 34248.000000
40.006533 116.347713 34249.000000
40.006547 116.347578 34250.000000
40.006563 116.347450 34251.000000
40.006575 116.347327 34252.000000
40.006593 116.347217 34253.000000
40.006607 116.347122 34254.000000
40.006615 116.346948 34256.000000
40.006612 116.346838 34258.000000
40.006615 116.346740 34268.000000
40.006613 116.346625 34273.000000
40.006587 116.346508 34276.000000
40.006592 116.346418 34280.000000
40.006682 116.346360 34286.000000
40.006820 116.346402 34288.000000
40.006967 116.346383 34290.000000
40.007135 116.346357 34292.000000
40.007233 116.346350 34293.000000
40.007340 116.346347 34294.000000
40.007450 116.346340 34295.000000
40.007560 116.346318 34296.000000
40.007678 116.346305 34297.000000
40.007805 116.346297 34298.000000
40.007932 116.346288 34299.000000
40.008062 116.346287 34300.000000
40.008195 116.346285 34301.000000
40.008332 116.346283 34302.000000
40.008472 116.346277 34303.000000
40.008615 116.346270 34304.000000
40.008763 116.346278 34305.000000
40.008912 116.346268 34306.000000
40.009060 116.346257 34307.000000
40.009205 116.346237 34308.000000
40.009350 116.346218 34309.000000
40.009495 116.346202 34310.000000
40.009640 116.346193 34311.000000
40.009787 116.346188 34312.000000
40.009930 116.346188 34313.000000
40.010072 116.346182 34314.000000
40.010212 116.346170 34315.000000
40.010345 116.346155 34316.000000
40.010467 116.346145 34317.000000
40.010578 116.346142 34318.000000
40.010683 116.346143 34319.000000
40.011102 116.346148 34324.000000
40.011192 116.346122 34325.000000
40.011280 116.346102 34326.000000
40.011440 116.346070 34328.000000
40.011567 116.346037 34330.000000
40.011663 116.346008 34332.000000
40.011758 116.345953 34334.000000
40.011847 116.346060 34335.000000
40.011982 116.346077 34337.000000
40.012095 116.346070 34339.000000
40.012185 116.346072 34341.000000
40.012298 116.346075 34344.000000
40.012408 116.346065 34347.000000
40.012512 116.346057 34350.000000
40.012617 116.346053 34353.000000
40.012742 116.346057 34356.000000
40.012833 116.346055 34358.000000
40.012928 116.346053 34360.000000
40.013025 116.346048 34363.000000
40.013133 116.346045 34373.000000
40.013233 116.346037 34378.000000
40.013328 116.346032 34381.000000
40.013418 116.346028 34383.000000
40.013547 116.346025 34386.000000
40.013673 116.346020 34389.000000
40.013805 116.345985 34392.000000
40.013892 116.345927 34394.000000
40.013973 116.345848 34396.000000
40.014032 116.345738 34398.000000
40.014035 116.345565 34400.000000
40.014025 116.345397 34402.000000
40.014010 116.345212 34404.000000
40.013972 116.345090 34405.000000
40.013963 116.344985 34406.000000
40.013952 116.344875 34407.000000
40.013945 116.344767 34408.000000
40.013940 116.344663 34409.000000
40.013928 116.344560 34410.000000
40.013917 116.344458 34411.000000
40.013905 116.344352 34412.000000
40.013895 116.344243 34413.000000
40.013882 116.344132 34414.000000
40.013875 116.344018 34415.000000
40.013875 116.343903 34416.000000
40.013883 116.343790 34417.000000
40.013880 116.343675 34418.000000
40.013882 116.343567 34419.000000
40.013878 116.343458 34420.000000
40.013883 116.343358 34421.000000
40.013897 116.343263 34422.000000
40.013902 116.343167 34423.000000
40.013917 116.343075 34424.000000
40.013932 116.342983 34425.000000
40.013945 116.342888 34426.000000
40.013952 116.342792 34427.000000
40.013945 116.342695 34428.000000
40.013927 116.342602 34429.000000
40.013975 116.342498 34431.000000
40.014020 116.342387 34434.000000
40.014050 116.342298 34437.000000
40.013990 116.342217 34441.000000
40.013942 116.342140 34445.000000
40.013918 116.342003 34448.000000
40.013923 116.341872 34450.000000
40.013945 116.341715 34452.000000
40.013948 116.341620 34453.000000
40.013950 116.341513 34454.000000
40.013957 116.341403 34455.000000
40.013965 116.341290 34456.000000
40.013972 116.341172 34457.000000
40.013958 116.341042 34458.000000
40.013962 116.340915 34459.000000
40.013977 116.340788 34460.000000
40.013968 116.340652 34461.000000
40.013958 116.340515 34462.000000
40.013955 116.340382 34463.000000
40.013958 116.340252 34464.000000
40.013957 116.340120 34465.000000
40.013963 116.339990 34466.000000
40.013952 116.339857 34467.000000
40.013937 116.339733 34468.000000
40.013930 116.339627 34469.000000
40.013910 116.339483 34471.000000
40.013858 116.339408 34475.000000
40.013807 116.339518 34481.000000
40.013807 116.339627 34483.000000
40.013807 116.339760 34485.000000
40.013810 116.339932 34487.000000
40.013812 116.340028 34488.000000
40.013813 116.340133 34489.000000
40.013817 116.340247 34490.000000
40.013820 116.340365 34491.000000
40.013822 116.340482 34492.000000
40.013827 116.340593 34493.000000
40.013828 116.340687 34494.000000
40.013832 116.340850 34496.000000
40.013835 116.341028 34498.000000
40.013833 116.341125 34499.000000
40.013832 116.341227 34500.000000
40.013832 116.341332 34501.000000
40.013837 116.341440 34502.000000
40.013840 116.341547 34503.000000
40.013842 116.341645 34504.000000
40.013847 116.341738 34505.000000
40.013868 116.341900 34507.000000
40.013877 116.341998 34509.000000
40.013830 116.342110 34514.000000
40.013832 116.342212 34516.000000
40.013840 116.342363 34518.000000
40.013843 116.342453 34519.000000
40.013845 116.342545 34520.000000
40.013845 116.342647 34521.000000
40.013848 116.342755 34522.000000
40.013852 116.342870 34523.000000
40.013855 116.342988 34524.000000
40.013857 116.343110 34525.000000
40.013860 116.343240 34526.000000
40.013863 116.343372 34527.000000
40.013867 116.343508 34528.000000
40.013867 116.343643 34529.000000
40.013870 116.343778 34530.000000
40.013870 116.343917 34531.000000
40.013872 116.344055 34532.000000
40.013872 116.344188 34533.000000
40.013872 116.344325 34534.000000
40.013873 116.344462 34535.000000
40.013865 116.344600 34536.000000
40.013863 116.344742 34537.000000
40.013852 116.344882 34538.000000
40.013857 116.345025 34539.000000
40.013855 116.345160 34540.000000
40.013858 116.345288 34541.000000
40.013863 116.345402 34542.000000
40.013880 116.345507 34543.000000
40.013857 116.345652 34545.000000
40.013833 116.345767 34547.000000
40.013727 116.345788 34550.000000
40.013627 116.345803 34552.000000
40.013518 116.345812 34554.000000
40.013385 116.345812 34556.000000
40.013227 116.345818 34558.000000
40.013067 116.345827 34560.000000
40.012900 116.345833 34562.000000
40.012727 116.345810 34564.000000
40.012552 116.345788 34566.000000
40.012390 116.345788 34568.000000
40.012247 116.345797 34570.000000
40.012113 116.345798 34572.000000
40.011988 116.345798 34574.000000
40.011875 116.345802 34576.000000
40.011760 116.345802 34578.000000
40.011628 116.345802 34580.000000
40.011443 116.345777 34582.000000
40.011355 116.345755 34583.000000
40.011262 116.345750 34584.000000
40.011167 116.345742 34585.000000
40.011048 116.345765 34586.000000
40.010948 116.345772 34587.000000
40.010842 116.345758 34588.000000
40.010742 116.345757 34589.000000
40.010643 116.345770 34590.000000
40.010543 116.345772 34591.000000
40.010447 116.345795 34592.000000
40.010348 116.345800 34593.000000
40.010250 116.345818 34594.000000
40.010152 116.345832 34595.000000
40.010057 116.345843 34596.000000
40.009963 116.345853 34597.000000
40.009835 116.345887 34599.000000
40.009715 116.345910 34602.000000
40.009650 116.345825 34606.000000
40.009587 116.345755 34613.000000
40.009505 116.345798 34711.000000
40.009485 116.345890 34715.000000
40.009423 116.345982 34718.000000
40.009315 116.346030 34721.000000
40.009193 116.346047 34723.000000
40.009042 116.346052 34725.000000
40.008892 116.346057 34727.000000
40.008728 116.346072 34729.000000
40.008567 116.346090 34731.000000
40.008402 116.346087 34733.000000
40.008253 116.346093 34735.000000
40.008113 116.346105 34737.000000
40.007983 116.346112 34739.000000
40.007855 116.346123 34741.000000
40.007733 116.346112 34743.000000
40.007630 116.346107 34745.000000
40.007520 116.346095 34748.000000
40.007407 116.346080 34752.000000
40.007317 116.346078 34768.000000
40.007227 116.346102 34773.000000
40.007130 116.346118 34776.000000
40.007040 116.346128 34779.000000
40.006947 116.346137 34782.000000
40.006848 116.346147 34785.000000
40.006740 116.346150 34788.000000
40.006613 116.346150 34791.000000
40.006493 116.346138 34794.000000
40.006403 116.346117 34796.000000
40.006302 116.346098 34798.000000
40.006185 116.346093 34800.000000
40.006063 116.346098 34802.000000
40.005928 116.346107 34804.000000
40.005768 116.346125 34806.000000
40.005678 116.346137 34807.000000
40.005583 116.346148 34808.000000
40.005483 116.346157 34809.000000
40.005373 116.346168 34810.000000
40.005260 116.346177 34811.000000
40.005138 116.346185 34812.000000
40.005012 116.346192 34813.000000
40.004878 116.346195 34814.000000
40.004738 116.346200 34815.000000
40.004595 116.346207 34816.000000
40.004445 116.346213 34817.000000
40.004295 116.346220 34818.000000
40.004145 116.346227 34819.000000
40.003993 116.346233 34820.000000
40.003840 116.346240 34821.000000
40.003683 116.346243 34822.000000
40.003532 116.346243 34823.000000
40.003397 116.346247 34824.000000
40.003273 116.346245 34825.000000
40.003158 116.346243 34826.000000
40.003052 116.346240 34827.000000
40.002950 116.346237 34828.000000
40.002852 116.346237 34829.000000
40.002752 116.346238 34830.000000
40.002647 116.346230 34831.000000
40.002543 116.346228 34832.000000
40.002442 116.346227 34833.000000
40.002338 116.346227 34834.000000
40.002233 116.346232 34835.000000
40.002125 116.346242 34836.000000
40.002015 116.346252 34837.000000
40.001898 116.346257 34838.000000
40.001783 116.346263 34839.000000
40.001673 116.346275 34840.000000
40.001570 116.346297 34841.000000
40.001462 116.346303 34842.000000
40.001357 116.346310 34843.000000
40.001253 116.346315 34844.000000
40.001160 116.346320 34845.000000
40.001068 116.346315 34846.000000
40.000917 116.346307 34848.000000
40.000793 116.346307 34850.000000
40.000702 116.346307 34852.000000
40.000602 116.346240 34861.000000
40.000558 116.346157 34868.000000
40.000465 116.346097 34922.000000
40.000340 116.346130 34925.000000
40.000235 116.346162 34927.000000
40.000130 116.346188 34929.000000
40.000010 116.346212 34931.000000
39.999863 116.346233 34933.000000
39.999693 116.346255 34935.000000
39.999513 116.346278 34937.000000
39.999420 116.346290 34938.000000
39.999323 116.346302 34939.000000
39.999223 116.346313 34940.000000
39.999118 116.346320 34941.000000
39.999010 116.346325 34942.000000
39.998897 116.346330 34943.000000
39.998783 116.346335 34944.000000
39.998672 116.346340 34945.000000
39.998562 116.346348 34946.000000
39.998455 116.346358 34947.000000
39.998352 116.346368 34948.000000
39.998252 116.346380 34949.000000
39.998150 116.346387 34950.000000
39.998048 116.346393 34951.000000
39.997947 116.346398 34952.000000
39.997852 116.346407 34953.000000
39.997677 116.346428 34955.000000
39.997502 116.346448 34957.000000
39.997412 116.346457 34958.000000
39.997318 116.346463 34959.000000
39.997225 116.346470 34960.000000
39.997133 116.346478 34961.000000
39.997043 116.346487 34962.000000
39.996950 116.346493 34963.000000
39.996853 116.346502 34964.000000
39.996757 116.346507 34965.000000
39.996660 116.346512 34966.000000
39.996567 116.346517 34967.000000
39.996475 116.346520 34968.000000
39.996385 116.346523 34969.000000
39.996295 116.346528 34970.000000
39.996202 116.346530 34971.000000
39.996108 116.346533 34972.000000
39.996013 116.346537 34973.000000
39.995918 116.346538 34974.000000
39.995825 116.346538 34975.000000
39.995732 116.346537 34976.000000
39.995642 116.346538 34977.000000
39.995550 116.346542 34978.000000
39.995457 116.346543 34979.000000
39.995362 116.346547 34980.000000
39.995268 116.346553 34981.000000
39.995092 116.346570 34983.000000
39.994913 116.346578 34985.000000
39.994823 116.346583 34986.000000
39.994648 116.346592 34988.000000
39.994488 116.346605 34990.000000
39.994340 116.346618 34992.000000
39.994207 116.346632 34994.000000
39.994087 116.346645 34996.000000
39.993975 116.346655 34998.000000
39.993857 116.346667 35000.000000
39.993737 116.346678 35002.000000
39.993612 116.346687 35004.000000
39.993493 116.346698 35006.000000
39.993400 116.346707 35008.000000
39.993308 116.346715 35011.000000
39.993203 116.346725 35015.000000
39.993093 116.346738 35026.000000
39.992960 116.346742 35029.000000
39.992857 116.346745 35031.000000
39.992730 116.346750 35033.000000
39.992593 116.346757 35035.000000
39.992453 116.346763 35037.000000
39.992300 116.346770 35039.000000
39.992142 116.346775 35041.000000
39.991982 116.346785 35043.000000
39.991822 116.346802 35045.000000
39.991662 116.346822 35047.000000
39.991500 116.346837 35049.000000
39.991363 116.346843 35051.000000
39.991238 116.346848 35053.000000
39.991113 116.346855 35055.000000
39.990983 116.346862 35057.000000
39.990857 116.346868 35059.000000
39.990750 116.346875 35061.000000
39.990620 116.346882 35064.000000
39.990505 116.346888 35066.000000
39.990378 116.346898 35068.000000
39.990267 116.346905 35070.000000
39.990177 116.346907 35072.000000
39.990087 116.346912 35075.000000
39.989982 116.346923 35079.000000
39.989842 116.346927 35082.000000
39.989717 116.346933 35084.000000
39.989582 116.346937 35086.000000
39.989442 116.346940 35088.000000
39.989297 116.346942 35090.000000
39.989145 116.346942 35092.000000
39.988963 116.346933 35094.000000
39.988855 116.346938 35095.000000
39.988735 116.346942 35096.000000
39.988612 116.346947 35097.000000
39.988492 116.346952 35098.000000
39.988380 116.346957 35099.000000
39.988273 116.346960 35100.000000
39.988178 116.346958 35101.000000
39.988018 116.346950 35103.000000
39.987872 116.346942 35105.000000
39.987733 116.346928 35107.000000
39.987608 116.346918 35109.000000
39.987485 116.346912 35111.000000
39.987333 116.346905 35113.000000
39.987162 116.346898 35115.000000
39.987072 116.346897 35116.000000
39.986980 116.346898 35117.000000
39.986883 116.346902 35118.000000
39.986787 116.346905 35119.000000
39.986688 116.346907 35120.000000
39.986592 116.346908 35121.000000
39.986498 116.346912 35122.000000
39.986337 116.346915 35124.000000
39.986225 116.346923 35126.000000
39.986105 116.346925 35129.000000
39.986018 116.346897 35132.000000
39.985938 116.346835 35135.000000
39.985880 116.346727 35138.000000
39.985842 116.346583 35141.000000
39.985833 116.346430 35143.000000
39.985825 116.346255 35145.000000
39.985820 116.346083 35147.000000
39.985817 116.345987 35148.000000
39.985812 116.345890 35149.000000
39.985808 116.345778 35150.000000
39.985803 116.345662 35151.000000
39.985798 116.345548 35152.000000
39.985795 116.345430 35153.000000
39.985788 116.345310 35154.000000
39.985787 116.345190 35155.000000
39.985780 116.345068 35156.000000
39.985772 116.344947 35157.000000
39.985765 116.344812 35158.000000
39.985753 116.344683 35159.000000
39.985743 116.344567 35160.000000
39.985728 116.344452 35161.000000
39.985717 116.344355 35162.000000
39.985700 116.344247 35163.000000
39.985687 116.344143 35164.000000
39.985678 116.344040 35165.000000
39.985672 116.343942 35166.000000
39.985668 116.343843 35167.000000
39.985673 116.343735 35168.000000
39.985677 116.343628 35169.000000
39.985675 116.343518 35170.000000
39.985673 116.343415 35171.000000
39.985682 116.343302 35172.000000
39.985685 116.343190 35173.000000
39.985685 116.343088 35174.000000
39.985710 116.342980 35175.000000
39.985725 116.342873 35176.000000
39.985748 116.342758 35177.000000
39.985810 116.342623 35178.000000
39.985820 116.342480 35179.000000
39.985825 116.342335 35180.000000
39.985785 116.342182 35181.000000
39.985755 116.342013 35182.000000
39.985727 116.341872 35183.000000
39.985717 116.341692 35184.000000
39.985702 116.341507 35185.000000
39.985683 116.341322 35186.000000
39.985660 116.341117 35187.000000
39.985645 116.340908 35188.000000
39.985637 116.340702 35189.000000
39.985630 116.340500 35190.000000
39.985627 116.340310 35191.000000
39.985618 116.340117 35192.000000
39.985612 116.339922 35193.000000
39.985605 116.339728 35194.000000
39.985598 116.339535 35195.000000
39.985592 116.339347 35196.000000
39.985588 116.339165 35197.000000
39.985585 116.338997 35198.000000
39.985578 116.338828 35199.000000
39.985573 116.338660 35200.000000
39.985568 116.338492 35201.000000
39.985558 116.338320 35202.000000
39.985552 116.338148 35203.000000
39.985545 116.337975 35204.000000
39.985538 116.337805 35205.000000
39.985532 116.337638 35206.000000
39.985525 116.337485 35207.000000
39.985515 116.337340 35208.000000
39.985507 116.337180 35209.000000
39.985493 116.337018 35210.000000
39.985485 116.336850 35211.000000
39.985480 116.336672 35212.000000
39.985470 116.336485 35213.000000
39.985462 116.336292 35214.000000
39.985452 116.336098 35215.000000
39.985440 116.335907 35216.000000
39.985433 116.335710 35217.000000
39.985425 116.335515 35218.000000
39.985417 116.335317 35219.000000
39.985405 116.335128 35220.000000
39.985395 116.334932 35221.000000
39.985387 116.334742 35222.000000
39.985375 116.334557 35223.000000
39.985360 116.334362 35224.000000
39.985342 116.334183 35225.000000
39.985332 116.333992 35226.000000
39.985313 116.333790 35227.000000
39.985295 116.333587 35228.000000
39.985282 116.333375 35229.000000
39.985272 116.333150 35230.000000
39.985265 116.332930 35231.000000
39.985257 116.332710 35232.000000
39.985247 116.332493 35233.000000
39.985240 116.332290 35234.000000
39.985243 116.332097 35235.000000
39.985245 116.331908 35236.000000
39.985235 116.331722 35237.000000
39.985228 116.331542 35238.000000
39.985220 116.331357 35239.000000
39.985215 116.331142 35240.000000
39.985202 116.330953 35241.000000
39.985188 116.330762 35242.000000
39.985175 116.330573 35243.000000
39.985162 116.330382 35244.000000
39.985152 116.330188 35245.000000
39.985143 116.329995 35246.000000
39.985133 116.329800 35247.000000
39.985122 116.329602 35248.000000
39.985112 116.329407 35249.000000
39.985103 116.329217 35250.000000
39.985095 116.329040 35251.000000
39.985092 116.328862 35252.000000
39.985085 116.328705 35253.000000
39.985080 116.328570 35254.000000
39.985075 116.328447 35255.000000
39.985072 116.328327 35256.000000
39.985065 116.328208 35257.000000
39.985072 116.328085 35258.000000
39.985068 116.327990 35259.000000
39.985053 116.327837 35261.000000
39.985195 116.327713 35263.000000
39.985152 116.327620 35323.000000
39.985142 116.327488 35326.000000
39.985135 116.327357 35328.000000
39.985130 116.327238 35329.000000
39.985125 116.327145 35330.000000
39.985118 116.327052 35331.000000
39.985110 116.326955 35332.000000
39.985102 116.326852 35333.000000
39.985095 116.326743 35334.000000
39.985085 116.326632 35335.000000
39.985077 116.326505 35336.000000
39.985068 116.326375 35337.000000
39.985060 116.326245 35338.000000
39.985053 116.326110 35339.000000
39.985047 116.325972 35340.000000
39.985040 116.325830 35341.000000
39.985035 116.325667 35342.000000
39.985028 116.325520 35343.000000
39.985020 116.325373 35344.000000
39.985012 116.325222 35345.000000
39.985005 116.325060 35346.000000
39.984995 116.324895 35347.000000
39.984987 116.324728 35348.000000
39.984975 116.324567 35349.000000
39.984967 116.324377 35350.000000
39.984958 116.324200 35351.000000
39.984948 116.324025 35352.000000
39.984940 116.323855 35353.000000
39.984933 116.323687 35354.000000
39.984927 116.323523 35355.000000
39.984922 116.323370 35356.000000
39.984917 116.323227 35357.000000
39.984912 116.323092 35358.000000
39.984907 116.322957 35359.000000
39.984897 116.322843 35360.000000
39.984893 116.322718 35361.000000
39.984890 116.322608 35362.000000
39.984877 116.322510 35364.000000
39.984875 116.322368 35366.000000
39.984872 116.322267 35368.000000
39.984858 116.322175 35372.000000
39.984837 116.322085 35385.000000
39.984830 116.321952 35388.000000
39.984827 116.321853 35390.000000
39.984822 116.321737 35392.000000
39.984817 116.321582 35394.000000
39.984812 116.321417 35396.000000
39.984807 116.321242 35398.000000
39.984805 116.321150 35399.000000
39.984807 116.320978 35401.000000
39.984812 116.320813 35403.000000
39.984817 116.320655 35405.000000
39.984818 116.320513 35407.000000
39.984822 116.320393 35409.000000
39.984832 116.320295 35411.000000
39.984865 116.320207 35416.000000
39.984968 116.320187 35428.000000
39.985052 116.320110 35433.000000
39.984988 116.320015 35437.000000
39.984970 116.319920 35438.000000
39.984953 116.319817 35441.000000
39.984982 116.319730 35446.000000
