39.989548 116.321110 33557.000000
39.989572 116.321113 33558.000000
39.989687 116.321143 33563.000000
39.989780 116.321172 33566.000000
39.989883 116.321188 33569.000000
39.989985 116.321197 33572.000000
39.990092 116.321207 33575.000000
39.990190 116.321203 33578.000000
39.990287 116.321205 33581.000000
39.990385 116.321210 33584.000000
39.990477 116.321208 33587.000000
39.990568 116.321220 33590.000000
39.990665 116.321208 33593.000000
39.990768 116.321188 33596.000000
39.990870 116.321183 33599.000000
39.990967 116.321192 33602.000000
39.991062 116.321245 33605.000000
39.991098 116.321353 33608.000000
39.991068 116.321490 33611.000000
39.991058 116.321597 33613.000000
39.991057 116.321713 33616.000000
39.991052 116.321850 33619.000000
39.991010 116.321945 33621.000000
39.991003 116.322045 33623.000000
39.990998 116.322135 33625.000000
39.990893 116.322332 33628.000000
39.990807 116.322435 33630.000000
39.990913 116.322463 33635.000000
39.990937 116.322580 33638.000000
39.990953 116.322680 33640.000000
39.990982 116.322768 33642.000000
39.990995 116.322880 33645.000000
39.990817 116.322965 33648.000000
39.990670 116.323002 33649.000000
39.990508 116.323118 33651.000000
39.990477 116.323230 33653.000000
39.990460 116.323330 33655.000000
39.990477 116.323433 33657.000000
39.990543 116.323507 33659.000000
39.990630 116.323602 33662.000000
39.990698 116.323692 33665.000000
39.990700 116.323798 33668.000000
39.990708 116.323908 33671.000000
39.990715 116.324010 33674.000000
39.990725 116.324132 33677.000000
39.990807 116.324235 33678.000000
39.990887 116.324382 33680.000000
39.990948 116.324510 33682.000000
39.990983 116.324625 33684.000000
39.990993 116.324742 33686.000000
39.991035 116.324838 33688.000000
39.991052 116.324943 33690.000000
39.991062 116.325043 33692.000000
39.991068 116.325140 33694.000000
39.991085 116.325240 33696.000000
39.991097 116.325340 33698.000000
39.991108 116.325442 33700.000000
39.991112 116.325542 33702.000000
39.991115 116.325643 33704.000000
39.991113 116.325742 33706.000000
39.991118 116.325837 33708.000000
39.991138 116.325930 33710.000000
39.991157 116.326027 33712.000000
39.991165 116.326127 33714.000000
39.991167 116.326218 33716.000000
39.991170 116.326347 33719.000000
39.991173 116.326450 33722.000000
39.991183 116.326543 33726.000000
39.991232 116.326637 33754.000000
39.991313 116.326713 33759.000000
39.991382 116.326800 33764.000000
39.991473 116.326847 33768.000000
39.991567 116.326902 33776.000000
39.991653 116.326927 33780.000000
39.991743 116.326892 33786.000000
39.991850 116.326888 33790.000000
39.991820 116.326800 33793.000000
39.991752 116.326725 33794.000000
39.991785 116.326605 33797.000000
39.991882 116.326535 33800.000000
39.991950 116.326473 33802.000000
39.991987 116.326370 33804.000000
39.992085 116.326387 33805.000000
39.992242 116.326392 33807.000000
39.992378 116.326417 33809.000000
39.992498 116.326473 33811.000000
39.992608 116.326517 33813.000000
39.992698 116.326548 33815.000000
39.992793 116.326577 33818.000000
39.992913 116.326612 33821.000000
39.993015 116.326597 33825.000000
39.993137 116.326607 33828.000000
39.993227 116.326627 33830.000000
39.993328 116.326648 33833.000000
39.993440 116.326670 33837.000000
39.993533 116.326677 33840.000000
39.993637 116.326677 33843.000000
39.993742 116.326683 33846.000000
39.993838 116.326688 33849.000000
39.993950 116.326695 33853.000000
39.994055 116.326717 33858.000000
39.994128 116.326773 33864.000000
39.994198 116.326847 33869.000000
39.994253 116.326937 33872.000000
39.994305 116.327030 33875.000000
39.994360 116.327125 33878.000000
39.994425 116.327215 33881.000000
39.994490 116.327305 33884.000000
39.994553 116.327390 33887.000000
39.994615 116.327468 33891.000000
39.994670 116.327545 33895.000000
39.994733 116.327625 33903.000000
39.994795 116.327718 33908.000000
39.994870 116.327770 33911.000000
39.994927 116.327868 33914.000000
39.994983 116.327960 33917.000000
39.995047 116.328060 33920.000000
39.995118 116.328130 33923.000000
39.995177 116.328202 33928.000000
39.995267 116.328237 33934.000000
39.995370 116.328288 33939.000000
39.995467 116.328358 33942.000000
39.995438 116.328468 33944.000000
39.995463 116.328582 33947.000000
39.995518 116.328675 33950.000000
39.995573 116.328773 33953.000000
39.995665 116.328833 33956.000000
39.995732 116.328900 33959.000000
39.995808 116.328975 33962.000000
39.995898 116.329050 33966.000000
39.995975 116.329108 33969.000000
39.996013 116.329225 33973.000000
39.996097 116.329303 33977.000000
39.996145 116.329398 33980.000000
39.996192 116.329482 33984.000000
39.996262 116.329550 33988.000000
39.996340 116.329632 33992.000000
39.996387 116.329738 33996.000000
39.996450 116.329818 33999.000000
39.996495 116.329902 34002.000000
39.996565 116.329965 34005.000000
39.996648 116.330010 34008.000000
39.996705 116.330098 34011.000000
39.996758 116.330172 34014.000000
39.996838 116.330253 34018.000000
39.996905 116.330337 34022.000000
39.996957 116.330435 34027.000000
39.996983 116.330528 34032.000000
39.997042 116.330617 34038.000000
39.997095 116.330722 34042.000000
39.997170 116.330802 34045.000000
39.997248 116.330868 34048.000000
39.997297 116.330945 34053.000000
39.997318 116.331067 34057.000000
39.997407 116.331128 34061.000000
39.997497 116.331185 34065.000000
39.997573 116.331238 34072.000000
39.997480 116.331268 34077.000000
39.997540 116.331372 34079.000000
39.997665 116.331430 34081.000000
39.997783 116.331447 34083.000000
39.997873 116.331463 34085.000000
39.997987 116.331495 34088.000000
39.998092 116.331533 34091.000000
39.998107 116.331660 34093.000000
39.998203 116.331638 34096.000000
39.998298 116.331632 34099.000000
39.998395 116.331663 34102.000000
39.998490 116.331702 34105.000000
39.998578 116.331740 34108.000000
39.998673 116.331770 34111.000000
39.998762 116.331815 34114.000000
39.998847 116.331855 34117.000000
39.998933 116.331892 34120.000000
39.999025 116.331945 34124.000000
39.999102 116.332002 34128.000000
39.999160 116.332073 34137.000000
39.999237 116.332132 34142.000000
39.999312 116.332193 34178.000000
39.999430 116.332185 34183.000000
39.999543 116.332175 34187.000000
39.999652 116.332197 34190.000000
39.999748 116.332237 34193.000000
39.999853 116.332287 34196.000000
39.999967 116.332328 34199.000000
40.000053 116.332353 34201.000000
40.000167 116.332408 34204.000000
40.000270 116.332463 34207.000000
40.000358 116.332510 34210.000000
40.000450 116.332572 34214.000000
40.000532 116.332615 34217.000000
40.000623 116.332650 34221.000000
40.000747 116.332690 34224.000000
40.000832 116.332720 34226.000000
40.000920 116.332755 34228.000000
40.001037 116.332782 34231.000000
40.001143 116.332817 34234.000000
40.001240 116.332872 34237.000000
40.001332 116.332940 34240.000000
40.001433 116.332985 34243.000000
40.001533 116.333030 34246.000000
40.001628 116.333067 34249.000000
40.001723 116.333120 34252.000000
40.001815 116.333178 34255.000000
40.001940 116.333215 34258.000000
40.002018 116.333282 34261.000000
40.002110 116.333343 34264.000000
40.002223 116.333345 34266.000000
40.002332 116.333388 34269.000000
40.002445 116.333413 34273.000000
40.002565 116.333445 34276.000000
40.002693 116.333458 34279.000000
40.002758 116.333523 34283.000000
40.002833 116.333580 34287.000000
40.002913 116.333645 34291.000000
40.003007 116.333707 34295.000000
40.003087 116.333755 34298.000000
40.003173 116.333808 34301.000000
40.003258 116.333872 34305.000000
40.003362 116.333900 34309.000000
40.003447 116.333930 34313.000000
40.003535 116.334003 34317.000000
40.003612 116.334068 34321.000000
40.003682 116.334153 34324.000000
40.003760 116.334228 34327.000000
40.003847 116.334288 34330.000000
40.003933 116.334350 34333.000000
40.004015 116.334418 34336.000000
40.004093 116.334488 34339.000000
40.004167 116.334560 34342.000000
40.004250 116.334622 34345.000000
40.004330 116.334675 34348.000000
40.004440 116.334725 34352.000000
40.004525 116.334767 34355.000000
40.004613 116.334802 34358.000000
40.004710 116.334843 34361.000000
40.004802 116.334880 34364.000000
40.004907 116.334920 34367.000000
40.005005 116.334957 34370.000000
40.005098 116.334993 34373.000000
40.005188 116.335035 34376.000000
40.005280 116.335073 34379.000000
40.005370 116.335105 34382.000000
40.005453 116.335150 34385.000000
40.005540 116.335205 34388.000000
40.005625 116.335247 34391.000000
40.005707 116.335292 34394.000000
40.005803 116.335337 34398.000000
40.005895 116.335378 34402.000000
40.005983 116.335413 34406.000000
40.006078 116.335435 34410.000000
40.006132 116.335515 34417.000000
40.006230 116.335552 34424.000000
40.006328 116.335543 34430.000000
40.006437 116.335548 34436.000000
40.006512 116.335598 34442.000000
40.006605 116.335650 34446.000000
40.006687 116.335695 34451.000000
40.006807 116.335682 34454.000000
40.006897 116.335712 34458.000000
40.006945 116.335797 34465.000000
40.007023 116.335873 34472.000000
40.007115 116.335910 34475.000000
40.007225 116.335943 34478.000000
40.007303 116.335988 34481.000000
40.007400 116.336007 34484.000000
40.007478 116.336058 34489.000000
40.007565 116.336102 34494.000000
40.007658 116.336157 34501.000000
40.007747 116.336215 34505.000000
40.007828 116.336257 34508.000000
40.007932 116.336295 34511.000000
40.008042 116.336328 34514.000000
40.008123 116.336392 34517.000000
40.008218 116.336427 34520.000000
40.008325 116.336445 34523.000000
40.008417 116.336478 34526.000000
40.008495 116.336537 34529.000000
40.008583 116.336585 34532.000000
40.008667 116.336623 34535.000000
40.008768 116.336670 34539.000000
40.008873 116.336712 34543.000000
40.008957 116.336757 34546.000000
40.009040 116.336808 34549.000000
40.009120 116.336865 34553.000000
40.009200 116.336908 34557.000000
40.009303 116.336938 34561.000000
40.009397 116.336967 34564.000000
40.009487 116.337023 34567.000000
40.009568 116.337087 34570.000000
40.009653 116.337128 34573.000000
40.009747 116.337165 34578.000000
40.009832 116.337205 34583.000000
40.009913 116.337248 34587.000000
40.010025 116.337295 34591.000000
40.010105 116.337352 34594.000000
40.010200 116.337390 34597.000000
40.010303 116.337440 34601.000000
40.010392 116.337493 34605.000000
40.010477 116.337528 34610.000000
40.010565 116.337558 34615.000000
40.010655 116.337627 34620.000000
40.010737 116.337680 34624.000000
40.010830 116.337715 34628.000000
40.010937 116.337782 34631.000000
40.011030 116.337843 34634.000000
40.011115 116.337887 34637.000000
40.011200 116.337917 34640.000000
40.011292 116.337958 34644.000000
40.011383 116.337997 34648.000000
40.011470 116.338062 34652.000000
40.011560 116.338112 34656.000000
40.011655 116.338165 34661.000000
40.011737 116.338203 34665.000000
40.011820 116.338240 34669.000000
40.011920 116.338283 34674.000000
40.012007 116.338320 34679.000000
40.012092 116.338365 34684.000000
40.012182 116.338403 34689.000000
40.012260 116.338448 34696.000000
40.012335 116.338505 34703.000000
40.012422 116.338555 34710.000000
40.012512 116.338595 34716.000000
40.012607 116.338628 34721.000000
40.012693 116.338690 34726.000000
40.012783 116.338740 34732.000000
40.012875 116.338753 34737.000000
40.012962 116.338793 34744.000000
40.013047 116.338832 34750.000000
40.013138 116.338895 34756.000000
40.013217 116.338950 34761.000000
40.013308 116.338987 34767.000000
40.013402 116.339023 34772.000000
40.013497 116.339077 34778.000000
40.013580 116.339118 34784.000000
40.013663 116.339180 34793.000000
40.013740 116.339242 34812.000000
40.013805 116.339307 34819.000000
40.013895 116.339327 34828.000000
40.014005 116.339347 34832.000000
40.014105 116.339385 34836.000000
40.014168 116.339475 34841.000000
40.014260 116.339513 34845.000000
40.014377 116.339538 34848.000000
40.014480 116.339598 34851.000000
40.014587 116.339635 34854.000000
40.014692 116.339673 34857.000000
40.014775 116.339713 34860.000000
40.014885 116.339753 34864.000000
40.015002 116.339775 34868.000000
40.015087 116.339808 34871.000000
40.015175 116.339843 34874.000000
40.015282 116.339867 34878.000000
40.015393 116.339895 34882.000000
40.015490 116.339910 34885.000000
40.015588 116.339963 34889.000000
40.015687 116.340007 34892.000000
40.015785 116.340048 34895.000000
40.015897 116.340098 34899.000000
40.016002 116.340130 34902.000000
40.016110 116.340177 34905.000000
40.016200 116.340243 34908.000000
40.016290 116.340308 34911.000000
40.016380 116.340367 34914.000000
40.016463 116.340428 34917.000000
40.016548 116.340490 34920.000000
40.016632 116.340548 34923.000000
40.016753 116.340585 34926.000000
40.016862 116.340645 34929.000000
40.016963 116.340697 34932.000000
40.017050 116.340752 34935.000000
40.017132 116.340792 34938.000000
40.017220 116.340832 34941.000000
40.017315 116.340852 34944.000000
40.017410 116.340860 34947.000000
40.017525 116.340888 34951.000000
40.017623 116.340900 34954.000000
40.017727 116.340927 34958.000000
40.017837 116.340942 34962.000000
40.017955 116.340955 34966.000000
40.018042 116.340982 34969.000000
40.018122 116.341037 34974.000000
40.018108 116.341137 34978.000000
40.018028 116.341188 34983.000000
40.017960 116.341253 34988.000000
40.017953 116.341360 34992.000000
40.017917 116.341447 34997.000000
40.017818 116.341440 35007.000000
