40.022583 116.352185 35172.000000
40.022570 116.352093 35178.000000
40.022582 116.352000 35186.000000
40.022632 116.351923 35190.000000
40.022677 116.351833 35194.000000
40.022700 116.351743 35197.000000
40.022692 116.351605 35200.000000
40.022658 116.351493 35202.000000
40.022630 116.351373 35204.000000
40.022612 116.351248 35206.000000
40.022560 116.351152 35208.000000
40.022468 116.351097 35210.000000
40.022343 116.351075 35212.000000
40.022247 116.351020 35214.000000
40.022218 116.350895 35216.000000
40.022250 116.350708 35218.000000
40.022278 116.350602 35219.000000
40.022317 116.350502 35220.000000
40.022348 116.350412 35221.000000
40.022450 116.350290 35223.000000
40.022572 116.350177 35225.000000
40.022638 116.350105 35226.000000
40.022710 116.350023 35227.000000
40.022777 116.349930 35228.000000
40.022850 116.349832 35229.000000
40.022918 116.349720 35230.000000
40.022978 116.349603 35231.000000
40.023035 116.349472 35232.000000
40.023090 116.349337 35233.000000
40.023138 116.349197 35234.000000
40.023180 116.349057 35235.000000
40.023223 116.348923 35236.000000
40.023263 116.348792 35237.000000
40.023310 116.348660 35238.000000
40.023360 116.348520 35239.000000
40.023412 116.348370 35240.000000
40.023467 116.348212 35241.000000
40.023520 116.348048 35242.000000
40.023573 116.347882 35243.000000
40.023630 116.347715 35244.000000
40.023683 116.347545 35245.000000
40.023733 116.347378 35246.000000
40.023780 116.347222 35247.000000
40.023825 116.347075 35248.000000
40.023867 116.346935 35249.000000
40.023908 116.346802 35250.000000
40.023947 116.346668 35251.000000
40.023985 116.346537 35252.000000
40.024022 116.346415 35253.000000
40.024058 116.346310 35254.000000
40.024090 116.346225 35255.000000
40.024150 116.346095 35257.000000
40.024207 116.345985 35259.000000
40.024302 116.345883 35261.000000
40.024382 116.345803 35263.000000
40.024492 116.345690 35265.000000
40.024570 116.345633 35266.000000
40.024648 116.345568 35267.000000
40.024738 116.345500 35268.000000
40.024832 116.345430 35269.000000
40.024928 116.345347 35270.000000
40.025033 116.345260 35271.000000
40.025137 116.345182 35272.000000
40.025233 116.345107 35273.000000
40.025328 116.345027 35274.000000
40.025420 116.344950 35275.000000
40.025510 116.344875 35276.000000
40.025598 116.344805 35277.000000
40.025682 116.344737 35278.000000
40.025767 116.344670 35279.000000
40.025848 116.344605 35280.000000
40.025928 116.344543 35281.000000
40.026007 116.344482 35282.000000
40.026083 116.344423 35283.000000
40.026160 116.344362 35284.000000
40.026238 116.344300 35285.000000
40.026315 116.344238 35286.000000
40.026387 116.344177 35287.000000
40.026463 116.344118 35288.000000
40.026525 116.344052 35289.000000
40.026602 116.343990 35290.000000
40.026678 116.343927 35291.000000
40.026757 116.343862 35292.000000
40.026842 116.343795 35293.000000
40.026933 116.343718 35294.000000
40.027030 116.343640 35295.000000
40.027127 116.343565 35296.000000
40.027222 116.343493 35297.000000
40.027305 116.343428 35298.000000
40.027385 116.343372 35299.000000
40.027513 116.343282 35301.000000
40.027615 116.343212 35303.000000
40.027702 116.343148 35306.000000
40.027788 116.343085 35363.000000
40.027860 116.343023 35365.000000
40.027882 116.342902 35369.000000
40.027787 116.342903 35373.000000
40.027693 116.342977 35374.000000
40.027573 116.342998 35375.000000
40.027465 116.343055 35376.000000
40.027353 116.343110 35377.000000
40.027242 116.343168 35378.000000
40.027117 116.343228 35379.000000
40.026975 116.343300 35380.000000
40.026833 116.343382 35381.000000
40.026695 116.343470 35382.000000
40.026573 116.343557 35383.000000
40.026453 116.343642 35384.000000
40.026335 116.343723 35385.000000
40.026208 116.343808 35386.000000
40.026088 116.343892 35387.000000
40.025977 116.343960 35388.000000
40.025868 116.344035 35389.000000
40.025757 116.344110 35390.000000
40.025653 116.344180 35391.000000
40.025555 116.344243 35392.000000
40.025463 116.344305 35393.000000
40.025375 116.344367 35394.000000
40.025287 116.344430 35395.000000
40.025200 116.344495 35396.000000
40.025113 116.344560 35397.000000
40.025023 116.344627 35398.000000
40.024933 116.344693 35399.000000
40.024842 116.344760 35400.000000
40.024747 116.344828 35401.000000
40.024653 116.344895 35402.000000
40.024557 116.344963 35403.000000
40.024463 116.345028 35404.000000
40.024368 116.345093 35405.000000
40.024277 116.345157 35406.000000
40.024183 116.345212 35407.000000
40.024090 116.345260 35408.000000
40.023988 116.345302 35409.000000
40.023883 116.345330 35410.000000
40.023777 116.345348 35411.000000
40.023670 116.345357 35412.000000
40.023555 116.345340 35413.000000
40.023443 116.345325 35414.000000
40.023333 116.345303 35415.000000
40.023227 116.345275 35416.000000
40.023123 116.345240 35417.000000
40.023025 116.345198 35418.000000
40.022930 116.345150 35419.000000
40.022835 116.345097 35420.000000
40.022743 116.345037 35421.000000
40.022655 116.344970 35422.000000
40.022570 116.344900 35423.000000
40.022483 116.344830 35424.000000
40.022393 116.344762 35425.000000
40.022303 116.344703 35426.000000
40.022212 116.344658 35427.000000
40.022117 116.344627 35428.000000
40.022018 116.344605 35429.000000
40.021918 116.344587 35430.000000
40.021818 116.344573 35431.000000
40.021465 116.344645 35435.000000
40.021337 116.344675 35437.000000
40.021222 116.344663 35439.000000
40.021152 116.344553 35441.000000
40.021102 116.344397 35443.000000
40.021090 116.344293 35444.000000
40.021082 116.344190 35445.000000
40.021058 116.344082 35446.000000
40.021038 116.343962 35447.000000
40.021017 116.343835 35448.000000
40.020992 116.343703 35449.000000
40.020968 116.343558 35450.000000
40.020940 116.343417 35451.000000
40.020915 116.343270 35452.000000
40.020892 116.343112 35453.000000
40.020863 116.342963 35454.000000
40.020825 116.342817 35455.000000
40.020780 116.342672 35456.000000
40.020725 116.342537 35457.000000
40.020660 116.342412 35458.000000
40.020600 116.342312 35459.000000
40.020538 116.342227 35460.000000
40.020467 116.342140 35461.000000
40.020388 116.342053 35462.000000
40.020308 116.341962 35463.000000
40.020237 116.341878 35464.000000
40.020170 116.341807 35465.000000
40.020052 116.341695 35467.000000
40.019950 116.341602 35469.000000
40.019795 116.341532 35471.000000
40.019710 116.341488 35472.000000
40.019622 116.341447 35473.000000
40.019528 116.341410 35474.000000
40.019352 116.341360 35476.000000
40.019263 116.341330 35477.000000
40.019165 116.341295 35478.000000
40.019068 116.341257 35479.000000
40.018972 116.341220 35480.000000
40.018882 116.341187 35481.000000
40.018722 116.341132 35483.000000
40.018603 116.341080 35485.000000
40.018507 116.341050 35489.000000
40.018417 116.341025 35494.000000
40.018303 116.340997 35497.000000
40.018192 116.340990 35499.000000
40.018027 116.340952 35501.000000
40.017923 116.340928 35502.000000
40.017818 116.340903 35503.000000
40.017715 116.340875 35504.000000
40.017607 116.340850 35505.000000
40.017497 116.340830 35506.000000
40.017388 116.340803 35507.000000
40.017295 116.340780 35508.000000
40.017140 116.340728 35510.000000
40.016988 116.340672 35512.000000
40.016850 116.340612 35514.000000
40.016737 116.340548 35516.000000
40.016627 116.340483 35518.000000
40.016505 116.340410 35520.000000
40.016383 116.340337 35522.000000
40.016265 116.340267 35524.000000
40.016140 116.340195 35526.000000
40.016015 116.340120 35528.000000
40.015893 116.340042 35530.000000
40.015775 116.339977 35532.000000
40.015662 116.339922 35534.000000
40.015557 116.339883 35536.000000
40.015447 116.339848 35538.000000
40.015333 116.339810 35540.000000
40.015238 116.339778 35542.000000
40.015142 116.339740 35545.000000
40.015080 116.339655 35549.000000
40.015095 116.339563 35553.000000
40.015077 116.339467 35560.000000
40.014975 116.339450 35566.000000
