40.063367 116.403610 13948.000000
40.063392 116.403512 13951.000000
40.063400 116.403400 13953.000000
40.063390 116.403252 13955.000000
40.063362 116.403165 13956.000000
40.063288 116.403057 13958.000000
40.063150 116.402983 13960.000000
40.062978 116.402948 13962.000000
40.062810 116.402930 13964.000000
40.062643 116.402908 13966.000000
40.062515 116.402887 13968.000000
40.062372 116.402857 13970.000000
40.062218 116.402843 13972.000000
40.062067 116.402832 13974.000000
40.061943 116.402812 13976.000000
40.061842 116.402803 13978.000000
40.061720 116.402795 13981.000000
40.061620 116.402763 13983.000000
40.061502 116.402738 13985.000000
40.061352 116.402733 13987.000000
40.061195 116.402735 13989.000000
40.061105 116.402732 13990.000000
40.060947 116.402737 13992.000000
40.060817 116.402738 13994.000000
40.060705 116.402742 13996.000000
40.060580 116.402737 13999.000000
40.060487 116.402740 14011.000000
40.060360 116.402728 14019.000000
40.060235 116.402742 14022.000000
40.060142 116.402722 14025.000000
40.060038 116.402737 14054.000000
40.059948 116.402747 14056.000000
40.059843 116.402772 14058.000000
40.059712 116.402797 14060.000000
40.059603 116.402810 14062.000000
40.059517 116.402842 14064.000000
40.059452 116.402922 14066.000000
40.059425 116.403062 14068.000000
40.059425 116.403203 14070.000000
40.059417 116.403335 14072.000000
40.059410 116.403492 14074.000000
40.059415 116.403665 14076.000000
40.059415 116.403768 14077.000000
40.059415 116.403873 14078.000000
40.059412 116.403983 14079.000000
40.059412 116.404078 14080.000000
40.059413 116.404170 14081.000000
40.059412 116.404268 14082.000000
40.059410 116.404368 14083.000000
40.059405 116.404460 14084.000000
40.059403 116.404587 14086.000000
40.059403 116.404693 14088.000000
40.059393 116.404808 14150.000000
40.059378 116.404957 14152.000000
40.059378 116.405052 14153.000000
40.059380 116.405150 14154.000000
40.059375 116.405258 14155.000000
40.059373 116.405375 14156.000000
40.059385 116.405495 14157.000000
40.059402 116.405622 14158.000000
40.059408 116.405757 14159.000000
40.059413 116.405897 14160.000000
40.059420 116.406043 14161.000000
40.059422 116.406190 14162.000000
40.059432 116.406345 14163.000000
40.059425 116.406510 14164.000000
40.059420 116.406658 14165.000000
40.059425 116.406788 14166.000000
40.059428 116.406897 14167.000000
40.059408 116.407020 14169.000000
40.059380 116.407127 14172.000000
40.059305 116.407222 14176.000000
40.059202 116.407248 14180.000000
40.059098 116.407253 14223.000000
40.058993 116.407243 14228.000000
40.058902 116.407250 14233.000000
40.058787 116.407258 14239.000000
40.058682 116.407273 14242.000000
40.058588 116.407278 14244.000000
40.058493 116.407288 14246.000000
40.058358 116.407300 14248.000000
40.058223 116.407303 14250.000000
40.058060 116.407317 14252.000000
40.057887 116.407330 14254.000000
40.057717 116.407345 14256.000000
40.057623 116.407352 14257.000000
40.057463 116.407372 14259.000000
40.057320 116.407392 14261.000000
40.057178 116.407410 14263.000000
40.057040 116.407420 14265.000000
40.056913 116.407428 14267.000000
40.056795 116.407435 14269.000000
40.056678 116.407453 14271.000000
40.056550 116.407477 14273.000000
40.056417 116.407503 14275.000000
40.056258 116.407513 14277.000000
40.056110 116.407532 14279.000000
40.055928 116.407553 14281.000000
40.055828 116.407565 14282.000000
40.055710 116.407567 14283.000000
40.055565 116.407555 14284.000000
40.055448 116.407560 14285.000000
40.055318 116.407560 14286.000000
40.055207 116.407573 14287.000000
40.055097 116.407587 14288.000000
40.054985 116.407598 14289.000000
40.054875 116.407615 14290.000000
40.054765 116.407627 14291.000000
40.054658 116.407642 14292.000000
40.054547 116.407660 14293.000000
40.054432 116.407677 14294.000000
40.054315 116.407690 14295.000000
40.054195 116.407698 14296.000000
40.054077 116.407703 14297.000000
40.053952 116.407700 14298.000000
40.053827 116.407690 14299.000000
40.053700 116.407673 14300.000000
40.053562 116.407642 14301.000000
40.053423 116.407608 14302.000000
40.053290 116.407573 14303.000000
40.053150 116.407540 14304.000000
40.053008 116.407503 14305.000000
40.052870 116.407463 14306.000000
40.052732 116.407415 14307.000000
40.052598 116.407367 14308.000000
40.052472 116.407317 14309.000000
40.052355 116.407268 14310.000000
40.052245 116.407218 14311.000000
40.052137 116.407165 14312.000000
40.052030 116.407108 14313.000000
40.051925 116.407045 14314.000000
40.051820 116.406982 14315.000000
40.051718 116.406913 14316.000000
40.051617 116.406847 14317.000000
40.051522 116.406773 14318.000000
40.051427 116.406695 14319.000000
40.051333 116.406618 14320.000000
40.051237 116.406542 14321.000000
40.051135 116.406467 14322.000000
40.051030 116.406388 14323.000000
40.050927 116.406310 14324.000000
40.050823 116.406237 14325.000000
40.050722 116.406165 14326.000000
40.050613 116.406090 14327.000000
40.050505 116.406010 14328.000000
40.050395 116.405928 14329.000000
40.050280 116.405848 14330.000000
40.050165 116.405773 14331.000000
40.050047 116.405700 14332.000000
40.049917 116.405628 14333.000000
40.049782 116.405568 14334.000000
40.049647 116.405527 14335.000000
40.049512 116.405495 14336.000000
40.049377 116.405470 14337.000000
40.049247 116.405452 14338.000000
40.049115 116.405442 14339.000000
40.048978 116.405437 14340.000000
40.048843 116.405443 14341.000000
40.048708 116.405458 14342.000000
40.048578 116.405482 14343.000000
40.048445 116.405510 14344.000000
40.048312 116.405540 14345.000000
40.048175 116.405570 14346.000000
40.048040 116.405598 14347.000000
40.047913 116.405622 14348.000000
40.047790 116.405645 14349.000000
40.047668 116.405670 14350.000000
40.047547 116.405697 14351.000000
40.047422 116.405725 14352.000000
40.047297 116.405757 14353.000000
40.047175 116.405790 14354.000000
40.047047 116.405820 14355.000000
40.046923 116.405850 14356.000000
40.046797 116.405872 14357.000000
40.046672 116.405887 14358.000000
40.046547 116.405890 14359.000000
40.046427 116.405888 14360.000000
40.046310 116.405882 14361.000000
40.046203 116.405875 14362.000000
40.046103 116.405872 14363.000000
40.046005 116.405865 14364.000000
40.045913 116.405858 14365.000000
40.045755 116.405850 14367.000000
40.045633 116.405843 14369.000000
40.045540 116.405832 14371.000000
40.045415 116.405822 14374.000000
40.045292 116.405808 14377.000000
40.045175 116.405800 14380.000000
40.045077 116.405795 14384.000000
40.044983 116.405787 14391.000000
40.044878 116.405778 14395.000000
40.044788 116.405772 14397.000000
40.044680 116.405765 14399.000000
40.044553 116.405760 14401.000000
40.044423 116.405762 14403.000000
40.044280 116.405755 14405.000000
40.044148 116.405730 14407.000000
40.043995 116.405725 14409.000000
40.043897 116.405718 14410.000000
40.043792 116.405713 14411.000000
40.043672 116.405708 14412.000000
40.043543 116.405695 14413.000000
40.043408 116.405687 14414.000000
40.043272 116.405677 14415.000000
40.043123 116.405657 14416.000000
40.042973 116.405635 14417.000000
40.042820 116.405610 14418.000000
40.042672 116.405585 14419.000000
40.042530 116.405567 14420.000000
40.042393 116.405552 14421.000000
40.042260 116.405540 14422.000000
40.042130 116.405530 14423.000000
40.042000 116.405522 14424.000000
40.041870 116.405513 14425.000000
40.041745 116.405505 14426.000000
40.041622 116.405498 14427.000000
40.041495 116.405490 14428.000000
40.041368 116.405483 14429.000000
40.041240 116.405472 14430.000000
40.041110 116.405457 14431.000000
40.040975 116.405445 14432.000000
40.040837 116.405427 14433.000000
40.040690 116.405403 14434.000000
40.040545 116.405385 14435.000000
40.040398 116.405370 14436.000000
40.040252 116.405358 14437.000000
40.040103 116.405347 14438.000000
40.039958 116.405335 14439.000000
40.039815 116.405325 14440.000000
40.039677 116.405313 14441.000000
40.039543 116.405305 14442.000000
40.039410 116.405292 14443.000000
40.039280 116.405277 14444.000000
40.039152 116.405257 14445.000000
40.039025 116.405240 14446.000000
40.038900 116.405218 14447.000000
40.038772 116.405192 14448.000000
40.038648 116.405168 14449.000000
40.038527 116.405148 14450.000000
40.038407 116.405128 14451.000000
40.038287 116.405107 14452.000000
40.038170 116.405085 14453.000000
40.038055 116.405065 14454.000000
40.037942 116.405043 14455.000000
40.037832 116.405025 14456.000000
40.037728 116.405008 14457.000000
40.037630 116.404993 14458.000000
40.037533 116.404978 14459.000000
40.037437 116.404960 14460.000000
40.037347 116.404942 14461.000000
40.037200 116.404923 14463.000000
40.037098 116.404910 14465.000000
40.037005 116.404890 14468.000000
40.036902 116.404867 14509.000000
40.036808 116.404852 14511.000000
40.036680 116.404832 14513.000000
40.036532 116.404810 14515.000000
40.036352 116.404783 14517.000000
40.036255 116.404768 14518.000000
40.036157 116.404753 14519.000000
40.036055 116.404738 14520.000000
40.035952 116.404720 14521.000000
40.035845 116.404700 14522.000000
40.035737 116.404680 14523.000000
40.035623 116.404658 14524.000000
40.035507 116.404638 14525.000000
40.035390 116.404620 14526.000000
40.035270 116.404598 14527.000000
40.035153 116.404580 14528.000000
40.035038 116.404562 14529.000000
40.034928 116.404548 14530.000000
40.034815 116.404530 14531.000000
40.034703 116.404510 14532.000000
40.034597 116.404497 14533.000000
40.034492 116.404483 14534.000000
40.034390 116.404468 14535.000000
40.034288 116.404453 14536.000000
40.034182 116.404435 14537.000000
40.034075 116.404420 14538.000000
40.033967 116.404400 14539.000000
40.033853 116.404378 14540.000000
40.033742 116.404360 14541.000000
40.033625 116.404333 14542.000000
40.033512 116.404312 14543.000000
40.033400 116.404290 14544.000000
40.033288 116.404270 14545.000000
40.033175 116.404250 14546.000000
40.033062 116.404227 14547.000000
40.032953 116.404210 14548.000000
40.032847 116.404192 14549.000000
40.032745 116.404172 14550.000000
40.032653 116.404155 14551.000000
40.032485 116.404123 14553.000000
40.032335 116.404100 14555.000000
40.032238 116.404105 14557.000000
40.032148 116.404120 14563.000000
40.032053 116.404118 14590.000000
40.031947 116.404098 14593.000000
40.031837 116.404077 14595.000000
40.031705 116.404050 14597.000000
40.031550 116.404015 14599.000000
40.031373 116.403968 14601.000000
40.031273 116.403940 14602.000000
40.031172 116.403912 14603.000000
40.031067 116.403885 14604.000000
40.030955 116.403860 14605.000000
40.030838 116.403835 14606.000000
40.030713 116.403810 14607.000000
40.030580 116.403787 14608.000000
40.030442 116.403760 14609.000000
40.030297 116.403733 14610.000000
40.030153 116.403708 14611.000000
40.030012 116.403687 14612.000000
40.029870 116.403663 14613.000000
40.029723 116.403640 14614.000000
40.029578 116.403617 14615.000000
40.029433 116.403592 14616.000000
40.029287 116.403567 14617.000000
40.029140 116.403542 14618.000000
40.028992 116.403517 14619.000000
40.028842 116.403493 14620.000000
40.028693 116.403467 14621.000000
40.028543 116.403442 14622.000000
40.028402 116.403418 14623.000000
40.028263 116.403393 14624.000000
40.028128 116.403372 14625.000000
40.027997 116.403348 14626.000000
40.027865 116.403325 14627.000000
40.027733 116.403307 14628.000000
40.027602 116.403283 14629.000000
40.027468 116.403262 14630.000000
40.027335 116.403238 14631.000000
40.027200 116.403213 14632.000000
40.027067 116.403190 14633.000000
40.026940 116.403173 14634.000000
40.026823 116.403153 14635.000000
40.026712 116.403133 14636.000000
40.026607 116.403117 14637.000000
40.026502 116.403100 14638.000000
40.026397 116.403085 14639.000000
40.026293 116.403063 14640.000000
40.026197 116.403043 14641.000000
40.026103 116.403027 14642.000000
40.026007 116.403012 14643.000000
40.025903 116.402988 14644.000000
40.025802 116.402970 14645.000000
40.025697 116.402950 14646.000000
40.025592 116.402930 14647.000000
40.025487 116.402910 14648.000000
40.025383 116.402892 14649.000000
40.025278 116.402873 14650.000000
40.025177 116.402855 14651.000000
40.025075 116.402838 14652.000000
40.024973 116.402822 14653.000000
40.024873 116.402803 14654.000000
40.024775 116.402785 14655.000000
40.024678 116.402768 14656.000000
40.024582 116.402752 14657.000000
40.024483 116.402732 14658.000000
40.024383 116.402715 14659.000000
40.024278 116.402695 14660.000000
40.024168 116.402677 14661.000000
40.024055 116.402657 14662.000000
40.023940 116.402640 14663.000000
40.023825 116.402623 14664.000000
40.023710 116.402605 14665.000000
40.023593 116.402585 14666.000000
40.023477 116.402563 14667.000000
40.023368 116.402550 14668.000000
40.023270 116.402542 14669.000000
40.023173 116.402533 14670.000000
40.023078 116.402528 14671.000000
40.022903 116.402523 14673.000000
40.022732 116.402520 14675.000000
40.022642 116.402522 14676.000000
40.022550 116.402522 14677.000000
40.022457 116.402518 14678.000000
40.022363 116.402513 14679.000000
40.022273 116.402503 14680.000000
40.022125 116.402477 14682.000000
40.021995 116.402453 14684.000000
40.021880 116.402427 14686.000000
40.021760 116.402402 14689.000000
40.021665 116.402385 14692.000000
40.021542 116.402363 14695.000000
40.021447 116.402347 14697.000000
40.021353 116.402328 14699.000000
40.021273 116.402255 14701.000000
40.021222 116.402138 14703.000000
40.021205 116.402048 14704.000000
40.021197 116.401957 14705.000000
40.021195 116.401855 14706.000000
40.021193 116.401738 14707.000000
40.021200 116.401610 14708.000000
40.021210 116.401473 14709.000000
40.021218 116.401337 14710.000000
40.021223 116.401202 14711.000000
40.021225 116.401063 14712.000000
40.021223 116.400913 14713.000000
40.021218 116.400753 14714.000000
40.021215 116.400588 14715.000000
40.021215 116.400415 14716.000000
40.021218 116.400233 14717.000000
40.021223 116.400043 14718.000000
40.021228 116.399840 14719.000000
40.021238 116.399633 14720.000000
40.021247 116.399422 14721.000000
40.021258 116.399213 14722.000000
40.021263 116.398998 14723.000000
40.021268 116.398782 14724.000000
40.021275 116.398568 14725.000000
40.021283 116.398358 14726.000000
40.021293 116.398165 14727.000000
40.021300 116.397980 14728.000000
40.021307 116.397812 14729.000000
40.021310 116.397650 14730.000000
40.021312 116.397488 14731.000000
40.021315 116.397332 14732.000000
40.021317 116.397168 14733.000000
40.021318 116.397000 14734.000000
40.021322 116.396825 14735.000000
40.021327 116.396643 14736.000000
40.021338 116.396465 14737.000000
40.021355 116.396290 14738.000000
40.021373 116.396118 14739.000000
40.021388 116.395942 14740.000000
40.021398 116.395762 14741.000000
40.021412 116.395592 14742.000000
40.021415 116.395407 14743.000000
40.021415 116.395218 14744.000000
40.021415 116.395032 14745.000000
40.021415 116.394852 14746.000000
40.021417 116.394670 14747.000000
40.021420 116.394502 14748.000000
40.021423 116.394337 14749.000000
40.021425 116.394183 14750.000000
40.021418 116.394037 14751.000000
40.021410 116.393893 14752.000000
40.021395 116.393753 14753.000000
40.021382 116.393627 14754.000000
40.021362 116.393492 14755.000000
40.021342 116.393352 14756.000000
40.021322 116.393212 14757.000000
40.021303 116.393067 14758.000000
40.021288 116.392920 14759.000000
40.021280 116.392767 14760.000000
40.021275 116.392603 14761.000000
40.021273 116.392435 14762.000000
40.021275 116.392260 14763.000000
40.021275 116.392080 14764.000000
40.021278 116.391897 14765.000000
40.021282 116.391712 14766.000000
40.021282 116.391517 14767.000000
40.021285 116.391315 14768.000000
40.021287 116.391107 14769.000000
40.021288 116.390890 14770.000000
40.021292 116.390665 14771.000000
40.021295 116.390437 14772.000000
40.021293 116.390205 14773.000000
40.021290 116.389970 14774.000000
40.021288 116.389737 14775.000000
40.021288 116.389508 14776.000000
40.021285 116.389282 14777.000000
40.021280 116.389050 14778.000000
40.021273 116.388812 14779.000000
40.021270 116.388567 14780.000000
40.021270 116.388313 14781.000000
40.021272 116.388055 14782.000000
40.021275 116.387792 14783.000000
40.021278 116.387525 14784.000000
40.021283 116.387257 14785.000000
40.021288 116.386992 14786.000000
40.021295 116.386733 14787.000000
40.021305 116.386477 14788.000000
40.021315 116.386213 14789.000000
40.021325 116.385948 14790.000000
40.021342 116.385682 14791.000000
40.021370 116.385437 14792.000000
40.021382 116.385210 14793.000000
40.021373 116.384985 14794.000000
40.021377 116.384743 14795.000000
40.021388 116.384518 14796.000000
40.021395 116.384317 14797.000000
40.021407 116.384125 14798.000000
40.021420 116.383933 14799.000000
40.021433 116.383742 14800.000000
40.021447 116.383557 14801.000000
40.021457 116.383372 14802.000000
40.021467 116.383192 14803.000000
40.021472 116.383030 14804.000000
40.021478 116.382878 14805.000000
40.021482 116.382725 14806.000000
40.021483 116.382577 14807.000000
40.021487 116.382432 14808.000000
40.021488 116.382280 14809.000000
40.021490 116.382122 14810.000000
40.021493 116.381960 14811.000000
40.021495 116.381795 14812.000000
40.021498 116.381633 14813.000000
40.021500 116.381470 14814.000000
40.021502 116.381305 14815.000000
40.021505 116.381133 14816.000000
40.021508 116.380953 14817.000000
40.021510 116.380763 14818.000000
40.021512 116.380572 14819.000000
40.021520 116.380372 14820.000000
40.021525 116.380180 14821.000000
40.021525 116.379982 14822.000000
40.021527 116.379775 14823.000000
40.021523 116.379558 14824.000000
40.021525 116.379340 14825.000000
40.021525 116.379130 14826.000000
40.021525 116.378922 14827.000000
40.021522 116.378730 14828.000000
40.021522 116.378538 14829.000000
40.021527 116.378350 14830.000000
40.021543 116.378172 14831.000000
40.021570 116.378003 14832.000000
40.021620 116.377858 14833.000000
40.021685 116.377718 14834.000000
40.021765 116.377593 14835.000000
40.021868 116.377488 14836.000000
40.021987 116.377402 14837.000000
40.022107 116.377345 14838.000000
40.022243 116.377323 14839.000000
40.022377 116.377318 14840.000000
40.022503 116.377347 14841.000000
40.022627 116.377408 14842.000000
40.022747 116.377508 14843.000000
40.022843 116.377620 14844.000000
40.022930 116.377757 14845.000000
40.023003 116.377913 14846.000000
40.023057 116.378090 14847.000000
40.023097 116.378275 14848.000000
40.023115 116.378467 14849.000000
40.023107 116.378658 14850.000000
40.023077 116.378845 14851.000000
40.023028 116.379032 14852.000000
40.022962 116.379213 14853.000000
40.022882 116.379383 14854.000000
40.022787 116.379540 14855.000000
40.022680 116.379700 14856.000000
40.022567 116.379847 14857.000000
40.022445 116.379977 14858.000000
40.022315 116.380092 14859.000000
40.022178 116.380190 14860.000000
40.022035 116.380275 14861.000000
40.021883 116.380345 14862.000000
40.021727 116.380398 14863.000000
40.021565 116.380435 14864.000000
40.021398 116.380453 14865.000000
40.021227 116.380455 14866.000000
40.021050 116.380433 14867.000000
40.020873 116.380392 14868.000000
40.020697 116.380323 14869.000000
40.020522 116.380227 14870.000000
40.020352 116.380108 14871.000000
40.020195 116.379975 14872.000000
40.020043 116.379818 14873.000000
40.019897 116.379633 14874.000000
40.019758 116.379432 14875.000000
40.019642 116.379217 14876.000000
40.019545 116.378985 14877.000000
40.019468 116.378740 14878.000000
40.019400 116.378490 14879.000000
40.019347 116.378243 14880.000000
40.019300 116.378000 14881.000000
40.019265 116.377762 14882.000000
40.019227 116.377523 14883.000000
40.019187 116.377285 14884.000000
40.019145 116.377048 14885.000000
40.019098 116.376817 14886.000000
40.019048 116.376587 14887.000000
40.018993 116.376360 14888.000000
40.018930 116.376138 14889.000000
40.018858 116.375920 14890.000000
40.018775 116.375710 14891.000000
40.018678 116.375512 14892.000000
40.018575 116.375317 14893.000000
40.018465 116.375128 14894.000000
40.018343 116.374952 14895.000000
40.018213 116.374783 14896.000000
40.018075 116.374617 14897.000000
40.017930 116.374460 14898.000000
40.017777 116.374312 14899.000000
40.017615 116.374178 14900.000000
40.017450 116.374053 14901.000000
40.017278 116.373945 14902.000000
40.017098 116.373848 14903.000000
40.016912 116.373765 14904.000000
40.016722 116.373700 14905.000000
40.016527 116.373652 14906.000000
40.016328 116.373613 14907.000000
40.016130 116.373593 14908.000000
40.015930 116.373590 14909.000000
40.015720 116.373598 14910.000000
40.015510 116.373627 14911.000000
40.015303 116.373673 14912.000000
40.015097 116.373740 14913.000000
40.014893 116.373823 14914.000000
40.014690 116.373923 14915.000000
40.014498 116.374040 14916.000000
40.014317 116.374172 14917.000000
40.014148 116.374318 14918.000000
40.013988 116.374477 14919.000000
40.013837 116.374647 14920.000000
40.013692 116.374825 14921.000000
40.013557 116.375017 14922.000000
40.013428 116.375217 14923.000000
40.013310 116.375427 14924.000000
40.013200 116.375647 14925.000000
40.013095 116.375870 14926.000000
40.012998 116.376098 14927.000000
40.012910 116.376335 14928.000000
40.012825 116.376578 14929.000000
40.012740 116.376823 14930.000000
40.012655 116.377067 14931.000000
40.012573 116.377310 14932.000000
40.012493 116.377550 14933.000000
40.012410 116.377790 14934.000000
40.012323 116.378025 14935.000000
40.012232 116.378252 14936.000000
40.012132 116.378470 14937.000000
40.012023 116.378680 14938.000000
40.011907 116.378878 14939.000000
40.011783 116.379062 14940.000000
40.011650 116.379230 14941.000000
40.011510 116.379387 14942.000000
40.011363 116.379525 14943.000000
40.011213 116.379648 14944.000000
40.011057 116.379755 14945.000000
40.010897 116.379847 14946.000000
40.010732 116.379923 14947.000000
40.010563 116.379987 14948.000000
40.010392 116.380037 14949.000000
40.010218 116.380073 14950.000000
40.010042 116.380100 14951.000000
40.009862 116.380117 14952.000000
40.009680 116.380127 14953.000000
40.009500 116.380133 14954.000000
40.009320 116.380138 14955.000000
40.009145 116.380143 14956.000000
40.008975 116.380147 14957.000000
40.008810 116.380150 14958.000000
40.008652 116.380152 14959.000000
40.008493 116.380153 14960.000000
40.008330 116.380155 14961.000000
40.008162 116.380162 14962.000000
40.007992 116.380173 14963.000000
40.007815 116.380185 14964.000000
40.007638 116.380197 14965.000000
40.007460 116.380207 14966.000000
40.007282 116.380217 14967.000000
40.007100 116.380225 14968.000000
40.006922 116.380233 14969.000000
40.006745 116.380240 14970.000000
40.006580 116.380247 14971.000000
40.006423 116.380253 14972.000000
40.006280 116.380260 14973.000000
40.006155 116.380270 14974.000000
40.006042 116.380280 14975.000000
40.005895 116.380300 14977.000000
40.005778 116.380303 15001.000000
40.005637 116.380312 15004.000000
40.005495 116.380322 15006.000000
40.005323 116.380332 15008.000000
40.005223 116.380337 15009.000000
40.005117 116.380343 15010.000000
40.005005 116.380347 15011.000000
40.004885 116.380350 15012.000000
40.004763 116.380352 15013.000000
40.004640 116.380355 15014.000000
40.004512 116.380355 15015.000000
40.004380 116.380355 15016.000000
40.004247 116.380358 15017.000000
40.004113 116.380360 15018.000000
40.003983 116.380363 15019.000000
40.003852 116.380370 15020.000000
40.003718 116.380373 15021.000000
40.003580 116.380377 15022.000000
40.003438 116.380383 15023.000000
40.003298 116.380388 15024.000000
40.003153 116.380390 15025.000000
40.003003 116.380392 15026.000000
40.002852 116.380392 15027.000000
40.002697 116.380390 15028.000000
40.002542 116.380392 15029.000000
40.002383 116.380393 15030.000000
40.002228 116.380400 15031.000000
40.002078 116.380408 15032.000000
40.001932 116.380417 15033.000000
40.001788 116.380425 15034.000000
40.001645 116.380433 15035.000000
40.001500 116.380443 15036.000000
40.001355 116.380452 15037.000000
40.001208 116.380462 15038.000000
40.001062 116.380472 15039.000000
40.000912 116.380477 15040.000000
40.000763 116.380483 15041.000000
40.000617 116.380492 15042.000000
40.000473 116.380503 15043.000000
40.000328 116.380513 15044.000000
40.000185 116.380525 15045.000000
40.000042 116.380537 15046.000000
39.999898 116.380543 15047.000000
39.999755 116.380552 15048.000000
39.999597 116.380552 15049.000000
39.999457 116.380552 15050.000000
39.999320 116.380555 15051.000000
39.999185 116.380558 15052.000000
39.999053 116.380567 15053.000000
39.998923 116.380575 15054.000000
39.998785 116.380585 15055.000000
39.998642 116.380593 15056.000000
39.998495 116.380602 15057.000000
39.998342 116.380607 15058.000000
39.998180 116.380612 15059.000000
39.998013 116.380615 15060.000000
39.997857 116.380628 15061.000000
39.997698 116.380637 15062.000000
39.997545 116.380645 15063.000000
39.997397 116.380652 15064.000000
39.997257 116.380657 15065.000000
39.997135 116.380670 15066.000000
39.997027 116.380680 15067.000000
39.996928 116.380692 15068.000000
39.996830 116.380688 15069.000000
39.996677 116.380688 15071.000000
39.996548 116.380697 15073.000000
39.996432 116.380723 15075.000000
39.996262 116.380745 15077.000000
39.996167 116.380758 15078.000000
39.996060 116.380768 15079.000000
39.995950 116.380777 15080.000000
39.995837 116.380787 15081.000000
39.995717 116.380797 15082.000000
39.995597 116.380807 15083.000000
39.995473 116.380813 15084.000000
39.995348 116.380815 15085.000000
39.995213 116.380815 15086.000000
39.995073 116.380813 15087.000000
39.994933 116.380817 15088.000000
39.994795 116.380822 15089.000000
39.994663 116.380827 15090.000000
39.994533 116.380828 15091.000000
39.994410 116.380832 15092.000000
39.994292 116.380832 15093.000000
39.994178 116.380833 15094.000000
39.994068 116.380838 15095.000000
39.993950 116.380842 15096.000000
39.993832 116.380847 15097.000000
39.993713 116.380848 15098.000000
39.993592 116.380845 15099.000000
39.993472 116.380847 15100.000000
39.993353 116.380857 15101.000000
39.993237 116.380867 15102.000000
39.993125 116.380875 15103.000000
39.993022 116.380885 15104.000000
39.992927 116.380898 15105.000000
39.992752 116.380930 15107.000000
39.992658 116.380945 15108.000000
39.992550 116.380953 15109.000000
39.992453 116.380967 15110.000000
39.992353 116.380957 15111.000000
39.992168 116.380935 15113.000000
39.992067 116.380912 15114.000000
39.991942 116.380887 15115.000000
39.991838 116.380878 15116.000000
39.991743 116.380892 15117.000000
39.991575 116.380902 15119.000000
39.991463 116.380867 15120.000000
39.991303 116.380840 15121.000000
39.991132 116.380838 15122.000000
39.990987 116.380825 15123.000000
39.990848 116.380838 15124.000000
39.990712 116.380817 15125.000000
39.990578 116.380827 15126.000000
39.990472 116.380830 15127.000000
39.990338 116.380805 15128.000000
39.990192 116.380765 15129.000000
39.990063 116.380727 15130.000000
39.989892 116.380708 15131.000000
39.989693 116.380742 15132.000000
39.989517 116.380768 15133.000000
39.989345 116.380800 15134.000000
39.989170 116.380798 15135.000000
39.988980 116.380848 15136.000000
39.988780 116.380885 15137.000000
39.988582 116.380915 15138.000000
39.988395 116.380977 15139.000000
39.988195 116.381010 15140.000000
39.988022 116.380978 15141.000000
39.987865 116.381018 15142.000000
39.987705 116.381047 15143.000000
39.987557 116.381083 15144.000000
39.987408 116.381113 15145.000000
39.987260 116.381152 15146.000000
39.987123 116.381173 15147.000000
39.986992 116.381163 15148.000000
39.986862 116.381167 15149.000000
39.986735 116.381172 15150.000000
39.986608 116.381175 15151.000000
39.986475 116.381187 15152.000000
39.986342 116.381192 15153.000000
39.986193 116.381193 15154.000000
39.986043 116.381195 15155.000000
39.985890 116.381197 15156.000000
39.985737 116.381200 15157.000000
39.985583 116.381205 15158.000000
39.985428 116.381208 15159.000000
39.985273 116.381217 15160.000000
39.985118 116.381225 15161.000000
39.984963 116.381235 15162.000000
39.984807 116.381245 15163.000000
39.984652 116.381257 15164.000000
39.984497 116.381267 15165.000000
39.984345 116.381280 15166.000000
39.984192 116.381293 15167.000000
39.984037 116.381310 15168.000000
39.983882 116.381325 15169.000000
39.983728 116.381340 15170.000000
39.983578 116.381353 15171.000000
39.983437 116.381365 15172.000000
39.983308 116.381373 15173.000000
39.983185 116.381382 15174.000000
39.983063 116.381385 15175.000000
39.982947 116.381390 15176.000000
39.982842 116.381402 15177.000000
39.982740 116.381408 15178.000000
39.982640 116.381413 15179.000000
39.982542 116.381415 15180.000000
39.982372 116.381400 15182.000000
39.982218 116.381358 15184.000000
39.982082 116.381343 15186.000000
39.981968 116.381360 15188.000000
39.981847 116.381352 15207.000000
39.981700 116.381352 15212.000000
39.981607 116.381350 15214.000000
39.981482 116.381353 15217.000000
39.981382 116.381352 15220.000000
39.981257 116.381365 15223.000000
39.981142 116.381367 15226.000000
39.981228 116.381277 15234.000000
39.981362 116.381245 15236.000000
39.981592 116.381257 15238.000000
39.981710 116.381242 15239.000000
39.981823 116.381233 15240.000000
39.981940 116.381218 15241.000000
39.982047 116.381197 15242.000000
39.982145 116.381160 15243.000000
39.982237 116.381113 15244.000000
39.982305 116.381043 15245.000000
39.982353 116.380958 15246.000000
39.982403 116.380877 15247.000000
39.982443 116.380793 15248.000000
39.982473 116.380698 15249.000000
39.982800 116.380722 15252.000000
39.982887 116.380667 15253.000000
39.983025 116.380683 15254.000000
39.983465 116.380905 15256.000000
39.983590 116.380890 15257.000000
39.983723 116.380890 15258.000000
39.983865 116.380890 15259.000000
39.984113 116.381045 15260.000000
39.984303 116.381137 15261.000000
39.984462 116.381180 15262.000000
39.984623 116.381223 15263.000000
39.984780 116.381252 15264.000000
39.984937 116.381268 15265.000000
39.985082 116.381283 15266.000000
39.985225 116.381300 15267.000000
39.985360 116.381317 15268.000000
39.985483 116.381330 15269.000000
39.985598 116.381340 15270.000000
39.985692 116.381342 15271.000000
39.985855 116.381355 15273.000000
39.985998 116.381313 15275.000000
39.986115 116.381263 15277.000000
39.986028 116.381208 15281.000000
39.985927 116.381205 15282.000000
39.985777 116.381188 15284.000000
39.985607 116.381168 15285.000000
39.985442 116.381203 15286.000000
39.985257 116.381193 15287.000000
39.985132 116.381200 15288.000000
39.985010 116.381207 15289.000000
39.984892 116.381220 15290.000000
39.984778 116.381223 15291.000000
39.984680 116.381222 15292.000000
39.984555 116.381175 15294.000000
39.984482 116.381050 15296.000000
39.984445 116.380917 15298.000000
39.984450 116.380730 15300.000000
39.984455 116.380622 15301.000000
39.984452 116.380503 15302.000000
39.984455 116.380383 15303.000000
39.984453 116.380273 15304.000000
39.984450 116.380172 15305.000000
39.984447 116.380075 15306.000000
39.984442 116.379985 15307.000000
39.984425 116.379872 15309.000000
39.984523 116.379862 15323.000000
39.984577 116.379770 15326.000000
39.984605 116.379648 15329.000000
