39.967075 116.409918 35068.000000
39.967110 116.410007 35071.000000
39.967118 116.410102 35081.000000
39.967170 116.410183 35097.000000
39.967072 116.410057 35103.000000
39.967035 116.409970 35104.000000
39.966973 116.409852 35106.000000
39.966917 116.409780 35109.000000
39.966960 116.409865 35178.000000
39.967055 116.409928 35185.000000
39.967152 116.409970 35189.000000
39.967247 116.410002 35193.000000
39.967333 116.410047 35198.000000
39.967363 116.410153 35215.000000
39.967320 116.410053 35296.000000
39.967273 116.409972 35302.000000
