39.975518 116.375593 30387.000000
39.975517 116.375480 30390.000000
39.975513 116.375377 30392.000000
39.975497 116.375265 30394.000000
39.975490 116.375135 30396.000000
39.975500 116.374997 30398.000000
39.975492 116.374898 30399.000000
39.975478 116.374792 30400.000000
39.975475 116.374688 30401.000000
39.975468 116.374583 30402.000000
39.975467 116.374473 30403.000000
39.975467 116.374357 30404.000000
39.975463 116.374233 30405.000000
39.975462 116.374107 30406.000000
39.975455 116.373983 30407.000000
39.975452 116.373862 30408.000000
39.975447 116.373742 30409.000000
39.975453 116.373622 30410.000000
39.975467 116.373505 30411.000000
39.975473 116.373390 30412.000000
39.975473 116.373275 30413.000000
39.975475 116.373163 30414.000000
39.975463 116.373050 30415.000000
39.975465 116.372927 30416.000000
39.975460 116.372800 30417.000000
39.975468 116.372663 30418.000000
39.975465 116.372523 30419.000000
39.975467 116.372375 30420.000000
39.975475 116.372230 30421.000000
39.975475 116.372075 30422.000000
39.975473 116.371923 30423.000000
39.975468 116.371770 30424.000000
39.975472 116.371615 30425.000000
39.975477 116.371458 30426.000000
39.975475 116.371302 30427.000000
39.975490 116.371145 30428.000000
39.975497 116.370995 30429.000000
39.975498 116.370847 30430.000000
39.975502 116.370707 30431.000000
39.975498 116.370572 30432.000000
39.975508 116.370440 30433.000000
39.975515 116.370308 30434.000000
39.975513 116.370180 30435.000000
39.975513 116.370052 30436.000000
39.975508 116.369918 30437.000000
39.975502 116.369783 30438.000000
39.975507 116.369650 30439.000000
39.975507 116.369520 30440.000000
39.975518 116.369390 30441.000000
39.975527 116.369262 30442.000000
39.975520 116.369133 30443.000000
39.975518 116.369008 30444.000000
39.975522 116.368878 30445.000000
39.975507 116.368750 30446.000000
39.975495 116.368620 30447.000000
39.975513 116.368485 30448.000000
39.975530 116.368347 30449.000000
39.975542 116.368212 30450.000000
39.975557 116.368075 30451.000000
39.975535 116.367945 30452.000000
39.975525 116.367813 30453.000000
39.975523 116.367678 30454.000000
39.975523 116.367537 30455.000000
39.975538 116.367392 30456.000000
39.975543 116.367257 30457.000000
39.975543 116.367120 30458.000000
39.975545 116.366985 30459.000000
39.975555 116.366848 30460.000000
39.975553 116.366713 30461.000000
39.975552 116.366583 30462.000000
39.975560 116.366453 30463.000000
39.975558 116.366328 30464.000000
39.975562 116.366208 30465.000000
39.975558 116.366092 30466.000000
39.975555 116.365967 30467.000000
39.975548 116.365855 30468.000000
39.975547 116.365747 30469.000000
39.975545 116.365638 30470.000000
39.975552 116.365535 30471.000000
39.975538 116.365445 30472.000000
39.975512 116.365272 30474.000000
39.975490 116.365110 30476.000000
39.975492 116.364977 30478.000000
39.975493 116.364857 30481.000000
39.975458 116.364762 30486.000000
39.975412 116.364667 30501.000000
39.975408 116.364563 30504.000000
39.975408 116.364443 30507.000000
39.975405 116.364320 30510.000000
39.975413 116.364192 30512.000000
39.975395 116.364092 30513.000000
39.975392 116.363912 30515.000000
39.975392 116.363822 30516.000000
39.975393 116.363668 30518.000000
39.975392 116.363517 30520.000000
39.975383 116.363343 30522.000000
39.975388 116.363177 30524.000000
39.975392 116.363087 30525.000000
39.975393 116.362993 30526.000000
39.975393 116.362902 30527.000000
39.975397 116.362735 30529.000000
39.975423 116.362570 30531.000000
39.975457 116.362478 30532.000000
39.975457 116.362377 30533.000000
39.975453 116.362273 30534.000000
39.975460 116.362168 30535.000000
39.975455 116.362057 30536.000000
39.975452 116.361940 30537.000000
39.975445 116.361820 30538.000000
39.975438 116.361700 30539.000000
39.975428 116.361582 30540.000000
39.975420 116.361465 30541.000000
39.975418 116.361348 30542.000000
39.975408 116.361232 30543.000000
39.975400 116.361113 30544.000000
39.975392 116.360992 30545.000000
39.975387 116.360867 30546.000000
39.975390 116.360733 30547.000000
39.975393 116.360595 30548.000000
39.975393 116.360453 30549.000000
39.975395 116.360310 30550.000000
39.975400 116.360168 30551.000000
39.975400 116.360030 30552.000000
39.975393 116.359892 30553.000000
39.975390 116.359763 30554.000000
39.975360 116.359647 30555.000000
39.975363 116.359545 30556.000000
39.975357 116.359387 30558.000000
39.975353 116.359277 30560.000000
39.975337 116.359187 30563.000000
39.975320 116.359093 30567.000000
39.975320 116.358993 30573.000000
39.975317 116.358873 30577.000000
39.975317 116.358750 30580.000000
39.975315 116.358625 30582.000000
39.975312 116.358527 30583.000000
39.975340 116.358363 30585.000000
39.975347 116.358250 30586.000000
39.975380 116.358152 30587.000000
39.975350 116.358057 30588.000000
39.975362 116.357953 30589.000000
39.975362 116.357843 30590.000000
39.975368 116.357720 30591.000000
39.975385 116.357593 30592.000000
39.975412 116.357455 30593.000000
39.975362 116.357318 30594.000000
39.975318 116.357173 30595.000000
39.975333 116.357030 30596.000000
39.975342 116.356890 30597.000000
39.975360 116.356755 30598.000000
39.975373 116.356617 30599.000000
39.975358 116.356485 30600.000000
39.975370 116.356362 30601.000000
39.975378 116.356230 30602.000000
39.975387 116.356100 30603.000000
39.975397 116.355972 30604.000000
39.975400 116.355837 30605.000000
39.975383 116.355713 30606.000000
39.975357 116.355593 30607.000000
39.975352 116.355462 30608.000000
39.975360 116.355333 30609.000000
39.975353 116.355207 30610.000000
39.975338 116.355078 30611.000000
39.975340 116.354978 30612.000000
39.975317 116.354867 30613.000000
39.975313 116.354762 30614.000000
39.975310 116.354665 30615.000000
39.975288 116.354493 30617.000000
39.975267 116.354372 30619.000000
39.975247 116.354248 30622.000000
39.975252 116.354152 30625.000000
39.975245 116.354018 30628.000000
39.975237 116.353878 30630.000000
39.975233 116.353718 30632.000000
39.975265 116.353628 30633.000000
39.975268 116.353535 30634.000000
39.975278 116.353437 30635.000000
39.975280 116.353328 30636.000000
39.975283 116.353222 30637.000000
39.975288 116.353117 30638.000000
39.975298 116.353013 30639.000000
39.975288 116.352915 30640.000000
39.975290 116.352818 30641.000000
39.975280 116.352647 30643.000000
39.975267 116.352487 30645.000000
39.975260 116.352395 30646.000000
39.975265 116.352297 30647.000000
39.975265 116.352192 30648.000000
39.975265 116.352077 30649.000000
39.975267 116.351950 30650.000000
39.975262 116.351815 30651.000000
39.975265 116.351667 30652.000000
39.975267 116.351520 30653.000000
39.975270 116.351373 30654.000000
39.975282 116.351232 30655.000000
39.975283 116.351090 30656.000000
39.975300 116.350948 30657.000000
39.975317 116.350803 30658.000000
39.975322 116.350660 30659.000000
39.975348 116.350513 30660.000000
39.975358 116.350367 30661.000000
39.975368 116.350220 30662.000000
39.975378 116.350088 30663.000000
39.975397 116.349962 30664.000000
39.975383 116.349843 30665.000000
39.975377 116.349723 30666.000000
39.975375 116.349607 30667.000000
39.975377 116.349497 30668.000000
39.975377 116.349392 30669.000000
39.975375 116.349292 30670.000000
39.975380 116.349202 30671.000000
39.975383 116.349112 30672.000000
39.975377 116.348957 30674.000000
39.975390 116.348830 30676.000000
39.975370 116.348725 30724.000000
39.975358 116.348595 30727.000000
39.975363 116.348453 30729.000000
39.975363 116.348288 30731.000000
39.975357 116.348113 30733.000000
39.975352 116.348022 30734.000000
39.975342 116.347922 30735.000000
39.975342 116.347817 30736.000000
39.975343 116.347708 30737.000000
39.975323 116.347593 30738.000000
39.975318 116.347477 30739.000000
39.975298 116.347353 30740.000000
39.975290 116.347218 30741.000000
39.975280 116.347098 30742.000000
39.975280 116.346958 30743.000000
39.975275 116.346812 30744.000000
39.975278 116.346668 30745.000000
39.975278 116.346525 30746.000000
39.975268 116.346387 30747.000000
39.975275 116.346243 30748.000000
39.975275 116.346097 30749.000000
39.975283 116.345945 30750.000000
39.975277 116.345795 30751.000000
39.975273 116.345645 30752.000000
39.975267 116.345493 30753.000000
39.975257 116.345343 30754.000000
39.975270 116.345192 30755.000000
39.975283 116.345037 30756.000000
39.975295 116.344878 30757.000000
39.975340 116.344715 30758.000000
39.975365 116.344548 30759.000000
39.975397 116.344378 30760.000000
39.975398 116.344207 30761.000000
39.975383 116.344030 30762.000000
39.975385 116.343848 30763.000000
39.975412 116.343665 30764.000000
39.975420 116.343485 30765.000000
39.975418 116.343318 30766.000000
39.975407 116.343167 30767.000000
39.975397 116.343028 30768.000000
39.975378 116.342900 30769.000000
39.975367 116.342777 30770.000000
39.975353 116.342662 30771.000000
39.975342 116.342562 30772.000000
39.975307 116.342422 30774.000000
39.975217 116.342355 30775.000000
39.975138 116.342305 30776.000000
39.975157 116.342210 30806.000000
39.975158 116.342067 30808.000000
39.975148 116.341973 30809.000000
39.975123 116.341872 30810.000000
39.975095 116.341760 30811.000000
39.975047 116.341638 30812.000000
39.975033 116.341523 30813.000000
39.975013 116.341398 30814.000000
39.974977 116.341267 30815.000000
39.974995 116.341122 30816.000000
39.974997 116.340972 30817.000000
39.975012 116.340830 30818.000000
39.975015 116.340663 30819.000000
39.975013 116.340493 30820.000000
39.975015 116.340328 30821.000000
39.974987 116.340168 30822.000000
39.974982 116.340035 30823.000000
39.974908 116.339908 30824.000000
39.974917 116.339808 30825.000000
39.974933 116.339690 30827.000000
39.975062 116.339677 30854.000000
39.975165 116.339688 30857.000000
39.975257 116.339685 30859.000000
39.975368 116.339683 30862.000000
39.975320 116.339585 30867.000000
39.975283 116.339493 30868.000000
39.975212 116.339390 30869.000000
39.975105 116.339288 30870.000000
39.975102 116.339108 30872.000000
39.975113 116.339007 30873.000000
39.975117 116.338883 30874.000000
39.975120 116.338757 30875.000000
39.975112 116.338620 30876.000000
39.975103 116.338478 30877.000000
39.975107 116.338342 30878.000000
39.975113 116.338203 30879.000000
39.975105 116.338063 30880.000000
39.975108 116.337905 30881.000000
39.975102 116.337747 30882.000000
39.975097 116.337583 30883.000000
39.975095 116.337418 30884.000000
39.975100 116.337262 30885.000000
39.975095 116.337095 30886.000000
39.975107 116.336930 30887.000000
39.975117 116.336767 30888.000000
39.975115 116.336590 30889.000000
39.975127 116.336425 30890.000000
39.975128 116.336247 30891.000000
39.975133 116.336070 30892.000000
39.975132 116.335890 30893.000000
39.975165 116.335705 30894.000000
39.975195 116.335518 30895.000000
39.975190 116.335330 30896.000000
39.975187 116.335140 30897.000000
39.975180 116.334945 30898.000000
39.975183 116.334745 30899.000000
39.975183 116.334543 30900.000000
39.975190 116.334338 30901.000000
39.975200 116.334133 30902.000000
39.975213 116.333928 30903.000000
39.975220 116.333723 30904.000000
39.975228 116.333518 30905.000000
39.975233 116.333312 30906.000000
39.975242 116.333112 30907.000000
39.975247 116.332915 30908.000000
39.975245 116.332730 30909.000000
39.975242 116.332540 30910.000000
39.975235 116.332353 30911.000000
39.975227 116.332170 30912.000000
39.975212 116.331987 30913.000000
39.975200 116.331802 30914.000000
39.975197 116.331620 30915.000000
39.975185 116.331437 30916.000000
39.975178 116.331258 30917.000000
39.975172 116.331077 30918.000000
39.975153 116.330897 30919.000000
39.975150 116.330720 30920.000000
39.975145 116.330555 30921.000000
39.975157 116.330397 30922.000000
39.975150 116.330245 30923.000000
39.975183 116.330092 30924.000000
39.975180 116.329957 30925.000000
39.975160 116.329845 30926.000000
39.975155 116.329743 30927.000000
39.975150 116.329580 30929.000000
39.975135 116.329463 30931.000000
39.975123 116.329372 30934.000000
39.975138 116.329240 30951.000000
39.975138 116.329148 30953.000000
39.975022 116.329240 30959.000000
39.975088 116.329372 30960.000000
39.975080 116.329470 30961.000000
39.975073 116.329570 30962.000000
39.975067 116.329680 30963.000000
39.975050 116.329802 30964.000000
39.975050 116.329932 30965.000000
39.975045 116.330055 30966.000000
39.975045 116.330172 30967.000000
39.975013 116.330330 30969.000000
39.974982 116.330483 30971.000000
39.974957 116.330632 30973.000000
39.974933 116.330770 30975.000000
39.974930 116.330897 30977.000000
39.974918 116.331005 30979.000000
39.974920 116.331102 30981.000000
39.974918 116.331195 30983.000000
39.974920 116.331315 30986.000000
39.974900 116.331420 30990.000000
