39.857687 116.388252 85565.000000
39.857675 116.388345 85574.000000
39.857765 116.388350 85587.000000
39.857738 116.388255 85604.000000
39.857702 116.388137 85608.000000
39.857643 116.388040 85613.000000
39.857557 116.388000 85684.000000
39.857487 116.387943 85690.000000
39.857603 116.387973 85746.000000
39.857682 116.388023 85752.000000
39.857770 116.388057 85760.000000
39.857868 116.388082 85768.000000
39.857962 116.388098 85773.000000
39.858053 116.388082 85780.000000
39.858147 116.388048 85817.000000
39.858237 116.388040 85827.000000
39.858337 116.388062 85834.000000
39.858432 116.388070 85840.000000
39.858522 116.388060 85848.000000
39.858617 116.388062 85857.000000
39.858718 116.388060 85866.000000
39.858810 116.388040 85892.000000
39.858900 116.388020 85904.000000
39.859007 116.387982 85913.000000
39.859097 116.387957 85920.000000
39.859155 116.387880 85930.000000
39.859215 116.387810 85937.000000
39.859257 116.387723 85945.000000
39.859320 116.387657 85953.000000
39.859357 116.387567 85960.000000
39.859418 116.387497 85967.000000
39.859463 116.387417 85974.000000
39.859498 116.387322 85981.000000
39.859577 116.387275 85985.000000
39.859558 116.387185 85993.000000
39.859608 116.387088 86001.000000
39.859592 116.386992 86007.000000
39.859553 116.386903 86013.000000
39.859553 116.386810 86022.000000
39.859643 116.386795 86033.000000
39.859640 116.386703 86043.000000
39.859588 116.386627 86047.000000
39.859567 116.386532 86053.000000
39.859600 116.386442 86060.000000
39.859612 116.386352 86067.000000
39.859578 116.386260 86077.000000
39.859577 116.386158 86084.000000
39.859672 116.386140 86098.000000
39.859753 116.386080 86108.000000
39.859805 116.385993 86117.000000
39.859897 116.385958 86126.000000
39.859983 116.385923 86144.000000
39.860035 116.385998 86148.000000
39.860107 116.386057 86154.000000
39.860202 116.386055 86165.000000
39.860277 116.385998 86172.000000
39.860348 116.385942 86182.000000
39.860397 116.385860 86202.000000
39.860462 116.385782 86209.000000
39.860558 116.385760 86221.000000
39.860637 116.385827 86225.000000
39.860718 116.385887 86230.000000
39.860765 116.385967 86242.000000
39.860870 116.385945 86262.000000
39.860962 116.385963 86267.000000
39.861060 116.386000 86272.000000
39.861163 116.386053 86280.000000
39.861248 116.386087 86286.000000
39.861347 116.386075 86301.000000
39.861435 116.386048 86310.000000
39.861485 116.385973 86317.000000
39.861593 116.386000 86346.000000
39.861678 116.386035 86350.000000
39.861778 116.386042 86354.000000
39.861870 116.386045 86358.000000
39.861973 116.386053 86362.000000
39.862065 116.386027 86365.000000
39.862185 116.386027 86368.000000
39.862293 116.386027 86371.000000
39.862390 116.386062 86377.000000
39.862375 116.386158 86381.000000
39.862365 116.386255 86384.000000
39.862400 116.386405 86386.000000
39.862417 116.386508 86388.000000
39.862470 116.386582 86390.000000
39.862540 116.386640 86393.000000
39.862647 116.386657 86397.000000
39.862757 116.386605 1.000000
39.862847 116.386592 5.000000
39.862937 116.386573 9.000000
39.863053 116.386535 14.000000
39.863182 116.386563 17.000000
39.863283 116.386632 20.000000
39.863378 116.386655 23.000000
39.863503 116.386638 26.000000
39.863602 116.386597 29.000000
39.863697 116.386528 32.000000
39.863803 116.386508 36.000000
39.863902 116.386555 39.000000
39.863987 116.386517 42.000000
39.864033 116.386422 45.000000
39.864070 116.386310 47.000000
39.864085 116.386220 49.000000
39.864173 116.386282 54.000000
39.864327 116.386293 57.000000
39.864450 116.386323 60.000000
39.864542 116.386352 62.000000
39.864642 116.386423 64.000000
39.864727 116.386468 66.000000
39.864850 116.386497 69.000000
39.864965 116.386517 72.000000
39.865070 116.386528 75.000000
39.865182 116.386495 79.000000
39.865193 116.386393 82.000000
39.865197 116.386283 85.000000
39.865177 116.386152 88.000000
39.865187 116.386047 90.000000
39.865210 116.385923 93.000000
39.865242 116.385807 96.000000
39.865282 116.385703 99.000000
39.865358 116.385648 102.000000
39.865332 116.385742 152.000000
39.865388 116.385818 161.000000
39.865342 116.385910 165.000000
39.865355 116.386018 175.000000
39.865352 116.386108 180.000000
39.865450 116.386127 190.000000
39.865420 116.386040 201.000000
39.865350 116.385952 207.000000
39.865302 116.385865 209.000000
39.865270 116.385722 211.000000
39.865185 116.382502 238.000000
39.865175 116.382372 239.000000
39.865178 116.382223 240.000000
39.865218 116.382065 241.000000
39.865287 116.381882 242.000000
39.865400 116.381682 243.000000
