39.864935 116.387135 51308.000000
39.864895 116.387240 51312.000000
39.864863 116.387328 51316.000000
39.864830 116.387413 51319.000000
39.864793 116.387503 51323.000000
39.864823 116.387382 51328.000000
39.864855 116.387272 51331.000000
39.864887 116.387187 51334.000000
39.864923 116.387097 51339.000000
39.864962 116.387005 51345.000000
39.865000 116.386898 51349.000000
39.865037 116.386792 51353.000000
39.865073 116.386692 51357.000000
39.865108 116.386603 51361.000000
39.865162 116.386490 51420.000000
39.865197 116.386395 51422.000000
39.865242 116.386303 51426.000000
39.865202 116.386413 51443.000000
