39.939825 116.348522 12598.000000
39.939823 116.348482 12599.000000
39.939782 116.348343 12606.000000
39.939627 116.348153 12613.000000
39.939565 116.348047 12615.000000
39.939577 116.348182 12618.000000
39.939595 116.348273 12619.000000
39.939595 116.348372 12621.000000
39.939532 116.348447 12626.000000
39.939443 116.348410 12633.000000
39.939375 116.348343 12641.000000
39.939328 116.348243 12647.000000
39.939287 116.348150 12652.000000
39.939282 116.348042 12659.000000
39.939257 116.347945 12666.000000
39.939245 116.347845 12671.000000
39.939237 116.347745 12677.000000
39.939243 116.347655 12684.000000
39.939247 116.347565 12690.000000
39.939247 116.347465 12696.000000
39.939245 116.347375 12702.000000
39.939235 116.347283 12707.000000
39.939238 116.347177 12713.000000
39.939277 116.347082 12718.000000
39.939308 116.346985 12723.000000
39.939345 116.346895 12728.000000
39.939347 116.346798 12734.000000
