39.922548 116.347488 11025.000000
39.922562 116.347455 11026.000000
39.922590 116.347353 11029.000000
39.922605 116.347250 11037.000000
39.922540 116.347082 11052.000000
39.922555 116.347195 11063.000000
39.922638 116.347128 11068.000000
39.922647 116.347037 11073.000000
39.922620 116.346940 11078.000000
39.922600 116.346843 11084.000000
39.922548 116.346765 11098.000000
39.922533 116.346670 11107.000000
39.922505 116.346582 11111.000000
39.922457 116.346493 11122.000000
39.922508 116.346575 11143.000000
39.922498 116.346708 11148.000000
39.922683 116.347307 11186.000000
39.922462 116.347427 11192.000000
39.922078 116.347982 11249.000000
39.922403 116.347332 11258.000000
39.922340 116.347253 11266.000000
39.922208 116.347373 11282.000000
39.922163 116.347453 11284.000000
39.922302 116.347498 11296.000000
39.922378 116.347398 11299.000000
39.922435 116.347300 11301.000000
39.922493 116.347230 11303.000000
39.922575 116.347150 11306.000000
39.922640 116.347082 11309.000000
39.922760 116.346990 11311.000000
39.922858 116.346948 11312.000000
39.923003 116.346877 11314.000000
39.923082 116.346812 11316.000000
39.923143 116.346897 11383.000000
