39.978808 116.330227 5213.000000
39.978807 116.330378 5214.000000
39.979147 116.329413 5216.000000
39.979213 116.329208 5217.000000
39.979275 116.328958 5218.000000
39.979293 116.328847 5219.000000
39.979303 116.328813 5220.000000
39.979318 116.328783 5221.000000
39.979350 116.328700 5222.000000
39.979357 116.328683 5223.000000
39.979362 116.328667 5224.000000
39.979377 116.328632 5225.000000
39.979387 116.328610 5226.000000
39.979402 116.328577 5227.000000
39.979408 116.328565 5228.000000
39.979425 116.328527 5229.000000
39.979428 116.328518 5230.000000
39.979435 116.328498 5231.000000
39.979442 116.328485 5232.000000
39.979437 116.328502 5233.000000
39.979435 116.328505 5234.000000
39.979433 116.328507 5235.000000
39.979432 116.328508 5236.000000
39.979442 116.328485 5237.000000
39.979448 116.328462 5238.000000
39.979462 116.328428 5239.000000
39.979473 116.328397 5240.000000
39.979490 116.328357 5241.000000
39.979502 116.328327 5242.000000
39.979512 116.328300 5243.000000
39.979522 116.328273 5244.000000
39.979530 116.328257 5245.000000
39.979537 116.328245 5246.000000
39.979547 116.328223 5247.000000
39.979558 116.328197 5248.000000
39.979567 116.328175 5249.000000
39.979577 116.328153 5250.000000
39.979585 116.328133 5251.000000
39.979595 116.328105 5252.000000
39.979605 116.328080 5253.000000
39.979618 116.328045 5254.000000
39.979618 116.328043 5255.000000
39.979617 116.328045 5256.000000
39.979618 116.328043 5257.000000
39.979620 116.328042 5258.000000
39.979623 116.328033 5259.000000
39.979628 116.328020 5260.000000
39.979635 116.328008 5261.000000
39.979643 116.327990 5262.000000
39.979643 116.327985 5263.000000
39.979645 116.327978 5264.000000
39.979647 116.327973 5265.000000
39.979647 116.327973 5266.000000
39.979647 116.327973 5267.000000
39.979647 116.327972 5268.000000
39.979647 116.327972 5269.000000
39.979647 116.327970 5270.000000
39.979648 116.327968 5271.000000
39.979648 116.327967 5272.000000
39.979665 116.327903 5273.000000
39.979678 116.327868 5274.000000
39.979682 116.327838 5275.000000
39.979688 116.327797 5276.000000
39.979698 116.327733 5277.000000
39.979698 116.327700 5278.000000
39.979702 116.327650 5279.000000
39.979725 116.327592 5280.000000
39.979737 116.327545 5281.000000
39.979745 116.327503 5282.000000
39.979750 116.327467 5283.000000
39.979753 116.327428 5284.000000
39.979750 116.327387 5285.000000
39.979772 116.327342 5286.000000
39.979795 116.327298 5287.000000
39.979797 116.327280 5288.000000
39.979805 116.327242 5289.000000
39.979817 116.327200 5290.000000
39.979832 116.327158 5291.000000
39.979840 116.327122 5292.000000
39.979847 116.327097 5293.000000
39.979865 116.327078 5294.000000
39.979877 116.327045 5295.000000
39.979892 116.326988 5296.000000
39.979897 116.326937 5297.000000
39.979905 116.326898 5298.000000
39.979923 116.326838 5299.000000
39.979933 116.326802 5300.000000
39.979943 116.326757 5301.000000
39.979950 116.326715 5302.000000
39.979957 116.326672 5303.000000
39.979965 116.326632 5304.000000
39.979968 116.326593 5305.000000
39.979978 116.326557 5306.000000
39.979983 116.326520 5307.000000
39.979980 116.326502 5308.000000
39.979972 116.326480 5309.000000
39.979972 116.326468 5310.000000
39.979912 116.326322 5311.000000
39.979850 116.326195 5312.000000
39.979788 116.326032 5313.000000
39.979785 116.325952 5314.000000
39.979810 116.325913 5315.000000
39.979825 116.325887 5316.000000
39.979863 116.325852 5317.000000
39.979897 116.325810 5318.000000
39.979905 116.325767 5319.000000
39.979883 116.325728 5320.000000
39.979892 116.325792 5321.000000
39.979900 116.325757 5322.000000
39.979893 116.325683 5323.000000
39.979885 116.325645 5324.000000
39.979860 116.325610 5325.000000
39.979873 116.325570 5326.000000
39.979873 116.325538 5327.000000
39.979897 116.325503 5328.000000
39.979903 116.325482 5329.000000
39.979900 116.325440 5330.000000
39.979907 116.325412 5331.000000
39.979910 116.325377 5332.000000
39.979923 116.325343 5333.000000
39.979928 116.325313 5334.000000
39.979932 116.325297 5335.000000
39.979945 116.325262 5336.000000
39.979957 116.325235 5337.000000
39.979962 116.325218 5338.000000
39.979963 116.325195 5339.000000
39.979965 116.325177 5340.000000
39.979958 116.325163 5341.000000
39.979948 116.325148 5342.000000
39.979948 116.325150 5343.000000
39.979938 116.325140 5344.000000
39.979930 116.325125 5345.000000
39.979920 116.325092 5346.000000
39.979918 116.325068 5347.000000
39.979913 116.325050 5348.000000
39.979915 116.325013 5349.000000
39.979917 116.324990 5350.000000
39.979940 116.324887 5351.000000
39.979945 116.324860 5352.000000
39.979950 116.324832 5353.000000
39.979948 116.324793 5354.000000
39.979933 116.324763 5355.000000
39.979933 116.324723 5356.000000
39.979943 116.324678 5357.000000
39.979947 116.324643 5358.000000
39.979945 116.324617 5359.000000
39.979940 116.324567 5360.000000
39.979943 116.324513 5361.000000
39.979947 116.324455 5362.000000
39.979945 116.324415 5363.000000
39.979935 116.324393 5364.000000
39.979930 116.324373 5365.000000
39.979925 116.324355 5366.000000
39.979935 116.324313 5367.000000
39.979920 116.324285 5368.000000
39.979910 116.324257 5369.000000
39.979905 116.324228 5370.000000
39.979892 116.324202 5371.000000
39.979877 116.324183 5372.000000
39.979865 116.324165 5373.000000
39.979892 116.324062 5374.000000
39.979872 116.324040 5375.000000
39.979875 116.324002 5376.000000
39.979853 116.323990 5377.000000
39.979842 116.323985 5378.000000
39.979823 116.323973 5379.000000
39.979807 116.323950 5380.000000
39.979778 116.323912 5381.000000
39.979758 116.323913 5382.000000
39.979740 116.323882 5383.000000
39.979690 116.323867 5384.000000
39.979542 116.323898 5385.000000
39.979533 116.323852 5386.000000
39.979507 116.323853 5387.000000
39.979493 116.323833 5388.000000
39.979442 116.323832 5389.000000
39.979423 116.323815 5390.000000
39.979420 116.323772 5391.000000
39.979373 116.323757 5392.000000
39.979365 116.323737 5393.000000
39.979363 116.323712 5394.000000
39.979368 116.323688 5395.000000
39.979370 116.323670 5396.000000
39.979368 116.323638 5397.000000
39.979442 116.323450 5398.000000
39.979480 116.323328 5399.000000
39.979503 116.323255 5400.000000
39.979518 116.323188 5401.000000
39.979527 116.323140 5402.000000
39.979533 116.323088 5403.000000
39.979533 116.323037 5404.000000
39.979543 116.322985 5405.000000
39.979557 116.322942 5406.000000
39.979577 116.322905 5407.000000
39.979593 116.322870 5408.000000
39.979602 116.322832 5409.000000
39.979608 116.322790 5410.000000
39.979613 116.322770 5411.000000
39.979622 116.322740 5412.000000
39.979625 116.322695 5413.000000
39.979627 116.322658 5414.000000
39.979633 116.322615 5415.000000
39.979637 116.322585 5416.000000
39.979642 116.322542 5417.000000
39.979648 116.322497 5418.000000
39.979652 116.322445 5419.000000
39.979650 116.322378 5420.000000
39.979650 116.322312 5421.000000
39.979653 116.322268 5422.000000
39.979648 116.322203 5423.000000
39.979643 116.322153 5424.000000
39.979640 116.322088 5425.000000
39.979642 116.322040 5426.000000
39.979648 116.321997 5427.000000
39.979657 116.321952 5428.000000
39.979663 116.321912 5429.000000
39.979672 116.321868 5430.000000
39.979682 116.321822 5431.000000
39.979692 116.321777 5432.000000
39.979703 116.321733 5433.000000
39.979715 116.321697 5434.000000
39.979725 116.321652 5435.000000
39.979730 116.321608 5436.000000
39.979740 116.321565 5437.000000
39.979747 116.321518 5438.000000
39.979750 116.321477 5439.000000
39.979753 116.321435 5440.000000
39.979760 116.321393 5441.000000
39.979762 116.321347 5442.000000
39.979765 116.321295 5443.000000
39.979768 116.321252 5444.000000
39.979770 116.321205 5445.000000
39.979775 116.321158 5446.000000
39.979778 116.321115 5447.000000
39.979782 116.321075 5448.000000
39.979785 116.321028 5449.000000
39.979790 116.320993 5450.000000
39.979790 116.320947 5451.000000
39.979785 116.320887 5452.000000
39.979783 116.320843 5453.000000
39.979787 116.320797 5454.000000
39.979790 116.320752 5455.000000
39.979798 116.320712 5456.000000
39.979798 116.320677 5457.000000
39.979788 116.320643 5458.000000
39.979788 116.320608 5459.000000
39.979795 116.320562 5460.000000
39.979793 116.320523 5461.000000
39.979795 116.320485 5462.000000
39.979792 116.320440 5463.000000
39.979793 116.320397 5464.000000
39.979792 116.320352 5465.000000
39.979797 116.320318 5466.000000
39.979802 116.320272 5467.000000
39.979812 116.320238 5468.000000
39.979817 116.320210 5469.000000
39.979813 116.320177 5470.000000
39.979815 116.320143 5471.000000
39.979803 116.320118 5472.000000
39.979798 116.320097 5473.000000
39.979793 116.320075 5474.000000
39.979788 116.320043 5475.000000
39.979775 116.320015 5476.000000
39.979767 116.319983 5477.000000
39.979757 116.319955 5478.000000
39.979742 116.319925 5479.000000
39.979732 116.319898 5480.000000
39.979725 116.319872 5481.000000
39.979737 116.319813 5482.000000
39.979730 116.319780 5483.000000
39.979732 116.319748 5484.000000
39.979722 116.319710 5485.000000
39.979728 116.319678 5486.000000
39.979743 116.319640 5487.000000
39.979747 116.319615 5488.000000
39.979755 116.319588 5489.000000
39.979767 116.319568 5490.000000
39.979802 116.319533 5491.000000
39.979845 116.319502 5492.000000
39.979853 116.319482 5493.000000
39.979867 116.319458 5494.000000
39.979868 116.319433 5495.000000
39.979870 116.319407 5496.000000
39.979878 116.319382 5497.000000
39.979882 116.319347 5498.000000
39.979888 116.319310 5499.000000
39.979887 116.319273 5500.000000
39.979882 116.319225 5501.000000
39.979887 116.319188 5502.000000
39.979892 116.319157 5503.000000
39.979895 116.319118 5504.000000
39.979900 116.319080 5505.000000
39.979907 116.319045 5506.000000
39.979903 116.319002 5507.000000
39.979898 116.318958 5508.000000
39.979897 116.318925 5509.000000
39.979892 116.318888 5510.000000
39.979877 116.318830 5511.000000
39.979867 116.318788 5512.000000
39.979865 116.318750 5513.000000
39.979862 116.318722 5514.000000
39.979857 116.318692 5515.000000
39.979857 116.318657 5516.000000
39.979852 116.318618 5517.000000
39.979847 116.318582 5518.000000
39.979843 116.318527 5519.000000
39.979843 116.318478 5520.000000
39.979845 116.318452 5521.000000
39.979845 116.318422 5522.000000
39.979837 116.318383 5523.000000
39.979832 116.318348 5524.000000
39.979832 116.318315 5525.000000
39.979828 116.318282 5526.000000
39.979827 116.318252 5527.000000
39.979817 116.318220 5528.000000
39.979812 116.318192 5529.000000
39.979807 116.318163 5530.000000
39.979803 116.318135 5531.000000
39.979798 116.318112 5532.000000
39.979797 116.318082 5533.000000
39.979790 116.318047 5534.000000
39.979790 116.318028 5535.000000
39.979795 116.317997 5536.000000
39.979808 116.317963 5537.000000
39.979812 116.317942 5538.000000
39.979807 116.317922 5539.000000
39.979800 116.317900 5540.000000
39.979792 116.317875 5541.000000
39.979780 116.317840 5542.000000
39.979777 116.317813 5543.000000
39.979775 116.317797 5544.000000
39.979763 116.317765 5545.000000
39.979790 116.317735 5546.000000
39.979797 116.317712 5547.000000
39.979815 116.317667 5548.000000
39.979823 116.317635 5549.000000
39.979832 116.317598 5550.000000
39.979842 116.317570 5551.000000
39.979842 116.317538 5552.000000
39.979845 116.317508 5553.000000
39.979852 116.317487 5554.000000
39.979852 116.317440 5555.000000
39.979847 116.317402 5556.000000
39.979843 116.317363 5557.000000
39.979848 116.317347 5558.000000
39.979853 116.317328 5559.000000
39.979857 116.317312 5560.000000
39.979855 116.317287 5561.000000
39.979852 116.317258 5562.000000
39.979835 116.317207 5563.000000
39.979777 116.317043 5564.000000
39.979752 116.317007 5565.000000
39.979725 116.316973 5566.000000
39.979702 116.316927 5567.000000
39.979680 116.316877 5568.000000
39.979687 116.316845 5569.000000
39.979670 116.316792 5570.000000
39.979660 116.316747 5571.000000
39.979675 116.316718 5572.000000
39.979680 116.316685 5573.000000
39.979673 116.316648 5574.000000
39.979670 116.316618 5575.000000
39.979670 116.316583 5576.000000
39.979660 116.316540 5577.000000
39.979650 116.316493 5578.000000
39.979645 116.316455 5579.000000
39.979640 116.316413 5580.000000
39.979647 116.316377 5581.000000
39.979645 116.316345 5582.000000
39.979635 116.316312 5583.000000
39.979630 116.316260 5584.000000
39.979625 116.316232 5585.000000
39.979622 116.316203 5586.000000
39.979610 116.316168 5587.000000
39.979607 116.316130 5588.000000
39.979622 116.316093 5589.000000
39.979617 116.316057 5590.000000
39.979615 116.316017 5591.000000
39.979615 116.315975 5592.000000
39.979613 116.315937 5593.000000
39.979620 116.315907 5594.000000
39.979612 116.315850 5595.000000
39.979607 116.315805 5596.000000
39.979603 116.315762 5597.000000
39.979607 116.315720 5598.000000
39.979607 116.315690 5599.000000
39.979600 116.315652 5600.000000
39.979598 116.315617 5601.000000
39.979607 116.315587 5602.000000
39.979605 116.315560 5603.000000
39.979605 116.315532 5604.000000
39.979608 116.315505 5605.000000
39.979612 116.315475 5606.000000
39.979617 116.315450 5607.000000
39.979617 116.315420 5608.000000
39.979617 116.315398 5609.000000
39.979620 116.315367 5610.000000
39.979608 116.315302 5611.000000
39.979622 116.315298 5612.000000
39.979625 116.315240 5613.000000
39.979630 116.315202 5614.000000
39.979640 116.315152 5615.000000
39.979638 116.315110 5616.000000
39.979643 116.315065 5617.000000
39.979645 116.315027 5618.000000
39.979648 116.314995 5619.000000
39.979648 116.314958 5620.000000
39.979652 116.314920 5621.000000
39.979653 116.314882 5622.000000
39.979648 116.314847 5623.000000
39.979643 116.314817 5624.000000
39.979640 116.314785 5625.000000
39.979642 116.314738 5626.000000
39.979643 116.314697 5627.000000
39.979645 116.314667 5628.000000
39.979647 116.314637 5629.000000
39.979653 116.314608 5630.000000
39.979655 116.314568 5631.000000
39.979657 116.314523 5632.000000
39.979662 116.314482 5633.000000
39.979677 116.314452 5634.000000
39.979685 116.314415 5635.000000
39.979682 116.314378 5636.000000
39.979677 116.314335 5637.000000
39.979677 116.314300 5638.000000
39.979672 116.314260 5639.000000
39.979668 116.314225 5640.000000
39.979670 116.314197 5641.000000
39.979672 116.314140 5642.000000
39.979677 116.314120 5643.000000
39.979683 116.314095 5644.000000
39.979688 116.314063 5645.000000
39.979695 116.314032 5646.000000
39.979695 116.313990 5647.000000
39.979687 116.313957 5648.000000
39.979683 116.313923 5649.000000
39.979680 116.313888 5650.000000
39.979678 116.313848 5651.000000
39.979675 116.313815 5652.000000
39.979670 116.313778 5653.000000
39.979675 116.313753 5654.000000
39.979677 116.313717 5655.000000
39.979675 116.313672 5656.000000
39.979677 116.313642 5657.000000
39.979678 116.313613 5658.000000
39.979677 116.313577 5659.000000
39.979678 116.313533 5660.000000
39.979680 116.313502 5661.000000
39.979687 116.313465 5662.000000
39.979688 116.313432 5663.000000
39.979688 116.313403 5664.000000
39.979683 116.313365 5665.000000
39.979685 116.313338 5666.000000
39.979677 116.313298 5667.000000
39.979670 116.313268 5668.000000
39.979667 116.313242 5669.000000
39.979655 116.313207 5670.000000
39.979652 116.313170 5671.000000
39.979648 116.313138 5672.000000
39.979643 116.313110 5673.000000
39.979640 116.313047 5674.000000
39.979645 116.313008 5675.000000
39.979648 116.312973 5676.000000
39.979650 116.312940 5677.000000
39.979648 116.312912 5678.000000
39.979647 116.312885 5679.000000
39.979643 116.312857 5680.000000
39.979642 116.312828 5681.000000
39.979642 116.312802 5682.000000
39.979642 116.312773 5683.000000
39.979643 116.312745 5684.000000
39.979643 116.312718 5685.000000
39.979643 116.312693 5686.000000
39.979643 116.312663 5687.000000
39.979638 116.312632 5688.000000
39.979632 116.312610 5689.000000
39.979627 116.312588 5690.000000
39.979620 116.312563 5691.000000
39.979617 116.312542 5692.000000
39.979610 116.312508 5693.000000
39.979600 116.312487 5694.000000
39.979597 116.312460 5695.000000
39.979595 116.312438 5696.000000
39.979593 116.312415 5697.000000
39.979590 116.312393 5698.000000
39.979578 116.312370 5699.000000
39.979582 116.312340 5700.000000
39.979592 116.312312 5701.000000
39.979593 116.312300 5702.000000
39.979583 116.312290 5703.000000
39.979588 116.312265 5704.000000
39.979585 116.312255 5705.000000
39.979588 116.312232 5706.000000
39.979595 116.312212 5707.000000
39.979600 116.312193 5708.000000
39.979600 116.312177 5709.000000
39.979595 116.312157 5710.000000
39.979590 116.312142 5711.000000
39.979580 116.312117 5712.000000
39.979570 116.312093 5713.000000
39.979440 116.311790 5774.000000
39.979403 116.311767 5775.000000
39.979337 116.311700 5776.000000
39.979327 116.311697 5777.000000
39.979315 116.311707 5778.000000
39.979297 116.311733 5779.000000
39.979307 116.311743 5780.000000
39.979292 116.311738 5781.000000
39.979303 116.311728 5782.000000
39.979317 116.311695 5783.000000
39.979325 116.311662 5784.000000
39.979332 116.311617 5785.000000
39.979338 116.311583 5786.000000
39.979347 116.311548 5787.000000
39.979350 116.311512 5788.000000
39.979360 116.311475 5789.000000
39.979368 116.311437 5790.000000
39.979375 116.311403 5791.000000
39.979382 116.311373 5792.000000
39.979385 116.311340 5793.000000
39.979388 116.311312 5794.000000
39.979392 116.311283 5795.000000
39.979398 116.311242 5796.000000
39.979395 116.311203 5797.000000
39.979397 116.311175 5798.000000
39.979405 116.311140 5799.000000
39.979410 116.311120 5800.000000
39.979407 116.311098 5801.000000
39.979403 116.311088 5802.000000
39.979410 116.311068 5803.000000
39.979413 116.311038 5804.000000
39.979418 116.311017 5805.000000
39.979423 116.310990 5806.000000
39.979425 116.310977 5807.000000
39.979432 116.310972 5808.000000
39.979435 116.310953 5809.000000
39.979438 116.310932 5810.000000
39.979440 116.310908 5811.000000
39.979442 116.310888 5812.000000
39.979445 116.310880 5813.000000
39.979447 116.310868 5814.000000
39.979447 116.310857 5815.000000
39.979448 116.310847 5816.000000
39.979453 116.310835 5817.000000
39.979457 116.310822 5818.000000
39.979457 116.310812 5819.000000
39.979453 116.310798 5820.000000
39.979452 116.310782 5821.000000
39.979455 116.310762 5822.000000
39.979463 116.310742 5823.000000
39.979468 116.310720 5824.000000
39.979473 116.310688 5825.000000
39.979475 116.310657 5826.000000
39.979475 116.310620 5827.000000
39.979480 116.310592 5828.000000
39.979478 116.310552 5829.000000
39.979480 116.310518 5830.000000
39.979487 116.310480 5831.000000
39.979487 116.310437 5832.000000
39.979487 116.310398 5833.000000
39.979490 116.310360 5834.000000
39.979495 116.310320 5835.000000
39.979502 116.310287 5836.000000
39.979508 116.310250 5837.000000
39.979512 116.310208 5838.000000
39.979517 116.310165 5839.000000
39.979517 116.310102 5840.000000
39.979522 116.310047 5841.000000
39.979528 116.310000 5842.000000
39.979532 116.309950 5843.000000
39.979530 116.309903 5844.000000
39.979535 116.309860 5845.000000
39.979540 116.309820 5846.000000
39.979548 116.309778 5847.000000
39.979540 116.309718 5848.000000
39.979538 116.309677 5849.000000
39.979542 116.309623 5850.000000
39.979550 116.309578 5851.000000
39.979560 116.309543 5852.000000
39.979575 116.309512 5853.000000
39.979587 116.309477 5854.000000
39.979577 116.309435 5855.000000
39.979568 116.309415 5856.000000
39.979560 116.309390 5857.000000
39.979575 116.309345 5858.000000
39.979567 116.309298 5859.000000
39.979575 116.309265 5860.000000
39.979582 116.309228 5861.000000
39.979512 116.308917 5910.000000
39.979540 116.308815 5911.000000
39.979553 116.308770 5912.000000
39.979550 116.308755 5913.000000
39.979545 116.308747 5914.000000
39.979538 116.308732 5915.000000
39.979528 116.308715 5916.000000
39.979523 116.308703 5917.000000
39.979520 116.308685 5918.000000
39.979538 116.308658 5919.000000
39.979537 116.308637 5920.000000
39.979518 116.308618 5921.000000
39.979443 116.308608 5922.000000
39.979422 116.308545 5923.000000
39.979420 116.308507 5924.000000
39.979408 116.308487 5925.000000
39.979400 116.308462 5926.000000
39.979400 116.308373 5927.000000
39.979367 116.308338 5928.000000
39.979333 116.308332 5929.000000
39.979295 116.308335 5930.000000
39.979277 116.308317 5931.000000
39.979265 116.308317 5932.000000
39.979255 116.308305 5933.000000
39.979248 116.308297 5934.000000
39.979230 116.308273 5935.000000
39.979212 116.308260 5936.000000
39.979197 116.308233 5937.000000
39.979183 116.308222 5938.000000
39.979173 116.308193 5939.000000
39.979162 116.308160 5940.000000
39.979170 116.308100 5941.000000
39.979160 116.308055 5942.000000
39.979138 116.308022 5943.000000
39.979168 116.307843 5944.000000
39.979210 116.307685 5945.000000
39.979212 116.307623 5946.000000
39.979205 116.307562 5947.000000
39.979187 116.307522 5948.000000
39.979170 116.307493 5949.000000
39.979160 116.307460 5950.000000
39.979157 116.307425 5951.000000
39.979165 116.307358 5952.000000
39.979157 116.307327 5953.000000
39.979143 116.307288 5954.000000
39.979135 116.307253 5955.000000
39.979120 116.307215 5956.000000
39.979103 116.307178 5957.000000
39.979082 116.307138 5958.000000
39.979067 116.307103 5959.000000
39.979053 116.307070 5960.000000
39.979038 116.307037 5961.000000
39.979025 116.306990 5962.000000
39.979018 116.306948 5963.000000
39.979010 116.306908 5964.000000
39.978992 116.306877 5965.000000
39.978985 116.306833 5966.000000
39.978977 116.306797 5967.000000
39.978955 116.306765 5968.000000
39.978927 116.306732 5969.000000
39.978910 116.306690 5970.000000
39.978907 116.306655 5971.000000
39.978903 116.306617 5972.000000
39.978900 116.306580 5973.000000
39.978897 116.306548 5974.000000
39.978885 116.306523 5975.000000
39.978873 116.306495 5976.000000
39.978863 116.306467 5977.000000
39.978858 116.306428 5978.000000
39.978858 116.306387 5979.000000
39.978853 116.306348 5980.000000
39.978842 116.306315 5981.000000
39.978840 116.306243 5982.000000
39.978845 116.306193 5983.000000
39.978838 116.306160 5984.000000
39.978852 116.306118 5985.000000
39.978845 116.306080 5986.000000
39.978833 116.306042 5987.000000
39.978695 116.305800 6040.000000
