40.047291 116.326782 32735.000000
40.047757 116.326359 32740.000000
40.048170 116.326121 32745.000000
40.048591 116.325955 32750.000000
40.049025 116.325702 32755.000000
40.049474 116.325517 32760.000000
40.049947 116.324753 32765.000000
40.050389 116.324471 32770.000000
40.050763 116.324048 32775.000000
40.051101 116.323535 32780.000000
40.051443 116.323051 32785.000000
40.051904 116.322669 32790.000000
40.052338 116.322446 32795.000000
40.052735 116.322180 32800.000000
40.053082 116.321941 32805.000000
40.053353 116.321837 32810.000000
40.053606 116.321861 32815.000000
40.053908 116.321858 32820.000000
40.054080 116.323273 32825.000000
40.054258 116.323192 32830.000000
40.054408 116.323401 32835.000000
40.054545 116.323668 32840.000000
40.054654 116.323936 32845.000000
40.054763 116.324052 32850.000000
40.054802 116.324027 32855.000000
40.054822 116.323943 32860.000000
40.054823 116.323952 32865.000000
40.054855 116.324008 32870.000000
40.054911 116.324165 32875.000000
40.055022 116.324357 32880.000000
40.055140 116.324585 32885.000000
40.055310 116.324816 32890.000000
40.055496 116.325120 32895.000000
40.055695 116.325540 32900.000000
40.055905 116.326040 32905.000000
40.056046 116.326590 32910.000000
40.056203 116.327149 32915.000000
40.056267 116.327659 32920.000000
40.056284 116.328112 32925.000000
40.056345 116.328459 32930.000000
40.056800 116.330055 32935.000000
40.056637 116.330174 32940.000000
40.056741 116.330167 32945.000000
40.056805 116.330144 32950.000000
40.056843 116.330149 32955.000000
40.056864 116.330251 32960.000000
40.056939 116.330448 32965.000000
40.057017 116.330682 32970.000000
40.057113 116.330960 32975.000000
40.057204 116.331237 32980.000000
40.057249 116.331416 32985.000000
40.057271 116.331407 32990.000000
40.057271 116.331407 32993.000000
40.057279 116.331408 32995.000000
40.057308 116.331556 33000.000000
40.057387 116.331811 33005.000000
40.057475 116.332085 33010.000000
40.057555 116.332376 33015.000000
40.057626 116.332838 33020.000000
40.057705 116.333308 33025.000000
40.057774 116.333808 33030.000000
40.057862 116.334251 33035.000000
40.057924 116.334670 33040.000000
40.057958 116.334966 33045.000000
40.057952 116.335057 33050.000000
40.057948 116.335077 33055.000000
40.057948 116.335077 33058.000000
40.057943 116.335085 33060.000000
40.057942 116.335095 33065.000000
40.057950 116.335093 33070.000000
40.057949 116.335094 33075.000000
40.057949 116.335094 33078.000000
40.057946 116.335098 33080.000000
40.058003 116.335272 33085.000000
40.058045 116.335609 33090.000000
40.058089 116.336066 33095.000000
40.058171 116.336480 33100.000000
40.058269 116.336906 33105.000000
40.058350 116.337357 33110.000000
40.058459 116.337839 33115.000000
40.058521 116.338308 33120.000000
40.058583 116.338789 33125.000000
40.058657 116.339238 33130.000000
40.058726 116.339557 33135.000000
40.058708 116.339696 33140.000000
40.058718 116.339709 33145.000000
40.058718 116.339709 33148.000000
40.058721 116.339713 33150.000000
40.058764 116.339821 33155.000000
40.058835 116.339962 33160.000000
40.058942 116.340200 33165.000000
40.059033 116.340418 33170.000000
40.059053 116.340526 33175.000000
40.059053 116.340526 33180.000000
40.059053 116.340526 33183.000000
40.059059 116.340526 33185.000000
40.059067 116.340545 33190.000000
40.059082 116.340618 33195.000000
40.059092 116.340646 33200.000000
40.059146 116.340653 33205.000000
40.059199 116.340672 33210.000000
40.059218 116.340761 33215.000000
40.059234 116.340871 33220.000000
40.059249 116.340909 33225.000000
40.059264 116.340949 33230.000000
40.059401 116.340931 33235.000000
40.059552 116.340915 33240.000000
40.059662 116.340896 33245.000000
40.059729 116.340873 33250.000000
40.059741 116.340885 33255.000000
40.059766 116.340894 33260.000000
40.059905 116.340867 33265.000000
40.060001 116.340913 33270.000000
40.060210 116.340894 33275.000000
40.060382 116.340631 33280.000000
40.060654 116.340489 33285.000000
40.060848 116.340471 33290.000000
40.061055 116.340478 33295.000000
40.061263 116.340474 33300.000000
40.061467 116.340519 33305.000000
40.061665 116.340604 33310.000000
40.061779 116.340658 33315.000000
40.061799 116.340635 33320.000000
40.061799 116.340635 33323.000000
40.061801 116.340634 33325.000000
40.061791 116.340634 33330.000000
40.061801 116.340633 33335.000000
40.061879 116.340631 33340.000000
40.062056 116.340644 33345.000000
40.062249 116.340660 33350.000000
40.062421 116.340664 33355.000000
40.062506 116.340689 33360.000000
40.062586 116.340717 33365.000000
40.062736 116.340706 33370.000000
40.062958 116.340696 33375.000000
40.063163 116.340677 33380.000000
40.063209 116.340686 33385.000000
40.063309 116.340702 33390.000000
40.063453 116.340813 33395.000000
40.063611 116.341015 33400.000000
40.063784 116.341265 33405.000000
40.063986 116.341594 33410.000000
40.064215 116.341960 33415.000000
40.064453 116.342380 33420.000000
40.064667 116.342851 33425.000000
40.064876 116.343297 33430.000000
40.065122 116.343752 33435.000000
40.065390 116.344194 33440.000000
40.065660 116.344612 33445.000000
40.065856 116.344916 33450.000000
40.065948 116.345018 33455.000000
40.065960 116.344984 33460.000000
40.065940 116.345035 33465.000000
40.066020 116.345183 33470.000000
40.066149 116.345375 33475.000000
40.066318 116.345670 33480.000000
40.066558 116.346157 33485.000000
40.066808 116.346563 33490.000000
40.067066 116.346981 33495.000000
40.067276 116.347361 33500.000000
40.067450 116.347687 33505.000000
40.067651 116.348071 33510.000000
40.067886 116.348525 33515.000000
40.068122 116.348861 33520.000000
40.068333 116.349226 33525.000000
40.068557 116.349605 33530.000000
40.068776 116.350004 33535.000000
40.069003 116.350390 33540.000000
40.069244 116.350775 33545.000000
40.069425 116.351190 33550.000000
40.069665 116.351568 33555.000000
40.069838 116.351936 33560.000000
40.070019 116.352290 33565.000000
40.070230 116.352649 33570.000000
40.070403 116.352919 33575.000000
40.070472 116.352981 33580.000000
40.070475 116.352959 33585.000000
40.070476 116.352960 33590.000000
40.070476 116.352960 33593.000000
40.070469 116.352965 33595.000000
40.070474 116.352984 33600.000000
40.070483 116.353019 33605.000000
40.070492 116.353069 33610.000000
40.070499 116.353112 33615.000000
40.070526 116.353187 33620.000000
40.070562 116.353264 33625.000000
40.070601 116.353326 33630.000000
40.070645 116.353370 33635.000000
40.070674 116.353426 33640.000000
40.070711 116.353498 33645.000000
40.070751 116.353560 33650.000000
40.070792 116.353610 33655.000000
40.070833 116.353658 33660.000000
40.070869 116.353721 33665.000000
40.070910 116.353786 33670.000000
40.070944 116.353862 33675.000000
40.070975 116.353915 33680.000000
40.071025 116.353959 33685.000000
40.071053 116.354011 33690.000000
40.071089 116.354090 33695.000000
40.071126 116.354162 33700.000000
40.071170 116.354239 33705.000000
40.071197 116.354317 33710.000000
40.071232 116.354367 33715.000000
40.071274 116.354429 33720.000000
40.071313 116.354489 33725.000000
40.071354 116.354555 33730.000000
40.071407 116.354603 33735.000000
40.071448 116.354676 33740.000000
40.071486 116.354737 33745.000000
40.071520 116.354793 33750.000000
40.071563 116.354843 33755.000000
40.071599 116.354910 33760.000000
40.071636 116.354982 33765.000000
40.071673 116.355049 33770.000000
40.071701 116.355122 33775.000000
40.071743 116.355190 33780.000000
40.071773 116.355253 33785.000000
40.071797 116.355321 33790.000000
40.071791 116.355396 33795.000000
40.071760 116.355467 33800.000000
40.071724 116.355521 33805.000000
40.071672 116.355582 33810.000000
40.071627 116.355615 33815.000000
40.071582 116.355668 33820.000000
40.071524 116.355711 33825.000000
40.071496 116.355728 33830.000000
40.071447 116.355726 33835.000000
40.071410 116.355738 33840.000000
40.071409 116.355747 33845.000000
40.071337 116.355746 33850.000000
40.071272 116.355732 33855.000000
40.071234 116.355729 33860.000000
40.071177 116.355722 33865.000000
40.071118 116.355715 33870.000000
