39.966802 116.361172 37346.000000
39.966807 116.361188 37348.000000
39.966813 116.361205 37350.000000
39.966822 116.361228 37352.000000
39.966820 116.361240 37354.000000
39.966820 116.361240 37364.000000
39.966823 116.361240 37366.000000
39.966818 116.361227 37368.000000
39.966818 116.361227 37371.000000
39.966812 116.361222 37373.000000
39.966810 116.361200 37375.000000
39.966807 116.361178 37377.000000
39.966810 116.361153 37379.000000
39.966812 116.361127 37381.000000
39.966805 116.361100 37383.000000
39.966798 116.361077 37385.000000
39.966785 116.361030 37387.000000
39.966785 116.360988 37389.000000
39.966788 116.360962 37391.000000
39.966783 116.360928 37393.000000
39.966768 116.360913 37395.000000
39.966757 116.360897 37397.000000
39.966747 116.360882 37399.000000
39.966743 116.360862 37401.000000
39.966737 116.360847 37403.000000
39.966733 116.360832 37405.000000
39.966727 116.360827 37407.000000
39.966723 116.360842 37521.000000
39.966727 116.360823 37523.000000
39.966727 116.360800 37525.000000
39.966722 116.360775 37527.000000
39.966715 116.360755 37529.000000
39.966715 116.360755 37535.000000
39.966718 116.360747 37537.000000
39.966715 116.360758 37539.000000
39.966715 116.360758 37562.000000
39.966713 116.360767 37564.000000
39.966707 116.360777 37566.000000
39.966703 116.360778 37568.000000
39.966700 116.360752 37570.000000
39.966697 116.360738 37572.000000
39.966697 116.360730 37574.000000
39.966693 116.360732 37585.000000
39.966693 116.360732 37600.000000
39.966688 116.360727 37602.000000
39.966673 116.360670 37604.000000
39.966670 116.360573 37606.000000
39.966665 116.360453 37608.000000
39.966658 116.360327 37610.000000
39.966650 116.360190 37612.000000
39.966647 116.360038 37614.000000
39.966640 116.359887 37616.000000
39.966625 116.359733 37618.000000
39.966647 116.359605 37620.000000
39.966703 116.359493 37622.000000
39.966783 116.359425 37624.000000
39.966847 116.359473 37626.000000
39.966952 116.359467 37628.000000
39.967068 116.359438 37630.000000
39.967240 116.359430 37632.000000
39.967388 116.359425 37634.000000
39.967555 116.359423 37636.000000
39.967718 116.359413 37638.000000
39.967888 116.359433 37640.000000
39.968048 116.359430 37642.000000
39.968213 116.359445 37644.000000
39.968365 116.359465 37646.000000
39.968470 116.359475 37648.000000
39.968590 116.359430 37650.000000
39.968738 116.359390 37652.000000
39.968905 116.359367 37654.000000
39.969068 116.359420 37656.000000
39.969222 116.359420 37658.000000
39.969365 116.359368 37660.000000
39.969490 116.359320 37662.000000
39.969565 116.359260 37664.000000
39.969668 116.359233 37666.000000
39.969805 116.359198 37668.000000
39.969965 116.359137 37670.000000
39.970122 116.359053 37672.000000
39.970273 116.359160 37674.000000
39.970948 116.359480 37682.000000
39.971098 116.359583 37684.000000
39.971247 116.359775 37686.000000
39.971418 116.359788 37688.000000
39.971580 116.359703 37690.000000
39.971727 116.359670 37692.000000
39.971877 116.359662 37694.000000
39.972007 116.359678 37696.000000
39.972142 116.359697 37698.000000
39.972267 116.359712 37700.000000
39.972713 116.359023 37718.000000
39.972763 116.359098 37727.000000
39.972780 116.359095 37729.000000
39.972812 116.359085 37731.000000
39.972860 116.359067 37733.000000
39.972940 116.359070 37735.000000
39.973022 116.359093 37737.000000
39.973105 116.359122 37739.000000
39.973208 116.359162 37741.000000
39.973315 116.359207 37743.000000
39.973435 116.359237 37745.000000
39.973535 116.359240 37747.000000
39.973633 116.359238 37749.000000
39.973727 116.359243 37751.000000
39.973840 116.359262 37753.000000
39.973978 116.359280 37755.000000
39.974137 116.359347 37757.000000
39.974327 116.359398 37759.000000
39.974503 116.359435 37761.000000
39.974738 116.359468 37764.000000
39.974873 116.359477 37766.000000
39.974937 116.359495 37768.000000
39.975025 116.359507 37771.000000
39.975085 116.359512 37774.000000
39.975135 116.359517 37777.000000
39.975190 116.359520 37780.000000
39.975225 116.359523 37782.000000
39.975252 116.359530 37784.000000
39.975270 116.359528 37786.000000
39.975313 116.359533 37789.000000
39.975372 116.359540 37792.000000
39.975400 116.359542 37794.000000
39.975412 116.359547 37796.000000
39.975420 116.359548 37798.000000
39.975418 116.359548 37835.000000
39.975418 116.359548 37845.000000
39.975418 116.359548 37859.000000
39.975417 116.359547 37861.000000
39.975430 116.359548 37863.000000
39.975430 116.359548 37867.000000
39.975438 116.359543 37869.000000
39.975425 116.359537 37871.000000
39.975425 116.359537 37885.000000
39.975417 116.359533 37887.000000
39.975427 116.359528 37889.000000
39.975445 116.359528 37891.000000
39.975463 116.359533 37893.000000
39.975468 116.359537 37896.000000
39.975468 116.359537 37899.000000
39.975468 116.359537 37901.000000
39.975457 116.359530 37903.000000
39.975467 116.359537 37905.000000
39.975482 116.359533 37907.000000
39.975495 116.359523 37910.000000
39.975512 116.359518 37912.000000
39.975558 116.359525 37914.000000
39.975613 116.359525 37916.000000
39.975658 116.359558 37918.000000
39.975727 116.359575 37920.000000
39.975758 116.359587 37922.000000
39.975785 116.359593 37924.000000
39.975802 116.359613 37926.000000
39.975797 116.359640 37928.000000
39.975805 116.359708 37930.000000
39.975802 116.359712 37932.000000
39.975793 116.359747 37934.000000
39.975793 116.359780 37936.000000
39.975803 116.359790 37938.000000
39.975807 116.359817 37940.000000
39.975812 116.359843 37942.000000
39.975802 116.359882 37944.000000
39.975788 116.359900 37946.000000
39.975785 116.359893 37948.000000
39.975790 116.359883 37966.000000
39.975790 116.359893 37968.000000
39.975792 116.359903 37971.000000
39.975792 116.359903 37974.000000
39.975795 116.359907 37976.000000
39.975803 116.359917 37978.000000
39.975815 116.359920 37980.000000
39.975833 116.359902 37982.000000
39.975855 116.359868 37984.000000
39.975885 116.359823 37986.000000
39.975923 116.359778 37988.000000
39.975948 116.359743 37990.000000
39.975997 116.359728 37992.000000
39.976020 116.359700 37994.000000
39.976038 116.359683 37996.000000
39.976072 116.359660 37998.000000
