39.962395 116.438928 3601.000000
39.962193 116.439237 3604.000000
39.961998 116.439548 3607.000000
39.961797 116.439858 3610.000000
39.961588 116.440173 3613.000000
39.961375 116.440505 3616.000000
39.961152 116.440857 3619.000000
39.960917 116.441223 3622.000000
39.960665 116.441618 3625.000000
39.960415 116.442012 3628.000000
39.960165 116.442425 3631.000000
39.959910 116.442822 3634.000000
39.959662 116.443215 3637.000000
39.959407 116.443587 3640.000000
39.959170 116.443942 3643.000000
39.958945 116.444258 3646.000000
39.958793 116.444440 3649.000000
39.958668 116.444573 3651.000000
39.958448 116.444942 3653.000000
39.958123 116.445453 3656.000000
39.957897 116.445832 3659.000000
39.957642 116.446228 3662.000000
39.957378 116.446627 3665.000000
39.957117 116.447035 3668.000000
39.956845 116.447458 3671.000000
39.956567 116.447890 3674.000000
39.956295 116.448287 3677.000000
39.956047 116.448650 3680.000000
39.955805 116.448990 3683.000000
39.955617 116.449280 3686.000000
39.955515 116.449458 3688.000000
39.955405 116.449618 3690.000000
39.955322 116.449963 3695.000000
39.955312 116.450013 3697.000000
39.955207 116.450002 3699.000000
39.955103 116.449985 3701.000000
39.955057 116.450013 3703.000000
39.955063 116.450000 3705.000000
39.955133 116.450138 3707.000000
39.955117 116.450197 3709.000000
39.955088 116.450268 3711.000000
39.955053 116.450345 3713.000000
39.955013 116.450385 3715.000000
39.954975 116.450453 3717.000000
39.954928 116.450502 3719.000000
39.954915 116.450495 3721.000000
39.954865 116.450427 3723.000000
39.954818 116.450405 3725.000000
39.954813 116.450375 3727.000000
39.954797 116.450322 3729.000000
39.954803 116.450233 3731.000000
39.954812 116.450203 3733.000000
39.954785 116.450173 3735.000000
39.954742 116.450145 3737.000000
