39.990373 116.300277 26384.000000
39.990405 116.300272 26385.000000
39.990465 116.300258 26387.000000
39.990520 116.300238 26389.000000
39.990577 116.300230 26391.000000
39.990630 116.300222 26393.000000
39.990670 116.300188 26395.000000
39.990698 116.300153 26397.000000
39.991005 116.300435 26440.000000
39.991033 116.300455 26442.000000
39.991055 116.300425 26444.000000
39.991067 116.300415 26446.000000
39.991098 116.300442 26448.000000
39.991118 116.300435 26450.000000
39.991142 116.300407 26452.000000
39.991152 116.300388 26454.000000
39.991148 116.300375 26456.000000
39.991183 116.300170 26458.000000
39.991245 116.300123 26460.000000
39.991278 116.300083 26462.000000
39.991252 116.300072 26464.000000
39.991212 116.300083 26468.000000
39.991198 116.300082 26470.000000
39.991233 116.300038 26472.000000
39.991280 116.300008 26474.000000
39.991307 116.299992 26476.000000
39.991340 116.299948 26478.000000
39.991347 116.299922 26480.000000
39.991355 116.299858 26482.000000
39.991337 116.299833 26484.000000
39.991332 116.299820 26486.000000
39.991310 116.299875 26488.000000
39.991295 116.299947 26490.000000
39.991313 116.299912 26492.000000
39.991340 116.299860 26494.000000
39.991347 116.299833 26496.000000
39.991360 116.299810 26498.000000
39.991372 116.299795 26500.000000
39.991427 116.299762 26502.000000
39.991377 116.299707 26504.000000
39.991348 116.299683 26506.000000
39.991370 116.299620 26508.000000
39.991407 116.299590 26510.000000
39.991482 116.299542 26512.000000
39.991530 116.299523 26514.000000
39.991553 116.299508 26516.000000
39.991597 116.299492 26518.000000
39.991643 116.299470 26520.000000
39.991680 116.299433 26522.000000
39.991667 116.299437 26524.000000
39.991658 116.299400 26526.000000
39.991658 116.299347 26528.000000
39.991617 116.299455 26530.000000
39.991578 116.299487 26532.000000
39.991568 116.299480 26534.000000
39.991542 116.299463 26536.000000
39.991512 116.299447 26538.000000
39.991475 116.299422 26540.000000
39.991440 116.299393 26542.000000
39.991430 116.299367 26544.000000
39.991425 116.299338 26546.000000
39.991425 116.299310 26548.000000
39.991418 116.299285 26550.000000
39.991433 116.299262 26552.000000
39.991435 116.299230 26554.000000
39.991463 116.299208 26557.000000
39.991480 116.299212 26578.000000
39.991480 116.299212 26620.000000
39.991485 116.299215 26622.000000
39.991495 116.299212 26624.000000
39.991498 116.299210 26626.000000
39.991500 116.299203 26628.000000
39.991500 116.299203 26632.000000
39.991495 116.299197 26634.000000
39.991498 116.299180 26636.000000
39.991507 116.299155 26638.000000
39.991513 116.299128 26640.000000
39.991530 116.299105 26642.000000
39.991547 116.299095 26644.000000
39.991577 116.299068 26646.000000
39.991577 116.299058 26648.000000
39.991583 116.299035 26650.000000
39.991597 116.299012 26652.000000
39.991592 116.298992 26654.000000
39.991572 116.298973 26692.000000
39.991592 116.298975 26694.000000
39.991608 116.298955 26696.000000
39.991612 116.298935 26698.000000
39.991607 116.298910 26700.000000
39.991597 116.298885 26702.000000
39.991588 116.298865 26704.000000
39.991568 116.298843 26706.000000
39.991538 116.298823 26708.000000
