39.993692 116.304910 4723.000000
39.993693 116.304902 4725.000000
39.993697 116.304897 4727.000000
39.993700 116.304887 4729.000000
39.993710 116.304890 4731.000000
39.993713 116.304897 4733.000000
39.993723 116.304915 4735.000000
39.993737 116.304948 4737.000000
39.993735 116.304992 4739.000000
39.993750 116.305040 4741.000000
39.993748 116.305092 4743.000000
39.993747 116.305115 4745.000000
39.993768 116.305165 4749.000000
39.993785 116.305175 4751.000000
39.993790 116.305158 4753.000000
39.993788 116.305130 4755.000000
39.993782 116.305102 4757.000000
39.993773 116.305092 4759.000000
39.993785 116.305077 4761.000000
39.993787 116.305052 4763.000000
39.993785 116.305032 4802.000000
39.993788 116.305048 4804.000000
39.993797 116.305072 4806.000000
39.993795 116.305082 4808.000000
39.993788 116.305087 4810.000000
39.993778 116.305088 4815.000000
39.993777 116.305067 4848.000000
39.993788 116.305095 4850.000000
39.993798 116.305118 4852.000000
39.993807 116.305183 4854.000000
39.993813 116.305215 4856.000000
39.993810 116.305237 4858.000000
39.993813 116.305242 4860.000000
39.993807 116.305248 4862.000000
39.993803 116.305248 4864.000000
39.993797 116.305233 4866.000000
39.993787 116.305198 4868.000000
39.993728 116.305183 4900.000000
39.993722 116.305157 4905.000000
39.993722 116.305138 4907.000000
39.993720 116.305125 4959.000000
39.993715 116.305105 4961.000000
39.993713 116.305092 4963.000000
39.993717 116.305082 4965.000000
39.993718 116.305063 4967.000000
39.993718 116.305030 4969.000000
39.993715 116.305000 4971.000000
39.993710 116.304973 4973.000000
39.993710 116.304953 4975.000000
39.993693 116.304870 4979.000000
39.993682 116.304803 4981.000000
39.993672 116.304762 4983.000000
39.993660 116.304733 4986.000000
39.993657 116.304712 4988.000000
39.993647 116.304653 4990.000000
39.993650 116.304647 4992.000000
39.993657 116.304530 4995.000000
39.993650 116.304530 4997.000000
39.993648 116.304553 4999.000000
39.993657 116.304580 5001.000000
39.993668 116.304590 5004.000000
39.993673 116.304613 5006.000000
39.993685 116.304663 5008.000000
39.993655 116.304442 5013.000000
39.993647 116.304465 5015.000000
39.993648 116.304508 5017.000000
39.993638 116.304558 5019.000000
39.993635 116.304632 5041.000000
39.993642 116.304678 5064.000000
39.993647 116.304682 5066.000000
39.993663 116.304700 5079.000000
39.993655 116.304725 5096.000000
