39.987327 116.303170 14039.000000
39.987313 116.303165 14040.000000
39.987237 116.303155 14042.000000
39.987202 116.303155 14045.000000
39.987218 116.303160 14047.000000
39.987232 116.303152 14049.000000
39.987237 116.303163 14051.000000
39.987178 116.303202 14053.000000
39.987137 116.303223 14055.000000
39.987120 116.303230 14062.000000
39.987115 116.303230 14064.000000
39.987102 116.303233 14066.000000
39.987082 116.303232 14068.000000
39.987082 116.303232 14071.000000
39.987082 116.303232 14072.000000
39.987090 116.303232 14074.000000
39.987078 116.303228 14082.000000
39.987165 116.303238 14085.000000
39.987175 116.303235 14087.000000
39.987172 116.303233 14089.000000
39.987183 116.303230 14096.000000
39.987175 116.303213 14098.000000
39.987168 116.303188 14100.000000
39.987160 116.303165 14102.000000
39.987160 116.303135 14104.000000
39.987152 116.303107 14106.000000
39.987137 116.303082 14108.000000
39.987125 116.303052 14110.000000
39.987113 116.303027 14112.000000
39.987097 116.303007 14114.000000
39.987077 116.302987 14116.000000
39.987062 116.302977 14118.000000
39.987037 116.302973 14120.000000
39.987045 116.302967 14122.000000
39.987035 116.302953 14124.000000
39.987032 116.302927 14126.000000
39.987040 116.302908 14128.000000
39.987040 116.302868 14130.000000
39.987022 116.302848 14132.000000
39.986988 116.302828 14134.000000
39.986942 116.302818 14136.000000
39.986867 116.302803 14138.000000
39.986790 116.302778 14140.000000
39.986745 116.302772 14142.000000
39.986702 116.302773 14144.000000
39.986700 116.302803 14146.000000
39.986692 116.302813 14148.000000
39.986690 116.302793 14150.000000
39.986663 116.302793 14152.000000
39.986662 116.302773 14154.000000
39.986648 116.302753 14156.000000
39.986633 116.302740 14158.000000
39.986617 116.302685 14160.000000
39.986622 116.302657 14162.000000
39.986607 116.302645 14164.000000
39.986610 116.302625 14166.000000
39.986625 116.302590 14168.000000
39.986620 116.302565 14170.000000
39.986610 116.302538 14172.000000
39.986607 116.302507 14174.000000
39.986595 116.302452 14176.000000
39.986582 116.302417 14178.000000
39.986578 116.302382 14180.000000
39.986572 116.302338 14182.000000
39.986563 116.302297 14184.000000
39.986555 116.302257 14186.000000
39.986555 116.302217 14188.000000
39.986547 116.302185 14190.000000
39.986540 116.302153 14192.000000
39.986535 116.302127 14194.000000
39.986517 116.302100 14196.000000
39.986500 116.302067 14198.000000
39.986483 116.302013 14200.000000
39.986475 116.301970 14202.000000
39.986493 116.301953 14204.000000
39.986513 116.301940 14206.000000
39.986520 116.301917 14208.000000
39.986517 116.301880 14210.000000
39.986517 116.301843 14212.000000
39.986525 116.301815 14214.000000
39.986533 116.301788 14216.000000
39.986533 116.301758 14218.000000
39.986538 116.301730 14220.000000
39.986538 116.301705 14222.000000
39.986537 116.301682 14224.000000
39.986535 116.301667 14226.000000
39.986533 116.301638 14228.000000
39.986535 116.301610 14230.000000
39.986540 116.301588 14232.000000
39.986540 116.301572 14234.000000
39.986537 116.301572 14236.000000
39.986518 116.301557 14238.000000
39.986510 116.301552 14240.000000
