39.944082 116.401120 16186.000000
39.944072 116.401115 16188.000000
39.944065 116.401100 16190.000000
39.944067 116.401107 16192.000000
39.944070 116.401068 16194.000000
39.944063 116.401055 16196.000000
39.944065 116.401037 16198.000000
39.944065 116.401007 16200.000000
39.944053 116.401012 16203.000000
39.944060 116.400970 16205.000000
39.944047 116.400997 16207.000000
39.944033 116.401005 16209.000000
39.944025 116.400998 16211.000000
39.944012 116.401018 16213.000000
39.943995 116.401033 16215.000000
39.943995 116.401080 16217.000000
39.943997 116.401068 16219.000000
39.944008 116.401088 16221.000000
39.944018 116.401142 16223.000000
39.944032 116.401162 16225.000000
