39.873947 116.371162 31727.000000
39.873922 116.371109 31731.000000
39.873903 116.371061 31733.000000
39.873864 116.371027 31737.000000
39.873819 116.371046 31742.000000
39.873778 116.371022 31747.000000
39.873758 116.371027 31752.000000
39.873758 116.371027 31755.000000
39.873758 116.371034 31757.000000
39.873761 116.371088 31760.000000
39.873745 116.371166 31762.000000
39.873738 116.371237 31765.000000
39.873753 116.371307 31768.000000
39.873752 116.371316 31773.000000
39.873720 116.371333 31778.000000
39.873704 116.371418 31780.000000
39.873695 116.371500 31783.000000
39.873686 116.371559 31787.000000
39.873689 116.371626 31792.000000
39.873686 116.371632 31797.000000
39.873685 116.371633 31802.000000
39.873684 116.371634 31807.000000
39.873684 116.371627 31812.000000
39.873683 116.371627 31817.000000
39.873683 116.371627 31822.000000
39.873682 116.371627 31827.000000
39.873682 116.371627 31830.000000
39.873681 116.371628 31832.000000
39.873681 116.371639 31837.000000
39.873662 116.371666 31842.000000
39.873664 116.371667 31847.000000
39.873664 116.371665 31852.000000
39.873664 116.371668 31857.000000
39.873664 116.371667 31862.000000
39.873664 116.371667 31865.000000
39.873663 116.371674 31867.000000
39.873683 116.371630 31872.000000
39.873675 116.371522 31875.000000
39.873669 116.371415 31877.000000
39.873667 116.371324 31879.000000
39.873666 116.371265 31881.000000
39.873667 116.371198 31885.000000
39.873665 116.371156 31890.000000
39.873718 116.371127 31894.000000
39.873772 116.371098 31895.000000
39.873848 116.371051 31896.000000
39.873912 116.371044 31897.000000
39.873980 116.371032 31898.000000
39.874059 116.371032 31899.000000
39.874114 116.371029 31900.000000
39.874160 116.371020 31901.000000
39.874243 116.371008 31903.000000
39.874337 116.371028 31905.000000
39.874393 116.371012 31907.000000
39.874428 116.370945 31910.000000
39.874433 116.370833 31912.000000
39.874422 116.370700 31914.000000
39.874419 116.370634 31915.000000
39.874415 116.370559 31916.000000
39.874418 116.370493 31917.000000
39.874420 116.370425 31918.000000
39.874416 116.370357 31919.000000
39.874416 116.370296 31920.000000
39.874415 116.370229 31921.000000
39.874420 116.370159 31922.000000
39.874429 116.370091 31923.000000
39.874434 116.370021 31924.000000
39.874432 116.369945 31925.000000
39.874430 116.369872 31926.000000
39.874420 116.369782 31927.000000
39.874409 116.369691 31928.000000
39.874436 116.369607 31929.000000
39.874445 116.369526 31930.000000
39.874445 116.369440 31931.000000
39.874447 116.369361 31932.000000
39.874455 116.369275 31933.000000
39.874465 116.369196 31934.000000
39.874479 116.369113 31935.000000
39.874489 116.369017 31936.000000
39.874488 116.368925 31937.000000
39.874489 116.368840 31938.000000
39.874489 116.368764 31939.000000
39.874485 116.368693 31940.000000
39.874492 116.368583 31942.000000
39.874501 116.368488 31944.000000
39.874501 116.368419 31946.000000
39.874530 116.368346 31948.000000
39.874586 116.368275 31950.000000
39.874623 116.368235 31951.000000
39.874669 116.368215 31952.000000
39.874724 116.368210 31953.000000
39.874784 116.368204 31954.000000
39.874851 116.368198 31955.000000
39.874924 116.368191 31956.000000
39.874994 116.368179 31957.000000
39.875067 116.368176 31958.000000
39.875139 116.368168 31959.000000
39.875216 116.368162 31960.000000
39.875293 116.368151 31961.000000
39.875379 116.368155 31962.000000
39.875467 116.368158 31963.000000
39.875557 116.368156 31964.000000
39.875649 116.368155 31965.000000
39.875742 116.368152 31966.000000
39.875832 116.368149 31967.000000
39.875921 116.368148 31968.000000
39.876004 116.368151 31969.000000
39.876089 116.368153 31970.000000
39.876170 116.368150 31971.000000
39.876250 116.368149 31972.000000
39.876324 116.368141 31973.000000
39.876395 116.368136 31974.000000
39.876459 116.368128 31975.000000
39.876522 116.368127 31976.000000
39.876582 116.368127 31977.000000
39.876634 116.368124 31978.000000
39.876681 116.368120 31979.000000
39.876761 116.368123 31981.000000
39.876823 116.368123 31983.000000
39.876883 116.368122 31985.000000
39.876947 116.368104 31988.000000
39.876989 116.368054 31991.000000
39.876956 116.368009 31993.000000
39.876888 116.367979 31995.000000
39.876800 116.367979 31997.000000
39.876747 116.367984 31998.000000
39.876690 116.367986 31999.000000
39.876629 116.367987 32000.000000
39.876569 116.367993 32001.000000
39.876505 116.367997 32002.000000
39.876451 116.368011 32003.000000
39.876390 116.368022 32004.000000
39.876331 116.368025 32005.000000
39.876266 116.368026 32006.000000
39.876204 116.368023 32007.000000
39.876140 116.368021 32008.000000
39.876072 116.368021 32009.000000
39.876001 116.368017 32010.000000
39.875931 116.368016 32011.000000
39.875860 116.368015 32012.000000
39.875787 116.368015 32013.000000
39.875713 116.368017 32014.000000
39.875633 116.368021 32015.000000
39.875549 116.368015 32016.000000
39.875459 116.368006 32017.000000
39.875360 116.368015 32018.000000
39.875265 116.368003 32019.000000
39.875178 116.368009 32020.000000
39.875086 116.368010 32021.000000
39.874988 116.368016 32022.000000
39.874899 116.368024 32023.000000
39.874797 116.368027 32024.000000
39.874695 116.368030 32025.000000
39.874594 116.368029 32026.000000
39.874489 116.368033 32027.000000
39.874388 116.368036 32028.000000
39.874306 116.368058 32029.000000
39.874213 116.368064 32030.000000
39.874118 116.368053 32031.000000
39.874023 116.368057 32032.000000
39.873932 116.368060 32033.000000
39.873831 116.368054 32034.000000
39.873727 116.368065 32035.000000
39.873620 116.368067 32036.000000
39.873506 116.368071 32037.000000
39.873401 116.368078 32038.000000
39.873281 116.368078 32039.000000
39.873168 116.368082 32040.000000
39.873059 116.368086 32041.000000
39.872949 116.368090 32042.000000
39.872841 116.368092 32043.000000
39.872741 116.368079 32044.000000
39.872630 116.368077 32045.000000
39.872526 116.368075 32046.000000
39.872407 116.368071 32047.000000
39.872291 116.368065 32048.000000
39.872181 116.368057 32049.000000
39.872074 116.368051 32050.000000
39.871970 116.368043 32051.000000
39.871867 116.368045 32052.000000
39.871768 116.368043 32053.000000
39.871671 116.368033 32054.000000
39.871572 116.368015 32055.000000
39.871468 116.368000 32056.000000
39.871366 116.367985 32057.000000
39.871269 116.367973 32058.000000
39.871178 116.367963 32059.000000
39.871093 116.367946 32060.000000
39.871025 116.367935 32061.000000
39.870952 116.367931 32062.000000
39.870883 116.367930 32063.000000
39.870825 116.367916 32064.000000
39.870773 116.367895 32065.000000
39.870724 116.367874 32066.000000
39.870642 116.367857 32068.000000
39.870561 116.367877 32070.000000
39.870497 116.367880 32071.000000
39.870438 116.367881 32072.000000
39.870382 116.367876 32073.000000
39.870319 116.367863 32074.000000
39.870249 116.367864 32075.000000
39.870182 116.367862 32076.000000
39.870109 116.367860 32077.000000
39.870038 116.367861 32078.000000
39.869974 116.367857 32079.000000
39.869913 116.367855 32080.000000
39.869859 116.367858 32081.000000
39.869813 116.367853 32082.000000
39.869739 116.367844 32084.000000
39.869676 116.367808 32086.000000
39.869640 116.367772 32089.000000
39.869617 116.367689 32092.000000
39.869596 116.367565 32094.000000
39.869585 116.367494 32095.000000
39.869577 116.367412 32096.000000
39.869566 116.367328 32097.000000
39.869558 116.367233 32098.000000
39.869550 116.367135 32099.000000
39.869541 116.367036 32100.000000
39.869528 116.366925 32101.000000
39.869516 116.366813 32102.000000
39.869505 116.366699 32103.000000
39.869495 116.366580 32104.000000
39.869485 116.366460 32105.000000
39.869477 116.366340 32106.000000
39.869469 116.366224 32107.000000
39.869463 116.366102 32108.000000
39.869460 116.365974 32109.000000
39.869455 116.365851 32110.000000
39.869449 116.365728 32111.000000
39.869437 116.365607 32112.000000
39.869428 116.365484 32113.000000
39.869418 116.365360 32114.000000
39.869405 116.365242 32115.000000
39.869393 116.365133 32116.000000
39.869380 116.365028 32117.000000
39.869367 116.364918 32118.000000
39.869354 116.364809 32119.000000
39.869342 116.364697 32120.000000
39.869331 116.364577 32121.000000
39.869323 116.364455 32122.000000
39.869315 116.364332 32123.000000
39.869308 116.364208 32124.000000
39.869301 116.364076 32125.000000
39.869292 116.363940 32126.000000
39.869286 116.363798 32127.000000
39.869281 116.363654 32128.000000
39.869274 116.363509 32129.000000
39.869267 116.363370 32130.000000
39.869260 116.363233 32131.000000
39.869253 116.363088 32132.000000
39.869243 116.362952 32133.000000
39.869230 116.362816 32134.000000
39.869219 116.362683 32135.000000
39.869209 116.362554 32136.000000
39.869202 116.362412 32137.000000
39.869196 116.362272 32138.000000
39.869192 116.362133 32139.000000
39.869189 116.361995 32140.000000
39.869188 116.361864 32141.000000
39.869184 116.361736 32142.000000
39.869186 116.361615 32143.000000
39.869182 116.361499 32144.000000
39.869186 116.361389 32145.000000
39.869188 116.361282 32146.000000
39.869193 116.361177 32147.000000
39.869195 116.361075 32148.000000
39.869196 116.360972 32149.000000
39.869197 116.360866 32150.000000
39.869197 116.360763 32151.000000
39.869190 116.360658 32152.000000
39.869178 116.360549 32153.000000
39.869162 116.360440 32154.000000
39.869149 116.360332 32155.000000
39.869142 116.360218 32156.000000
39.869134 116.360104 32157.000000
39.869128 116.359987 32158.000000
39.869119 116.359863 32159.000000
39.869107 116.359749 32160.000000
39.869103 116.359637 32161.000000
39.869095 116.359543 32162.000000
39.869084 116.359460 32163.000000
39.869076 116.359377 32164.000000
39.869074 116.359296 32165.000000
39.869074 116.359218 32166.000000
39.869079 116.359135 32167.000000
39.869075 116.359056 32168.000000
39.869087 116.358990 32169.000000
39.869087 116.358888 32171.000000
39.869076 116.358847 32176.000000
39.869099 116.358865 32181.000000
39.869100 116.358841 32186.000000
39.869092 116.358785 32191.000000
39.869078 116.358716 32195.000000
39.869076 116.358637 32199.000000
39.869083 116.358566 32203.000000
39.869077 116.358496 32208.000000
39.869074 116.358433 32212.000000
39.869081 116.358367 32216.000000
39.869075 116.358291 32220.000000
39.869064 116.358238 32225.000000
39.869061 116.358239 32230.000000
39.869061 116.358239 32233.000000
39.869060 116.358235 32235.000000
39.869047 116.358205 32240.000000
39.869041 116.358199 32245.000000
39.869041 116.358197 32250.000000
39.869040 116.358192 32255.000000
39.869040 116.358192 32258.000000
39.869032 116.358185 32260.000000
39.869021 116.358166 32265.000000
39.869019 116.358160 32270.000000
39.869018 116.358156 32275.000000
39.869018 116.358156 32280.000000
39.869019 116.358159 32285.000000
39.869018 116.358158 32290.000000
39.869018 116.358159 32295.000000
39.869019 116.358159 32300.000000
39.869019 116.358159 32303.000000
39.869018 116.358159 32305.000000
39.868983 116.358162 32310.000000
39.868932 116.358146 32314.000000
39.868877 116.358154 32318.000000
39.868827 116.358147 32322.000000
39.868782 116.358152 32325.000000
39.868734 116.358162 32329.000000
39.868681 116.358164 32333.000000
39.868636 116.358173 32336.000000
39.868598 116.358209 32341.000000
39.868550 116.358229 32346.000000
39.868500 116.358235 32351.000000
39.868450 116.358242 32355.000000
39.868389 116.358251 32359.000000
39.868334 116.358246 32364.000000
39.868287 116.358231 32367.000000
39.868230 116.358242 32371.000000
39.868175 116.358224 32375.000000
39.868130 116.358206 32379.000000
39.868086 116.358193 32383.000000
39.868043 116.358199 32388.000000
39.867986 116.358212 32393.000000
39.867938 116.358245 32397.000000
39.867897 116.358308 32402.000000
39.867846 116.358272 32407.000000
39.867810 116.358265 32412.000000
39.867762 116.358264 32414.000000
39.867677 116.358255 32416.000000
39.867618 116.358285 32418.000000
39.867566 116.358290 32420.000000
39.867532 116.358313 32425.000000
39.867488 116.358316 32429.000000
39.867436 116.358339 32434.000000
39.867386 116.358310 32439.000000
39.867334 116.358309 32444.000000
39.867280 116.358306 32448.000000
39.867228 116.358312 32452.000000
39.867173 116.358299 32457.000000
39.867118 116.358290 32461.000000
39.867078 116.358281 32466.000000
39.867017 116.358291 32470.000000
39.866960 116.358305 32474.000000
39.866909 116.358322 32477.000000
39.866862 116.358326 32482.000000
39.866814 116.358326 32486.000000
39.866769 116.358331 32490.000000
39.866724 116.358341 32494.000000
39.866674 116.358331 32499.000000
39.866623 116.358328 32504.000000
39.866567 116.358325 32509.000000
39.866519 116.358320 32512.000000
39.866465 116.358321 32516.000000
39.866420 116.358247 32517.000000
39.866362 116.358241 32522.000000
39.866307 116.358235 32526.000000
39.866250 116.358242 32530.000000
39.866200 116.358242 32534.000000
39.866152 116.358230 32538.000000
39.866099 116.358234 32543.000000
39.866052 116.358234 32547.000000
39.866009 116.358209 32551.000000
39.865956 116.358189 32555.000000
39.865910 116.358144 32560.000000
39.865850 116.358143 32564.000000
39.865844 116.358210 32566.000000
39.865794 116.358199 32570.000000
39.865800 116.358258 32572.000000
39.865737 116.358267 32576.000000
39.865672 116.358287 32580.000000
39.865622 116.358327 32582.000000
39.865572 116.358365 32585.000000
39.865525 116.358363 32589.000000
39.865466 116.358353 32593.000000
39.865416 116.358346 32597.000000
39.865373 116.358339 32600.000000
39.865331 116.358352 32603.000000
39.865325 116.358289 32608.000000
39.865299 116.358229 32611.000000
39.865250 116.358214 32616.000000
39.865285 116.358289 32617.000000
39.865309 116.358341 32618.000000
39.865309 116.358341 32621.000000
39.865308 116.358341 32623.000000
39.865290 116.358342 32628.000000
39.865244 116.358351 32631.000000
39.865191 116.358329 32634.000000
39.865146 116.358359 32639.000000
39.865100 116.358379 32643.000000
39.865058 116.358392 32647.000000
39.865013 116.358381 32651.000000
39.864967 116.358376 32654.000000
39.864918 116.358369 32657.000000
39.864862 116.358342 32661.000000
39.864833 116.358298 32664.000000
39.864777 116.358289 32667.000000
39.864727 116.358255 32671.000000
39.864681 116.358246 32674.000000
39.864626 116.358250 32677.000000
39.864575 116.358242 32680.000000
39.864552 116.358306 32683.000000
39.864527 116.358344 32685.000000
39.864512 116.358379 32687.000000
39.864471 116.358416 32690.000000
39.864413 116.358424 32695.000000
39.864369 116.358414 32699.000000
39.864323 116.358408 32702.000000
39.864273 116.358403 32706.000000
39.864223 116.358406 32710.000000
39.864171 116.358396 32714.000000
39.864125 116.358391 32717.000000
39.864069 116.358376 32721.000000
39.864026 116.358403 32726.000000
39.864034 116.358462 32729.000000
39.864033 116.358508 32732.000000
39.864045 116.358547 32737.000000
39.864042 116.358599 32742.000000
39.864069 116.358643 32747.000000
39.864044 116.358694 32750.000000
39.864041 116.358749 32754.000000
39.864032 116.358809 32757.000000
39.864022 116.358868 32760.000000
39.864030 116.358933 32765.000000
39.864029 116.358988 32770.000000
39.864068 116.359038 32774.000000
39.864095 116.359090 32777.000000
39.864121 116.359149 32782.000000
39.864128 116.359217 32787.000000
39.864151 116.359277 32791.000000
39.864125 116.359382 32795.000000
39.864038 116.359435 32797.000000
39.864031 116.359494 32801.000000
39.864030 116.359549 32806.000000
39.863988 116.359603 32811.000000
39.863902 116.359607 32815.000000
39.863855 116.359586 32818.000000
39.863787 116.359557 32822.000000
39.863736 116.359536 32826.000000
39.863687 116.359534 32831.000000
39.863640 116.359521 32834.000000
39.863580 116.359529 32837.000000
39.863532 116.359538 32840.000000
39.863480 116.359539 32844.000000
39.863432 116.359554 32848.000000
39.863443 116.359622 32851.000000
39.863514 116.359734 32852.000000
39.863519 116.359795 32854.000000
39.863488 116.359843 32857.000000
39.863438 116.359863 32861.000000
39.863396 116.359889 32865.000000
39.863350 116.359905 32868.000000
39.863301 116.359907 32872.000000
39.863254 116.359916 32876.000000
39.863210 116.359928 32879.000000
39.863166 116.359944 32881.000000
39.863125 116.359964 32884.000000
39.863082 116.359929 32888.000000
