39.998942 116.328083 55792.000000
39.999020 116.328043 55794.000000
39.999909 116.327349 55798.000000
39.999909 116.327349 55801.000000
39.999902 116.327346 55803.000000
39.999861 116.327362 55806.000000
39.999850 116.327347 55811.000000
39.999817 116.327302 55816.000000
39.999828 116.327231 55818.000000
39.999826 116.327160 55820.000000
39.999836 116.327077 55822.000000
39.999832 116.327003 55824.000000
39.999810 116.326936 55826.000000
39.999798 116.326861 55828.000000
39.999798 116.326761 55830.000000
39.999795 116.326665 55832.000000
39.999804 116.326592 55834.000000
39.999845 116.326569 55835.000000
39.999819 116.326535 55837.000000
39.999805 116.326444 55839.000000
39.999821 116.326391 55840.000000
39.999822 116.326298 55842.000000
39.999803 116.326210 55844.000000
39.999782 116.326152 55846.000000
39.999777 116.326057 55848.000000
39.999768 116.325971 55850.000000
39.999750 116.325884 55852.000000
39.999729 116.325790 55854.000000
39.999709 116.325704 55856.000000
39.999706 116.325610 55858.000000
39.999715 116.325525 55860.000000
39.999702 116.325420 55862.000000
39.999686 116.325318 55864.000000
39.999674 116.325223 55866.000000
39.999639 116.325131 55868.000000
39.999644 116.325065 55872.000000
39.999646 116.325007 55873.000000
39.999646 116.324930 55875.000000
39.999639 116.324840 55877.000000
39.999628 116.324761 55879.000000
39.999625 116.324686 55881.000000
39.999638 116.324620 55884.000000
39.999634 116.324543 55885.000000
39.999641 116.324412 55887.000000
39.999623 116.324340 55889.000000
39.999645 116.324254 55890.000000
39.999631 116.324159 55892.000000
39.999634 116.324083 55894.000000
39.999624 116.323995 55896.000000
39.999619 116.323911 55898.000000
39.999615 116.323800 55900.000000
39.999610 116.323713 55902.000000
39.999610 116.323582 55904.000000
39.999599 116.323501 55906.000000
39.999603 116.323436 55907.000000
39.999588 116.323345 55910.000000
39.999582 116.323243 55912.000000
39.999572 116.323145 55914.000000
39.999570 116.323073 55916.000000
39.999559 116.322969 55918.000000
39.999554 116.322905 55919.000000
39.999545 116.322797 55921.000000
39.999544 116.322688 55923.000000
39.999540 116.322628 55924.000000
39.999523 116.322538 55926.000000
39.999517 116.322470 55928.000000
39.999509 116.322399 55930.000000
39.999498 116.322311 55932.000000
39.999489 116.322240 55934.000000
39.999520 116.322148 55936.000000
39.999562 116.322094 55939.000000
39.999611 116.322051 55941.000000
39.999671 116.322028 55944.000000
39.999725 116.321974 55947.000000
39.999777 116.321959 55950.000000
39.999819 116.321975 55954.000000
39.999840 116.321966 55959.000000
39.999928 116.321967 55961.000000
39.999984 116.321950 55963.000000
40.000047 116.321932 55966.000000
40.000095 116.321922 55969.000000
40.000143 116.321934 55971.000000
40.000202 116.321933 55973.000000
40.000264 116.321910 55975.000000
40.000331 116.321888 55977.000000
40.000402 116.321873 55979.000000
40.000451 116.321865 55981.000000
40.000560 116.321864 55983.000000
40.000658 116.321877 55985.000000
40.000717 116.321862 55987.000000
40.000764 116.321864 55988.000000
40.000834 116.321859 55990.000000
40.000908 116.321852 55992.000000
40.000978 116.321846 55994.000000
40.001055 116.321852 55996.000000
40.001126 116.321856 55998.000000
40.001207 116.321847 56000.000000
40.001281 116.321849 56002.000000
40.001341 116.321877 56003.000000
40.001413 116.321887 56005.000000
40.001459 116.321933 56006.000000
40.001522 116.321941 56008.000000
40.001593 116.321945 56010.000000
40.001677 116.321959 56012.000000
40.001737 116.321933 56014.000000
40.001826 116.321939 56016.000000
40.001881 116.321967 56018.000000
40.001943 116.321959 56020.000000
40.002032 116.321979 56022.000000
40.002097 116.321952 56024.000000
40.002142 116.321941 56025.000000
40.002194 116.321928 56026.000000
40.002255 116.321919 56028.000000
40.002336 116.321919 56030.000000
40.002391 116.321928 56031.000000
40.002481 116.321934 56033.000000
40.002547 116.321921 56034.000000
40.002605 116.321918 56036.000000
40.002673 116.321915 56038.000000
40.002740 116.321887 56040.000000
40.002800 116.321879 56042.000000
40.002874 116.321894 56044.000000
40.002920 116.321890 56045.000000
40.002983 116.321868 56048.000000
40.003050 116.321834 56050.000000
40.003097 116.321809 56052.000000
40.003151 116.321786 56054.000000
40.003213 116.321764 56056.000000
40.003287 116.321746 56058.000000
40.003360 116.321742 56060.000000
40.003425 116.321728 56062.000000
40.003484 116.321731 56064.000000
40.003548 116.321739 56066.000000
40.003607 116.321718 56068.000000
40.003661 116.321704 56070.000000
40.003703 116.321727 56071.000000
40.003766 116.321766 56072.000000
40.003819 116.321739 56074.000000
40.003863 116.321701 56075.000000
40.003899 116.321650 56077.000000
40.003980 116.321579 56079.000000
40.004024 116.321540 56080.000000
40.004057 116.321471 56082.000000
40.004113 116.321420 56084.000000
40.004125 116.321340 56086.000000
40.004147 116.321274 56088.000000
40.004157 116.321197 56090.000000
40.004245 116.321037 56092.000000
40.004257 116.320980 56093.000000
40.004332 116.320870 56094.000000
40.004390 116.320772 56095.000000
40.004422 116.320693 56096.000000
40.004469 116.320554 56098.000000
40.004491 116.320492 56099.000000
40.004501 116.320434 56100.000000
40.004527 116.320324 56102.000000
40.004545 116.320252 56103.000000
40.004547 116.320167 56105.000000
40.004560 116.320074 56107.000000
40.004580 116.319962 56109.000000
40.004579 116.319847 56111.000000
40.004596 116.319730 56113.000000
40.004587 116.319623 56115.000000
40.004578 116.319511 56117.000000
40.004581 116.319401 56119.000000
40.004587 116.319304 56121.000000
40.004588 116.319212 56123.000000
40.004588 116.319124 56125.000000
40.004592 116.319064 56126.000000
40.004588 116.318964 56128.000000
40.004580 116.318867 56130.000000
40.004581 116.318783 56132.000000
40.004565 116.318685 56134.000000
40.004566 116.318597 56136.000000
40.004563 116.318536 56137.000000
40.004568 116.318437 56139.000000
40.004567 116.318354 56141.000000
40.004563 116.318269 56143.000000
40.004566 116.318182 56145.000000
40.004559 116.318106 56147.000000
40.004564 116.318042 56149.000000
40.004579 116.317993 56152.000000
40.004630 116.317968 56155.000000
40.004708 116.317936 56157.000000
40.004753 116.317927 56158.000000
40.004804 116.317919 56160.000000
40.004862 116.317905 56162.000000
40.004916 116.317895 56164.000000
40.004988 116.317904 56166.000000
40.005066 116.317917 56168.000000
40.005130 116.317928 56170.000000
40.005183 116.317934 56172.000000
40.005246 116.317940 56174.000000
40.005302 116.317907 56175.000000
40.005349 116.317880 56176.000000
40.005405 116.317891 56178.000000
40.005447 116.317900 56180.000000
40.005508 116.317903 56182.000000
40.005570 116.317895 56184.000000
40.005632 116.317874 56186.000000
40.005695 116.317899 56188.000000
40.005761 116.317889 56190.000000
40.005820 116.317885 56192.000000
40.005861 116.317913 56193.000000
40.005926 116.317925 56195.000000
40.006006 116.317917 56197.000000
40.006074 116.317940 56199.000000
40.006142 116.317941 56201.000000
40.006187 116.317936 56202.000000
40.006230 116.317924 56203.000000
40.006311 116.317945 56205.000000
40.006365 116.317934 56206.000000
40.006463 116.317921 56208.000000
40.006545 116.317922 56210.000000
40.006606 116.317941 56212.000000
40.006676 116.317961 56214.000000
40.006735 116.317948 56215.000000
40.006782 116.317938 56216.000000
40.006839 116.317918 56218.000000
40.006911 116.317897 56220.000000
40.006981 116.317921 56222.000000
40.007068 116.317906 56224.000000
40.007145 116.317890 56226.000000
40.007187 116.317878 56227.000000
40.007272 116.317833 56229.000000
40.007318 116.317807 56230.000000
40.007396 116.317771 56232.000000
40.007444 116.317771 56234.000000
40.007519 116.317783 56236.000000
40.007575 116.317809 56237.000000
40.007653 116.317809 56239.000000
40.007713 116.317802 56241.000000
40.007786 116.317767 56243.000000
40.007853 116.317748 56246.000000
40.007911 116.317743 56248.000000
40.007965 116.317774 56249.000000
40.008013 116.317791 56251.000000
40.008077 116.317806 56253.000000
40.008151 116.317786 56255.000000
40.008207 116.317775 56257.000000
40.008263 116.317775 56259.000000
40.008330 116.317764 56261.000000
40.008384 116.317770 56263.000000
40.008477 116.317764 56264.000000
40.008545 116.317752 56265.000000
40.008605 116.317751 56267.000000
40.008643 116.317818 56269.000000
40.008697 116.317784 56272.000000
40.008754 116.317731 56273.000000
40.008783 116.317652 56275.000000
40.008786 116.317564 56277.000000
40.008789 116.317484 56279.000000
40.008798 116.317394 56281.000000
40.008805 116.317310 56283.000000
40.008812 116.317212 56285.000000
40.008817 116.317112 56287.000000
40.008868 116.317021 56288.000000
40.008945 116.316910 56289.000000
40.009010 116.316841 56290.000000
40.009030 116.316783 56291.000000
40.009013 116.316691 56293.000000
40.008980 116.316616 56295.000000
40.008944 116.316547 56297.000000
40.008930 116.316482 56299.000000
40.008948 116.316411 56301.000000
40.008976 116.316379 56302.000000
40.009024 116.316338 56304.000000
40.009068 116.316313 56306.000000
40.009112 116.316299 56308.000000
40.009168 116.316279 56311.000000
40.009214 116.316259 56314.000000
40.009255 116.316258 56317.000000
40.009306 116.316241 56319.000000
40.009362 116.316230 56322.000000
40.009465 116.316151 56327.000000
40.009548 116.316108 56328.000000
40.009602 116.316050 56329.000000
40.009622 116.315953 56331.000000
40.009636 116.315896 56333.000000
40.009638 116.315826 56335.000000
40.009637 116.315753 56337.000000
40.009632 116.315700 56339.000000
40.009640 116.315616 56341.000000
40.009626 116.315557 56343.000000
40.009636 116.315458 56345.000000
40.009635 116.315390 56347.000000
40.009629 116.315331 56349.000000
40.009627 116.315266 56351.000000
40.009617 116.315199 56353.000000
40.009620 116.315128 56355.000000
40.009607 116.315046 56357.000000
40.009596 116.314980 56359.000000
40.009602 116.314867 56362.000000
40.009586 116.314800 56364.000000
40.009561 116.314738 56366.000000
40.009556 116.314694 56371.000000
40.009570 116.314634 56373.000000
40.009628 116.314582 56376.000000
40.009662 116.314607 56379.000000
40.009703 116.314632 56381.000000
40.009731 116.314710 56384.000000
40.009732 116.314764 56386.000000
40.009743 116.314831 56388.000000
40.009775 116.314893 56390.000000
40.009801 116.314952 56392.000000
40.009865 116.315004 56394.000000
40.009878 116.315071 56398.000000
40.009970 116.315095 56400.000000
40.009983 116.315168 56404.000000
40.009996 116.315178 56409.000000
40.009996 116.315178 56412.000000
40.010001 116.315177 56414.000000
40.010007 116.315200 56419.000000
40.010005 116.315172 56424.000000
40.010011 116.315136 56429.000000
40.010034 116.315126 56434.000000
40.010075 116.315092 56438.000000
40.010098 116.315061 56443.000000
40.010106 116.315025 56448.000000
40.010105 116.314980 56453.000000
40.010115 116.314965 56458.000000
40.010127 116.314916 56463.000000
40.010138 116.314898 56468.000000
40.010138 116.314898 56471.000000
40.010139 116.314899 56473.000000
40.010130 116.314896 56478.000000
40.010121 116.314886 56483.000000
40.010121 116.314886 56486.000000
40.010113 116.314881 56488.000000
40.010115 116.314930 56493.000000
40.010084 116.314984 56498.000000
40.009947 116.314966 56501.000000
40.009864 116.314942 56502.000000
40.009816 116.314939 56503.000000
40.009782 116.314974 56508.000000
40.009744 116.315041 56509.000000
40.009726 116.315102 56511.000000
40.009696 116.315160 56513.000000
40.009676 116.315162 56518.000000
40.009671 116.315223 56523.000000
