39.984766 116.319517 12093.000000
39.984774 116.319554 12098.000000
39.984773 116.319569 12103.000000
39.984727 116.319592 12108.000000
39.984681 116.319634 12113.000000
39.984632 116.319700 12118.000000
39.984606 116.319769 12123.000000
39.984559 116.319858 12128.000000
39.984576 116.319904 12133.000000
39.984637 116.319943 12138.000000
39.984731 116.320003 12143.000000
39.984807 116.320070 12148.000000
39.984865 116.320126 12153.000000
39.984888 116.320174 12158.000000
39.984955 116.320180 12163.000000
39.985042 116.320191 12168.000000
39.985100 116.320223 12173.000000
39.985139 116.320212 12178.000000
39.984133 116.319587 12194.000000
39.984070 116.319603 12199.000000
39.984009 116.319662 12204.000000
