39.855727 116.398848 19589.000000
39.855653 116.398740 19592.000000
39.855657 116.398523 19594.000000
39.855637 116.398382 19596.000000
39.855622 116.398223 19598.000000
39.855560 116.398038 19600.000000
39.855563 116.397922 19601.000000
39.855558 116.397817 19602.000000
39.855553 116.397672 19603.000000
39.855565 116.397562 19604.000000
39.855572 116.397445 19605.000000
39.855562 116.397300 19606.000000
39.855552 116.397150 19607.000000
39.855547 116.396998 19608.000000
39.855537 116.396853 19609.000000
39.855537 116.396710 19610.000000
39.855523 116.396570 19611.000000
39.855510 116.396422 19612.000000
39.855500 116.396278 19613.000000
39.855500 116.396138 19614.000000
39.855500 116.396005 19615.000000
39.855498 116.395877 19616.000000
39.855507 116.395750 19617.000000
39.855512 116.395617 19618.000000
39.855522 116.395478 19619.000000
39.855528 116.395328 19620.000000
39.855532 116.395190 19621.000000
39.855543 116.395050 19622.000000
39.855560 116.394908 19623.000000
39.855570 116.394762 19624.000000
39.855583 116.394617 19625.000000
39.855592 116.394468 19626.000000
39.855598 116.394335 19627.000000
39.855600 116.394197 19628.000000
39.855625 116.393235 19635.000000
39.855637 116.393097 19636.000000
39.855652 116.392962 19637.000000
39.855608 116.392758 19638.000000
39.855572 116.392568 19639.000000
39.855542 116.392405 19640.000000
39.855515 116.392250 19641.000000
39.855510 116.392092 19642.000000
39.855525 116.391932 19643.000000
39.855533 116.391790 19644.000000
39.855563 116.391668 19645.000000
39.855575 116.391555 19646.000000
39.855582 116.391428 19647.000000
39.855583 116.391303 19648.000000
39.855585 116.391177 19649.000000
39.855585 116.391053 19650.000000
39.855592 116.390928 19651.000000
39.855593 116.390802 19652.000000
39.855598 116.390678 19653.000000
39.855612 116.390557 19654.000000
39.855620 116.390433 19655.000000
39.855637 116.390315 19656.000000
39.855643 116.390193 19657.000000
39.855653 116.390073 19658.000000
39.855662 116.389955 19659.000000
39.855673 116.389833 19660.000000
39.855675 116.389712 19661.000000
39.855682 116.389588 19662.000000
39.855693 116.389475 19663.000000
39.855700 116.389357 19664.000000
39.855708 116.389240 19665.000000
39.855717 116.389122 19666.000000
39.855723 116.389005 19667.000000
39.855715 116.388902 19668.000000
39.855715 116.388787 19669.000000
39.855710 116.388665 19670.000000
39.855708 116.388545 19671.000000
39.855713 116.388425 19672.000000
39.855718 116.388308 19673.000000
39.855728 116.388187 19674.000000
39.855733 116.388068 19675.000000
39.855737 116.387958 19676.000000
39.855752 116.387848 19677.000000
39.855767 116.387733 19678.000000
39.855785 116.387622 19679.000000
39.855807 116.387523 19680.000000
39.855820 116.387422 19681.000000
39.855835 116.387327 19682.000000
39.855872 116.387168 19684.000000
39.855908 116.387077 19686.000000
39.855992 116.386987 19706.000000
39.856002 116.386858 19708.000000
39.856012 116.386697 19710.000000
39.856007 116.386512 19712.000000
39.856005 116.386413 19713.000000
39.856002 116.386312 19714.000000
39.856007 116.386205 19715.000000
39.856013 116.386093 19716.000000
39.856013 116.385988 19717.000000
39.856012 116.385875 19718.000000
39.856022 116.385760 19719.000000
39.856032 116.385662 19720.000000
39.855997 116.385470 19722.000000
39.855992 116.385335 19723.000000
39.855987 116.385217 19724.000000
39.855977 116.385097 19725.000000
39.855972 116.384968 19726.000000
39.855963 116.384837 19727.000000
39.855962 116.384702 19728.000000
39.855953 116.384583 19729.000000
39.855942 116.384450 19730.000000
39.855932 116.384318 19731.000000
39.855923 116.384192 19732.000000
39.855915 116.384058 19733.000000
39.855927 116.383915 19734.000000
39.855937 116.383778 19735.000000
39.855952 116.383645 19736.000000
39.855950 116.383500 19737.000000
39.855943 116.383365 19738.000000
39.855943 116.383222 19739.000000
39.855938 116.383085 19740.000000
39.855935 116.382938 19741.000000
39.855928 116.382797 19742.000000
39.855917 116.382647 19743.000000
39.855915 116.382503 19744.000000
39.855905 116.382357 19745.000000
39.855900 116.382217 19746.000000
39.855895 116.382080 19747.000000
39.855888 116.381932 19748.000000
39.855883 116.381782 19749.000000
39.855875 116.381628 19750.000000
39.855873 116.381477 19751.000000
39.855867 116.381315 19752.000000
39.855837 116.381178 19753.000000
39.855828 116.381035 19754.000000
39.855820 116.380900 19755.000000
39.855812 116.380767 19756.000000
39.855802 116.380630 19757.000000
39.855800 116.380502 19758.000000
39.855802 116.380373 19759.000000
39.855800 116.380242 19760.000000
39.855795 116.380110 19761.000000
39.855792 116.379975 19762.000000
39.855783 116.379832 19763.000000
39.855783 116.379697 19764.000000
39.855788 116.379567 19765.000000
39.855788 116.379428 19766.000000
39.855792 116.379287 19767.000000
39.855785 116.379147 19768.000000
39.855778 116.379013 19769.000000
39.855792 116.378883 19770.000000
39.855792 116.378755 19771.000000
39.855790 116.378628 19772.000000
39.855792 116.378515 19773.000000
39.855792 116.378405 19774.000000
39.855793 116.378298 19775.000000
39.855790 116.378187 19776.000000
39.855797 116.378080 19777.000000
39.855805 116.377983 19778.000000
39.855808 116.377885 19779.000000
39.855825 116.377723 19781.000000
39.855850 116.377575 19783.000000
39.855883 116.377458 19785.000000
39.855902 116.377367 19787.000000
39.855932 116.377270 19789.000000
39.855960 116.377138 19791.000000
39.855960 116.377007 19793.000000
39.855953 116.376875 19795.000000
39.855948 116.376727 19797.000000
39.855948 116.376625 19799.000000
39.855928 116.376533 19802.000000
39.855918 116.376412 19805.000000
39.855928 116.376285 19808.000000
39.855925 116.376187 19818.000000
39.855923 116.376093 19823.000000
39.855938 116.375970 19826.000000
39.855937 116.375878 19828.000000
39.855937 116.375773 19830.000000
39.855937 116.375643 19832.000000
39.855937 116.375477 19834.000000
39.855942 116.375308 19836.000000
39.855940 116.375215 19837.000000
39.855938 116.375118 19838.000000
39.855935 116.375007 19839.000000
39.855935 116.374893 19840.000000
39.855932 116.374782 19841.000000
39.855927 116.374667 19842.000000
39.855923 116.374553 19843.000000
39.855925 116.374440 19844.000000
39.855920 116.374330 19845.000000
39.855925 116.374215 19846.000000
39.855918 116.374080 19847.000000
39.855920 116.373953 19848.000000
39.855915 116.373835 19849.000000
39.855913 116.373710 19850.000000
39.855913 116.373597 19851.000000
39.855903 116.373470 19852.000000
39.855900 116.373355 19853.000000
39.855907 116.373247 19854.000000
39.855903 116.373122 19855.000000
39.855907 116.373002 19856.000000
39.855920 116.372863 19857.000000
39.855925 116.372730 19858.000000
39.855932 116.372603 19859.000000
39.855945 116.372470 19860.000000
39.855945 116.372343 19861.000000
39.855953 116.372208 19862.000000
39.855958 116.372073 19863.000000
39.855960 116.371943 19864.000000
39.855962 116.371813 19865.000000
39.855975 116.371687 19866.000000
39.855980 116.371567 19867.000000
39.855985 116.371437 19868.000000
39.855995 116.371310 19869.000000
39.855992 116.371175 19870.000000
39.855988 116.371047 19871.000000
39.855990 116.370918 19872.000000
39.855987 116.370790 19873.000000
39.855975 116.370662 19874.000000
39.855968 116.370538 19875.000000
39.855953 116.370417 19876.000000
39.855950 116.370287 19877.000000
39.855950 116.370167 19878.000000
39.855947 116.370048 19879.000000
39.855943 116.369935 19880.000000
39.855962 116.369822 19881.000000
39.855970 116.369705 19882.000000
39.855970 116.369580 19883.000000
39.855962 116.369462 19884.000000
39.855975 116.369353 19885.000000
39.855985 116.369230 19886.000000
39.856000 116.369130 19887.000000
39.856008 116.369017 19888.000000
39.856007 116.368912 19889.000000
39.856003 116.368812 19890.000000
39.855982 116.368653 19892.000000
39.855967 116.368517 19894.000000
39.855962 116.368418 19896.000000
39.855953 116.368318 19898.000000
39.855945 116.368220 19903.000000
39.855885 116.368130 19911.000000
39.855847 116.367983 19913.000000
39.855818 116.367845 19915.000000
39.855797 116.367660 19917.000000
39.855782 116.367557 19918.000000
39.855768 116.367465 19919.000000
39.855755 116.367367 19920.000000
39.855730 116.367262 19921.000000
39.855712 116.367143 19922.000000
39.855692 116.367022 19923.000000
39.855673 116.366903 19924.000000
39.855660 116.366783 19925.000000
39.855643 116.366660 19926.000000
39.855637 116.366537 19927.000000
39.855665 116.366397 19928.000000
39.855620 116.366262 19929.000000
39.855593 116.366138 19930.000000
39.855572 116.366020 19931.000000
39.855555 116.365892 19932.000000
39.855533 116.365777 19933.000000
39.855520 116.365643 19934.000000
39.855505 116.365508 19935.000000
39.855485 116.365382 19936.000000
39.855468 116.365250 19937.000000
39.855445 116.365125 19938.000000
39.855422 116.365003 19939.000000
39.855395 116.364887 19940.000000
39.855373 116.364768 19941.000000
39.855350 116.364650 19942.000000
39.855323 116.364532 19943.000000
39.855297 116.364408 19944.000000
39.855270 116.364287 19945.000000
39.855238 116.364165 19946.000000
39.855212 116.364043 19947.000000
39.855187 116.363920 19948.000000
39.855162 116.363797 19949.000000
39.855137 116.363673 19950.000000
39.855112 116.363553 19951.000000
39.855085 116.363435 19952.000000
39.855060 116.363320 19953.000000
39.855023 116.363220 19954.000000
39.854995 116.363103 19955.000000
39.854967 116.362983 19956.000000
39.854935 116.362870 19957.000000
39.854915 116.362760 19958.000000
39.854887 116.362642 19959.000000
39.854860 116.362532 19960.000000
39.854830 116.362425 19961.000000
39.854805 116.362315 19962.000000
39.854798 116.362202 19963.000000
39.854783 116.362095 19964.000000
39.854762 116.361980 19965.000000
39.854733 116.361887 19966.000000
39.854700 116.361780 19967.000000
39.854687 116.361677 19968.000000
39.854680 116.361565 19969.000000
39.854667 116.361437 19970.000000
39.854653 116.361313 19971.000000
39.854643 116.361185 19972.000000
39.854627 116.361068 19973.000000
39.854610 116.360953 19974.000000
39.854587 116.360837 19975.000000
39.854568 116.360718 19976.000000
39.854535 116.360600 19977.000000
39.854505 116.360483 19978.000000
39.854470 116.360365 19979.000000
39.854442 116.360243 19980.000000
39.854402 116.360120 19981.000000
39.854375 116.359997 19982.000000
39.854343 116.359875 19983.000000
39.854315 116.359750 19984.000000
39.854288 116.359625 19985.000000
39.854260 116.359502 19986.000000
39.854222 116.359373 19987.000000
39.854190 116.359250 19988.000000
39.854157 116.359127 19989.000000
39.854118 116.359005 19990.000000
39.854080 116.358880 19991.000000
39.854040 116.358757 19992.000000
39.854000 116.358635 19993.000000
39.853952 116.358512 19994.000000
39.853905 116.358390 19995.000000
39.853868 116.358270 19996.000000
39.853827 116.358148 19997.000000
39.853787 116.358032 19998.000000
39.853742 116.357913 19999.000000
39.853703 116.357797 20000.000000
39.853657 116.357678 20001.000000
39.853612 116.357562 20002.000000
39.853567 116.357443 20003.000000
39.853525 116.357327 20004.000000
39.853498 116.357218 20005.000000
39.853467 116.357102 20006.000000
39.853427 116.356983 20007.000000
39.853388 116.356870 20008.000000
39.853350 116.356752 20009.000000
39.853313 116.356633 20010.000000
39.853277 116.356515 20011.000000
39.853242 116.356400 20012.000000
39.853210 116.356287 20013.000000
39.853183 116.356175 20014.000000
39.853157 116.356068 20015.000000
39.853128 116.355967 20016.000000
39.853107 116.355863 20017.000000
39.853078 116.355765 20018.000000
39.853045 116.355662 20019.000000
39.853013 116.355562 20020.000000
39.852983 116.355462 20021.000000
39.852958 116.355362 20022.000000
39.852927 116.355267 20023.000000
39.852858 116.355108 20025.000000
39.852827 116.354952 20027.000000
39.852822 116.354835 20029.000000
39.852803 116.354738 20031.000000
39.852812 116.354637 20034.000000
39.852782 116.354540 20048.000000
39.852790 116.354435 20052.000000
39.852785 116.354338 20055.000000
39.852775 116.354203 20059.000000
39.852742 116.354118 20061.000000
39.852662 116.354010 20063.000000
39.852652 116.353893 20065.000000
39.852648 116.353760 20067.000000
39.852590 116.353687 20068.000000
39.852560 116.353547 20070.000000
39.852500 116.353383 20072.000000
39.852402 116.353235 20074.000000
39.852357 116.353145 20075.000000
39.852315 116.353047 20076.000000
39.852285 116.352940 20077.000000
39.852270 116.352828 20078.000000
39.852248 116.352723 20079.000000
39.852215 116.352628 20080.000000
39.852178 116.352525 20081.000000
39.852155 116.352428 20082.000000
39.852130 116.352312 20083.000000
39.852112 116.352195 20084.000000
39.852095 116.352085 20085.000000
39.852078 116.351973 20086.000000
39.852070 116.351860 20087.000000
39.852008 116.351760 20088.000000
39.851990 116.351653 20089.000000
39.851970 116.351543 20090.000000
39.851952 116.351428 20091.000000
39.851937 116.351313 20092.000000
39.851918 116.351200 20093.000000
39.851880 116.351092 20094.000000
39.851842 116.350982 20095.000000
39.851800 116.350862 20096.000000
39.851760 116.350745 20097.000000
39.851725 116.350627 20098.000000
39.851667 116.350548 20099.000000
39.851640 116.350428 20100.000000
39.851613 116.350313 20101.000000
39.851593 116.350210 20102.000000
39.851572 116.350105 20103.000000
39.851550 116.350012 20104.000000
39.851517 116.349843 20106.000000
39.851495 116.349698 20108.000000
39.851455 116.349605 20110.000000
39.851418 116.349522 20115.000000
39.851505 116.349487 20122.000000
39.851497 116.349377 20125.000000
39.851475 116.349285 20127.000000
39.851443 116.349177 20129.000000
39.851398 116.349055 20131.000000
39.851343 116.348910 20133.000000
39.851208 116.348828 20134.000000
39.851138 116.348745 20135.000000
39.851083 116.348668 20136.000000
39.851040 116.348587 20137.000000
39.850998 116.348487 20138.000000
39.850967 116.348397 20139.000000
39.850940 116.348290 20140.000000
39.850903 116.348198 20141.000000
39.850868 116.348098 20142.000000
39.850835 116.347982 20143.000000
39.850820 116.347838 20144.000000
39.850788 116.347725 20145.000000
39.850748 116.347610 20146.000000
39.850723 116.347498 20147.000000
39.850702 116.347377 20148.000000
39.850657 116.347263 20149.000000
39.850612 116.347145 20150.000000
39.850575 116.347028 20151.000000
39.850538 116.346913 20152.000000
39.850507 116.346803 20153.000000
39.850467 116.346687 20154.000000
39.850432 116.346567 20155.000000
39.850402 116.346443 20156.000000
39.850375 116.346328 20157.000000
39.850340 116.346217 20158.000000
39.850305 116.346103 20159.000000
39.850277 116.345982 20160.000000
39.850257 116.345862 20161.000000
39.850230 116.345745 20162.000000
39.850200 116.345622 20163.000000
39.850170 116.345495 20164.000000
39.850140 116.345373 20165.000000
39.850113 116.345248 20166.000000
39.850083 116.345127 20167.000000
39.850050 116.345000 20168.000000
39.850020 116.344873 20169.000000
39.849988 116.344755 20170.000000
39.849955 116.344637 20171.000000
39.849920 116.344515 20172.000000
39.849888 116.344393 20173.000000
39.849855 116.344278 20174.000000
39.849827 116.344160 20175.000000
39.849793 116.344042 20176.000000
39.849758 116.343923 20177.000000
39.849725 116.343808 20178.000000
39.849692 116.343695 20179.000000
39.849662 116.343588 20180.000000
39.849630 116.343480 20181.000000
39.849597 116.343372 20182.000000
39.849570 116.343267 20183.000000
39.849542 116.343157 20184.000000
39.849525 116.343050 20185.000000
39.849505 116.342940 20186.000000
39.849495 116.342833 20187.000000
39.849485 116.342725 20188.000000
39.849490 116.342625 20189.000000
39.849492 116.342517 20190.000000
39.849498 116.342405 20191.000000
39.849518 116.342305 20192.000000
39.849532 116.342195 20193.000000
39.849552 116.342085 20194.000000
39.849573 116.341983 20195.000000
39.849617 116.341880 20196.000000
39.849657 116.341782 20197.000000
39.849705 116.341678 20198.000000
39.849755 116.341583 20199.000000
39.849813 116.341488 20200.000000
39.849873 116.341395 20201.000000
39.849940 116.341305 20202.000000
39.850012 116.341207 20203.000000
39.850075 116.341112 20204.000000
39.850143 116.341028 20205.000000
39.850243 116.340950 20206.000000
39.850370 116.340822 20208.000000
39.850473 116.340800 20209.000000
39.850627 116.340703 20211.000000
39.850708 116.340655 20212.000000
39.850858 116.340622 20214.000000
39.851005 116.340628 20216.000000
39.851168 116.340627 20218.000000
39.851260 116.340630 20219.000000
39.851380 116.340660 20220.000000
39.851497 116.340685 20221.000000
39.851595 116.340705 20222.000000
39.851695 116.340720 20223.000000
39.851788 116.340733 20224.000000
39.851965 116.340757 20226.000000
39.852055 116.340777 20227.000000
39.852147 116.340790 20228.000000
39.852237 116.340808 20229.000000
39.852417 116.340848 20231.000000
39.852508 116.340868 20232.000000
39.852602 116.340885 20233.000000
39.852695 116.340900 20234.000000
39.852788 116.340912 20235.000000
39.853058 116.340947 20238.000000
39.853150 116.340960 20239.000000
39.853313 116.340990 20241.000000
39.853470 116.341018 20243.000000
39.853632 116.341038 20245.000000
39.853797 116.341055 20247.000000
39.853955 116.341073 20249.000000
39.854108 116.341087 20251.000000
39.854242 116.341105 20253.000000
39.854382 116.341125 20255.000000
39.854528 116.341142 20257.000000
39.854670 116.341160 20259.000000
39.854820 116.341187 20261.000000
39.854972 116.341210 20263.000000
39.855123 116.341237 20265.000000
39.855277 116.341255 20267.000000
39.855423 116.341273 20269.000000
39.855563 116.341295 20271.000000
39.855695 116.341308 20273.000000
39.855797 116.341330 20275.000000
39.855900 116.341342 20277.000000
39.856008 116.341373 20281.000000
39.856112 116.341338 20310.000000
39.856212 116.341337 20311.000000
39.856343 116.341325 20313.000000
39.856475 116.341322 20315.000000
39.856627 116.341312 20317.000000
39.856797 116.341317 20319.000000
39.856933 116.341322 20321.000000
39.857075 116.341323 20323.000000
39.857230 116.341328 20325.000000
39.857368 116.341337 20327.000000
39.857530 116.341347 20329.000000
39.857675 116.341355 20331.000000
39.857772 116.341355 20333.000000
39.857887 116.341383 20336.000000
39.858010 116.341412 20339.000000
39.858123 116.341418 20342.000000
39.858242 116.341437 20345.000000
39.858357 116.341462 20348.000000
39.858470 116.341487 20351.000000
39.858590 116.341505 20354.000000
39.858682 116.341510 20356.000000
39.858797 116.341533 20359.000000
39.858917 116.341555 20362.000000
39.859035 116.341563 20365.000000
39.859157 116.341573 20368.000000
39.859287 116.341592 20371.000000
39.859377 116.341602 20373.000000
39.859475 116.341607 20375.000000
39.859582 116.341620 20377.000000
39.859678 116.341627 20379.000000
39.859807 116.341638 20382.000000
39.859897 116.341645 20384.000000
39.859998 116.341655 20386.000000
39.860105 116.341672 20388.000000
39.860210 116.341668 20390.000000
39.860325 116.341675 20392.000000
39.860430 116.341677 20394.000000
39.860532 116.341702 20396.000000
39.860627 116.341707 20398.000000
39.860740 116.341720 20400.000000
39.860853 116.341730 20402.000000
39.860960 116.341745 20404.000000
39.861073 116.341760 20406.000000
39.861193 116.341800 20408.000000
39.861315 116.341825 20410.000000
39.861445 116.341842 20412.000000
39.861575 116.341853 20414.000000
39.861705 116.341870 20416.000000
39.861847 116.341890 20418.000000
39.862002 116.341915 20420.000000
39.862167 116.341938 20422.000000
39.862340 116.341965 20424.000000
39.862430 116.341975 20425.000000
39.862522 116.341988 20426.000000
39.862617 116.342003 20427.000000
39.862715 116.342020 20428.000000
39.862812 116.342033 20429.000000
39.862907 116.342043 20430.000000
39.862997 116.342055 20431.000000
39.863168 116.342073 20433.000000
39.863330 116.342085 20435.000000
39.863487 116.342128 20437.000000
39.863645 116.342177 20439.000000
39.863783 116.342230 20441.000000
39.863913 116.342268 20443.000000
39.864033 116.342303 20445.000000
39.864163 116.342330 20447.000000
39.864297 116.342357 20449.000000
39.864437 116.342370 20451.000000
39.864577 116.342383 20453.000000
39.864708 116.342398 20455.000000
39.864843 116.342415 20457.000000
39.864977 116.342457 20459.000000
39.865088 116.342522 20461.000000
39.865192 116.342638 20463.000000
39.865298 116.342778 20465.000000
39.865358 116.342855 20466.000000
39.865415 116.342928 20467.000000
39.865468 116.343002 20468.000000
39.865567 116.343158 20470.000000
39.865607 116.343242 20471.000000
39.865647 116.343332 20472.000000
39.865685 116.343425 20473.000000
39.865720 116.343517 20474.000000
39.865758 116.343615 20475.000000
39.865805 116.343733 20476.000000
39.865847 116.343845 20477.000000
39.865878 116.343952 20478.000000
39.865918 116.344047 20479.000000
39.865958 116.344155 20480.000000
39.866000 116.344260 20481.000000
39.866032 116.344377 20482.000000
39.866055 116.344483 20483.000000
39.866090 116.344598 20484.000000
39.866125 116.344707 20485.000000
39.866153 116.344825 20486.000000
39.866188 116.344940 20487.000000
39.866228 116.345040 20488.000000
39.866250 116.345148 20489.000000
39.866270 116.345263 20490.000000
39.866307 116.345360 20491.000000
39.866337 116.345465 20492.000000
39.866377 116.345568 20493.000000
39.866395 116.345673 20494.000000
39.866408 116.345772 20495.000000
39.866433 116.345920 20497.000000
39.866477 116.346030 20499.000000
39.866512 116.346137 20502.000000
39.866548 116.346223 20506.000000
39.866630 116.346270 20511.000000
39.866605 116.346097 20520.000000
39.866627 116.346193 20523.000000
39.866603 116.346293 20526.000000
39.866613 116.346393 20529.000000
39.866612 116.346492 20531.000000
39.866603 116.346582 20556.000000
39.866610 116.346695 20559.000000
39.866617 116.346817 20561.000000
39.866637 116.346930 20563.000000
39.866660 116.347062 20565.000000
39.866677 116.347193 20567.000000
39.866682 116.347293 20569.000000
39.866682 116.347407 20571.000000
39.866675 116.347518 20573.000000
39.866675 116.347613 20575.000000
39.866667 116.347730 20578.000000
39.866667 116.347838 20581.000000
39.866672 116.347935 20584.000000
39.866715 116.348030 20589.000000
39.866775 116.348098 20595.000000
39.866870 116.348115 20601.000000
39.867020 116.348007 20604.000000
39.867230 116.348037 20605.000000
39.867323 116.348030 20606.000000
39.867438 116.347980 20607.000000
39.867553 116.347967 20608.000000
39.867645 116.347945 20609.000000
39.867733 116.347927 20610.000000
39.867898 116.347900 20612.000000
39.868027 116.347897 20614.000000
39.868122 116.347873 20616.000000
39.868212 116.347842 20618.000000
39.868280 116.347772 20620.000000
39.868320 116.347687 20622.000000
39.868303 116.347572 20623.000000
39.868295 116.347480 20624.000000
39.868275 116.347295 20626.000000
39.868262 116.347195 20627.000000
39.868247 116.347097 20628.000000
39.868235 116.346998 20629.000000
39.868228 116.346902 20630.000000
39.868220 116.346802 20631.000000
39.868210 116.346710 20632.000000
39.868205 116.346617 20633.000000
39.868183 116.346443 20635.000000
39.868155 116.346260 20637.000000
39.868113 116.346095 20639.000000
39.868063 116.346018 20640.000000
39.868037 116.345920 20641.000000
39.868010 116.345812 20642.000000
39.867997 116.345720 20643.000000
39.867988 116.345630 20644.000000
39.867985 116.345533 20645.000000
39.868008 116.345368 20647.000000
39.868053 116.345230 20649.000000
39.868152 116.345115 20651.000000
39.868288 116.345057 20653.000000
39.868373 116.345025 20654.000000
39.868508 116.345007 20656.000000
39.868602 116.345010 20658.000000
39.868713 116.345000 20661.000000
39.868813 116.344973 20672.000000
39.868932 116.344937 20675.000000
39.869053 116.344888 20677.000000
39.869197 116.344847 20679.000000
39.869362 116.344808 20681.000000
39.869452 116.344793 20682.000000
39.869545 116.344782 20683.000000
39.869637 116.344770 20684.000000
39.869730 116.344750 20685.000000
39.869823 116.344735 20686.000000
39.869920 116.344725 20687.000000
39.870017 116.344717 20688.000000
39.870115 116.344708 20689.000000
39.870213 116.344693 20690.000000
39.870313 116.344678 20691.000000
39.870413 116.344663 20692.000000
39.870515 116.344652 20693.000000
39.870617 116.344640 20694.000000
39.870717 116.344628 20695.000000
39.870818 116.344618 20696.000000
39.870922 116.344607 20697.000000
39.871027 116.344593 20698.000000
39.871132 116.344582 20699.000000
39.871232 116.344570 20700.000000
39.871328 116.344558 20701.000000
39.871422 116.344557 20702.000000
39.871515 116.344550 20703.000000
39.871607 116.344543 20704.000000
39.871700 116.344540 20705.000000
39.871792 116.344540 20706.000000
39.871883 116.344540 20707.000000
39.871980 116.344535 20708.000000
39.872075 116.344530 20709.000000
39.872168 116.344525 20710.000000
39.872262 116.344517 20711.000000
39.872443 116.344502 20713.000000
39.872537 116.344498 20714.000000
39.872630 116.344487 20715.000000
39.872808 116.344467 20717.000000
39.872987 116.344442 20719.000000
39.873078 116.344425 20720.000000
39.873255 116.344418 20722.000000
39.873345 116.344412 20723.000000
39.873523 116.344405 20725.000000
39.873615 116.344397 20726.000000
39.873705 116.344385 20727.000000
39.873798 116.344377 20728.000000
39.873972 116.344365 20730.000000
39.874062 116.344355 20731.000000
39.874230 116.344343 20733.000000
39.874375 116.344385 20735.000000
39.874465 116.344378 20736.000000
39.874557 116.344373 20737.000000
39.874648 116.344363 20738.000000
39.874740 116.344355 20739.000000
39.874912 116.344348 20741.000000
39.875083 116.344333 20743.000000
39.875242 116.344302 20745.000000
39.875378 116.344287 20747.000000
39.875507 116.344277 20749.000000
39.875627 116.344253 20752.000000
39.875722 116.344252 20772.000000
39.875813 116.344235 20775.000000
39.875903 116.344230 20777.000000
39.875993 116.344227 20779.000000
39.876125 116.344202 20782.000000
39.876227 116.344193 20784.000000
39.876350 116.344185 20786.000000
39.876490 116.344175 20788.000000
39.876635 116.344170 20790.000000
39.876770 116.344158 20792.000000
39.876900 116.344143 20794.000000
39.877025 116.344133 20796.000000
39.877135 116.344128 20798.000000
39.877240 116.344127 20800.000000
39.877347 116.344122 20802.000000
39.877452 116.344155 20804.000000
39.877548 116.344172 20806.000000
39.877652 116.344188 20809.000000
39.877748 116.344217 20823.000000
39.877922 116.344133 20825.000000
39.878055 116.344085 20827.000000
39.878222 116.344067 20829.000000
39.878382 116.344038 20831.000000
39.878553 116.344017 20833.000000
39.878645 116.344012 20834.000000
39.878737 116.344007 20835.000000
39.878827 116.344003 20836.000000
39.878920 116.344000 20837.000000
39.879013 116.343992 20838.000000
39.879112 116.343982 20839.000000
39.879210 116.343972 20840.000000
39.879308 116.343962 20841.000000
39.879408 116.343952 20842.000000
39.879512 116.343943 20843.000000
39.879612 116.343933 20844.000000
39.879710 116.343923 20845.000000
39.879807 116.343915 20846.000000
39.879903 116.343908 20847.000000
39.880002 116.343910 20848.000000
39.880097 116.343907 20849.000000
39.880192 116.343907 20850.000000
39.880288 116.343905 20851.000000
39.880390 116.343903 20852.000000
39.880492 116.343900 20853.000000
39.880588 116.343897 20854.000000
39.880680 116.343887 20855.000000
39.880852 116.343877 20857.000000
39.881008 116.343877 20859.000000
39.881143 116.343887 20861.000000
39.881242 116.343915 20863.000000
39.881353 116.343948 20866.000000
39.881455 116.343967 20871.000000
39.881590 116.343962 20885.000000
39.881700 116.343947 20887.000000
39.881830 116.343903 20889.000000
39.881967 116.343870 20891.000000
39.882117 116.343852 20893.000000
39.882207 116.343842 20894.000000
39.882382 116.343818 20896.000000
39.882480 116.343812 20897.000000
39.882575 116.343793 20898.000000
39.882675 116.343787 20899.000000
39.882777 116.343782 20900.000000
39.882878 116.343780 20901.000000
39.882975 116.343780 20902.000000
39.883073 116.343780 20903.000000
39.883175 116.343777 20904.000000
39.883280 116.343770 20905.000000
39.883388 116.343765 20906.000000
39.883497 116.343755 20907.000000
39.883607 116.343755 20908.000000
39.883722 116.343760 20909.000000
39.883835 116.343765 20910.000000
39.883945 116.343752 20911.000000
39.884058 116.343755 20912.000000
39.884170 116.343755 20913.000000
39.884272 116.343757 20914.000000
39.884367 116.343757 20915.000000
39.884540 116.343755 20917.000000
39.884712 116.343765 20919.000000
39.884867 116.343785 20921.000000
39.885003 116.343813 20923.000000
39.885107 116.343858 20925.000000
39.885192 116.343890 20927.000000
39.885202 116.343980 20934.000000
39.885313 116.344018 20938.000000
39.885463 116.344018 20941.000000
39.885575 116.344053 20943.000000
39.885703 116.344088 20945.000000
39.885830 116.344123 20947.000000
39.885963 116.344173 20949.000000
39.886103 116.344185 20951.000000
39.886238 116.344177 20953.000000
39.886365 116.344163 20955.000000
39.886482 116.344152 20957.000000
39.886598 116.344147 20959.000000
39.886702 116.344127 20961.000000
39.886812 116.344115 20963.000000
39.886915 116.344107 20965.000000
39.887007 116.344100 20967.000000
39.887115 116.344108 20970.000000
39.887212 116.344133 20990.000000
39.887327 116.344130 20993.000000
39.887443 116.344120 20996.000000
39.887547 116.344112 21000.000000
39.887642 116.344120 21040.000000
39.887753 116.344158 21044.000000
39.887827 116.344217 21046.000000
39.887927 116.344302 21049.000000
39.888032 116.344385 21052.000000
39.888127 116.344465 21055.000000
39.888203 116.344547 21058.000000
39.887922 116.344643 21091.000000
39.888118 116.344520 21092.000000
39.888238 116.344475 21093.000000
39.888430 116.344440 21094.000000
39.888543 116.344363 21096.000000
39.888658 116.344280 21098.000000
39.888787 116.344217 21100.000000
39.888938 116.344147 21102.000000
39.889090 116.344133 21104.000000
39.889237 116.344127 21106.000000
39.889385 116.344150 21108.000000
39.889555 116.344152 21110.000000
39.889713 116.344153 21112.000000
39.889888 116.344140 21114.000000
39.890062 116.344140 21116.000000
39.890218 116.344128 21118.000000
39.890380 116.344103 21120.000000
39.890562 116.344118 21122.000000
39.890737 116.344100 21124.000000
39.890828 116.344093 21125.000000
39.890997 116.344065 21127.000000
39.891157 116.344035 21129.000000
39.891305 116.344005 21131.000000
39.891443 116.343982 21133.000000
39.891550 116.343955 21135.000000
39.891668 116.343940 21138.000000
39.891762 116.343950 21143.000000
39.891858 116.343985 21152.000000
39.891960 116.344017 21155.000000
39.892053 116.344038 21158.000000
39.892157 116.344053 21162.000000
39.892243 116.344098 21169.000000
39.892330 116.344137 21175.000000
39.892250 116.344193 21214.000000
39.892133 116.344177 21218.000000
39.892023 116.344178 21222.000000
39.891925 116.344198 21226.000000
39.891833 116.344163 21231.000000
39.891918 116.344075 21239.000000
39.892030 116.344077 21242.000000
39.892115 116.344037 21249.000000
39.892203 116.344058 21255.000000
39.892285 116.343977 21275.000000
39.892242 116.344058 21287.000000
39.892345 116.344057 21296.000000
39.892437 116.344022 21304.000000
39.892495 116.343952 21310.000000
39.894402 116.343863 21338.000000
39.894508 116.343877 21339.000000
39.894605 116.343868 21340.000000
39.894933 116.343932 21344.000000
39.895032 116.343945 21346.000000
39.895133 116.343978 21348.000000
39.895215 116.344042 21352.000000
39.895298 116.344078 21365.000000
39.895147 116.344337 21378.000000
39.895093 116.344460 21381.000000
39.895053 116.344542 21384.000000
39.895140 116.344618 21405.000000
39.895223 116.344662 21407.000000
39.895335 116.344713 21409.000000
39.895693 116.344957 21419.000000
39.895808 116.345093 21421.000000
39.895922 116.345222 21423.000000
39.895977 116.345303 21424.000000
39.896032 116.345383 21425.000000
39.896073 116.345467 21426.000000
39.896123 116.345555 21427.000000
39.896162 116.345658 21428.000000
39.896198 116.345750 21429.000000
39.896233 116.345838 21430.000000
39.896272 116.345928 21431.000000
39.896305 116.346018 21432.000000
39.896348 116.346102 21433.000000
39.896395 116.346233 21435.000000
39.896450 116.346355 21437.000000
39.896490 116.346447 21439.000000
39.896528 116.346545 21443.000000
39.896455 116.346612 21488.000000
39.896460 116.346720 21490.000000
39.896475 116.346850 21492.000000
39.896472 116.346990 21494.000000
39.896470 116.347155 21496.000000
39.896447 116.347475 21500.000000
39.896432 116.347578 21501.000000
39.896423 116.347682 21502.000000
39.896408 116.347800 21503.000000
39.896388 116.347912 21504.000000
39.896350 116.348065 21505.000000
39.896322 116.348197 21506.000000
39.896282 116.348323 21507.000000
39.896273 116.348450 21508.000000
39.896278 116.348580 21509.000000
39.896260 116.348752 21510.000000
39.896243 116.348885 21511.000000
39.896227 116.349013 21512.000000
39.896217 116.349133 21513.000000
39.896210 116.349247 21514.000000
39.896340 116.349393 21515.000000
39.896418 116.349517 21516.000000
39.896500 116.349635 21517.000000
39.896560 116.349750 21518.000000
39.896613 116.349862 21519.000000
39.896625 116.349955 21520.000000
39.896582 116.350115 21522.000000
39.896588 116.350205 21523.000000
39.896658 116.350380 21525.000000
39.896737 116.350472 21526.000000
39.896802 116.350555 21527.000000
39.896908 116.350630 21528.000000
39.896990 116.350738 21530.000000
39.897118 116.350837 21532.000000
39.898480 116.350348 21550.000000
39.898568 116.350323 21551.000000
39.898672 116.350325 21552.000000
39.898822 116.350318 21553.000000
39.898942 116.350295 21554.000000
39.899067 116.350282 21555.000000
39.899180 116.350263 21556.000000
39.899295 116.350257 21557.000000
39.899390 116.350255 21558.000000
39.899483 116.350253 21559.000000
39.899632 116.350243 21561.000000
39.899765 116.350230 21563.000000
39.899905 116.350228 21565.000000
39.900015 116.350243 21567.000000
39.900088 116.350313 21569.000000
39.900235 116.350580 21580.000000
39.900188 116.350698 21582.000000
39.900147 116.350833 21585.000000
39.900120 116.350922 21587.000000
39.900110 116.351025 21592.000000
39.900098 116.351127 21597.000000
39.900103 116.351247 21601.000000
39.900282 116.351152 21610.000000
39.900385 116.351108 21611.000000
39.900548 116.351067 21613.000000
39.900658 116.351052 21614.000000
39.900810 116.351018 21616.000000
39.900967 116.350982 21618.000000
39.901138 116.350968 21620.000000
39.901237 116.350950 21621.000000
39.901340 116.350935 21622.000000
39.901437 116.350917 21623.000000
39.901535 116.350902 21624.000000
39.901638 116.350890 21625.000000
39.901743 116.350877 21626.000000
39.901852 116.350860 21627.000000
39.901955 116.350838 21628.000000
39.902075 116.350833 21629.000000
39.902205 116.350887 21630.000000
39.902295 116.350870 21631.000000
39.902400 116.350855 21632.000000
39.902502 116.350847 21633.000000
39.902600 116.350830 21634.000000
39.902698 116.350828 21635.000000
39.902792 116.350823 21636.000000
39.902888 116.350812 21637.000000
39.902983 116.350807 21638.000000
39.903075 116.350792 21639.000000
39.903165 116.350777 21640.000000
39.903333 116.350767 21642.000000
39.903505 116.350785 21644.000000
39.903683 116.350803 21646.000000
39.903773 116.350822 21647.000000
39.903932 116.350860 21649.000000
39.904088 116.350898 21651.000000
39.904208 116.350940 21653.000000
39.904355 116.350968 21655.000000
39.904483 116.350935 21657.000000
39.904593 116.350840 21659.000000
39.904657 116.350735 21661.000000
39.904732 116.350633 21663.000000
39.904767 116.350542 21665.000000
39.904830 116.350463 21668.000000
39.904925 116.350437 21671.000000
39.905065 116.350407 21674.000000
39.905180 116.350398 21676.000000
39.905308 116.350393 21678.000000
39.905442 116.350387 21680.000000
39.906127 116.350348 21691.000000
39.906265 116.350345 21692.000000
39.906402 116.350373 21694.000000
39.906495 116.350372 21695.000000
39.906677 116.350363 21697.000000
39.906767 116.350362 21698.000000
39.906873 116.350358 21700.000000
39.907013 116.350362 21702.000000
39.907153 116.350365 21704.000000
39.907283 116.350378 21706.000000
39.907398 116.350442 21708.000000
39.907432 116.350550 21710.000000
39.907532 116.350658 21712.000000
39.907607 116.350750 21714.000000
39.907713 116.350815 21717.000000
39.907808 116.350853 21722.000000
39.907902 116.350835 21725.000000
39.908005 116.350800 21728.000000
39.908138 116.350767 21731.000000
39.908237 116.350720 21734.000000
39.908370 116.350658 21738.000000
39.908475 116.350665 21743.000000
39.908573 116.350710 21747.000000
39.908663 116.350633 21750.000000
39.908752 116.350613 21753.000000
39.908830 116.350568 21756.000000
39.908913 116.350532 21761.000000
39.909012 116.350533 21764.000000
39.909142 116.350528 21768.000000
39.909270 116.350537 21771.000000
39.909360 116.350523 21775.000000
39.909462 116.350547 21782.000000
39.909547 116.350578 21787.000000
39.909643 116.350595 21834.000000
39.909587 116.350687 21835.000000
39.909547 116.350813 21837.000000
39.909613 116.350885 21839.000000
39.909693 116.350962 21841.000000
39.909790 116.350997 21843.000000
39.909903 116.351027 21845.000000
39.910093 116.351072 21847.000000
39.910195 116.351082 21848.000000
39.910340 116.351073 21850.000000
39.910452 116.351083 21852.000000
39.910580 116.351112 21854.000000
39.910690 116.351158 21856.000000
39.910790 116.351172 21858.000000
39.910922 116.351168 21860.000000
39.911043 116.351152 21862.000000
39.911168 116.351143 21864.000000
39.911293 116.351152 21866.000000
39.911447 116.351153 21868.000000
39.911537 116.351160 21869.000000
39.911633 116.351147 21870.000000
39.911723 116.351143 21871.000000
39.911878 116.351107 21873.000000
39.912005 116.351078 21875.000000
39.912258 116.351290 21880.000000
39.912377 116.351275 21883.000000
39.912500 116.351255 21886.000000
39.912613 116.351250 21889.000000
39.912737 116.351197 21891.000000
39.912850 116.351183 21897.000000
39.912992 116.351205 21900.000000
39.913105 116.351257 21902.000000
39.913233 116.351245 21904.000000
39.913368 116.351218 21906.000000
39.913488 116.351207 21908.000000
39.913600 116.351190 21910.000000
39.913763 116.351170 21912.000000
39.913923 116.351108 21914.000000
39.914043 116.351018 21916.000000
39.914162 116.350972 21918.000000
39.914265 116.350928 21920.000000
39.914365 116.350907 21922.000000
39.914457 116.350858 21924.000000
39.914550 116.350793 21926.000000
39.914662 116.350740 21928.000000
39.914762 116.350728 21930.000000
39.914893 116.350747 21932.000000
39.915010 116.350730 21934.000000
39.915105 116.350745 21935.000000
39.915260 116.350723 21937.000000
39.915420 116.350718 21939.000000
39.915585 116.350692 21941.000000
39.915687 116.350695 21942.000000
39.915830 116.350682 21944.000000
39.915937 116.350712 21945.000000
39.916108 116.350708 21947.000000
39.916273 116.350765 21949.000000
39.916440 116.350780 21951.000000
39.916533 116.350780 21952.000000
39.916695 116.350762 21954.000000
39.916832 116.350727 21956.000000
39.916985 116.350723 21958.000000
39.917142 116.350728 21960.000000
39.917353 116.350730 21962.000000
39.917443 116.350727 21963.000000
39.917570 116.350703 21965.000000
39.917698 116.350713 21967.000000
39.917792 116.350688 21969.000000
39.917902 116.350700 21973.000000
39.917970 116.350772 21977.000000
39.918033 116.350870 21980.000000
39.918132 116.350912 21983.000000
39.918233 116.350975 21985.000000
39.918350 116.351020 21987.000000
39.918475 116.351075 21989.000000
39.918605 116.351103 21991.000000
39.918725 116.351167 21993.000000
39.918832 116.351208 21995.000000
39.918943 116.351230 21997.000000
39.919045 116.351243 21999.000000
39.919157 116.351253 22001.000000
39.919250 116.351260 22006.000000
39.919385 116.351228 22010.000000
39.919457 116.351160 22012.000000
39.919525 116.351050 22014.000000
39.919600 116.350982 22016.000000
39.919790 116.350700 22019.000000
39.919857 116.350618 22020.000000
39.919977 116.350523 22022.000000
39.920075 116.350477 22024.000000
39.920178 116.350435 22026.000000
39.920295 116.350373 22028.000000
39.920418 116.350302 22030.000000
39.920557 116.350243 22032.000000
39.923117 116.349812 22057.000000
39.923768 116.349952 22064.000000
39.923878 116.349985 22065.000000
39.924005 116.350018 22066.000000
39.924185 116.350048 22080.000000
39.924223 116.349953 22090.000000
39.924327 116.349955 22096.000000
39.924492 116.349988 22098.000000
39.925352 116.349992 22114.000000
39.925523 116.350045 22115.000000
39.925672 116.350083 22116.000000
39.925845 116.350133 22118.000000
39.925955 116.350153 22120.000000
39.926070 116.350132 22122.000000
39.926187 116.350098 22123.000000
39.926303 116.350070 22124.000000
39.926408 116.350082 22125.000000
39.926505 116.350110 22126.000000
39.926600 116.350130 22127.000000
39.926692 116.350140 22128.000000
39.926830 116.350190 22130.000000
39.926965 116.350247 22132.000000
39.927100 116.350325 22134.000000
39.927207 116.350368 22136.000000
39.927283 116.350467 22138.000000
39.927308 116.350562 22139.000000
39.927383 116.350620 22141.000000
39.927468 116.350657 22143.000000
39.927553 116.350715 22146.000000
39.927660 116.350733 22149.000000
39.927758 116.350757 22154.000000
39.927855 116.350782 22157.000000
39.927970 116.350778 22160.000000
39.928093 116.350815 22163.000000
39.928205 116.350840 22166.000000
39.928300 116.350843 22168.000000
39.928398 116.350933 22170.000000
39.928502 116.350950 22172.000000
39.928618 116.350930 22174.000000
39.928767 116.350938 22176.000000
39.928865 116.350912 22177.000000
39.928938 116.350855 22178.000000
39.929025 116.350788 22179.000000
39.929218 116.350687 22181.000000
39.929350 116.350625 22182.000000
39.929467 116.350548 22183.000000
39.929580 116.350515 22184.000000
39.929690 116.350468 22185.000000
39.929815 116.350412 22186.000000
39.929915 116.350360 22187.000000
39.930010 116.350340 22188.000000
39.930180 116.350325 22190.000000
39.930318 116.350357 22192.000000
39.930483 116.350353 22194.000000
39.930608 116.350358 22195.000000
39.930722 116.350323 22196.000000
39.930837 116.350220 22197.000000
39.930990 116.350165 22198.000000
39.931130 116.350110 22199.000000
39.931237 116.350070 22200.000000
39.931370 116.350038 22202.000000
39.931490 116.350018 22204.000000
39.931590 116.349958 22208.000000
39.931755 116.349938 22210.000000
39.931922 116.349928 22212.000000
39.932088 116.349918 22214.000000
39.932258 116.349907 22216.000000
39.932423 116.349910 22218.000000
39.932580 116.349903 22220.000000
39.932740 116.349903 22222.000000
39.932895 116.349892 22224.000000
39.933053 116.349872 22226.000000
39.933210 116.349845 22228.000000
39.933365 116.349828 22230.000000
39.933515 116.349827 22232.000000
39.933667 116.349823 22234.000000
39.933827 116.349817 22236.000000
39.933995 116.349788 22238.000000
39.934145 116.349783 22240.000000
39.934275 116.349782 22242.000000
39.934377 116.349783 22244.000000
39.934468 116.349785 22246.000000
39.934553 116.349820 22249.000000
39.934610 116.349740 22251.000000
39.934622 116.349850 22270.000000
39.934710 116.349785 22280.000000
39.934792 116.349713 22284.000000
39.934905 116.349680 22287.000000
39.935003 116.349668 22288.000000
39.935135 116.349663 22289.000000
39.935293 116.349662 22291.000000
39.935465 116.349678 22292.000000
39.935563 116.349683 22293.000000
39.935675 116.349678 22294.000000
39.935832 116.349617 22296.000000
39.935998 116.349612 22298.000000
39.936158 116.349612 22300.000000
39.936330 116.349623 22302.000000
39.936488 116.349625 22304.000000
39.936648 116.349625 22306.000000
39.936815 116.349625 22308.000000
39.938592 116.349605 22325.000000
39.938700 116.349598 22326.000000
39.938808 116.349607 22327.000000
39.940550 116.349555 22344.000000
39.940662 116.349542 22345.000000
39.940803 116.349545 22347.000000
39.940907 116.349568 22348.000000
39.941033 116.349603 22350.000000
39.941178 116.349688 22352.000000
39.941312 116.349790 22354.000000
39.941383 116.349848 22355.000000
39.941512 116.349953 22357.000000
39.941650 116.350043 22359.000000
39.941792 116.350107 22361.000000
39.941945 116.350152 22363.000000
39.943540 116.350362 22377.000000
39.943650 116.350365 22378.000000
39.943767 116.350373 22379.000000
39.943888 116.350387 22380.000000
39.944007 116.350397 22381.000000
39.945103 116.350207 22387.000000
39.945247 116.350178 22390.000000
39.945335 116.350220 22391.000000
39.945433 116.350227 22392.000000
39.945597 116.350252 22394.000000
39.945698 116.350258 22395.000000
39.945802 116.350272 22396.000000
39.945907 116.350277 22397.000000
39.946015 116.350287 22398.000000
39.946178 116.350315 22400.000000
39.946352 116.350323 22402.000000
39.946457 116.350320 22403.000000
39.946550 116.350325 22404.000000
39.946693 116.350310 22406.000000
39.946860 116.350290 22408.000000
39.946957 116.350285 22409.000000
39.947063 116.350285 22410.000000
39.947185 116.350300 22411.000000
39.947298 116.350318 22412.000000
39.947452 116.350348 22413.000000
39.947573 116.350378 22414.000000
39.947688 116.350392 22415.000000
39.947782 116.350408 22416.000000
39.947890 116.350412 22417.000000
39.947985 116.350413 22418.000000
39.948347 116.350385 22422.000000
39.948438 116.350375 22423.000000
39.948608 116.350352 22425.000000
39.948710 116.350338 22426.000000
39.948787 116.350283 22427.000000
39.948882 116.350260 22428.000000
39.948977 116.350235 22429.000000
39.949073 116.350212 22430.000000
39.949180 116.350192 22431.000000
39.949285 116.350170 22432.000000
39.949428 116.350158 22434.000000
39.949602 116.350145 22436.000000
39.949763 116.350133 22438.000000
39.949897 116.350105 22440.000000
39.950003 116.350080 22442.000000
39.950093 116.350062 22444.000000
39.950475 116.349750 22454.000000
39.950572 116.349685 22456.000000
39.950643 116.349590 22458.000000
39.950737 116.349487 22460.000000
39.950822 116.349442 22462.000000
39.950923 116.349427 22464.000000
39.950827 116.349418 22469.000000
39.950950 116.349428 22475.000000
39.951390 116.349258 22495.000000
39.951522 116.349285 22497.000000
39.951635 116.349273 22500.000000
39.951737 116.349245 22503.000000
39.951855 116.349248 22505.000000
39.951973 116.349250 22507.000000
39.952083 116.349290 22509.000000
39.952227 116.349350 22511.000000
39.952382 116.349352 22513.000000
39.952555 116.349320 22515.000000
39.952722 116.349310 22517.000000
39.952873 116.349298 22519.000000
39.952963 116.349280 22520.000000
39.953058 116.349263 22521.000000
39.953230 116.349243 22523.000000
39.953375 116.349277 22525.000000
39.956007 116.349297 22553.000000
39.955905 116.349280 22554.000000
39.955940 116.349047 22556.000000
39.956035 116.349050 22557.000000
39.956128 116.349040 22558.000000
39.956310 116.349030 22560.000000
39.956407 116.349025 22561.000000
39.956393 116.349307 22591.000000
39.957003 116.349123 22636.000000
39.957147 116.349112 22638.000000
39.957255 116.349100 22640.000000
39.957367 116.349090 22642.000000
39.957452 116.349057 22649.000000
39.957363 116.349180 22664.000000
39.957443 116.349130 22669.000000
39.957568 116.349168 22671.000000
39.957678 116.349188 22672.000000
39.957878 116.349163 22674.000000
39.958038 116.349178 22676.000000
39.958207 116.349193 22678.000000
39.958375 116.349162 22680.000000
39.958477 116.349127 22681.000000
39.958652 116.349098 22683.000000
39.958822 116.349068 22685.000000
39.958917 116.349065 22686.000000
39.959007 116.349057 22687.000000
39.959105 116.349060 22688.000000
39.959310 116.349033 22690.000000
39.959428 116.349007 22691.000000
39.959618 116.348992 22693.000000
39.959715 116.348985 22694.000000
39.963630 116.348935 22733.000000
39.963723 116.348937 22734.000000
39.963880 116.348863 22736.000000
39.964060 116.348823 22738.000000
39.964152 116.348803 22739.000000
39.964247 116.348785 22740.000000
39.964340 116.348777 22741.000000
39.964433 116.348782 22742.000000
39.964530 116.348777 22743.000000
39.964628 116.348765 22744.000000
39.965130 116.348708 22749.000000
39.965238 116.348698 22750.000000
39.965335 116.348683 22751.000000
39.965428 116.348673 22752.000000
39.965518 116.348658 22753.000000
39.965678 116.348642 22755.000000
39.965813 116.348653 22757.000000
39.965945 116.348657 22759.000000
39.966068 116.348660 22761.000000
39.966205 116.348660 22763.000000
39.966692 116.348630 22770.000000
39.966803 116.348627 22771.000000
39.966947 116.348615 22773.000000
39.967083 116.348635 22775.000000
39.967215 116.348692 22777.000000
39.967677 116.348702 22785.000000
39.967772 116.348717 22786.000000
39.967863 116.348728 22787.000000
39.968028 116.348732 22789.000000
39.968190 116.348722 22791.000000
39.968345 116.348705 22793.000000
39.968507 116.348683 22795.000000
39.968670 116.348668 22797.000000
39.968843 116.348667 22799.000000
39.969017 116.348695 22801.000000
39.969187 116.348708 22803.000000
39.969348 116.348770 22805.000000
39.969697 116.348762 22809.000000
39.970572 116.348252 22826.000000
39.970668 116.348265 22828.000000
39.972378 116.348540 22872.000000
39.972467 116.348465 22873.000000
39.972542 116.348395 22874.000000
39.972678 116.348338 22877.000000
39.972837 116.348317 22879.000000
39.973012 116.348312 22881.000000
39.974650 116.348313 22904.000000
39.974720 116.348257 22906.000000
39.974830 116.348212 22909.000000
39.974922 116.348177 22982.000000
39.975038 116.348148 22985.000000
39.975142 116.348113 22987.000000
39.975257 116.348073 22989.000000
39.975390 116.348050 22991.000000
39.975517 116.348023 22993.000000
39.975638 116.347997 22995.000000
39.977837 116.347217 23017.000000
39.977948 116.347332 23019.000000
39.977932 116.347572 23020.000000
39.977980 116.347652 23021.000000
39.978065 116.347468 23025.000000
39.978182 116.347527 23027.000000
39.978320 116.347530 23029.000000
39.978398 116.347613 23030.000000
39.978482 116.347655 23031.000000
39.978583 116.347650 23032.000000
39.980030 116.347590 23047.000000
39.980133 116.347603 23048.000000
39.980227 116.347608 23049.000000
39.980490 116.347645 23051.000000
39.980635 116.347672 23052.000000
39.980730 116.347687 23053.000000
39.980857 116.347760 23055.000000
39.981008 116.347782 23057.000000
39.981152 116.347788 23059.000000
39.981338 116.347722 23068.000000
39.984123 116.347457 23121.000000
39.984248 116.347453 23123.000000
39.984520 116.347457 23131.000000
39.984592 116.347537 23171.000000
39.984735 116.347510 23173.000000
39.984878 116.347488 23175.000000
39.985015 116.347475 23177.000000
39.985168 116.347455 23179.000000
39.985690 116.347432 23186.000000
39.986505 116.347405 23195.000000
39.986808 116.347375 23198.000000
39.986912 116.347365 23199.000000
39.987013 116.347360 23200.000000
39.987133 116.347347 23201.000000
39.987245 116.347338 23202.000000
39.987360 116.347325 23203.000000
39.987472 116.347315 23204.000000
39.987578 116.347303 23205.000000
39.987683 116.347295 23206.000000
39.987793 116.347282 23207.000000
39.987892 116.347272 23208.000000
39.987985 116.347265 23209.000000
39.988083 116.347257 23210.000000
39.988180 116.347248 23211.000000
39.988273 116.347243 23212.000000
39.988368 116.347238 23213.000000
39.988468 116.347228 23214.000000
39.988567 116.347220 23215.000000
39.988670 116.347212 23216.000000
39.988772 116.347205 23217.000000
39.988878 116.347197 23218.000000
39.988985 116.347190 23219.000000
39.989090 116.347185 23220.000000
39.989193 116.347180 23221.000000
39.989302 116.347175 23222.000000
39.989407 116.347172 23223.000000
39.989513 116.347170 23224.000000
39.990042 116.347177 23229.000000
39.990143 116.347178 23230.000000
39.990245 116.347173 23231.000000
39.990345 116.347173 23232.000000
39.990445 116.347172 23233.000000
39.990538 116.347175 23234.000000
39.990637 116.347175 23235.000000
39.990735 116.347157 23236.000000
39.990830 116.347155 23237.000000
39.990932 116.347150 23238.000000
39.991033 116.347145 23239.000000
39.991130 116.347143 23240.000000
39.991228 116.347140 23241.000000
39.991322 116.347140 23242.000000
39.991418 116.347138 23243.000000
39.991515 116.347140 23244.000000
39.992043 116.347100 23264.000000
39.991938 116.347127 23315.000000
39.992027 116.347147 23318.000000
39.992117 116.347157 23320.000000
39.992227 116.347162 23322.000000
39.992360 116.347160 23324.000000
39.992508 116.347150 23326.000000
39.992693 116.347110 23328.000000
39.992783 116.347095 23329.000000
39.992875 116.347088 23330.000000
39.992965 116.347078 23331.000000
39.993147 116.347068 23333.000000
39.993242 116.347067 23334.000000
39.993343 116.347067 23335.000000
39.993445 116.347062 23336.000000
39.993547 116.347057 23337.000000
39.993652 116.347050 23338.000000
39.993753 116.347045 23339.000000
39.993863 116.347033 23340.000000
39.993970 116.347025 23341.000000
39.994073 116.347018 23342.000000
39.994182 116.347010 23343.000000
39.994287 116.347003 23344.000000
39.994397 116.346993 23345.000000
39.994498 116.346987 23346.000000
39.994603 116.346978 23347.000000
39.994703 116.346975 23348.000000
39.994802 116.346970 23349.000000
39.994895 116.346967 23350.000000
39.995075 116.346973 23352.000000
39.995248 116.346965 23354.000000
39.995413 116.346952 23356.000000
39.995565 116.346950 23358.000000
39.995680 116.346972 23360.000000
39.995768 116.346997 23362.000000
39.995867 116.346983 23365.000000
39.995957 116.346960 23370.000000
39.996042 116.346893 23385.000000
39.996128 116.346858 23387.000000
39.996315 116.346827 23389.000000
39.996428 116.346822 23391.000000
39.996532 116.346813 23393.000000
39.996653 116.346810 23395.000000
39.996792 116.346802 23397.000000
39.997333 116.346770 23404.000000
39.997468 116.346760 23405.000000
39.997577 116.346753 23406.000000
39.997688 116.346747 23407.000000
39.997787 116.346743 23408.000000
39.997887 116.346740 23409.000000
39.997983 116.346735 23410.000000
39.998075 116.346730 23411.000000
39.998175 116.346715 23412.000000
39.998267 116.346707 23413.000000
39.998358 116.346703 23414.000000
39.998453 116.346702 23415.000000
39.998577 116.346708 23417.000000
39.998710 116.346703 23419.000000
39.998830 116.346702 23421.000000
39.998930 116.346700 23423.000000
39.999033 116.346695 23426.000000
39.999160 116.346702 23435.000000
39.999437 116.346755 23510.000000
39.999528 116.346787 23511.000000
39.999637 116.346728 23513.000000
39.999768 116.346673 23516.000000
39.999857 116.346642 23518.000000
39.999993 116.346652 23519.000000
40.000108 116.346658 23520.000000
40.000218 116.346663 23521.000000
40.000320 116.346663 23522.000000
40.000500 116.346662 23524.000000
40.000683 116.346657 23526.000000
40.000858 116.346648 23528.000000
40.005947 116.346410 23643.000000
40.006047 116.346388 23646.000000
40.006142 116.346378 23648.000000
40.006265 116.346378 23650.000000
40.006405 116.346377 23652.000000
40.006577 116.346393 23654.000000
40.006670 116.346393 23655.000000
40.006760 116.346390 23656.000000
40.006852 116.346387 23657.000000
40.006947 116.346382 23658.000000
40.007040 116.346375 23659.000000
40.007135 116.346367 23660.000000
40.007417 116.346338 23663.000000
40.007510 116.346328 23664.000000
40.007603 116.346322 23665.000000
40.007773 116.346310 23667.000000
40.007933 116.346302 23669.000000
40.008105 116.346295 23671.000000
40.008202 116.346295 23672.000000
40.008298 116.346305 23673.000000
40.013245 116.346093 23738.000000
40.013328 116.346050 23743.000000
40.013420 116.346008 23751.000000
40.013547 116.346040 23754.000000
40.013648 116.346038 23756.000000
40.013767 116.346033 23758.000000
40.013908 116.346015 23760.000000
40.014055 116.346020 23762.000000
40.014205 116.346018 23764.000000
40.014362 116.346017 23766.000000
40.014533 116.346013 23768.000000
40.014715 116.346005 23770.000000
40.014812 116.346000 23771.000000
40.014907 116.345993 23772.000000
40.015000 116.345987 23773.000000
40.015095 116.345977 23774.000000
40.015188 116.345968 23775.000000
40.015285 116.345960 23776.000000
40.015383 116.345947 23777.000000
40.015482 116.345942 23778.000000
40.015580 116.345935 23779.000000
40.015680 116.345930 23780.000000
40.015777 116.345923 23781.000000
40.015873 116.345920 23782.000000
40.015970 116.345913 23783.000000
40.016148 116.345913 23785.000000
40.016243 116.345910 23786.000000
40.016335 116.345905 23787.000000
40.016515 116.345888 23789.000000
40.016607 116.345880 23790.000000
40.016787 116.345865 23792.000000
40.016877 116.345853 23793.000000
40.016968 116.345837 23794.000000
40.017068 116.345823 23795.000000
40.017170 116.345807 23796.000000
40.017277 116.345793 23797.000000
40.017383 116.345780 23798.000000
40.017505 116.345780 23799.000000
40.017617 116.345775 23800.000000
40.017733 116.345763 23801.000000
40.017850 116.345753 23802.000000
40.017967 116.345745 23803.000000
40.018082 116.345737 23804.000000
40.018198 116.345728 23805.000000
40.018313 116.345722 23806.000000
40.018427 116.345713 23807.000000
40.018540 116.345705 23808.000000
40.018652 116.345700 23809.000000
40.018760 116.345697 23810.000000
40.018870 116.345693 23811.000000
40.018978 116.345692 23812.000000
40.019087 116.345683 23813.000000
40.019193 116.345682 23814.000000
40.019305 116.345680 23815.000000
40.019415 116.345678 23816.000000
40.019530 116.345673 23817.000000
40.019642 116.345670 23818.000000
40.019752 116.345667 23819.000000
40.019863 116.345662 23820.000000
40.019975 116.345655 23821.000000
40.020088 116.345648 23822.000000
40.020198 116.345642 23823.000000
40.020300 116.345630 23824.000000
40.020397 116.345615 23825.000000
40.020552 116.345617 23827.000000
40.020695 116.345622 23829.000000
40.020813 116.345642 23831.000000
40.020968 116.345652 23841.000000
40.020940 116.345743 23845.000000
40.020930 116.345847 23888.000000
40.020877 116.345772 23946.000000
40.020942 116.345965 23952.000000
40.021023 116.346120 23954.000000
40.021070 116.346208 23955.000000
40.021107 116.346327 23956.000000
40.021133 116.346430 23957.000000
40.021158 116.346535 23958.000000
40.021147 116.346650 23959.000000
40.021465 116.347972 23971.000000
40.021507 116.348100 23972.000000
40.021530 116.348195 23973.000000
40.021477 116.348592 23974.000000
40.021462 116.348828 23975.000000
40.021448 116.349027 23976.000000
40.021447 116.349193 23977.000000
40.021438 116.349385 23978.000000
40.021432 116.349525 23979.000000
40.021432 116.349658 23980.000000
40.021425 116.349787 23981.000000
40.021415 116.349878 23982.000000
40.021413 116.349990 23983.000000
40.021392 116.350477 23988.000000
40.021450 116.350402 23991.000000
40.021435 116.350585 23998.000000
40.021428 116.350677 24003.000000
40.021898 116.350845 24014.000000
40.022647 116.349972 24021.000000
40.022763 116.349810 24022.000000
40.022842 116.349697 24023.000000
40.024597 116.345243 24059.000000
40.024673 116.345162 24060.000000
40.024768 116.345105 24061.000000
40.024848 116.345047 24062.000000
40.024948 116.345002 24063.000000
40.025045 116.344948 24064.000000
40.025137 116.344900 24065.000000
40.025738 116.344558 24072.000000
40.025888 116.344507 24074.000000
40.025970 116.344462 24075.000000
40.026053 116.344425 24076.000000
40.026135 116.344375 24077.000000
40.026215 116.344313 24078.000000
40.026298 116.344250 24079.000000
40.026377 116.344192 24080.000000
40.028208 116.342947 24102.000000
40.028302 116.342895 24103.000000
40.028373 116.342840 24104.000000
40.028452 116.342772 24105.000000
40.028530 116.342710 24106.000000
40.028600 116.342648 24107.000000
40.028672 116.342592 24108.000000
40.028810 116.342488 24110.000000
40.028897 116.342420 24112.000000
40.029012 116.342347 24114.000000
40.029117 116.342273 24116.000000
40.029205 116.342208 24118.000000
40.029302 116.342133 24121.000000
40.029373 116.342077 24124.000000
40.029455 116.342003 24132.000000
40.029538 116.341942 24137.000000
40.029623 116.341977 24150.000000
40.029733 116.341872 24161.000000
40.029607 116.341875 24167.000000
40.029553 116.341948 24252.000000
40.029453 116.341983 24255.000000
40.029375 116.342028 24258.000000
40.029260 116.342088 24261.000000
40.029175 116.342135 24263.000000
40.029118 116.342222 24266.000000
40.029058 116.342313 24269.000000
40.029022 116.342418 24273.000000
40.028952 116.342483 24276.000000
40.028848 116.342563 24279.000000
40.028775 116.342618 24281.000000
40.028655 116.342677 24283.000000
40.028568 116.342808 24285.000000
40.028542 116.342902 24286.000000
40.028523 116.343010 24287.000000
40.028497 116.343140 24288.000000
40.028418 116.343198 24290.000000
40.028377 116.343282 24292.000000
40.028337 116.343412 24294.000000
40.028343 116.343572 24296.000000
40.028358 116.343705 24298.000000
40.028388 116.343845 24300.000000
40.028420 116.344007 24302.000000
40.028445 116.344173 24304.000000
40.028472 116.344352 24306.000000
40.028485 116.344442 24307.000000
40.028505 116.344618 24309.000000
40.028508 116.344713 24310.000000
40.028520 116.344810 24311.000000
40.028527 116.344903 24312.000000
40.028543 116.345067 24314.000000
40.028568 116.345215 24316.000000
40.028592 116.345380 24318.000000
40.028627 116.345538 24320.000000
40.028688 116.345690 24322.000000
40.028702 116.345783 24323.000000
40.028672 116.345897 24324.000000
40.028677 116.345992 24325.000000
40.028680 116.346090 24326.000000
40.028687 116.346185 24327.000000
40.028693 116.346278 24328.000000
40.028713 116.346442 24330.000000
40.028728 116.346598 24332.000000
40.028742 116.346760 24334.000000
40.028760 116.346933 24336.000000
40.028780 116.347115 24338.000000
40.028792 116.347210 24339.000000
40.028802 116.347302 24340.000000
40.028813 116.347393 24341.000000
40.028823 116.347483 24342.000000
40.028835 116.347575 24343.000000
40.028845 116.347665 24344.000000
40.028853 116.347760 24345.000000
40.028863 116.347857 24346.000000
40.028872 116.347953 24347.000000
40.028880 116.348052 24348.000000
40.028885 116.348152 24349.000000
40.028895 116.348248 24350.000000
40.028907 116.348347 24351.000000
40.028917 116.348445 24352.000000
40.028932 116.348542 24353.000000
40.028947 116.348642 24354.000000
40.028967 116.348742 24355.000000
40.028977 116.348852 24356.000000
40.028985 116.348963 24357.000000
40.028995 116.349073 24358.000000
40.029012 116.349180 24359.000000
40.029020 116.349288 24360.000000
40.029022 116.349400 24361.000000
40.029025 116.349508 24362.000000
40.029032 116.349615 24363.000000
40.029035 116.349725 24364.000000
40.029040 116.349835 24365.000000
40.029047 116.349948 24366.000000
40.029052 116.350063 24367.000000
40.029057 116.350175 24368.000000
40.029063 116.350283 24369.000000
40.029070 116.350388 24370.000000
40.029080 116.350493 24371.000000
40.029090 116.350593 24372.000000
40.029100 116.350692 24373.000000
40.029110 116.350792 24374.000000
40.029120 116.350892 24375.000000
40.029130 116.350992 24376.000000
40.029140 116.351088 24377.000000
40.029150 116.351180 24378.000000
40.029167 116.351342 24380.000000
40.029183 116.351465 24382.000000
40.029205 116.351580 24385.000000
40.029267 116.351663 24390.000000
40.029350 116.351622 24393.000000
40.029458 116.351585 24395.000000
40.029557 116.351545 24397.000000
40.029668 116.351518 24399.000000
40.029787 116.351487 24401.000000
40.029917 116.351430 24403.000000
40.030052 116.351367 24405.000000
40.030193 116.351300 24407.000000
40.030340 116.351230 24409.000000
40.030483 116.351160 24411.000000
40.030615 116.351092 24413.000000
40.030742 116.351027 24415.000000
40.030873 116.350962 24417.000000
40.031013 116.350893 24419.000000
40.031143 116.350823 24421.000000
40.031263 116.350760 24423.000000
40.031380 116.350703 24425.000000
40.031500 116.350645 24427.000000
40.031628 116.350583 24429.000000
40.031758 116.350523 24431.000000
40.031863 116.350483 24433.000000
40.031962 116.350465 24436.000000
40.032018 116.350563 24439.000000
40.032080 116.350655 24442.000000
40.032142 116.350760 24444.000000
40.032175 116.350885 24446.000000
40.032167 116.350977 24447.000000
40.032185 116.351138 24449.000000
40.032192 116.351310 24451.000000
40.032193 116.351400 24452.000000
40.032198 116.351495 24453.000000
40.032210 116.351585 24454.000000
40.032243 116.351757 24456.000000
40.032263 116.351848 24457.000000
40.032290 116.351945 24458.000000
40.032315 116.352047 24459.000000
40.032340 116.352145 24460.000000
40.032363 116.352240 24461.000000
40.032385 116.352332 24462.000000
40.032410 116.352433 24463.000000
40.032438 116.352580 24465.000000
40.032492 116.352743 24467.000000
40.032543 116.352887 24469.000000
40.032622 116.352997 24471.000000
40.032692 116.353148 24473.000000
40.032800 116.353212 24475.000000
40.032910 116.353325 24477.000000
40.032967 116.353448 24479.000000
40.033020 116.353580 24481.000000
40.033073 116.353720 24483.000000
40.033115 116.353860 24485.000000
40.033120 116.353980 24487.000000
40.033108 116.354098 24489.000000
40.033140 116.354192 24499.000000
40.033055 116.354265 24505.000000
40.032973 116.354310 24507.000000
40.032890 116.354362 24509.000000
40.032770 116.354417 24513.000000
40.032667 116.354467 24516.000000
40.032552 116.354490 24519.000000
40.032422 116.354520 24521.000000
40.032312 116.354577 24523.000000
40.032333 116.354700 24526.000000
40.032262 116.354812 24528.000000
40.032257 116.354928 24530.000000
40.032273 116.355037 24532.000000
40.032293 116.355135 24534.000000
40.032317 116.355225 24536.000000
40.032347 116.355315 24538.000000
40.032400 116.355408 24540.000000
40.032458 116.355500 24542.000000
40.032495 116.355612 24545.000000
40.032552 116.355712 24576.000000
40.032597 116.355798 24581.000000
40.032647 116.355883 24588.000000
40.032730 116.355957 24593.000000
40.032782 116.356040 24597.000000
40.032838 116.356110 24602.000000
40.032857 116.356212 24606.000000
40.032887 116.356297 24611.000000
40.032928 116.356380 24617.000000
40.032970 116.356463 24624.000000
40.033038 116.356395 24632.000000
40.033065 116.356297 24635.000000
40.033132 116.356213 24638.000000
40.033207 116.356162 24640.000000
40.033290 116.356090 24643.000000
40.033380 116.356082 24649.000000
40.033453 116.355978 24652.000000
40.033522 116.355897 24655.000000
40.033625 116.355888 24660.000000
40.033725 116.355890 24664.000000
40.033810 116.355945 24668.000000
40.034025 116.355730 24685.000000
40.034063 116.355632 24689.000000
40.034115 116.355528 24692.000000
40.034170 116.355443 24694.000000
40.034238 116.355365 24696.000000
