39.927807 116.335177 34252.000000
39.927935 116.335085 34322.000000
39.927822 116.335340 34382.000000
39.927933 116.335137 34383.000000
39.927948 116.335043 34407.000000
39.927917 116.334935 34410.000000
39.927883 116.334782 34413.000000
39.927862 116.334693 34416.000000
39.927830 116.334582 34420.000000
39.927838 116.334485 34424.000000
39.927863 116.334362 34428.000000
39.927853 116.334260 34431.000000
39.927885 116.334158 34433.000000
39.927892 116.334067 34435.000000
39.927907 116.333947 34438.000000
39.927920 116.333848 34441.000000
39.927922 116.333745 34444.000000
39.927918 116.333643 34447.000000
39.927925 116.333533 34450.000000
39.927937 116.333412 34453.000000
39.927927 116.333298 34455.000000
39.927927 116.333202 34457.000000
39.927913 116.333108 34460.000000
39.927918 116.332993 34463.000000
39.927840 116.332898 34467.000000
39.927727 116.332870 34471.000000
39.927632 116.332865 34474.000000
39.927538 116.332872 34477.000000
39.927447 116.332912 34480.000000
39.927357 116.332957 34483.000000
39.927237 116.332933 34487.000000
39.927145 116.332930 34490.000000
39.927055 116.332917 34493.000000
39.926965 116.332932 34496.000000
39.926873 116.332930 34499.000000
39.926803 116.332870 34504.000000
39.926810 116.332770 34508.000000
39.926812 116.332665 34511.000000
39.926823 116.332563 34513.000000
39.926767 116.332448 34517.000000
39.926778 116.332313 34520.000000
39.926787 116.332217 34522.000000
39.926818 116.332122 34525.000000
39.926838 116.332012 34528.000000
39.926853 116.331915 34532.000000
39.926847 116.331773 34535.000000
39.926835 116.331653 34538.000000
39.926838 116.331557 34540.000000
39.926853 116.331430 34543.000000
39.926848 116.331318 34546.000000
39.926848 116.331218 34548.000000
39.926840 116.331083 34551.000000
39.926838 116.330973 34554.000000
39.926850 116.330860 34557.000000
39.926838 116.330760 34559.000000
39.926803 116.330677 34561.000000
39.926793 116.330585 34563.000000
39.926790 116.330495 34565.000000
39.926805 116.330363 34568.000000
39.926838 116.330253 34571.000000
39.926842 116.330157 34573.000000
39.926838 116.330030 34576.000000
39.926838 116.329903 34579.000000
39.926850 116.329805 34581.000000
39.926858 116.329688 34584.000000
39.926853 116.329558 34587.000000
39.926833 116.329440 34590.000000
39.926835 116.329312 34593.000000
39.926855 116.329215 34595.000000
39.926872 116.329125 34597.000000
39.926892 116.329035 34599.000000
39.926915 116.328900 34602.000000
39.926928 116.328808 34605.000000
39.926918 116.328688 34609.000000
39.926920 116.328555 34612.000000
39.926947 116.328468 34615.000000
39.926958 116.328338 34618.000000
39.926950 116.328245 34621.000000
39.926925 116.328132 34624.000000
39.926862 116.328040 34643.000000
39.926832 116.327945 34647.000000
39.926832 116.327842 34651.000000
39.926818 116.327697 34654.000000
39.926817 116.327562 34656.000000
39.926815 116.327452 34658.000000
39.926825 116.327342 34660.000000
39.926817 116.327247 34662.000000
39.926805 116.327125 34665.000000
39.926785 116.327002 34668.000000
39.926780 116.326888 34671.000000
39.926763 116.326783 34674.000000
39.926732 116.326688 34677.000000
39.926685 116.326603 34680.000000
39.926683 116.326485 34683.000000
39.926762 116.326375 34685.000000
39.926843 116.326282 34687.000000
39.926867 116.326137 34690.000000
39.926877 116.326032 34694.000000
39.926878 116.325922 34697.000000
39.926878 116.325815 34700.000000
39.926848 116.325692 34702.000000
39.926782 116.325618 34704.000000
39.926737 116.325498 34707.000000
39.926708 116.325385 34710.000000
39.926730 116.325282 34712.000000
39.926762 116.325155 34715.000000
39.926787 116.325030 34718.000000
39.926788 116.324940 34720.000000
39.926795 116.324827 34723.000000
39.926777 116.324700 34726.000000
39.926853 116.324577 34728.000000
39.926898 116.324458 34730.000000
39.926923 116.324347 34733.000000
39.926938 116.324237 34735.000000
39.926948 116.324135 34737.000000
39.926948 116.324040 34739.000000
39.926892 116.323928 34742.000000
39.926865 116.323842 34744.000000
39.926845 116.323753 34746.000000
39.926833 116.323642 34748.000000
39.926812 116.323522 34751.000000
39.926787 116.323418 34754.000000
39.926772 116.323302 34757.000000
39.926767 116.323210 34759.000000
39.926767 116.323088 34762.000000
39.926770 116.322997 34764.000000
39.926775 116.322865 34767.000000
39.926797 116.322765 34769.000000
39.926805 116.322670 34771.000000
39.926823 116.322570 34773.000000
39.926833 116.322438 34776.000000
39.926843 116.322335 34778.000000
39.926857 116.322215 34781.000000
39.926885 116.322112 34784.000000
39.926893 116.322007 34786.000000
39.926927 116.321878 34788.000000
39.926953 116.321748 34790.000000
39.926957 116.321653 34792.000000
39.926965 116.321525 34795.000000
39.926940 116.321422 34798.000000
39.926930 116.321332 34801.000000
39.926943 116.321242 34803.000000
39.926902 116.321140 34806.000000
39.926862 116.321050 34809.000000
39.926828 116.320933 34812.000000
39.926837 116.320832 34815.000000
39.926840 116.320692 34818.000000
39.926828 116.320600 34820.000000
39.926822 116.320493 34823.000000
39.926822 116.320382 34826.000000
39.926862 116.320295 34828.000000
39.926902 116.320185 34831.000000
39.926952 116.320110 34880.000000
39.926957 116.320002 34884.000000
39.926933 116.319888 34889.000000
39.926935 116.319798 34892.000000
39.926925 116.319685 34895.000000
39.926882 116.319583 34898.000000
39.926863 116.319475 34901.000000
39.926852 116.319362 34904.000000
39.926838 116.319252 34907.000000
39.926833 116.319147 34910.000000
39.926820 116.319030 34913.000000
39.926762 116.318923 34917.000000
39.926690 116.318838 34921.000000
39.926657 116.318738 34925.000000
39.926695 116.318632 34928.000000
39.926778 116.318520 34930.000000
39.926835 116.318448 34931.000000
39.926840 116.318355 34933.000000
39.926823 116.318247 34935.000000
39.926848 116.318122 34938.000000
39.926870 116.318023 34940.000000
39.926862 116.317912 34943.000000
39.926848 116.317802 34948.000000
39.926825 116.317688 34952.000000
39.926805 116.317585 34954.000000
39.926785 116.317475 34956.000000
39.926778 116.317378 34958.000000
39.926790 116.317277 34960.000000
39.926813 116.317183 34962.000000
39.926850 116.317092 34964.000000
39.926925 116.317012 34966.000000
39.926970 116.316932 34969.000000
39.926935 116.316845 34974.000000
39.926850 116.316808 34979.000000
39.926827 116.316695 34986.000000
39.926800 116.316555 34989.000000
39.926800 116.316445 34994.000000
39.926842 116.316358 34998.000000
39.926820 116.316243 35002.000000
39.926808 116.316113 35005.000000
39.926780 116.316010 35007.000000
39.926812 116.315923 35009.000000
39.926828 116.315797 35012.000000
39.926855 116.315693 35014.000000
39.926922 116.315565 35017.000000
39.926957 116.315480 35018.000000
39.926987 116.315372 35020.000000
39.926952 116.315280 35022.000000
39.926918 116.315165 35025.000000
39.926885 116.315063 35028.000000
39.926840 116.314952 35031.000000
39.926757 116.314880 35034.000000
39.926727 116.314752 35036.000000
39.926697 116.314638 35038.000000
39.926745 116.314527 35039.000000
39.926793 116.314445 35040.000000
39.926847 116.314318 35042.000000
39.926878 116.314222 35044.000000
39.926967 116.314128 35047.000000
39.927043 116.314065 35050.000000
39.927043 116.313972 35056.000000
39.927015 116.313845 35059.000000
39.926997 116.313738 35062.000000
39.926978 116.313610 35065.000000
39.926897 116.313523 35068.000000
39.926850 116.313392 35070.000000
39.926913 116.313208 35072.000000
39.926852 116.313102 35074.000000
39.926812 116.313012 35076.000000
39.926815 116.312917 35078.000000
39.926845 116.312755 35081.000000
39.926892 116.312657 35082.000000
39.926907 116.312548 35085.000000
39.926935 116.312453 35088.000000
39.926945 116.312335 35091.000000
39.926965 116.312245 35093.000000
39.926948 116.312147 35096.000000
39.926912 116.312040 35099.000000
39.926897 116.311935 35102.000000
39.926890 116.311807 35105.000000
39.926858 116.311700 35108.000000
39.926855 116.311592 35111.000000
39.926840 116.311478 35113.000000
39.926815 116.311355 35115.000000
39.926820 116.311215 35117.000000
39.926865 116.311057 35119.000000
39.926887 116.310947 35121.000000
39.926917 116.310840 35123.000000
39.926923 116.310743 35125.000000
39.926892 116.310615 35128.000000
39.926805 116.310518 35131.000000
39.926723 116.310450 35134.000000
39.926607 116.310442 35138.000000
39.926503 116.310423 35141.000000
39.926410 116.310442 35143.000000
39.926310 116.310458 35146.000000
39.926207 116.310457 35149.000000
39.926078 116.310483 35153.000000
39.925980 116.310487 35156.000000
39.925875 116.310497 35158.000000
39.925743 116.310538 35161.000000
39.925645 116.310540 35164.000000
39.925555 116.310532 35167.000000
39.925450 116.310505 35170.000000
39.925333 116.310512 35173.000000
39.925245 116.310548 35175.000000
39.925150 116.310543 35178.000000
39.925040 116.310503 35182.000000
39.924927 116.310445 35186.000000
39.924815 116.310415 35190.000000
39.924715 116.310437 35193.000000
39.924623 116.310437 35196.000000
39.924537 116.310470 35199.000000
39.924443 116.310478 35202.000000
39.924338 116.310460 35206.000000
39.924230 116.310457 35211.000000
39.924123 116.310455 35216.000000
39.924075 116.310533 35221.000000
39.924067 116.310387 35234.000000
39.924055 116.310265 35236.000000
39.924065 116.310125 35238.000000
39.924087 116.310025 35240.000000
39.924150 116.309863 35242.000000
39.924148 116.309728 35244.000000
39.924212 116.309573 35246.000000
39.924238 116.309473 35248.000000
39.924225 116.309358 35250.000000
39.924123 116.309325 35252.000000
39.924013 116.309242 35255.000000
39.923903 116.309198 35258.000000
39.923808 116.309142 35261.000000
39.923710 116.309063 35264.000000
39.923622 116.308980 35267.000000
39.923570 116.308873 35270.000000
39.923565 116.308767 35272.000000
39.923540 116.308648 35275.000000
39.923543 116.308553 35277.000000
39.923577 116.308438 35279.000000
39.923588 116.308313 35282.000000
39.923580 116.308212 35285.000000
39.923573 116.308122 35288.000000
39.923473 116.308135 35291.000000
39.923358 116.308122 35295.000000
39.923263 116.308103 35298.000000
39.923173 116.308083 35302.000000
39.923065 116.308072 35308.000000
39.922975 116.308060 35374.000000
39.922882 116.308095 35380.000000
39.922780 116.308068 35386.000000
39.922768 116.307973 35391.000000
39.922835 116.307910 35396.000000
39.922917 116.307867 35403.000000
39.923058 116.307857 35419.000000
