39.981768 116.304515 19650.000000
39.981765 116.304530 19651.000000
39.981732 116.304633 19656.000000
39.981677 116.304712 19661.000000
39.981603 116.304765 19667.000000
39.981510 116.304787 19675.000000
39.981417 116.304788 19685.000000
39.981318 116.304797 19693.000000
39.981212 116.304798 19701.000000
39.981115 116.304782 19709.000000
39.981025 116.304767 19716.000000
39.980962 116.304687 19724.000000
39.980972 116.304592 19729.000000
39.981017 116.304483 19734.000000
39.981043 116.304382 19740.000000
39.981068 116.304293 19754.000000
39.981072 116.304202 19761.000000
39.981080 116.304108 19767.000000
39.981083 116.304012 19773.000000
39.981075 116.303922 19778.000000
39.981070 116.303823 19787.000000
39.981078 116.303723 19793.000000
39.981082 116.303625 19798.000000
39.981087 116.303513 19802.000000
39.981087 116.303415 19806.000000
39.981063 116.303325 19812.000000
39.981035 116.303227 19818.000000
39.980942 116.303242 19831.000000
39.980842 116.303232 19836.000000
39.980737 116.303248 19842.000000
39.980642 116.303247 19846.000000
39.980542 116.303268 19852.000000
39.980445 116.303287 19857.000000
39.980355 116.303257 19866.000000
39.980262 116.303260 19880.000000
39.980207 116.303357 19890.000000
39.980115 116.303477 19895.000000
39.980050 116.303545 19899.000000
39.979948 116.303543 19910.000000
39.979860 116.303492 19920.000000
39.979772 116.303463 19926.000000
39.979670 116.303427 19930.000000
39.979705 116.303540 19935.000000
39.979610 116.303563 19941.000000
39.979530 116.303515 19945.000000
39.979428 116.303498 19949.000000
39.979338 116.303460 19953.000000
39.979238 116.303405 19959.000000
39.979055 116.303498 19962.000000
39.978960 116.303530 19966.000000
39.978862 116.303592 19969.000000
39.978778 116.303657 19972.000000
39.978795 116.303528 19985.000000
39.978892 116.303480 19991.000000
39.978917 116.303380 19994.000000
39.978927 116.303283 19998.000000
39.978903 116.303173 20004.000000
39.978887 116.303083 20007.000000
39.978903 116.302990 20011.000000
39.978867 116.302888 20014.000000
39.978935 116.302823 20019.000000
39.978932 116.302723 20024.000000
39.978918 116.302625 20028.000000
39.978942 116.302528 20032.000000
39.978965 116.302433 20038.000000
39.979062 116.302413 20051.000000
39.979167 116.302388 20055.000000
39.979257 116.302370 20061.000000
39.979328 116.302312 20068.000000
39.979352 116.302110 20080.000000
39.979347 116.301990 20084.000000
39.979283 116.301913 20090.000000
39.979243 116.301828 20092.000000
39.979188 116.301718 20094.000000
39.979122 116.301617 20096.000000
39.979208 116.301582 20110.000000
39.979302 116.301612 20131.000000
