39.981688 116.321214 39357.000000
39.981997 116.321249 39362.000000
39.982334 116.321258 39367.000000
39.982674 116.321229 39372.000000
39.982964 116.321228 39377.000000
39.983184 116.321220 39382.000000
39.983361 116.321216 39387.000000
39.983456 116.321185 39392.000000
39.983545 116.321162 39397.000000
39.983743 116.321169 39402.000000
39.983986 116.321165 39407.000000
39.984161 116.321245 39412.000000
39.984219 116.321544 39417.000000
39.984257 116.321974 39422.000000
39.984295 116.322461 39427.000000
39.984321 116.322957 39432.000000
39.984325 116.323464 39437.000000
39.984352 116.323971 39442.000000
39.984362 116.324474 39447.000000
39.984385 116.324984 39452.000000
39.984405 116.325483 39457.000000
39.984421 116.325967 39462.000000
39.984455 116.326422 39467.000000
39.984465 116.326770 39472.000000
39.984633 116.326988 39477.000000
39.984893 116.327109 39482.000000
39.985094 116.327161 39487.000000
39.985276 116.327156 39492.000000
39.985570 116.327144 39497.000000
39.985886 116.327135 39502.000000
39.986179 116.327041 39507.000000
39.986516 116.327000 39512.000000
39.986822 116.327041 39517.000000
39.987075 116.327053 39522.000000
39.987372 116.327044 39527.000000
39.987713 116.327046 39532.000000
39.988037 116.327033 39537.000000
39.988383 116.327001 39542.000000
39.988744 116.326983 39547.000000
39.989064 116.326968 39552.000000
39.989370 116.326959 39557.000000
39.989671 116.326961 39562.000000
39.989986 116.326927 39567.000000
39.990198 116.326961 39572.000000
39.990228 116.327112 39577.000000
39.990202 116.327435 39582.000000
39.990209 116.327815 39587.000000
39.990233 116.328129 39592.000000
39.990357 116.328298 39597.000000
39.990557 116.328313 39602.000000
39.990619 116.328292 39607.000000
39.990665 116.328324 39612.000000
39.990681 116.328409 39617.000000
39.990718 116.328633 39622.000000
39.990711 116.328872 39627.000000
39.990689 116.329219 39632.000000
39.990646 116.329552 39637.000000
39.990630 116.329890 39642.000000
39.990494 116.330062 39647.000000
39.990535 116.330164 39652.000000
39.990535 116.330164 39655.000000
39.990541 116.330171 39657.000000
39.990521 116.330155 39662.000000
39.990520 116.330145 39667.000000
39.990518 116.330138 39672.000000
39.990518 116.330138 39675.000000
39.990515 116.330135 39677.000000
39.990504 116.330133 39682.000000
39.990504 116.330133 39685.000000
39.990501 116.330139 39687.000000
39.990500 116.330155 39692.000000
39.990501 116.330177 39697.000000
39.990502 116.330193 39702.000000
39.990502 116.330204 39707.000000
39.990502 116.330212 39712.000000
39.990502 116.330215 39717.000000
39.990503 116.330213 39722.000000
39.990504 116.330210 39727.000000
39.990505 116.330204 39732.000000
39.990506 116.330202 39737.000000
39.990507 116.330198 39742.000000
39.990508 116.330201 39747.000000
39.990509 116.330201 39752.000000
39.990510 116.330198 39757.000000
39.990510 116.330198 39760.000000
39.990510 116.330194 39762.000000
39.990509 116.330184 39767.000000
39.990508 116.330173 39772.000000
39.990508 116.330161 39777.000000
39.990507 116.330152 39782.000000
39.990507 116.330152 39785.000000
39.990507 116.330144 39787.000000
39.990506 116.330135 39792.000000
39.990505 116.330125 39797.000000
39.990504 116.330113 39802.000000
39.990503 116.330104 39807.000000
39.990502 116.330101 39812.000000
39.990502 116.330108 39817.000000
39.990501 116.330109 39822.000000
39.990500 116.330111 39827.000000
39.990500 116.330116 39832.000000
39.990500 116.330119 39837.000000
39.990501 116.330118 39842.000000
39.990502 116.330121 39847.000000
39.990503 116.330123 39852.000000
39.990504 116.330123 39857.000000
39.990504 116.330123 39862.000000
39.990505 116.330123 39867.000000
39.990505 116.330123 39872.000000
39.990506 116.330123 39877.000000
39.990506 116.330123 39882.000000
39.990506 116.330124 39887.000000
39.990507 116.330125 39892.000000
39.990507 116.330126 39897.000000
39.990507 116.330126 39902.000000
39.990507 116.330126 39907.000000
39.990506 116.330126 39912.000000
39.990506 116.330126 39917.000000
39.990506 116.330125 39922.000000
39.990506 116.330125 39927.000000
39.990506 116.330124 39932.000000
39.990505 116.330124 39937.000000
39.990505 116.330124 39942.000000
39.990505 116.330124 39947.000000
39.990505 116.330125 39952.000000
39.990505 116.330125 39957.000000
39.990505 116.330126 39962.000000
39.990505 116.330126 39967.000000
39.990504 116.330127 39972.000000
39.990504 116.330128 39977.000000
39.990504 116.330129 39982.000000
39.990504 116.330130 39987.000000
39.990503 116.330130 39992.000000
39.990503 116.330130 39997.000000
39.990502 116.330130 40002.000000
39.990502 116.330130 40005.000000
39.990494 116.330132 40007.000000
39.990324 116.330135 40012.000000
39.990311 116.330129 40017.000000
39.990303 116.330130 40022.000000
39.990303 116.330130 40025.000000
39.990296 116.330131 40027.000000
39.990287 116.330110 40032.000000
39.990284 116.330098 40037.000000
39.990285 116.330090 40042.000000
39.990285 116.330088 40047.000000
39.990286 116.330086 40052.000000
39.990286 116.330086 40055.000000
39.990286 116.330083 40057.000000
39.990286 116.330093 40062.000000
39.990286 116.330097 40067.000000
39.990286 116.330104 40072.000000
39.990286 116.330104 40075.000000
39.990287 116.330109 40077.000000
39.990287 116.330120 40082.000000
39.990288 116.330127 40087.000000
39.990288 116.330131 40092.000000
39.990289 116.330137 40097.000000
39.990290 116.330143 40102.000000
39.990290 116.330151 40107.000000
39.990290 116.330151 40110.000000
39.990291 116.330157 40112.000000
39.990292 116.330167 40117.000000
39.990293 116.330178 40122.000000
39.990294 116.330183 40127.000000
39.990294 116.330184 40132.000000
39.990295 116.330183 40137.000000
39.990295 116.330184 40142.000000
39.990296 116.330184 40147.000000
39.990296 116.330184 40152.000000
39.990297 116.330184 40157.000000
39.990297 116.330184 40162.000000
39.990298 116.330183 40167.000000
39.990298 116.330182 40172.000000
39.990299 116.330182 40177.000000
39.990299 116.330181 40182.000000
39.990300 116.330180 40187.000000
39.990300 116.330180 40192.000000
39.990300 116.330180 40197.000000
39.990300 116.330180 40202.000000
39.990299 116.330180 40207.000000
39.990299 116.330180 40212.000000
39.990299 116.330180 40217.000000
39.990300 116.330180 40222.000000
39.990301 116.330179 40227.000000
39.990302 116.330179 40232.000000
39.990302 116.330179 40237.000000
39.990302 116.330178 40242.000000
39.990300 116.330178 40247.000000
39.990299 116.330175 40252.000000
39.990298 116.330176 40257.000000
39.990293 116.330176 40262.000000
39.990290 116.330178 40267.000000
39.990289 116.330175 40272.000000
39.990283 116.330177 40277.000000
39.990278 116.330180 40282.000000
39.990272 116.330184 40287.000000
39.990266 116.330185 40292.000000
39.990258 116.330182 40297.000000
39.990250 116.330179 40302.000000
39.990246 116.330176 40307.000000
39.990246 116.330173 40312.000000
39.990247 116.330165 40317.000000
39.990247 116.330157 40322.000000
39.990247 116.330154 40327.000000
39.990248 116.330153 40332.000000
39.990249 116.330152 40337.000000
39.990249 116.330151 40342.000000
39.990250 116.330151 40347.000000
39.990250 116.330150 40352.000000
39.990251 116.330150 40357.000000
39.990251 116.330149 40362.000000
39.990251 116.330149 40367.000000
