39.973465 116.342688 8873.000000
39.973425 116.342562 8878.000000
39.973357 116.342530 8883.000000
39.973345 116.342534 8888.000000
39.973322 116.342521 8893.000000
39.973309 116.342507 8898.000000
39.973349 116.342376 8903.000000
39.973348 116.342276 8908.000000
39.973405 116.342173 8913.000000
39.973594 116.342162 8918.000000
39.973789 116.342161 8923.000000
39.974008 116.342218 8928.000000
39.974296 116.342139 8933.000000
39.974530 116.342148 8938.000000
39.974706 116.342149 8943.000000
39.974886 116.342113 8948.000000
39.974977 116.342038 8953.000000
39.974871 116.341902 8958.000000
39.974855 116.341668 8963.000000
39.974791 116.341354 8968.000000
39.974660 116.341023 8973.000000
39.974665 116.340730 8978.000000
39.974648 116.340556 8983.000000
39.974693 116.340350 8988.000000
39.974767 116.340116 8993.000000
39.974781 116.339855 8998.000000
39.974769 116.339601 9003.000000
39.974814 116.339362 9008.000000
39.975055 116.339051 9013.000000
39.975106 116.338638 9018.000000
39.975101 116.338411 9023.000000
39.975175 116.338073 9028.000000
39.975137 116.337728 9033.000000
39.975273 116.337359 9038.000000
39.975458 116.337105 9043.000000
39.975531 116.336825 9048.000000
39.975520 116.336488 9053.000000
39.975407 116.336108 9058.000000
39.975356 116.335737 9063.000000
39.975295 116.335457 9068.000000
39.975265 116.335168 9073.000000
39.975250 116.334917 9078.000000
39.975251 116.334695 9083.000000
39.975232 116.334484 9088.000000
39.975227 116.334255 9093.000000
39.975110 116.333931 9098.000000
39.975149 116.333344 9103.000000
39.975207 116.332877 9108.000000
39.975242 116.332415 9113.000000
39.975266 116.331948 9118.000000
39.975263 116.331485 9123.000000
39.975260 116.331060 9128.000000
39.975277 116.330670 9133.000000
39.975252 116.330326 9138.000000
39.975308 116.330025 9143.000000
39.975402 116.329811 9148.000000
39.975481 116.329566 9153.000000
39.975524 116.329249 9158.000000
39.975502 116.328924 9163.000000
39.975473 116.328598 9168.000000
39.975483 116.328203 9173.000000
39.975447 116.327866 9178.000000
39.975483 116.327684 9183.000000
39.975661 116.327710 9188.000000
39.975879 116.327716 9193.000000
39.976209 116.327692 9198.000000
39.976620 116.327600 9203.000000
39.976878 116.327629 9208.000000
39.977190 116.327572 9213.000000
39.977533 116.327561 9218.000000
39.977898 116.327524 9223.000000
39.978262 116.327493 9228.000000
39.978532 116.327503 9233.000000
39.978801 116.327474 9238.000000
39.979040 116.327495 9243.000000
39.979285 116.327495 9248.000000
39.979599 116.327439 9253.000000
39.979847 116.327421 9258.000000
39.979959 116.327268 9263.000000
39.979934 116.326963 9268.000000
39.979931 116.326593 9273.000000
39.979907 116.326145 9278.000000
39.979883 116.325746 9283.000000
39.979809 116.325332 9288.000000
39.979759 116.324904 9293.000000
39.979750 116.324503 9298.000000
39.979730 116.324066 9303.000000
39.979728 116.323648 9308.000000
39.979746 116.323227 9313.000000
39.979724 116.322800 9318.000000
39.979720 116.322376 9323.000000
39.979714 116.321983 9328.000000
39.979696 116.321667 9333.000000
39.979669 116.321511 9338.000000
39.979723 116.321450 9343.000000
39.980029 116.321415 9348.000000
39.980360 116.321388 9353.000000
39.980780 116.321316 9358.000000
39.981052 116.321247 9363.000000
39.981303 116.321179 9368.000000
39.981524 116.321124 9373.000000
39.981669 116.321115 9378.000000
39.981677 116.321100 9383.000000
39.981690 116.321097 9388.000000
39.981693 116.321096 9393.000000
39.981694 116.321096 9398.000000
39.981697 116.321096 9403.000000
39.981699 116.321097 9408.000000
39.981694 116.321097 9413.000000
39.981686 116.321098 9418.000000
39.981683 116.321100 9423.000000
39.981681 116.321101 9428.000000
39.981680 116.321101 9433.000000
39.981679 116.321101 9438.000000
39.981676 116.321101 9443.000000
39.981674 116.321101 9448.000000
39.981671 116.321101 9453.000000
39.981667 116.321101 9458.000000
39.981667 116.321103 9463.000000
39.981669 116.321104 9468.000000
39.981671 116.321104 9473.000000
39.981671 116.321105 9478.000000
39.981670 116.321105 9483.000000
39.981670 116.321106 9488.000000
39.981670 116.321106 9493.000000
39.981671 116.321106 9498.000000
39.981671 116.321106 9503.000000
39.981671 116.321106 9508.000000
39.981673 116.321107 9513.000000
39.981673 116.321107 9518.000000
39.981674 116.321107 9523.000000
39.981674 116.321107 9528.000000
39.981673 116.321108 9533.000000
39.981673 116.321108 9538.000000
39.981672 116.321108 9543.000000
39.981672 116.321108 9548.000000
39.981672 116.321108 9553.000000
39.981671 116.321108 9558.000000
39.981670 116.321108 9563.000000
39.981670 116.321108 9568.000000
39.981670 116.321108 9573.000000
39.981671 116.321109 9578.000000
39.981671 116.321109 9583.000000
39.981672 116.321109 9588.000000
39.981672 116.321109 9593.000000
39.981672 116.321109 9598.000000
39.981672 116.321109 9603.000000
39.981672 116.321109 9608.000000
39.981671 116.321109 9613.000000
39.981670 116.321109 9618.000000
39.981670 116.321109 9623.000000
39.981671 116.321109 9628.000000
39.981671 116.321109 9633.000000
39.981672 116.321109 9638.000000
39.981673 116.321109 9643.000000
39.981673 116.321110 9648.000000
39.981673 116.321110 9653.000000
39.981673 116.321110 9658.000000
39.981673 116.321110 9663.000000
39.981673 116.321110 9668.000000
39.981673 116.321111 9673.000000
39.981673 116.321111 9678.000000
39.981673 116.321111 9683.000000
39.981674 116.321112 9688.000000
39.981675 116.321112 9693.000000
39.981675 116.321112 9698.000000
39.981675 116.321112 9703.000000
39.981675 116.321113 9708.000000
39.981674 116.321113 9713.000000
39.981674 116.321113 9718.000000
39.981674 116.321113 9723.000000
39.981675 116.321113 9728.000000
39.981675 116.321113 9733.000000
39.981674 116.321113 9738.000000
39.981674 116.321113 9743.000000
39.981674 116.321113 9748.000000
39.981674 116.321112 9753.000000
39.981675 116.321112 9758.000000
39.981675 116.321111 9763.000000
39.981672 116.321110 9768.000000
39.981671 116.321109 9773.000000
39.981673 116.321108 9778.000000
39.981674 116.321107 9783.000000
39.981675 116.321107 9788.000000
39.981674 116.321106 9793.000000
39.981673 116.321106 9798.000000
39.981673 116.321105 9803.000000
39.981672 116.321104 9808.000000
39.981671 116.321104 9813.000000
39.981671 116.321103 9818.000000
39.981671 116.321103 9823.000000
39.981672 116.321103 9828.000000
39.981671 116.321103 9833.000000
39.981670 116.321104 9838.000000
39.981669 116.321103 9843.000000
39.981668 116.321103 9848.000000
39.981667 116.321103 9853.000000
39.981666 116.321102 9858.000000
39.981663 116.321102 9863.000000
39.981659 116.321104 9868.000000
39.981659 116.321105 9873.000000
39.981660 116.321106 9878.000000
39.981661 116.321105 9883.000000
39.981661 116.321105 9886.000000
39.981661 116.321105 9888.000000
39.981643 116.321101 9893.000000
39.981635 116.321100 9898.000000
39.981634 116.321098 9903.000000
39.981630 116.321096 9908.000000
39.981627 116.321095 9913.000000
39.981626 116.321094 9918.000000
39.981626 116.321093 9923.000000
39.981626 116.321093 9928.000000
39.981625 116.321092 9933.000000
39.981622 116.321093 9938.000000
39.981622 116.321093 9941.000000
39.981614 116.321091 9943.000000
39.981602 116.321090 9948.000000
39.981587 116.321088 9953.000000
39.981580 116.321086 9958.000000
39.981578 116.321083 9963.000000
39.981577 116.321083 9968.000000
39.981578 116.321083 9973.000000
39.981580 116.321083 9978.000000
39.981583 116.321083 9983.000000
39.981587 116.321083 9988.000000
39.981590 116.321083 9993.000000
39.981593 116.321082 9998.000000
39.981596 116.321081 10003.000000
39.981598 116.321080 10008.000000
39.981597 116.321079 10013.000000
39.981596 116.321079 10018.000000
39.981595 116.321079 10023.000000
39.981595 116.321079 10028.000000
39.981595 116.321079 10033.000000
39.981595 116.321080 10038.000000
39.981594 116.321079 10043.000000
39.981594 116.321079 10048.000000
39.981595 116.321080 10053.000000
39.981595 116.321079 10058.000000
39.981594 116.321079 10063.000000
39.981594 116.321079 10068.000000
39.981593 116.321078 10073.000000
39.981593 116.321078 10078.000000
39.981593 116.321078 10083.000000
39.981593 116.321078 10088.000000
39.981594 116.321078 10093.000000
39.981594 116.321078 10096.000000
39.981594 116.321078 10098.000000
39.981589 116.321087 10103.000000
39.981479 116.321124 10108.000000
39.981291 116.321155 10113.000000
39.981063 116.321179 10118.000000
39.980835 116.321220 10123.000000
39.980609 116.321212 10128.000000
39.980334 116.321242 10133.000000
39.980060 116.321272 10138.000000
39.979859 116.321283 10143.000000
39.979710 116.321225 10148.000000
39.979702 116.320983 10153.000000
39.979693 116.320648 10158.000000
39.979702 116.320347 10163.000000
39.979684 116.320151 10168.000000
39.979653 116.319985 10173.000000
39.979660 116.319762 10178.000000
39.979625 116.319469 10183.000000
39.979669 116.319181 10188.000000
39.979718 116.319000 10193.000000
39.979708 116.318933 10198.000000
39.979708 116.318932 10203.000000
39.979709 116.318932 10208.000000
39.979709 116.318932 10211.000000
39.979709 116.318932 10213.000000
39.979718 116.318908 10218.000000
39.979809 116.318724 10223.000000
39.979861 116.318355 10228.000000
39.979844 116.317990 10233.000000
39.979842 116.317576 10238.000000
39.979816 116.317197 10243.000000
39.979770 116.316821 10248.000000
39.979770 116.316448 10253.000000
39.979732 116.316075 10258.000000
39.979681 116.315677 10263.000000
39.979678 116.315257 10268.000000
39.979576 116.314823 10273.000000
39.979562 116.314386 10278.000000
39.979633 116.314046 10283.000000
39.979593 116.313732 10288.000000
39.979619 116.313420 10293.000000
39.979692 116.313142 10298.000000
39.979749 116.312927 10303.000000
39.979844 116.312787 10308.000000
39.979958 116.312648 10313.000000
39.980081 116.312527 10318.000000
39.980132 116.312319 10323.000000
39.980225 116.312073 10328.000000
39.980245 116.311919 10333.000000
39.980218 116.311655 10338.000000
39.980000 116.311418 10343.000000
39.979755 116.311249 10348.000000
39.979735 116.310965 10353.000000
39.979647 116.310556 10358.000000
39.979457 116.310340 10363.000000
39.979350 116.310141 10368.000000
39.979363 116.310003 10373.000000
39.979460 116.309743 10378.000000
39.979553 116.309432 10383.000000
39.979584 116.309070 10388.000000
39.979608 116.308769 10393.000000
39.979696 116.308438 10398.000000
39.979913 116.308069 10403.000000
39.980013 116.307785 10408.000000
39.979928 116.307814 10413.000000
39.979753 116.307447 10418.000000
39.979800 116.307500 10423.000000
39.979470 116.307048 10428.000000
39.979389 116.306727 10433.000000
39.979307 116.306372 10438.000000
39.979214 116.305940 10443.000000
39.979217 116.305396 10448.000000
39.979122 116.305033 10453.000000
39.979112 116.304902 10458.000000
39.979121 116.304891 10463.000000
39.979121 116.304891 10466.000000
39.979121 116.304888 10468.000000
39.979094 116.304650 10473.000000
39.979141 116.304307 10478.000000
39.979176 116.303932 10483.000000
39.979256 116.303600 10488.000000
39.979115 116.303408 10493.000000
39.979026 116.303087 10498.000000
39.978915 116.302541 10503.000000
39.978804 116.302175 10508.000000
39.978605 116.302067 10513.000000
39.978379 116.302046 10518.000000
39.978115 116.302114 10523.000000
39.978019 116.302102 10528.000000
39.978099 116.301872 10533.000000
39.978166 116.301561 10538.000000
39.978290 116.301282 10543.000000
39.978102 116.300914 10548.000000
39.977720 116.300754 10553.000000
39.977721 116.300684 10558.000000
39.977720 116.300647 10563.000000
39.977719 116.300645 10568.000000
39.977718 116.300643 10573.000000
39.977718 116.300643 10578.000000
39.977718 116.300642 10583.000000
39.977718 116.300642 10588.000000
39.977719 116.300641 10593.000000
39.977719 116.300640 10598.000000
39.977719 116.300640 10603.000000
39.977719 116.300638 10608.000000
39.977719 116.300637 10613.000000
39.977719 116.300637 10618.000000
