39.977595 116.337553 17795.000000
39.977619 116.337712 17800.000000
39.977619 116.337817 17835.000000
39.977619 116.337817 17838.000000
39.977617 116.337818 17840.000000
39.977773 116.337711 17845.000000
39.978205 116.337315 17850.000000
39.978245 116.335690 17900.000000
39.977496 116.338138 17905.000000
39.977478 116.338149 17910.000000
39.977419 116.338570 17915.000000
39.977300 116.339722 17920.000000
39.977273 116.340070 17925.000000
39.977316 116.339890 17930.000000
39.977304 116.339807 17935.000000
