39.986845 116.319369 30450.000000
39.986875 116.319369 30455.000000
39.986909 116.319377 30460.000000
39.986918 116.319360 30465.000000
39.986918 116.319360 30468.000000
39.986921 116.319352 30470.000000
39.986919 116.319342 30475.000000
39.986917 116.319335 30480.000000
39.986918 116.319334 30485.000000
39.986917 116.319336 30490.000000
39.986917 116.319336 30493.000000
39.986910 116.319341 30495.000000
39.986910 116.319355 30500.000000
39.986917 116.319367 30505.000000
39.986917 116.319367 30508.000000
39.986919 116.319364 30510.000000
39.986888 116.319373 30515.000000
39.986882 116.319361 30520.000000
39.986846 116.319385 30525.000000
39.986829 116.319402 30530.000000
39.986837 116.319411 30535.000000
39.986872 116.319384 30540.000000
39.986859 116.319382 30545.000000
39.986820 116.319384 30550.000000
39.986849 116.319356 30555.000000
39.986881 116.319359 30560.000000
39.986905 116.319336 30565.000000
39.986913 116.319326 30570.000000
39.986928 116.319352 30575.000000
39.986955 116.319346 30580.000000
39.986964 116.319369 30585.000000
39.986961 116.319341 30590.000000
39.986941 116.319334 30595.000000
39.986908 116.319358 30600.000000
39.986923 116.319364 30605.000000
39.986897 116.319382 30610.000000
39.986897 116.319382 30613.000000
39.986893 116.319376 30615.000000
39.986881 116.319356 30620.000000
39.986854 116.319337 30625.000000
39.986836 116.319331 30630.000000
39.986836 116.319331 30633.000000
39.986834 116.319324 30635.000000
39.986880 116.319302 30640.000000
39.986868 116.319304 30645.000000
39.986868 116.319304 30648.000000
39.986871 116.319311 30650.000000
39.986865 116.319335 30655.000000
39.986867 116.319353 30660.000000
39.986862 116.319370 30665.000000
39.986816 116.319379 30670.000000
39.986818 116.319366 30675.000000
39.986815 116.319357 30680.000000
39.986843 116.319336 30685.000000
39.986864 116.319308 30690.000000
39.986924 116.319287 30695.000000
39.986992 116.319269 30700.000000
39.987034 116.319261 30705.000000
39.987034 116.319261 30708.000000
39.987031 116.319261 30710.000000
39.987022 116.319259 30715.000000
39.986994 116.319270 30720.000000
39.986971 116.319279 30725.000000
39.986962 116.319277 30730.000000
39.986960 116.319281 30735.000000
39.986960 116.319281 30738.000000
39.986954 116.319288 30740.000000
39.986943 116.319299 30745.000000
39.986909 116.319334 30750.000000
39.986889 116.319329 30755.000000
39.986837 116.319355 30760.000000
39.986699 116.319363 30765.000000
39.986713 116.319345 30770.000000
39.986702 116.319341 30775.000000
39.986680 116.319367 30780.000000
39.986663 116.319368 30785.000000
39.986621 116.319395 30790.000000
39.986558 116.319411 30795.000000
39.986509 116.319415 30800.000000
39.986466 116.319411 30805.000000
39.986466 116.319411 30808.000000
39.986473 116.319405 30810.000000
39.986519 116.319372 30815.000000
39.986505 116.319355 30820.000000
39.986456 116.319375 30825.000000
39.986421 116.319425 30830.000000
39.986403 116.319446 30835.000000
39.986403 116.319446 30838.000000
39.986398 116.319448 30840.000000
39.986233 116.319505 30845.000000
39.986216 116.319520 30850.000000
39.986135 116.319583 30855.000000
39.986233 116.319562 30860.000000
39.986203 116.319574 30865.000000
39.986281 116.319555 30870.000000
39.986344 116.319554 30875.000000
39.986397 116.319557 30880.000000
39.986437 116.319554 30885.000000
39.986473 116.319542 30890.000000
39.986461 116.319556 30895.000000
39.986460 116.319547 30900.000000
39.986460 116.319547 30903.000000
39.986454 116.319540 30905.000000
39.986440 116.319536 30910.000000
39.986405 116.319541 30915.000000
39.986366 116.319545 30920.000000
39.986331 116.319542 30925.000000
39.986305 116.319535 30930.000000
39.986298 116.319532 30935.000000
39.986298 116.319532 30938.000000
39.986306 116.319531 30940.000000
39.986315 116.319530 30945.000000
39.986298 116.319520 30950.000000
39.986296 116.319519 30955.000000
39.986296 116.319519 30958.000000
39.986297 116.319516 30960.000000
39.986286 116.319510 30965.000000
39.986271 116.319505 30970.000000
39.986255 116.319501 30975.000000
39.986279 116.319500 30980.000000
39.986305 116.319510 30985.000000
39.986306 116.319527 30990.000000
39.986308 116.319538 30995.000000
39.986245 116.319579 31000.000000
39.986230 116.319572 31005.000000
39.986234 116.319554 31010.000000
39.986234 116.319554 31013.000000
39.986233 116.319550 31015.000000
39.986266 116.319528 31020.000000
39.986301 116.319519 31025.000000
39.986367 116.319520 31030.000000
39.986382 116.319529 31035.000000
39.986420 116.319508 31040.000000
39.986447 116.319505 31045.000000
39.986479 116.319497 31050.000000
39.986479 116.319497 31053.000000
39.986480 116.319495 31055.000000
39.986489 116.319495 31060.000000
39.986495 116.319495 31065.000000
39.986493 116.319494 31070.000000
39.986493 116.319494 31073.000000
39.986485 116.319492 31075.000000
39.986473 116.319492 31080.000000
39.986453 116.319500 31085.000000
39.986453 116.319500 31088.000000
39.986449 116.319495 31090.000000
39.986457 116.319485 31095.000000
39.986487 116.319468 31100.000000
39.986497 116.319461 31105.000000
39.986528 116.319457 31110.000000
39.986551 116.319447 31115.000000
39.986596 116.319443 31120.000000
39.986637 116.319422 31125.000000
39.986691 116.319401 31130.000000
39.986726 116.319384 31135.000000
39.986726 116.319384 31138.000000
39.986732 116.319376 31140.000000
39.986779 116.319363 31145.000000
39.986792 116.319343 31150.000000
39.986806 116.319329 31155.000000
39.986857 116.319310 31160.000000
39.986867 116.319309 31165.000000
39.986867 116.319309 31168.000000
39.986873 116.319307 31170.000000
39.986882 116.319303 31175.000000
39.986912 116.319294 31180.000000
39.986984 116.319295 31185.000000
39.986984 116.319295 31188.000000
39.986977 116.319302 31190.000000
39.986939 116.319321 31195.000000
39.986900 116.319325 31200.000000
39.986876 116.319329 31205.000000
39.986866 116.319331 31210.000000
39.986889 116.319330 31215.000000
39.986889 116.319330 31218.000000
39.986896 116.319329 31220.000000
39.986914 116.319327 31225.000000
39.986943 116.319320 31230.000000
39.986987 116.319320 31235.000000
39.987011 116.319309 31240.000000
39.987179 116.319243 31245.000000
39.987371 116.319150 31250.000000
39.987240 116.319187 31255.000000
39.987144 116.319197 31260.000000
39.987032 116.319227 31265.000000
39.986985 116.319246 31270.000000
39.986985 116.319246 31273.000000
39.986980 116.319250 31275.000000
39.986969 116.319268 31280.000000
39.986947 116.319277 31285.000000
39.986919 116.319290 31290.000000
39.986906 116.319294 31295.000000
39.986882 116.319309 31300.000000
39.986857 116.319321 31305.000000
39.986857 116.319321 31308.000000
39.986859 116.319322 31310.000000
39.986846 116.319327 31315.000000
39.986860 116.319322 31320.000000
39.986860 116.319322 31323.000000
39.986855 116.319330 31325.000000
39.986844 116.319332 31330.000000
39.986827 116.319337 31335.000000
39.986827 116.319337 31338.000000
39.986827 116.319335 31340.000000
39.986816 116.319330 31345.000000
39.986816 116.319330 31348.000000
39.986814 116.319326 31350.000000
39.986824 116.319321 31355.000000
39.986896 116.319286 31360.000000
39.986929 116.319273 31365.000000
39.986916 116.319273 31370.000000
39.986865 116.319299 31375.000000
39.986821 116.319319 31380.000000
39.986787 116.319341 31385.000000
39.986747 116.319360 31390.000000
39.986722 116.319379 31395.000000
39.986737 116.319377 31400.000000
39.986737 116.319377 31403.000000
39.986743 116.319374 31405.000000
39.986789 116.319357 31410.000000
39.986834 116.319336 31415.000000
39.986868 116.319316 31420.000000
39.986883 116.319311 31425.000000
39.986874 116.319312 31430.000000
39.986874 116.319312 31433.000000
39.986870 116.319312 31435.000000
39.986981 116.319283 31440.000000
39.987024 116.319264 31445.000000
39.986959 116.319278 31450.000000
39.986959 116.319278 31453.000000
39.986959 116.319274 31455.000000
39.986914 116.319289 31460.000000
39.986875 116.319305 31465.000000
39.986853 116.319309 31470.000000
39.986828 116.319320 31475.000000
39.986764 116.319336 31480.000000
39.986764 116.319336 31483.000000
39.986762 116.319339 31485.000000
39.986730 116.319370 31490.000000
