39.859712 116.257638 2552.000000
39.859693 116.257732 2553.000000
39.859750 116.257640 2569.000000
39.859660 116.257713 2637.000000
39.859585 116.257772 2640.000000
39.859497 116.257803 2645.000000
39.859413 116.257852 2655.000000
39.859405 116.257950 2659.000000
39.859423 116.258065 2663.000000
39.859443 116.258175 2667.000000
39.859462 116.258273 2670.000000
39.859482 116.258387 2673.000000
39.859505 116.258513 2676.000000
39.859523 116.258612 2678.000000
39.859548 116.258738 2681.000000
39.859555 116.258847 2683.000000
39.859563 116.258958 2686.000000
39.859570 116.259052 2690.000000
39.859595 116.259155 2706.000000
39.859677 116.259218 2710.000000
39.859807 116.259217 2713.000000
39.859912 116.259178 2715.000000
39.860047 116.259137 2717.000000
39.860195 116.259097 2719.000000
39.860357 116.259057 2721.000000
39.860517 116.259025 2723.000000
39.860672 116.259008 2725.000000
39.860828 116.258983 2727.000000
39.860978 116.258950 2729.000000
39.861137 116.258893 2731.000000
39.861288 116.258855 2733.000000
39.861428 116.258813 2735.000000
39.861562 116.258807 2737.000000
39.861702 116.258765 2739.000000
39.861843 116.258753 2741.000000
39.861930 116.258718 2742.000000
39.862087 116.258695 2744.000000
39.862242 116.258670 2746.000000
39.862393 116.258648 2748.000000
39.862538 116.258618 2750.000000
39.862668 116.258610 2752.000000
39.862780 116.258597 2754.000000
39.862867 116.258628 2756.000000
39.862947 116.258718 2758.000000
39.863022 116.258837 2760.000000
39.863098 116.258980 2762.000000
39.863180 116.259138 2764.000000
39.863220 116.259223 2765.000000
39.863258 116.259313 2766.000000
39.863298 116.259402 2767.000000
39.863373 116.259563 2769.000000
39.863445 116.259715 2771.000000
39.863520 116.259863 2773.000000
39.863593 116.260010 2775.000000
39.863663 116.260162 2777.000000
39.863733 116.260303 2779.000000
39.863808 116.260440 2781.000000
39.863885 116.260578 2783.000000
39.863958 116.260710 2785.000000
39.864033 116.260833 2787.000000
39.864098 116.260953 2789.000000
39.864158 116.261075 2791.000000
39.864215 116.261225 2793.000000
39.864252 116.261405 2795.000000
39.864255 116.261503 2796.000000
39.864252 116.261608 2797.000000
39.864242 116.261720 2798.000000
39.864233 116.261833 2799.000000
39.864227 116.261952 2800.000000
39.864218 116.262075 2801.000000
39.864213 116.262202 2802.000000
39.864208 116.262332 2803.000000
39.864205 116.262465 2804.000000
39.864200 116.262600 2805.000000
39.864192 116.262737 2806.000000
39.864185 116.262873 2807.000000
39.864180 116.263012 2808.000000
39.864175 116.263152 2809.000000
39.864172 116.263293 2810.000000
39.864167 116.263435 2811.000000
39.864160 116.263578 2812.000000
39.864153 116.263720 2813.000000
39.864147 116.263860 2814.000000
39.864140 116.263997 2815.000000
39.864133 116.264130 2816.000000
39.864128 116.264263 2817.000000
39.864122 116.264392 2818.000000
39.864118 116.264520 2819.000000
39.864113 116.264648 2820.000000
39.864110 116.264777 2821.000000
39.864105 116.264903 2822.000000
39.864098 116.265032 2823.000000
39.864092 116.265158 2824.000000
39.864085 116.265287 2825.000000
39.864080 116.265415 2826.000000
39.864078 116.265542 2827.000000
39.864078 116.265665 2828.000000
39.864080 116.265790 2829.000000
39.864082 116.265912 2830.000000
39.864082 116.266032 2831.000000
39.864082 116.266155 2832.000000
39.864080 116.266283 2833.000000
39.864077 116.266418 2834.000000
39.864072 116.266557 2835.000000
39.864068 116.266697 2836.000000
39.864067 116.266843 2837.000000
39.864065 116.266992 2838.000000
39.864062 116.267142 2839.000000
39.864060 116.267293 2840.000000
39.864057 116.267447 2841.000000
39.864055 116.267602 2842.000000
39.864050 116.267758 2843.000000
39.864043 116.267913 2844.000000
39.864037 116.268068 2845.000000
39.864030 116.268223 2846.000000
39.864023 116.268377 2847.000000
39.864018 116.268522 2848.000000
39.864013 116.268672 2849.000000
39.864008 116.268818 2850.000000
39.864003 116.268970 2851.000000
39.863998 116.269120 2852.000000
39.863992 116.269273 2853.000000
39.863983 116.269425 2854.000000
39.863977 116.269577 2855.000000
39.863972 116.269728 2856.000000
39.863965 116.269880 2857.000000
39.863958 116.270030 2858.000000
39.863952 116.270180 2859.000000
39.863943 116.270332 2860.000000
39.863937 116.270485 2861.000000
39.863930 116.270640 2862.000000
39.863925 116.270797 2863.000000
39.863920 116.270955 2864.000000
39.863913 116.271112 2865.000000
39.863907 116.271270 2866.000000
39.863902 116.271428 2867.000000
39.863897 116.271588 2868.000000
39.863890 116.271748 2869.000000
39.863885 116.271910 2870.000000
39.863880 116.272077 2871.000000
39.863873 116.272243 2872.000000
39.863868 116.272412 2873.000000
39.863865 116.272582 2874.000000
39.863863 116.272750 2875.000000
39.863862 116.272915 2876.000000
39.863860 116.273078 2877.000000
39.863860 116.273242 2878.000000
39.863860 116.273403 2879.000000
39.863860 116.273565 2880.000000
39.863863 116.273725 2881.000000
39.863867 116.273885 2882.000000
39.863872 116.274040 2883.000000
39.863877 116.274195 2884.000000
39.863883 116.274348 2885.000000
39.863888 116.274500 2886.000000
39.863895 116.274648 2887.000000
39.863902 116.274795 2888.000000
39.863907 116.274938 2889.000000
39.863915 116.275080 2890.000000
39.863922 116.275223 2891.000000
39.863928 116.275373 2892.000000
39.863935 116.275523 2893.000000
39.863943 116.275670 2894.000000
39.863953 116.275823 2895.000000
39.863965 116.275980 2896.000000
39.863975 116.276143 2897.000000
39.863985 116.276305 2898.000000
39.863995 116.276470 2899.000000
39.864002 116.276638 2900.000000
39.864012 116.276807 2901.000000
39.864018 116.276973 2902.000000
39.864032 116.277138 2903.000000
39.864062 116.277300 2904.000000
39.864078 116.277457 2905.000000
39.864093 116.277602 2906.000000
39.864082 116.277762 2907.000000
39.864100 116.277932 2908.000000
39.864108 116.278090 2909.000000
39.864125 116.278233 2910.000000
39.864148 116.278368 2911.000000
39.864150 116.278518 2912.000000
39.864153 116.278660 2913.000000
39.864160 116.278815 2914.000000
39.864170 116.278947 2915.000000
39.864202 116.279063 2916.000000
39.864210 116.279208 2917.000000
39.864212 116.279372 2918.000000
39.864222 116.279525 2919.000000
39.864227 116.279682 2920.000000
39.864235 116.279850 2921.000000
39.864245 116.280018 2922.000000
39.864255 116.280187 2923.000000
39.864267 116.280355 2924.000000
39.864278 116.280523 2925.000000
39.864288 116.280695 2926.000000
39.864297 116.280875 2927.000000
39.864308 116.281055 2928.000000
39.864318 116.281232 2929.000000
39.864330 116.281407 2930.000000
39.864340 116.281590 2931.000000
39.864353 116.281772 2932.000000
39.864365 116.281950 2933.000000
39.864377 116.282128 2934.000000
39.864388 116.282307 2935.000000
39.864400 116.282483 2936.000000
39.864413 116.282658 2937.000000
39.864428 116.282828 2938.000000
39.864442 116.282993 2939.000000
39.864453 116.283152 2940.000000
39.864467 116.283303 2941.000000
39.864483 116.283448 2942.000000
39.864500 116.283592 2943.000000
39.864517 116.283735 2944.000000
39.864533 116.283872 2945.000000
39.864547 116.284013 2946.000000
39.864560 116.284152 2947.000000
39.864570 116.284293 2948.000000
39.864580 116.284440 2949.000000
39.864590 116.284585 2950.000000
39.864602 116.284732 2951.000000
39.864612 116.284868 2952.000000
39.864618 116.285008 2953.000000
39.864623 116.285147 2954.000000
39.864628 116.285282 2955.000000
39.864632 116.285422 2956.000000
39.864635 116.285572 2957.000000
39.864640 116.285712 2958.000000
39.864645 116.285848 2959.000000
39.864653 116.285988 2960.000000
39.864665 116.286130 2961.000000
39.864675 116.286282 2962.000000
39.864688 116.286433 2963.000000
39.864700 116.286582 2964.000000
39.864712 116.286732 2965.000000
39.864722 116.286878 2966.000000
39.864732 116.287025 2967.000000
39.864742 116.287173 2968.000000
39.864752 116.287323 2969.000000
39.864760 116.287475 2970.000000
39.864770 116.287630 2971.000000
39.864782 116.287787 2972.000000
39.864790 116.287947 2973.000000
39.864800 116.288107 2974.000000
39.864810 116.288265 2975.000000
39.864820 116.288425 2976.000000
39.864830 116.288585 2977.000000
39.864842 116.288750 2978.000000
39.864853 116.288918 2979.000000
39.864865 116.289092 2980.000000
39.864877 116.289265 2981.000000
39.864887 116.289437 2982.000000
39.864897 116.289608 2983.000000
39.864907 116.289778 2984.000000
39.864915 116.289950 2985.000000
39.864925 116.290120 2986.000000
39.864935 116.290292 2987.000000
39.864947 116.290462 2988.000000
39.864958 116.290632 2989.000000
39.864970 116.290802 2990.000000
39.864982 116.290973 2991.000000
39.864992 116.291145 2992.000000
39.865003 116.291318 2993.000000
39.865015 116.291488 2994.000000
39.865027 116.291658 2995.000000
39.865037 116.291827 2996.000000
39.865048 116.291995 2997.000000
39.865058 116.292165 2998.000000
39.865070 116.292337 2999.000000
39.865082 116.292508 3000.000000
39.865093 116.292678 3001.000000
39.865105 116.292848 3002.000000
39.865115 116.293015 3003.000000
39.865135 116.293162 3004.000000
39.865152 116.293320 3005.000000
39.865167 116.293477 3006.000000
39.865183 116.293637 3007.000000
39.865198 116.293797 3008.000000
39.865213 116.293962 3009.000000
39.865227 116.294125 3010.000000
39.865242 116.294292 3011.000000
39.865262 116.294460 3012.000000
39.865275 116.294625 3013.000000
39.865287 116.294787 3014.000000
39.865298 116.294952 3015.000000
39.865308 116.295118 3016.000000
39.865318 116.295283 3017.000000
39.865327 116.295452 3018.000000
39.865335 116.295620 3019.000000
39.865345 116.295785 3020.000000
39.865355 116.295950 3021.000000
39.865370 116.296115 3022.000000
39.865383 116.296282 3023.000000
39.865397 116.296448 3024.000000
39.865410 116.296612 3025.000000
39.865422 116.296775 3026.000000
39.865433 116.296937 3027.000000
39.865445 116.297098 3028.000000
39.865458 116.297257 3029.000000
39.865468 116.297413 3030.000000
39.865480 116.297568 3031.000000
39.865492 116.297727 3032.000000
39.865503 116.297885 3033.000000
39.865515 116.298043 3034.000000
39.865527 116.298203 3035.000000
39.865538 116.298363 3036.000000
39.865550 116.298525 3037.000000
39.865563 116.298688 3038.000000
39.865578 116.298853 3039.000000
39.865592 116.299018 3040.000000
39.865603 116.299183 3041.000000
39.865615 116.299348 3042.000000
39.865625 116.299513 3043.000000
39.865637 116.299678 3044.000000
39.865647 116.299842 3045.000000
39.865657 116.300005 3046.000000
39.865667 116.300162 3047.000000
39.865677 116.300318 3048.000000
39.865688 116.300473 3049.000000
39.865698 116.300627 3050.000000
39.865710 116.300780 3051.000000
39.865720 116.300932 3052.000000
39.865732 116.301085 3053.000000
39.865742 116.301237 3054.000000
39.865753 116.301387 3055.000000
39.865763 116.301535 3056.000000
39.865773 116.301680 3057.000000
39.865783 116.301820 3058.000000
39.865792 116.301958 3059.000000
39.865800 116.302098 3060.000000
39.865808 116.302240 3061.000000
39.865817 116.302378 3062.000000
39.865825 116.302515 3063.000000
39.865833 116.302650 3064.000000
39.865840 116.302778 3065.000000
39.865848 116.302903 3066.000000
39.865855 116.303018 3067.000000
39.865862 116.303125 3068.000000
39.865867 116.303222 3069.000000
39.865872 116.303312 3070.000000
39.865877 116.303492 3072.000000
39.865877 116.303590 3073.000000
39.865878 116.303692 3074.000000
39.865878 116.303788 3075.000000
39.865885 116.303953 3077.000000
39.865893 116.304085 3079.000000
39.865902 116.304207 3081.000000
39.865912 116.304328 3083.000000
39.865918 116.304447 3085.000000
39.865925 116.304563 3087.000000
39.865932 116.304663 3089.000000
39.865937 116.304777 3092.000000
39.865943 116.304882 3096.000000
39.865950 116.304982 3102.000000
39.865960 116.305092 3107.000000
39.865973 116.305208 3111.000000
39.865982 116.305330 3115.000000
39.865987 116.305443 3118.000000
39.865993 116.305575 3121.000000
39.866002 116.305673 3123.000000
39.866002 116.305778 3125.000000
39.866035 116.305867 3127.000000
39.866032 116.305972 3130.000000
39.866030 116.306072 3134.000000
39.866035 116.306173 3139.000000
39.866072 116.306258 3145.000000
39.866068 116.307022 3184.000000
39.866110 116.307120 3191.000000
39.866113 116.307247 3194.000000
39.866122 116.307365 3196.000000
39.866127 116.307482 3198.000000
39.866135 116.307588 3200.000000
39.866142 116.307682 3202.000000
39.866147 116.307773 3204.000000
39.866153 116.307873 3206.000000
39.866160 116.307978 3208.000000
39.866162 116.308070 3210.000000
39.866165 116.308162 3212.000000
39.866173 116.308288 3215.000000
39.866182 116.308418 3218.000000
39.866192 116.308553 3221.000000
39.866198 116.308648 3223.000000
39.866207 116.308772 3226.000000
39.866213 116.308882 3229.000000
39.866215 116.308978 3233.000000
39.866222 116.309087 3248.000000
39.866227 116.309177 3252.000000
39.866233 116.309280 3257.000000
39.866240 116.309373 3267.000000
39.866243 116.309465 3272.000000
39.866255 116.309565 3284.000000
39.866263 116.309670 3288.000000
39.866270 116.309772 3291.000000
39.866277 116.309868 3295.000000
39.866280 116.309987 3300.000000
39.866285 116.310117 3303.000000
39.866292 116.310218 3305.000000
39.866298 116.310333 3308.000000
39.866302 116.310447 3312.000000
39.866308 116.310552 3315.000000
39.866313 116.310655 3319.000000
39.866320 116.310752 3323.000000
39.866330 116.310880 3326.000000
39.866338 116.310985 3328.000000
39.866347 116.311103 3330.000000
39.866353 116.311227 3332.000000
39.866358 116.311333 3334.000000
39.866363 116.311445 3337.000000
39.866367 116.311542 3341.000000
39.866375 116.311642 3346.000000
39.866380 116.311737 3352.000000
39.866383 116.311847 3389.000000
39.866388 116.311953 3392.000000
39.866393 116.312045 3394.000000
39.866400 116.312172 3397.000000
39.866403 116.312267 3399.000000
39.866410 116.312392 3401.000000
39.866418 116.312532 3403.000000
39.866427 116.312680 3405.000000
39.866435 116.312835 3407.000000
39.866443 116.312990 3409.000000
39.866452 116.313140 3411.000000
39.866460 116.313287 3413.000000
39.866468 116.313427 3415.000000
39.866473 116.313545 3417.000000
39.866478 116.313657 3419.000000
39.866483 116.313763 3421.000000
39.866490 116.313873 3423.000000
39.866498 116.313998 3425.000000
39.866505 116.314140 3427.000000
39.866515 116.314303 3429.000000
39.866527 116.314480 3431.000000
39.866537 116.314640 3433.000000
39.866543 116.314747 3436.000000
39.866552 116.314865 3489.000000
39.866560 116.314990 3491.000000
39.866570 116.315142 3493.000000
39.866577 116.315235 3494.000000
39.866583 116.315337 3495.000000
39.866595 116.315450 3496.000000
39.866607 116.315575 3497.000000
39.866613 116.315708 3498.000000
39.866622 116.315845 3499.000000
39.866628 116.315983 3500.000000
39.866637 116.316125 3501.000000
39.866643 116.316267 3502.000000
39.866652 116.316410 3503.000000
39.866658 116.316553 3504.000000
39.866665 116.316695 3505.000000
39.866670 116.316837 3506.000000
39.866677 116.316978 3507.000000
39.866683 116.317118 3508.000000
39.866688 116.317262 3509.000000
39.866693 116.317405 3510.000000
39.866695 116.317548 3511.000000
39.866697 116.317690 3512.000000
39.866698 116.317830 3513.000000
39.866700 116.317970 3514.000000
39.866700 116.318112 3515.000000
39.866698 116.318258 3516.000000
39.866698 116.318408 3517.000000
39.866698 116.318562 3518.000000
39.866698 116.318715 3519.000000
39.866698 116.318870 3520.000000
39.866700 116.319025 3521.000000
39.866700 116.319180 3522.000000
39.866700 116.319333 3523.000000
39.866700 116.319483 3524.000000
39.866702 116.319633 3525.000000
39.866702 116.319783 3526.000000
39.866703 116.319933 3527.000000
39.866705 116.320080 3528.000000
39.866708 116.320230 3529.000000
39.866715 116.320380 3530.000000
39.866720 116.320530 3531.000000
39.866725 116.320677 3532.000000
39.866728 116.320817 3533.000000
39.866730 116.320945 3534.000000
39.866730 116.321057 3535.000000
39.866730 116.321152 3536.000000
39.866730 116.321298 3538.000000
39.866730 116.321413 3540.000000
39.866733 116.321533 3543.000000
39.866735 116.321628 3546.000000
39.866735 116.321733 3550.000000
39.866738 116.321833 3554.000000
39.866742 116.321923 3558.000000
39.866747 116.322045 3594.000000
39.866747 116.322172 3596.000000
39.866747 116.322342 3598.000000
39.866748 116.322440 3599.000000
39.866747 116.322547 3600.000000
39.866747 116.322657 3601.000000
39.866747 116.322772 3602.000000
39.866747 116.322888 3603.000000
39.866747 116.323005 3604.000000
39.866747 116.323120 3605.000000
39.866747 116.323240 3606.000000
39.866745 116.323360 3607.000000
39.866743 116.323482 3608.000000
39.866742 116.323603 3609.000000
39.866742 116.323722 3610.000000
39.866743 116.323838 3611.000000
39.866743 116.323955 3612.000000
39.866742 116.324067 3613.000000
39.866740 116.324175 3614.000000
39.866740 116.324277 3615.000000
39.866740 116.324372 3616.000000
39.866742 116.324467 3617.000000
39.866742 116.324557 3618.000000
39.866742 116.324695 3620.000000
39.866738 116.324788 3622.000000
39.866740 116.324912 3635.000000
39.866740 116.325012 3637.000000
39.866738 116.325138 3639.000000
39.866738 116.325290 3641.000000
39.866738 116.325462 3643.000000
39.866738 116.325557 3644.000000
39.866738 116.325658 3645.000000
39.866738 116.325763 3646.000000
39.866740 116.325875 3647.000000
39.866740 116.325988 3648.000000
39.866740 116.326105 3649.000000
39.866738 116.326222 3650.000000
39.866740 116.326338 3651.000000
39.866737 116.326452 3652.000000
39.866737 116.326565 3653.000000
39.866735 116.326677 3654.000000
39.866732 116.326787 3655.000000
39.866732 116.326890 3656.000000
39.866732 116.326990 3657.000000
39.866733 116.327088 3658.000000
39.866735 116.327265 3660.000000
39.866735 116.327357 3661.000000
39.866737 116.327448 3662.000000
39.866737 116.327542 3663.000000
39.866740 116.327703 3665.000000
39.866738 116.327843 3667.000000
39.866738 116.327962 3669.000000
39.866737 116.328077 3671.000000
39.866732 116.328220 3673.000000
39.866723 116.328402 3675.000000
39.866720 116.328502 3676.000000
39.866718 116.328605 3677.000000
39.866715 116.328705 3678.000000
39.866713 116.328802 3679.000000
39.866712 116.328898 3680.000000
39.866712 116.328997 3681.000000
39.866712 116.329098 3682.000000
39.866712 116.329198 3683.000000
39.866712 116.329295 3684.000000
39.866713 116.329390 3685.000000
39.866715 116.329483 3686.000000
39.866717 116.329573 3687.000000
39.866718 116.329663 3688.000000
39.866722 116.329837 3690.000000
39.866722 116.329930 3691.000000
39.866722 116.330033 3692.000000
39.866722 116.330142 3693.000000
39.866722 116.330255 3694.000000
39.866722 116.330373 3695.000000
39.866722 116.330492 3696.000000
39.866720 116.330612 3697.000000
39.866718 116.330733 3698.000000
39.866717 116.330855 3699.000000
39.866717 116.330982 3700.000000
39.866717 116.331117 3701.000000
39.866717 116.331253 3702.000000
39.866717 116.331395 3703.000000
39.866718 116.331535 3704.000000
39.866718 116.331677 3705.000000
39.866718 116.331822 3706.000000
39.866720 116.331965 3707.000000
39.866720 116.332112 3708.000000
39.866722 116.332260 3709.000000
39.866722 116.332407 3710.000000
39.866722 116.332553 3711.000000
39.866722 116.332697 3712.000000
39.866723 116.332838 3713.000000
39.866723 116.332978 3714.000000
39.866725 116.333117 3715.000000
39.866727 116.333253 3716.000000
39.866730 116.333390 3717.000000
39.866732 116.333525 3718.000000
39.866735 116.333663 3719.000000
39.866737 116.333803 3720.000000
39.866737 116.333947 3721.000000
39.866735 116.334090 3722.000000
39.866733 116.334232 3723.000000
39.866732 116.334372 3724.000000
39.866732 116.334510 3725.000000
39.866732 116.334647 3726.000000
39.866732 116.334783 3727.000000
39.866732 116.334920 3728.000000
39.866732 116.335057 3729.000000
39.866732 116.335195 3730.000000
39.866732 116.335332 3731.000000
39.866730 116.335470 3732.000000
39.866730 116.335608 3733.000000
39.866728 116.335748 3734.000000
39.866728 116.335888 3735.000000
39.866728 116.336027 3736.000000
39.866728 116.336165 3737.000000
39.866728 116.336303 3738.000000
39.866728 116.336440 3739.000000
39.866728 116.336578 3740.000000
39.866728 116.336717 3741.000000
39.866727 116.336855 3742.000000
39.866727 116.336993 3743.000000
39.866727 116.337128 3744.000000
39.866725 116.337258 3745.000000
39.866723 116.337383 3746.000000
39.866722 116.337502 3747.000000
39.866720 116.337615 3748.000000
39.866718 116.337723 3749.000000
39.866718 116.337827 3750.000000
39.866718 116.337927 3751.000000
39.866720 116.338020 3752.000000
39.866723 116.338180 3754.000000
39.866725 116.338300 3756.000000
39.866728 116.338408 3758.000000
39.866735 116.338513 3760.000000
39.866738 116.338617 3762.000000
39.866740 116.338713 3764.000000
39.866740 116.338828 3767.000000
39.866742 116.338920 3770.000000
39.866747 116.339015 3774.000000
39.866748 116.339125 3780.000000
39.866748 116.339217 3783.000000
39.866747 116.339327 3786.000000
39.866747 116.339443 3789.000000
39.866748 116.339533 3791.000000
39.866748 116.339633 3793.000000
39.866747 116.339760 3796.000000
39.866745 116.339852 3800.000000
39.866743 116.339945 3806.000000
39.866742 116.340062 3814.000000
39.866740 116.340173 3817.000000
39.866742 116.340302 3820.000000
39.866750 116.340397 3822.000000
39.866758 116.340497 3824.000000
39.866763 116.340602 3826.000000
39.866765 116.340720 3828.000000
39.866767 116.340852 3830.000000
39.866768 116.340993 3832.000000
39.866768 116.341143 3834.000000
39.866768 116.341300 3836.000000
39.866768 116.341460 3838.000000
39.866768 116.341627 3840.000000
39.866768 116.341717 3841.000000
39.866770 116.341807 3842.000000
39.866770 116.341902 3843.000000
39.866772 116.341998 3844.000000
39.866772 116.342097 3845.000000
39.866773 116.342198 3846.000000
39.866773 116.342302 3847.000000
39.866773 116.342400 3848.000000
39.866772 116.342502 3849.000000
39.866703 116.342565 3850.000000
39.866762 116.342730 3852.000000
39.866762 116.342840 3853.000000
39.866768 116.342933 3854.000000
39.866772 116.343102 3856.000000
39.866772 116.343247 3858.000000
39.866770 116.343375 3860.000000
39.866768 116.343498 3862.000000
39.866768 116.343618 3864.000000
39.866768 116.343735 3866.000000
39.866768 116.343853 3868.000000
39.866768 116.343968 3870.000000
39.866767 116.344077 3872.000000
39.866765 116.344180 3874.000000
39.866767 116.344302 3876.000000
39.866768 116.344418 3878.000000
39.866770 116.344533 3880.000000
39.866773 116.344637 3882.000000
39.866777 116.344738 3885.000000
39.866780 116.344828 3896.000000
39.866785 116.344935 3899.000000
39.866790 116.345057 3902.000000
39.866793 116.345185 3905.000000
39.866797 116.345308 3908.000000
39.866798 116.345423 3912.000000
39.866802 116.345538 3916.000000
39.866803 116.345632 3919.000000
39.866807 116.345752 3922.000000
39.866808 116.345855 3924.000000
39.866812 116.345948 3926.000000
39.866813 116.346058 3933.000000
39.866817 116.346172 3936.000000
39.866820 116.346280 3938.000000
39.866823 116.346387 3940.000000
39.866825 116.346483 3942.000000
39.866828 116.346580 3944.000000
39.866832 116.346680 3946.000000
39.866837 116.346772 3948.000000
39.866842 116.346887 3951.000000
39.866845 116.347010 3954.000000
39.866847 116.347102 3956.000000
39.866848 116.347205 3958.000000
39.866850 116.347302 3960.000000
39.866852 116.347397 3964.000000
39.866853 116.347492 3970.000000
39.866857 116.347588 3981.000000
39.866863 116.347682 3991.000000
39.866867 116.347778 3996.000000
39.866868 116.347873 4001.000000
39.866872 116.347972 4006.000000
39.866873 116.348080 4010.000000
39.866875 116.348183 4012.000000
39.866877 116.348282 4014.000000
39.866880 116.348387 4019.000000
39.866882 116.348478 4025.000000
39.866885 116.348575 4031.000000
39.866887 116.348670 4035.000000
39.866885 116.348765 4040.000000
39.866890 116.348878 4044.000000
39.866893 116.349007 4047.000000
39.866897 116.349147 4049.000000
39.866900 116.349293 4051.000000
39.866902 116.349383 4053.000000
39.866905 116.349505 4057.000000
39.866907 116.349612 4060.000000
39.866910 116.349702 4063.000000
39.866912 116.349797 4066.000000
39.866917 116.349937 4069.000000
39.866922 116.350035 4071.000000
39.866925 116.350143 4073.000000
39.866932 116.350263 4075.000000
39.866935 116.350395 4077.000000
39.866935 116.350570 4079.000000
39.866935 116.350667 4080.000000
39.866935 116.350763 4081.000000
39.866937 116.350860 4082.000000
39.866938 116.350957 4083.000000
39.866942 116.351053 4084.000000
39.866948 116.351147 4085.000000
39.866955 116.351238 4086.000000
39.866965 116.351328 4087.000000
39.866975 116.351418 4088.000000
39.866985 116.351510 4089.000000
39.866997 116.351610 4090.000000
39.867007 116.351715 4091.000000
39.867013 116.351822 4092.000000
39.867020 116.351932 4093.000000
39.867027 116.352042 4094.000000
39.867032 116.352155 4095.000000
39.867038 116.352265 4096.000000
39.867047 116.352380 4097.000000
39.867055 116.352498 4098.000000
39.867065 116.352618 4099.000000
39.867075 116.352737 4100.000000
39.867085 116.352858 4101.000000
39.867095 116.352983 4102.000000
39.867105 116.353112 4103.000000
39.867115 116.353242 4104.000000
39.867127 116.353372 4105.000000
39.867138 116.353507 4106.000000
39.867152 116.353643 4107.000000
39.867167 116.353783 4108.000000
39.867182 116.353927 4109.000000
39.867197 116.354075 4110.000000
39.867213 116.354228 4111.000000
39.867230 116.354382 4112.000000
39.867250 116.354540 4113.000000
39.867272 116.354703 4114.000000
39.867293 116.354870 4115.000000
39.867317 116.355038 4116.000000
39.867342 116.355205 4117.000000
39.867368 116.355372 4118.000000
39.867393 116.355537 4119.000000
39.867420 116.355702 4120.000000
39.867445 116.355868 4121.000000
39.867470 116.356033 4122.000000
39.867493 116.356200 4123.000000
39.867518 116.356367 4124.000000
39.867543 116.356532 4125.000000
39.867568 116.356695 4126.000000
39.867593 116.356853 4127.000000
39.867617 116.357005 4128.000000
39.867638 116.357150 4129.000000
39.867662 116.357292 4130.000000
39.867683 116.357435 4131.000000
39.867703 116.357577 4132.000000
39.867723 116.357712 4133.000000
39.867743 116.357838 4134.000000
39.867762 116.357958 4135.000000
39.867780 116.358073 4136.000000
39.867800 116.358183 4137.000000
39.867817 116.358290 4138.000000
39.867833 116.358393 4139.000000
39.867848 116.358495 4140.000000
39.867863 116.358597 4141.000000
39.867880 116.358698 4142.000000
39.867897 116.358798 4143.000000
39.867912 116.358895 4144.000000
39.867928 116.358995 4145.000000
39.867947 116.359102 4146.000000
39.867963 116.359210 4147.000000
39.867978 116.359318 4148.000000
39.867995 116.359428 4149.000000
39.868012 116.359535 4150.000000
39.868028 116.359643 4151.000000
39.868045 116.359752 4152.000000
39.868062 116.359860 4153.000000
39.868078 116.359970 4154.000000
39.868095 116.360077 4155.000000
39.868112 116.360175 4156.000000
39.868137 116.360332 4158.000000
39.868155 116.360455 4160.000000
39.868175 116.360573 4162.000000
39.868192 116.360685 4164.000000
39.868208 116.360790 4166.000000
39.868223 116.360897 4168.000000
39.868242 116.361022 4170.000000
39.868262 116.361150 4172.000000
39.868280 116.361275 4174.000000
39.868297 116.361405 4176.000000
39.868315 116.361558 4178.000000
39.868337 116.361733 4180.000000
39.868348 116.361828 4181.000000
39.868358 116.361923 4182.000000
39.868370 116.362020 4183.000000
39.868380 116.362122 4184.000000
39.868392 116.362225 4185.000000
39.868402 116.362328 4186.000000
39.868412 116.362428 4187.000000
39.868422 116.362527 4188.000000
39.868432 116.362628 4189.000000
39.868440 116.362733 4190.000000
39.868450 116.362842 4191.000000
39.868460 116.362952 4192.000000
39.868468 116.363068 4193.000000
39.868478 116.363188 4194.000000
39.868488 116.363310 4195.000000
39.868497 116.363433 4196.000000
39.868507 116.363555 4197.000000
39.868515 116.363677 4198.000000
39.868525 116.363798 4199.000000
39.868533 116.363923 4200.000000
39.868543 116.364050 4201.000000
39.868552 116.364178 4202.000000
39.868560 116.364307 4203.000000
39.868568 116.364437 4204.000000
39.868577 116.364567 4205.000000
39.868585 116.364698 4206.000000
39.868595 116.364833 4207.000000
39.868605 116.364973 4208.000000
39.868615 116.365115 4209.000000
39.868627 116.365260 4210.000000
39.868637 116.365405 4211.000000
39.868647 116.365550 4212.000000
39.868655 116.365698 4213.000000
39.868665 116.365852 4214.000000
39.868677 116.366003 4215.000000
39.868688 116.366155 4216.000000
39.868702 116.366303 4217.000000
39.868713 116.366448 4218.000000
39.868723 116.366585 4219.000000
39.868735 116.366717 4220.000000
39.868747 116.366850 4221.000000
39.868758 116.366990 4222.000000
39.868770 116.367137 4223.000000
39.868782 116.367292 4224.000000
39.868795 116.367452 4225.000000
39.868808 116.367615 4226.000000
39.868820 116.367778 4227.000000
39.868832 116.367942 4228.000000
39.868842 116.368102 4229.000000
39.868853 116.368260 4230.000000
39.868865 116.368420 4231.000000
39.868875 116.368583 4232.000000
39.868887 116.368750 4233.000000
39.868898 116.368920 4234.000000
39.868910 116.369095 4235.000000
39.868922 116.369272 4236.000000
39.868933 116.369447 4237.000000
39.868945 116.369615 4238.000000
39.868957 116.369775 4239.000000
39.868967 116.369932 4240.000000
39.868978 116.370088 4241.000000
39.868990 116.370247 4242.000000
39.869003 116.370405 4243.000000
39.869015 116.370565 4244.000000
39.869027 116.370725 4245.000000
39.869037 116.370885 4246.000000
39.869048 116.371045 4247.000000
39.869060 116.371203 4248.000000
39.869072 116.371362 4249.000000
39.869082 116.371513 4250.000000
39.869093 116.371662 4251.000000
39.869103 116.371807 4252.000000
39.869117 116.371948 4253.000000
39.869128 116.372090 4254.000000
39.869140 116.372230 4255.000000
39.869152 116.372372 4256.000000
39.869163 116.372515 4257.000000
39.869177 116.372660 4258.000000
39.869188 116.372808 4259.000000
39.869200 116.372955 4260.000000
39.869210 116.373103 4261.000000
39.869222 116.373245 4262.000000
39.869232 116.373390 4263.000000
39.869243 116.373537 4264.000000
39.869255 116.373693 4265.000000
39.869267 116.373853 4266.000000
39.869278 116.374013 4267.000000
39.869290 116.374173 4268.000000
39.869303 116.374333 4269.000000
39.869317 116.374495 4270.000000
39.869328 116.374657 4271.000000
39.869340 116.374822 4272.000000
39.869350 116.374985 4273.000000
39.869360 116.375147 4274.000000
39.869370 116.375307 4275.000000
39.869380 116.375467 4276.000000
39.869390 116.375627 4277.000000
39.869402 116.375785 4278.000000
39.869413 116.375945 4279.000000
39.869425 116.376105 4280.000000
39.869437 116.376265 4281.000000
39.869447 116.376423 4282.000000
39.869458 116.376582 4283.000000
39.869470 116.376745 4284.000000
39.869482 116.376912 4285.000000
39.869493 116.377085 4286.000000
39.869503 116.377263 4287.000000
39.869515 116.377442 4288.000000
39.869527 116.377620 4289.000000
39.869542 116.377798 4290.000000
39.869555 116.377977 4291.000000
39.869568 116.378155 4292.000000
39.869580 116.378333 4293.000000
39.869593 116.378512 4294.000000
39.869605 116.378687 4295.000000
39.869618 116.378860 4296.000000
39.869628 116.379030 4297.000000
39.869640 116.379200 4298.000000
39.869652 116.379370 4299.000000
39.869662 116.379542 4300.000000
39.869672 116.379715 4301.000000
39.869682 116.379887 4302.000000
39.869693 116.380055 4303.000000
39.869705 116.380218 4304.000000
39.869715 116.380382 4305.000000
39.869723 116.380543 4306.000000
39.869733 116.380708 4307.000000
39.869745 116.380875 4308.000000
39.869755 116.381047 4309.000000
39.869767 116.381218 4310.000000
39.869775 116.381395 4311.000000
39.869783 116.381575 4312.000000
39.869783 116.381757 4313.000000
39.869795 116.381927 4314.000000
39.869817 116.382103 4315.000000
39.869833 116.382282 4316.000000
39.869845 116.382465 4317.000000
39.869855 116.382632 4318.000000
39.869867 116.382795 4319.000000
39.869875 116.382962 4320.000000
39.869882 116.383128 4321.000000
39.869888 116.383297 4322.000000
39.869895 116.383468 4323.000000
39.869902 116.383637 4324.000000
39.869908 116.383808 4325.000000
39.869915 116.383980 4326.000000
39.869922 116.384153 4327.000000
39.869928 116.384325 4328.000000
39.869937 116.384495 4329.000000
39.869945 116.384668 4330.000000
39.869953 116.384842 4331.000000
39.869960 116.385015 4332.000000
39.869967 116.385193 4333.000000
39.869973 116.385375 4334.000000
39.869982 116.385560 4335.000000
39.869988 116.385747 4336.000000
39.869997 116.385932 4337.000000
39.870007 116.386117 4338.000000
39.870015 116.386305 4339.000000
39.870023 116.386493 4340.000000
39.870032 116.386685 4341.000000
39.870038 116.386877 4342.000000
39.870045 116.387072 4343.000000
39.870053 116.387267 4344.000000
39.870060 116.387462 4345.000000
39.870067 116.387653 4346.000000
39.870073 116.387848 4347.000000
39.870082 116.388040 4348.000000
39.870088 116.388232 4349.000000
39.870095 116.388418 4350.000000
39.870102 116.388607 4351.000000
39.870110 116.388795 4352.000000
39.870118 116.388987 4353.000000
39.870127 116.389177 4354.000000
39.870135 116.389370 4355.000000
39.870142 116.389562 4356.000000
39.870148 116.389753 4357.000000
39.870155 116.389942 4358.000000
39.870162 116.390128 4359.000000
39.870168 116.390318 4360.000000
39.870177 116.390507 4361.000000
39.870183 116.390695 4362.000000
39.870192 116.390882 4363.000000
39.870198 116.391068 4364.000000
39.870205 116.391255 4365.000000
39.870212 116.391442 4366.000000
39.870218 116.391633 4367.000000
39.870225 116.391827 4368.000000
39.870233 116.392020 4369.000000
39.870240 116.392215 4370.000000
39.870248 116.392412 4371.000000
39.870257 116.392607 4372.000000
39.870278 116.392800 4373.000000
39.870293 116.393002 4374.000000
39.870302 116.393203 4375.000000
39.870308 116.393407 4376.000000
39.870315 116.393607 4377.000000
39.870325 116.393807 4378.000000
39.870337 116.393995 4379.000000
39.870352 116.394175 4380.000000
39.870358 116.394355 4381.000000
39.870358 116.394535 4382.000000
39.870362 116.394717 4383.000000
39.870367 116.394895 4384.000000
39.870373 116.395062 4385.000000
39.870380 116.395220 4386.000000
39.870387 116.395368 4387.000000
39.870393 116.395505 4388.000000
39.870395 116.395647 4389.000000
39.870400 116.395768 4390.000000
39.870408 116.395893 4391.000000
39.870413 116.396023 4392.000000
39.870420 116.396152 4393.000000
39.870425 116.396273 4394.000000
39.870432 116.396392 4395.000000
39.870438 116.396502 4396.000000
39.870445 116.396607 4397.000000
39.870450 116.396707 4398.000000
39.870457 116.396807 4399.000000
39.870462 116.396910 4400.000000
39.870468 116.397015 4401.000000
39.870475 116.397120 4402.000000
39.870480 116.397220 4403.000000
39.870487 116.397313 4404.000000
39.870497 116.397483 4406.000000
39.870505 116.397638 4408.000000
39.870513 116.397778 4410.000000
39.870522 116.397892 4412.000000
39.870527 116.397997 4414.000000
39.870530 116.398095 4416.000000
39.870533 116.398207 4419.000000
39.870530 116.398310 4422.000000
39.870530 116.398438 4424.000000
39.870535 116.398593 4426.000000
39.870540 116.398757 4428.000000
39.870545 116.398912 4430.000000
39.870547 116.399052 4432.000000
39.870550 116.399187 4434.000000
39.870553 116.399318 4436.000000
39.870558 116.399460 4438.000000
39.870563 116.399612 4440.000000
39.870568 116.399758 4442.000000
39.870573 116.399888 4444.000000
39.870577 116.400002 4446.000000
39.870580 116.400092 4448.000000
39.870583 116.400205 4451.000000
39.870587 116.400298 4455.000000
39.870590 116.400388 4458.000000
39.870595 116.400510 4461.000000
39.870598 116.400608 4467.000000
39.870602 116.400708 4471.000000
39.870603 116.400802 4473.000000
39.870605 116.400917 4475.000000
39.870607 116.401037 4477.000000
39.870607 116.401130 4479.000000
39.870608 116.401227 4483.000000
39.870612 116.401330 4486.000000
39.870617 116.401433 4489.000000
39.870618 116.401538 4495.000000
39.870620 116.401630 4502.000000
39.870623 116.401738 4509.000000
39.870627 116.401865 4514.000000
39.870628 116.401962 4516.000000
39.870630 116.402072 4518.000000
39.870632 116.402163 4521.000000
39.870633 116.402262 4529.000000
39.870635 116.402373 4532.000000
39.870637 116.402465 4534.000000
39.870637 116.402565 4536.000000
39.870637 116.402660 4538.000000
39.870642 116.402788 4541.000000
39.870645 116.402880 4543.000000
39.870645 116.402970 4545.000000
39.870647 116.403100 4548.000000
39.870650 116.403225 4551.000000
39.870652 116.403345 4554.000000
39.870655 116.403455 4557.000000
39.870657 116.403550 4560.000000
39.870658 116.403642 4564.000000
39.870662 116.403733 4567.000000
39.870665 116.403828 4569.000000
39.870668 116.403935 4571.000000
39.870672 116.404037 4573.000000
39.870673 116.404138 4575.000000
39.870677 116.404235 4577.000000
39.870678 116.404347 4579.000000
39.870683 116.404480 4581.000000
39.870688 116.404593 4583.000000
39.870697 116.404723 4586.000000
39.870700 116.404843 4589.000000
39.870700 116.404943 4592.000000
39.870703 116.405073 4595.000000
39.870705 116.405182 4597.000000
39.870708 116.405308 4599.000000
39.870712 116.405438 4601.000000
39.870717 116.405582 4603.000000
39.870720 116.405740 4605.000000
39.870723 116.405913 4607.000000
39.870727 116.406083 4609.000000
39.870730 116.406223 4611.000000
39.870733 116.406358 4613.000000
39.870735 116.406503 4615.000000
39.870740 116.406677 4617.000000
39.870742 116.406772 4618.000000
39.870745 116.406868 4619.000000
39.870747 116.406968 4620.000000
39.870748 116.407067 4621.000000
39.870750 116.407158 4622.000000
39.870753 116.407288 4624.000000
39.870758 116.407383 4626.000000
39.870763 116.407477 4628.000000
39.870772 116.407582 4643.000000
39.870775 116.407693 4646.000000
39.870778 116.407788 4648.000000
39.870780 116.407893 4650.000000
39.870782 116.408007 4652.000000
39.870783 116.408128 4654.000000
39.870785 116.408243 4656.000000
39.870782 116.408358 4658.000000
39.870777 116.408472 4660.000000
39.870770 116.408593 4662.000000
39.870757 116.408723 4664.000000
39.870733 116.408865 4666.000000
39.870705 116.409005 4668.000000
39.870673 116.409127 4670.000000
39.870640 116.409235 4673.000000
39.870607 116.409338 4677.000000
39.870570 116.409435 4680.000000
39.870532 116.409528 4683.000000
39.870492 116.409613 4685.000000
39.870433 116.409740 4687.000000
39.870365 116.409888 4689.000000
39.870323 116.410022 4691.000000
39.870277 116.410130 4693.000000
39.870260 116.410232 4695.000000
39.870268 116.410343 4697.000000
39.870253 116.410452 4699.000000
39.870173 116.410503 4700.000000
39.870017 116.410582 4702.000000
39.870000 116.410673 4704.000000
39.869942 116.410773 4707.000000
39.869898 116.410873 4709.000000
39.869850 116.410993 4711.000000
39.869798 116.411128 4713.000000
39.869757 116.411267 4715.000000
39.869730 116.411398 4717.000000
39.869718 116.411552 4719.000000
39.869703 116.411723 4721.000000
39.869695 116.411820 4722.000000
39.869693 116.411922 4723.000000
39.869693 116.412027 4724.000000
39.869693 116.412138 4725.000000
39.869695 116.412255 4726.000000
39.869697 116.412372 4727.000000
39.869703 116.412488 4728.000000
39.869708 116.412605 4729.000000
39.869715 116.412725 4730.000000
39.869722 116.412847 4731.000000
39.869730 116.412970 4732.000000
39.869738 116.413092 4733.000000
39.869747 116.413217 4734.000000
39.869753 116.413347 4735.000000
39.869758 116.413478 4736.000000
39.869765 116.413613 4737.000000
39.869772 116.413752 4738.000000
39.869778 116.413895 4739.000000
39.869787 116.414038 4740.000000
39.869793 116.414183 4741.000000
39.869802 116.414335 4742.000000
39.869808 116.414490 4743.000000
39.869817 116.414647 4744.000000
39.869825 116.414800 4745.000000
39.869833 116.414953 4746.000000
39.869842 116.415100 4747.000000
39.869853 116.415248 4748.000000
39.869863 116.415392 4749.000000
39.869882 116.415540 4750.000000
39.869885 116.415700 4751.000000
39.869890 116.415858 4752.000000
39.869898 116.416018 4753.000000
39.869905 116.416182 4754.000000
39.869912 116.416348 4755.000000
39.869918 116.416522 4756.000000
39.869925 116.416692 4757.000000
39.869932 116.416858 4758.000000
39.869940 116.417023 4759.000000
39.869945 116.417187 4760.000000
39.869950 116.417348 4761.000000
39.869953 116.417510 4762.000000
39.869955 116.417673 4763.000000
39.869957 116.417837 4764.000000
39.869960 116.418000 4765.000000
39.869962 116.418162 4766.000000
39.869962 116.418325 4767.000000
39.869962 116.418490 4768.000000
39.869960 116.418657 4769.000000
39.869958 116.418822 4770.000000
39.869957 116.418987 4771.000000
39.869953 116.419150 4772.000000
39.869952 116.419312 4773.000000
39.869948 116.419473 4774.000000
39.869942 116.419637 4775.000000
39.869937 116.419805 4776.000000
39.869930 116.419973 4777.000000
39.869923 116.420143 4778.000000
39.869917 116.420310 4779.000000
39.869908 116.420482 4780.000000
39.869900 116.420655 4781.000000
39.869890 116.420833 4782.000000
39.869878 116.421013 4783.000000
39.869870 116.421197 4784.000000
39.869863 116.421380 4785.000000
39.869855 116.421567 4786.000000
39.869847 116.421753 4787.000000
39.869838 116.421938 4788.000000
39.869828 116.422122 4789.000000
39.869818 116.422303 4790.000000
39.869807 116.422487 4791.000000
39.869797 116.422673 4792.000000
39.869788 116.422860 4793.000000
39.869778 116.423045 4794.000000
39.869768 116.423227 4795.000000
39.869760 116.423407 4796.000000
39.869753 116.423585 4797.000000
39.869747 116.423763 4798.000000
39.869738 116.423942 4799.000000
39.869730 116.424118 4800.000000
39.869720 116.424297 4801.000000
39.869710 116.424477 4802.000000
39.869700 116.424658 4803.000000
39.869690 116.424840 4804.000000
39.869682 116.425025 4805.000000
39.869673 116.425212 4806.000000
39.869667 116.425397 4807.000000
39.869667 116.425583 4808.000000
39.869663 116.425763 4809.000000
39.869655 116.425942 4810.000000
39.869638 116.426110 4811.000000
39.869617 116.426272 4812.000000
39.869603 116.426435 4813.000000
39.869580 116.426590 4814.000000
39.869563 116.426745 4815.000000
39.869558 116.426895 4816.000000
39.869552 116.427035 4817.000000
39.869547 116.427160 4818.000000
39.869538 116.427272 4819.000000
39.869528 116.427375 4820.000000
39.869520 116.427470 4821.000000
39.869502 116.427567 4822.000000
39.869487 116.427658 4823.000000
39.869472 116.427825 4825.000000
39.869472 116.427975 4827.000000
39.869452 116.428102 4829.000000
39.869448 116.428232 4831.000000
39.869448 116.428355 4833.000000
39.869438 116.428467 4835.000000
39.869433 116.428570 4837.000000
39.869432 116.428675 4839.000000
39.869425 116.428803 4841.000000
39.869417 116.428958 4843.000000
39.869408 116.429127 4845.000000
39.869400 116.429290 4847.000000
39.869395 116.429448 4849.000000
39.869390 116.429593 4851.000000
39.869383 116.429722 4853.000000
39.869378 116.429863 4855.000000
39.869375 116.430032 4857.000000
39.869370 116.430123 4858.000000
39.869365 116.430213 4859.000000
39.869363 116.430303 4860.000000
39.869360 116.430393 4861.000000
39.869355 116.430483 4862.000000
39.869347 116.430655 4864.000000
39.869345 116.430817 4866.000000
39.869342 116.430958 4868.000000
39.869335 116.431085 4870.000000
39.869328 116.431208 4872.000000
39.869320 116.431328 4874.000000
39.869313 116.431458 4876.000000
39.869307 116.431588 4878.000000
39.869300 116.431720 4880.000000
39.869300 116.431853 4882.000000
39.869293 116.431978 4884.000000
39.869283 116.432098 4886.000000
39.869277 116.432217 4888.000000
39.869267 116.432340 4890.000000
39.869258 116.432477 4892.000000
39.869248 116.432630 4894.000000
39.869237 116.432787 4896.000000
39.869228 116.432927 4898.000000
39.869223 116.433027 4900.000000
39.869220 116.433138 4904.000000
39.869215 116.433258 4908.000000
39.869208 116.433357 4911.000000
39.869202 116.433462 4924.000000
39.869190 116.433577 4928.000000
39.869178 116.433682 4931.000000
39.869180 116.433810 4935.000000
39.869175 116.433925 4938.000000
39.869167 116.434062 4941.000000
39.869160 116.434168 4943.000000
39.869153 116.434295 4945.000000
39.869147 116.434430 4947.000000
39.869142 116.434537 4949.000000
39.869137 116.434638 4952.000000
39.869133 116.434740 4957.000000
39.869128 116.434837 4963.000000
39.869120 116.434930 4968.000000
39.869108 116.435047 4972.000000
39.869098 116.435153 4975.000000
39.869097 116.435257 4992.000000
39.869105 116.435362 5016.000000
39.869113 116.435453 5021.000000
39.869125 116.435545 5051.000000
39.869140 116.435652 5061.000000
39.869158 116.435752 5066.000000
39.869172 116.435847 5087.000000
39.869185 116.435938 5096.000000
39.869202 116.436032 5115.000000
39.869228 116.436127 5135.000000
39.869267 116.436218 5146.000000
39.869307 116.436300 5173.000000
39.869283 116.436442 5184.000000
39.869322 116.436523 5192.000000
39.869367 116.436608 5218.000000
39.869402 116.436693 5228.000000
39.869457 116.436792 5250.000000
39.869503 116.436875 5254.000000
39.869550 116.436958 5271.000000
39.869603 116.437033 5278.000000
39.869663 116.437105 5302.000000
39.869730 116.437170 5308.000000
39.869802 116.437238 5318.000000
39.869855 116.437325 5324.000000
39.869893 116.437418 5332.000000
39.869947 116.437537 5336.000000
39.870017 116.437617 5339.000000
39.870088 116.437687 5343.000000
39.870167 116.437765 5351.000000
39.870240 116.437833 5355.000000
39.870323 116.437892 5359.000000
39.870413 116.437958 5363.000000
39.870513 116.438018 5367.000000
39.870592 116.438100 5370.000000
39.870623 116.438203 5372.000000
39.870627 116.438362 5374.000000
39.870620 116.438462 5375.000000
39.870610 116.438575 5376.000000
39.870600 116.438692 5377.000000
39.870588 116.438808 5378.000000
39.870577 116.438920 5379.000000
39.870570 116.439027 5380.000000
39.870562 116.439135 5381.000000
39.870555 116.439247 5382.000000
39.870545 116.439368 5383.000000
39.870535 116.439495 5384.000000
39.870522 116.439632 5385.000000
39.870510 116.439775 5386.000000
39.870497 116.439927 5387.000000
39.870485 116.440083 5388.000000
39.870472 116.440245 5389.000000
39.870458 116.440408 5390.000000
39.870443 116.440572 5391.000000
39.870428 116.440738 5392.000000
39.870412 116.440903 5393.000000
39.870393 116.441070 5394.000000
39.870378 116.441233 5395.000000
39.870365 116.441395 5396.000000
39.870352 116.441553 5397.000000
39.870338 116.441708 5398.000000
39.870327 116.441863 5399.000000
39.870315 116.442017 5400.000000
39.870300 116.442163 5401.000000
39.870288 116.442303 5402.000000
39.870277 116.442440 5403.000000
39.870265 116.442575 5404.000000
39.870255 116.442710 5405.000000
39.870245 116.442843 5406.000000
39.870233 116.442977 5407.000000
39.870223 116.443113 5408.000000
39.870213 116.443253 5409.000000
39.870202 116.443393 5410.000000
39.870192 116.443532 5411.000000
39.870182 116.443667 5412.000000
39.870173 116.443797 5413.000000
39.870167 116.443923 5414.000000
39.870160 116.444050 5415.000000
39.870152 116.444175 5416.000000
39.870140 116.444293 5417.000000
39.870128 116.444395 5418.000000
39.870113 116.444532 5420.000000
39.870115 116.444622 5423.000000
39.870160 116.444727 5437.000000
39.870230 116.444783 5440.000000
39.870358 116.444793 5443.000000
39.870512 116.444777 5445.000000
39.870658 116.444760 5447.000000
39.870792 116.444752 5449.000000
39.870908 116.444740 5451.000000
39.871018 116.444713 5453.000000
39.871178 116.444663 5455.000000
39.871268 116.444642 5456.000000
39.871358 116.444627 5457.000000
39.871498 116.444640 5459.000000
39.871647 116.444662 5461.000000
39.871768 116.444668 5463.000000
39.871870 116.444668 5465.000000
39.871992 116.444672 5467.000000
39.872128 116.444680 5469.000000
39.872293 116.444685 5471.000000
39.872383 116.444690 5472.000000
39.872548 116.444713 5474.000000
39.872690 116.444720 5476.000000
39.872812 116.444717 5478.000000
39.872937 116.444715 5480.000000
39.873073 116.444710 5482.000000
39.873203 116.444708 5484.000000
39.873322 116.444718 5486.000000
39.873437 116.444728 5488.000000
39.873543 116.444738 5490.000000
39.873652 116.444738 5492.000000
39.873747 116.444738 5494.000000
39.873870 116.444735 5497.000000
39.874000 116.444730 5500.000000
39.874133 116.444735 5503.000000
39.874245 116.444752 5506.000000
39.874362 116.444735 5509.000000
39.874467 116.444738 5512.000000
39.874578 116.444730 5515.000000
39.874680 116.444732 5520.000000
39.874780 116.444733 5570.000000
39.874877 116.444727 5573.000000
39.874977 116.444718 5576.000000
39.875083 116.444707 5578.000000
39.875207 116.444713 5580.000000
39.875345 116.444712 5582.000000
39.875468 116.444735 5584.000000
39.875613 116.444730 5586.000000
39.875753 116.444730 5588.000000
39.875882 116.444737 5590.000000
39.875990 116.444740 5592.000000
39.876082 116.444743 5595.000000
39.876233 116.444713 5638.000000
39.876373 116.444638 5640.000000
39.876492 116.444575 5642.000000
39.876590 116.444603 5643.000000
39.876740 116.444648 5645.000000
39.876880 116.444690 5647.000000
39.877028 116.444717 5649.000000
39.877177 116.444730 5651.000000
39.877317 116.444733 5653.000000
39.877485 116.444722 5655.000000
39.877642 116.444720 5657.000000
39.877795 116.444718 5659.000000
39.877927 116.444752 5661.000000
39.878085 116.444752 5663.000000
39.878255 116.444750 5665.000000
39.878425 116.444747 5667.000000
39.878578 116.444742 5669.000000
39.878735 116.444730 5671.000000
39.878888 116.444738 5673.000000
39.879045 116.444730 5675.000000
39.879202 116.444720 5677.000000
39.879367 116.444715 5679.000000
39.879538 116.444722 5681.000000
39.879707 116.444722 5683.000000
39.879845 116.444725 5685.000000
39.879937 116.444750 5687.000000
39.880047 116.444755 5690.000000
39.880137 116.444752 5694.000000
39.880255 116.444757 5703.000000
39.880345 116.444767 5705.000000
39.880450 116.444780 5707.000000
39.880548 116.444775 5709.000000
39.880683 116.444758 5712.000000
39.880807 116.444763 5715.000000
39.880920 116.444765 5719.000000
39.881013 116.444765 5723.000000
39.881110 116.444770 5729.000000
39.881208 116.444738 5745.000000
39.881337 116.444718 5748.000000
39.881447 116.444715 5750.000000
39.881568 116.444717 5752.000000
39.881678 116.444717 5754.000000
39.881778 116.444720 5756.000000
39.881890 116.444722 5759.000000
39.882007 116.444727 5763.000000
39.882103 116.444737 5767.000000
39.882155 116.444832 5773.000000
