40.136173 116.109320 1776.000000
40.136198 116.109233 1785.000000
40.136190 116.109128 1794.000000
40.136193 116.109038 1811.000000
40.136188 116.108938 1819.000000
40.136178 116.108835 1832.000000
40.136168 116.108738 1850.000000
40.136095 116.108670 1865.000000
40.136110 116.108578 1880.000000
40.136182 116.108507 1903.000000
40.136207 116.108415 1910.000000
40.136228 116.108313 1923.000000
40.136308 116.108272 1941.000000
40.136258 116.108188 1952.000000
40.136183 116.108090 1957.000000
40.136195 116.108000 1967.000000
40.136240 116.107915 1978.000000
40.136143 116.107917 1991.000000
40.136048 116.107958 2000.000000
40.135962 116.108003 2010.000000
40.135870 116.108007 2022.000000
40.135775 116.108020 2034.000000
40.135678 116.108007 2049.000000
40.135622 116.107925 2058.000000
40.135583 116.107837 2065.000000
40.135573 116.107742 2074.000000
40.135533 116.107655 2081.000000
40.135465 116.107587 2097.000000
40.135375 116.107557 2114.000000
40.135335 116.107472 2125.000000
40.135247 116.107450 2153.000000
40.135158 116.107477 2160.000000
40.135063 116.107490 2167.000000
40.135163 116.107470 2190.000000
40.135257 116.107433 2199.000000
40.135282 116.107347 2217.000000
40.135288 116.107253 2226.000000
40.135310 116.107163 2232.000000
40.135280 116.107072 2249.000000
