39.934900 116.337813 29177.000000
39.935016 116.335251 29182.000000
39.935354 116.334764 29187.000000
39.935501 116.334608 29192.000000
39.935525 116.334595 29197.000000
39.935535 116.334587 29202.000000
39.935537 116.334578 29207.000000
39.935537 116.334578 29210.000000
39.935536 116.334584 29212.000000
39.935538 116.334593 29217.000000
39.935540 116.334593 29222.000000
39.935540 116.334593 29225.000000
39.935547 116.334585 29227.000000
39.935553 116.334576 29232.000000
39.935553 116.334576 29235.000000
39.935555 116.334571 29237.000000
39.935560 116.334560 29242.000000
39.935590 116.334468 29247.000000
39.935681 116.334369 29252.000000
39.935756 116.334282 29257.000000
39.935773 116.334214 29262.000000
39.935792 116.334152 29267.000000
39.935789 116.334092 29272.000000
39.935784 116.334050 29277.000000
39.935762 116.333971 29282.000000
39.935770 116.333921 29287.000000
39.935752 116.333920 29292.000000
39.935731 116.333937 29297.000000
39.935739 116.333922 29302.000000
39.935771 116.333910 29307.000000
39.935837 116.333859 29312.000000
39.935847 116.333826 29317.000000
39.935883 116.333826 29322.000000
39.935965 116.333768 29327.000000
