39.959729 116.415580 32576.000000
39.959770 116.415552 32581.000000
39.959658 116.415674 32586.000000
39.959655 116.415680 32591.000000
39.959655 116.415680 32594.000000
39.959652 116.415688 32596.000000
39.959640 116.415734 32601.000000
39.959602 116.415784 32606.000000
39.959602 116.415781 32611.000000
39.959601 116.415779 32616.000000
39.959601 116.415779 32621.000000
39.959600 116.415783 32626.000000
39.959600 116.415783 32629.000000
39.959600 116.415782 32631.000000
39.959598 116.415793 32636.000000
39.959598 116.415793 32639.000000
39.959598 116.415796 32641.000000
39.959599 116.415784 32646.000000
39.959600 116.415770 32651.000000
39.959621 116.415759 32656.000000
39.959638 116.415774 32661.000000
39.959648 116.415768 32666.000000
39.959645 116.415789 32671.000000
39.959645 116.415789 32674.000000
39.959644 116.415784 32676.000000
39.959640 116.415767 32681.000000
39.959640 116.415767 32684.000000
39.959641 116.415769 32686.000000
39.959641 116.415788 32691.000000
39.959641 116.415788 32694.000000
39.959641 116.415780 32696.000000
39.959634 116.415771 32701.000000
39.959634 116.415771 32704.000000
39.959627 116.415776 32706.000000
39.959628 116.415765 32711.000000
39.959628 116.415764 32716.000000
39.959628 116.415759 32721.000000
39.959628 116.415759 32724.000000
39.959628 116.415761 32726.000000
39.959627 116.415770 32731.000000
39.959627 116.415770 32736.000000
39.959627 116.415766 32741.000000
39.959627 116.415766 32744.000000
39.959620 116.415769 32746.000000
39.959621 116.415757 32751.000000
39.959613 116.415770 32756.000000
39.959609 116.415787 32761.000000
39.959610 116.415779 32766.000000
39.959610 116.415776 32771.000000
39.959609 116.415778 32776.000000
39.959608 116.415785 32781.000000
39.959607 116.415788 32786.000000
39.959607 116.415781 32791.000000
39.959607 116.415781 32794.000000
39.959607 116.415774 32796.000000
39.959607 116.415765 32801.000000
39.959608 116.415763 32806.000000
39.959608 116.415762 32811.000000
39.959608 116.415764 32816.000000
39.959607 116.415769 32821.000000
39.959607 116.415774 32826.000000
39.959607 116.415776 32831.000000
39.959607 116.415776 32834.000000
39.959609 116.415770 32836.000000
39.959645 116.415760 32841.000000
39.959664 116.415774 32846.000000
39.959664 116.415771 32851.000000
39.959664 116.415775 32856.000000
39.959663 116.415782 32861.000000
39.959663 116.415777 32866.000000
39.959663 116.415778 32871.000000
39.959663 116.415771 32876.000000
39.959663 116.415771 32879.000000
39.959663 116.415769 32881.000000
39.959662 116.415778 32886.000000
39.959661 116.415774 32891.000000
39.959661 116.415775 32896.000000
39.959660 116.415782 32901.000000
39.959660 116.415782 32904.000000
39.959659 116.415788 32906.000000
39.959620 116.415807 32911.000000
39.959620 116.415807 32914.000000
39.959619 116.415804 32916.000000
39.959620 116.415795 32921.000000
39.959621 116.415789 32926.000000
39.959620 116.415788 32931.000000
39.959620 116.415788 32934.000000
39.959620 116.415794 32936.000000
39.959617 116.415812 32941.000000
39.959606 116.415817 32946.000000
39.959606 116.415817 32949.000000
39.959606 116.415819 32951.000000
39.959607 116.415808 32956.000000
39.959606 116.415806 32961.000000
39.959605 116.415806 32966.000000
39.959605 116.415799 32971.000000
39.959604 116.415797 32976.000000
39.959603 116.415797 32981.000000
39.959603 116.415797 32984.000000
39.959602 116.415800 32986.000000
39.959599 116.415812 32991.000000
39.959589 116.415836 32996.000000
39.959576 116.415887 33001.000000
39.959580 116.415914 33006.000000
39.959584 116.415940 33011.000000
39.959583 116.415925 33016.000000
39.959573 116.415894 33021.000000
39.959578 116.415882 33026.000000
39.959578 116.415882 33029.000000
39.959579 116.415875 33031.000000
39.959581 116.415864 33036.000000
39.959581 116.415861 33041.000000
39.959581 116.415866 33046.000000
39.959582 116.415859 33051.000000
39.959581 116.415859 33056.000000
39.959582 116.415854 33061.000000
39.959584 116.415857 33066.000000
