39.927753 116.378685 62853.000000
39.927746 116.378677 62854.000000
39.927738 116.378677 62855.000000
39.927731 116.378677 62856.000000
39.927719 116.378677 62857.000000
39.927708 116.378670 62858.000000
39.927696 116.378670 62859.000000
39.927685 116.378670 62860.000000
39.927673 116.378670 62861.000000
39.927662 116.378670 62862.000000
39.927647 116.378662 62863.000000
39.927635 116.378662 62864.000000
39.927620 116.378662 62865.000000
39.927608 116.378654 62866.000000
39.927593 116.378654 62867.000000
39.927582 116.378647 62868.000000
39.927567 116.378647 62869.000000
39.927555 116.378647 62870.000000
39.927544 116.378647 62871.000000
39.927532 116.378639 62872.000000
39.927521 116.378639 62873.000000
39.927513 116.378647 62874.000000
39.927502 116.378639 62875.000000
39.927490 116.378639 62876.000000
39.927483 116.378632 62877.000000
39.927471 116.378632 62878.000000
39.927464 116.378632 62879.000000
39.927456 116.378639 62880.000000
39.927448 116.378639 62881.000000
39.927437 116.378632 62882.000000
39.927425 116.378632 62883.000000
39.927414 116.378632 62884.000000
39.927410 116.378632 62885.000000
39.927410 116.378632 62914.000000
39.927402 116.378632 62916.000000
39.927422 116.378601 62943.000000
39.927425 116.378609 62944.000000
39.927425 116.378616 62945.000000
39.927418 116.378632 62948.000000
39.927414 116.378647 62949.000000
39.927414 116.378654 62950.000000
39.927418 116.378654 62951.000000
39.927418 116.378654 62953.000000
39.927410 116.378647 62955.000000
39.927402 116.378609 62968.000000
39.927402 116.378609 62969.000000
39.927395 116.378586 62974.000000
39.927399 116.378578 62975.000000
39.927399 116.378578 62976.000000
39.927399 116.378578 62977.000000
39.927395 116.378578 62978.000000
39.927387 116.378578 62979.000000
39.927383 116.378578 62980.000000
39.927372 116.378578 62981.000000
39.927364 116.378571 62982.000000
39.927353 116.378578 62983.000000
39.927341 116.378571 62984.000000
39.927330 116.378571 62985.000000
39.927319 116.378571 62986.000000
39.927311 116.378563 62987.000000
39.927299 116.378563 62988.000000
39.927288 116.378563 62989.000000
39.927277 116.378563 62990.000000
39.927265 116.378555 62991.000000
39.927258 116.378555 62992.000000
39.927246 116.378548 62993.000000
39.927238 116.378540 62994.000000
39.927227 116.378540 62995.000000
39.927216 116.378532 62996.000000
39.927208 116.378532 62997.000000
39.927197 116.378532 62998.000000
39.927185 116.378525 62999.000000
39.927170 116.378525 63000.000000
39.927155 116.378525 63001.000000
39.927143 116.378532 63002.000000
39.927135 116.378532 63003.000000
39.927132 116.378525 63004.000000
39.927124 116.378525 63005.000000
39.927113 116.378525 63006.000000
39.927097 116.378532 63007.000000
39.927086 116.378532 63008.000000
39.927074 116.378532 63009.000000
39.927063 116.378532 63010.000000
39.927052 116.378532 63011.000000
39.927040 116.378532 63012.000000
39.927029 116.378540 63013.000000
39.927013 116.378548 63014.000000
39.927006 116.378548 63015.000000
39.926998 116.378540 63016.000000
39.926987 116.378540 63017.000000
39.926979 116.378540 63018.000000
39.926968 116.378548 63019.000000
39.926952 116.378555 63020.000000
39.926937 116.378555 63021.000000
39.926926 116.378563 63022.000000
39.926914 116.378563 63023.000000
39.926899 116.378571 63024.000000
39.926888 116.378571 63025.000000
39.926880 116.378578 63026.000000
39.926876 116.378578 63027.000000
39.926868 116.378578 63028.000000
39.926868 116.378586 63029.000000
39.926861 116.378578 63030.000000
39.926849 116.378578 63031.000000
39.926838 116.378586 63032.000000
39.926823 116.378593 63033.000000
39.926815 116.378593 63034.000000
39.926807 116.378593 63035.000000
39.926792 116.378593 63036.000000
39.926777 116.378601 63037.000000
39.926769 116.378601 63038.000000
39.926762 116.378609 63039.000000
39.926750 116.378609 63040.000000
39.926743 116.378609 63041.000000
39.926727 116.378601 63042.000000
39.926720 116.378601 63043.000000
39.926708 116.378609 63044.000000
39.926689 116.378601 63045.000000
39.926674 116.378601 63046.000000
39.926662 116.378593 63047.000000
39.926651 116.378586 63048.000000
39.926640 116.378578 63049.000000
39.926628 116.378571 63050.000000
39.926617 116.378571 63051.000000
39.926605 116.378571 63052.000000
39.926590 116.378571 63053.000000
39.926579 116.378586 63054.000000
39.926567 116.378593 63055.000000
39.926552 116.378593 63056.000000
39.926540 116.378593 63057.000000
39.926533 116.378593 63058.000000
39.926521 116.378593 63059.000000
39.926510 116.378586 63060.000000
39.926506 116.378593 63061.000000
39.926498 116.378593 63062.000000
39.926491 116.378593 63063.000000
39.926479 116.378586 63064.000000
39.926464 116.378586 63065.000000
39.926453 116.378578 63066.000000
39.926441 116.378578 63067.000000
39.926430 116.378586 63068.000000
39.926418 116.378586 63069.000000
39.926411 116.378578 63070.000000
39.926407 116.378586 63071.000000
39.926392 116.378601 63072.000000
39.926380 116.378609 63073.000000
39.926365 116.378624 63074.000000
39.926361 116.378624 63075.000000
39.926357 116.378632 63076.000000
39.926353 116.378639 63077.000000
39.926346 116.378647 63078.000000
39.926338 116.378654 63079.000000
39.926331 116.378662 63080.000000
39.926327 116.378677 63081.000000
39.926319 116.378693 63082.000000
39.926311 116.378708 63083.000000
39.926304 116.378716 63084.000000
39.926300 116.378723 63085.000000
39.926285 116.378731 63086.000000
39.926281 116.378738 63087.000000
39.926273 116.378738 63088.000000
39.926266 116.378746 63089.000000
39.926258 116.378746 63090.000000
39.926250 116.378746 63091.000000
39.926243 116.378746 63092.000000
39.926235 116.378746 63093.000000
39.926224 116.378746 63094.000000
39.926216 116.378746 63095.000000
39.926201 116.378754 63096.000000
39.926193 116.378754 63097.000000
39.926186 116.378754 63098.000000
39.926178 116.378754 63099.000000
39.926167 116.378754 63100.000000
39.926155 116.378761 63101.000000
39.926147 116.378761 63102.000000
39.926140 116.378761 63103.000000
39.926132 116.378761 63104.000000
39.926121 116.378769 63105.000000
39.926113 116.378769 63106.000000
39.926102 116.378777 63107.000000
39.926094 116.378777 63108.000000
39.926086 116.378777 63109.000000
39.926075 116.378777 63110.000000
39.926067 116.378784 63111.000000
39.926060 116.378792 63112.000000
39.926048 116.378792 63113.000000
39.926041 116.378792 63114.000000
39.926025 116.378792 63115.000000
39.926018 116.378799 63116.000000
39.926003 116.378799 63117.000000
39.925991 116.378799 63118.000000
39.925976 116.378799 63119.000000
39.925964 116.378799 63120.000000
39.925953 116.378792 63121.000000
39.925941 116.378792 63122.000000
39.925934 116.378777 63123.000000
39.925926 116.378769 63124.000000
39.925919 116.378754 63125.000000
39.925911 116.378746 63126.000000
39.925903 116.378738 63127.000000
39.925896 116.378738 63128.000000
39.925884 116.378731 63129.000000
39.925877 116.378731 63130.000000
39.925865 116.378731 63131.000000
39.925854 116.378731 63132.000000
39.925846 116.378731 63133.000000
39.925838 116.378738 63134.000000
39.925827 116.378738 63135.000000
39.925816 116.378738 63136.000000
39.925804 116.378738 63137.000000
39.925793 116.378746 63138.000000
39.925781 116.378746 63139.000000
39.925774 116.378746 63140.000000
39.925766 116.378738 63141.000000
39.925758 116.378738 63142.000000
39.925751 116.378738 63143.000000
39.925739 116.378738 63144.000000
39.925735 116.378746 63145.000000
39.925724 116.378746 63146.000000
39.925716 116.378746 63147.000000
39.925705 116.378738 63148.000000
39.925694 116.378738 63149.000000
39.925678 116.378738 63150.000000
39.925674 116.378731 63151.000000
39.925663 116.378723 63152.000000
39.925652 116.378723 63153.000000
39.925640 116.378731 63154.000000
39.925629 116.378731 63155.000000
39.925613 116.378738 63156.000000
39.925606 116.378754 63157.000000
39.925598 116.378746 63158.000000
39.925587 116.378738 63159.000000
39.925575 116.378746 63160.000000
39.925568 116.378746 63161.000000
39.925560 116.378746 63162.000000
39.925552 116.378746 63163.000000
39.925533 116.378769 63164.000000
39.925522 116.378777 63165.000000
39.925503 116.378777 63166.000000
39.925488 116.378777 63167.000000
39.925472 116.378777 63168.000000
39.925465 116.378769 63169.000000
39.925449 116.378769 63170.000000
39.925438 116.378777 63171.000000
39.925423 116.378777 63172.000000
39.925415 116.378777 63173.000000
39.925400 116.378784 63174.000000
39.925388 116.378784 63175.000000
39.925377 116.378784 63176.000000
39.925365 116.378777 63177.000000
39.925358 116.378784 63178.000000
39.925343 116.378792 63179.000000
39.925327 116.378799 63180.000000
39.925320 116.378807 63181.000000
39.925301 116.378815 63182.000000
39.925285 116.378830 63183.000000
39.925278 116.378838 63184.000000
39.925262 116.378845 63185.000000
39.925251 116.378853 63186.000000
39.925240 116.378853 63187.000000
39.925228 116.378860 63188.000000
39.925220 116.378860 63189.000000
39.925213 116.378853 63190.000000
39.925205 116.378853 63191.000000
39.925201 116.378845 63193.000000
39.925194 116.378845 63194.000000
39.925190 116.378845 63195.000000
39.925182 116.378845 63196.000000
39.925175 116.378845 63197.000000
39.925167 116.378845 63198.000000
39.925159 116.378845 63199.000000
39.925148 116.378853 63200.000000
39.925137 116.378860 63201.000000
39.925129 116.378860 63202.000000
39.925121 116.378860 63203.000000
39.925110 116.378868 63204.000000
39.925098 116.378868 63205.000000
39.925091 116.378868 63206.000000
39.925079 116.378868 63207.000000
39.925068 116.378868 63208.000000
39.925056 116.378868 63209.000000
39.925049 116.378876 63210.000000
39.925041 116.378876 63211.000000
39.925034 116.378876 63212.000000
39.925018 116.378883 63213.000000
39.925011 116.378899 63214.000000
39.924999 116.378899 63215.000000
39.924988 116.378899 63216.000000
39.924976 116.378899 63217.000000
39.924965 116.378906 63218.000000
39.924957 116.378906 63219.000000
39.924950 116.378906 63220.000000
39.924942 116.378906 63221.000000
39.924931 116.378914 63222.000000
39.924919 116.378922 63223.000000
39.924911 116.378922 63224.000000
39.924908 116.378929 63225.000000
39.924896 116.378937 63226.000000
39.924885 116.378944 63227.000000
39.924873 116.378952 63228.000000
39.924862 116.378952 63229.000000
39.924854 116.378960 63230.000000
39.924847 116.378960 63231.000000
39.924843 116.378967 63232.000000
39.924835 116.378967 63233.000000
39.924824 116.378967 63234.000000
39.924812 116.378975 63235.000000
39.924805 116.378983 63236.000000
39.924793 116.378990 63237.000000
39.924782 116.378990 63238.000000
39.924767 116.378998 63239.000000
39.924755 116.379005 63240.000000
39.924747 116.379013 63241.000000
39.924740 116.379013 63242.000000
39.924717 116.379044 63243.000000
39.924706 116.379044 63244.000000
39.924702 116.379044 63245.000000
39.924694 116.379044 63246.000000
39.924686 116.379044 63247.000000
39.924675 116.379044 63248.000000
39.924664 116.379044 63249.000000
39.924652 116.379044 63250.000000
39.924641 116.379051 63251.000000
39.924633 116.379051 63252.000000
39.924622 116.379051 63253.000000
39.924610 116.379059 63254.000000
39.924595 116.379066 63255.000000
39.924583 116.379082 63256.000000
39.924572 116.379089 63257.000000
39.924564 116.379097 63258.000000
39.924553 116.379105 63259.000000
39.924541 116.379105 63260.000000
39.924534 116.379105 63261.000000
39.924526 116.379105 63262.000000
39.924519 116.379105 63263.000000
39.924511 116.379097 63264.000000
39.924503 116.379097 63265.000000
39.924488 116.379089 63266.000000
39.924484 116.379082 63267.000000
39.924469 116.379082 63268.000000
39.924461 116.379082 63269.000000
39.924450 116.379066 63270.000000
39.924442 116.379059 63271.000000
39.924431 116.379059 63272.000000
39.924423 116.379059 63273.000000
39.924416 116.379051 63274.000000
39.924404 116.379051 63275.000000
39.924397 116.379051 63276.000000
39.924385 116.379051 63277.000000
39.924374 116.379051 63278.000000
39.924366 116.379059 63279.000000
39.924358 116.379066 63280.000000
39.924351 116.379074 63281.000000
39.924339 116.379089 63282.000000
39.924332 116.379105 63283.000000
39.924332 116.379112 63284.000000
39.924328 116.379120 63285.000000
39.924324 116.379135 63286.000000
39.924320 116.379143 63287.000000
39.924316 116.379158 63288.000000
39.924309 116.379166 63289.000000
39.924305 116.379166 63290.000000
39.924294 116.379173 63291.000000
39.924278 116.379181 63292.000000
39.924267 116.379181 63293.000000
39.924259 116.379181 63294.000000
39.924252 116.379189 63295.000000
39.924252 116.379196 63297.000000
39.924244 116.379204 63299.000000
39.924240 116.379204 63300.000000
39.924229 116.379211 63301.000000
39.924221 116.379211 63302.000000
39.924210 116.379211 63303.000000
39.924198 116.379211 63304.000000
39.924187 116.379211 63305.000000
39.924183 116.379219 63306.000000
39.924175 116.379219 63307.000000
39.924168 116.379227 63308.000000
39.924160 116.379227 63309.000000
39.924152 116.379234 63310.000000
39.924149 116.379242 63311.000000
39.924141 116.379250 63312.000000
39.924133 116.379242 63313.000000
39.924122 116.379250 63314.000000
39.924114 116.379250 63315.000000
39.924103 116.379257 63316.000000
39.924088 116.379265 63317.000000
39.924076 116.379265 63318.000000
39.924068 116.379265 63319.000000
39.924053 116.379272 63320.000000
39.924042 116.379272 63321.000000
39.924026 116.379280 63322.000000
39.924011 116.379288 63323.000000
39.923992 116.379295 63324.000000
39.923981 116.379295 63325.000000
39.923969 116.379303 63326.000000
39.923958 116.379311 63327.000000
39.923946 116.379318 63328.000000
39.923935 116.379318 63329.000000
39.923923 116.379326 63330.000000
39.923916 116.379326 63331.000000
39.923908 116.379333 63332.000000
39.923897 116.379333 63333.000000
39.923885 116.379341 63334.000000
39.923870 116.379349 63335.000000
39.923859 116.379349 63336.000000
39.923843 116.379349 63337.000000
39.923832 116.379356 63338.000000
39.923820 116.379356 63339.000000
39.923809 116.379356 63340.000000
39.923801 116.379356 63341.000000
39.923790 116.379356 63342.000000
39.923779 116.379356 63343.000000
39.923763 116.379356 63344.000000
39.923752 116.379364 63345.000000
39.923733 116.379372 63346.000000
39.923721 116.379379 63347.000000
39.923710 116.379379 63348.000000
39.923698 116.379387 63349.000000
39.923691 116.379395 63350.000000
39.923683 116.379395 63351.000000
39.923672 116.379402 63352.000000
39.923660 116.379395 63353.000000
39.923653 116.379402 63354.000000
39.923641 116.379402 63355.000000
39.923630 116.379410 63356.000000
39.923618 116.379410 63357.000000
39.923607 116.379425 63358.000000
39.923595 116.379433 63359.000000
39.923588 116.379440 63360.000000
39.923580 116.379440 63361.000000
39.923569 116.379448 63362.000000
39.923561 116.379448 63363.000000
39.923553 116.379456 63364.000000
39.923538 116.379463 63365.000000
39.923527 116.379463 63366.000000
39.923519 116.379463 63367.000000
39.923508 116.379471 63368.000000
39.923500 116.379471 63369.000000
39.923489 116.379471 63370.000000
39.923481 116.379471 63371.000000
39.923473 116.379471 63372.000000
39.923462 116.379478 63373.000000
39.923454 116.379478 63374.000000
39.923447 116.379478 63375.000000
39.923435 116.379486 63376.000000
39.923424 116.379486 63377.000000
39.923416 116.379494 63378.000000
39.923409 116.379501 63379.000000
39.923397 116.379517 63380.000000
39.923386 116.379524 63381.000000
39.923378 116.379532 63382.000000
39.923367 116.379532 63383.000000
39.923359 116.379532 63384.000000
39.923351 116.379539 63385.000000
39.923340 116.379539 63386.000000
39.923332 116.379547 63387.000000
39.923325 116.379547 63388.000000
39.923317 116.379555 63389.000000
39.923313 116.379555 63390.000000
39.923306 116.379562 63391.000000
39.923298 116.379570 63392.000000
39.923290 116.379578 63393.000000
39.923283 116.379578 63394.000000
39.923275 116.379585 63395.000000
39.923264 116.379585 63396.000000
39.923260 116.379593 63397.000000
39.923248 116.379601 63398.000000
39.923237 116.379608 63399.000000
39.923225 116.379616 63400.000000
39.923218 116.379623 63401.000000
39.923203 116.379639 63402.000000
39.923195 116.379646 63403.000000
39.923183 116.379654 63404.000000
39.923172 116.379662 63405.000000
39.923164 116.379662 63406.000000
39.923157 116.379669 63407.000000
39.923145 116.379684 63408.000000
39.923134 116.379692 63409.000000
39.923119 116.379715 63410.000000
39.923111 116.379715 63411.000000
39.923096 116.379730 63412.000000
39.923088 116.379738 63413.000000
39.923084 116.379745 63414.000000
39.923077 116.379753 63415.000000
39.923065 116.379768 63416.000000
39.923061 116.379784 63417.000000
39.923054 116.379791 63418.000000
39.923046 116.379791 63419.000000
39.923042 116.379807 63420.000000
39.923038 116.379814 63421.000000
39.923031 116.379822 63422.000000
39.923019 116.379829 63423.000000
39.923012 116.379837 63424.000000
39.923004 116.379845 63425.000000
39.922997 116.379852 63426.000000
39.922993 116.379852 63427.000000
39.922985 116.379852 63428.000000
39.922977 116.379852 63429.000000
39.922966 116.379860 63430.000000
39.922951 116.379868 63431.000000
39.922943 116.379875 63432.000000
39.922935 116.379875 63433.000000
39.922928 116.379875 63434.000000
39.922920 116.379883 63435.000000
39.922905 116.379898 63436.000000
39.922894 116.379898 63437.000000
39.922886 116.379898 63438.000000
39.922874 116.379906 63439.000000
39.922867 116.379906 63440.000000
39.922859 116.379913 63441.000000
39.922852 116.379929 63442.000000
39.922840 116.379936 63443.000000
39.922825 116.379944 63444.000000
39.922813 116.379951 63445.000000
39.922798 116.379967 63446.000000
39.922787 116.379967 63447.000000
39.922771 116.379967 63448.000000
39.922760 116.379974 63449.000000
39.922752 116.379974 63450.000000
39.922741 116.379974 63451.000000
39.922733 116.379974 63452.000000
39.922722 116.379982 63453.000000
39.922710 116.379990 63454.000000
39.922703 116.379990 63455.000000
39.922695 116.379997 63456.000000
39.922688 116.379997 63457.000000
39.922684 116.379997 63458.000000
39.922672 116.379997 63459.000000
39.922665 116.379997 63460.000000
39.922657 116.379997 63461.000000
39.922649 116.380005 63462.000000
39.922642 116.380005 63463.000000
39.922626 116.380005 63464.000000
39.922615 116.380005 63465.000000
39.922600 116.380013 63466.000000
39.922585 116.380020 63467.000000
39.922573 116.380028 63468.000000
39.922550 116.380058 63469.000000
39.922535 116.380066 63470.000000
39.922523 116.380066 63471.000000
39.922516 116.380066 63472.000000
39.922508 116.380074 63473.000000
39.922497 116.380081 63474.000000
39.922485 116.380081 63475.000000
39.922470 116.380081 63476.000000
39.922459 116.380081 63477.000000
39.922451 116.380074 63478.000000
39.922443 116.380081 63479.000000
39.922428 116.380081 63480.000000
39.922417 116.380081 63481.000000
39.922405 116.380089 63482.000000
39.922398 116.380089 63483.000000
39.922386 116.380096 63484.000000
39.922379 116.380096 63485.000000
39.922367 116.380096 63486.000000
39.922359 116.380096 63487.000000
39.922337 116.380119 63488.000000
39.922329 116.380119 63489.000000
39.922321 116.380127 63490.000000
39.922310 116.380127 63491.000000
39.922302 116.380127 63492.000000
39.922291 116.380127 63493.000000
39.922272 116.380127 63494.000000
39.922256 116.380135 63495.000000
39.922241 116.380142 63496.000000
39.922230 116.380142 63497.000000
39.922215 116.380142 63498.000000
39.922203 116.380142 63499.000000
39.922192 116.380135 63500.000000
39.922180 116.380135 63501.000000
39.922165 116.380135 63502.000000
39.922157 116.380135 63503.000000
39.922150 116.380135 63504.000000
39.922142 116.380135 63505.000000
39.922123 116.380135 63506.000000
39.922104 116.380142 63507.000000
39.922092 116.380142 63508.000000
39.922077 116.380150 63509.000000
39.922070 116.380150 63510.000000
39.922058 116.380150 63511.000000
39.922054 116.380157 63512.000000
39.922043 116.380157 63513.000000
39.922028 116.380173 63514.000000
39.922012 116.380180 63515.000000
39.922001 116.380173 63516.000000
39.921989 116.380165 63517.000000
39.921974 116.380165 63518.000000
39.921963 116.380165 63519.000000
39.921951 116.380165 63520.000000
39.921940 116.380173 63521.000000
39.921928 116.380173 63522.000000
39.921925 116.380173 63523.000000
39.921902 116.380188 63524.000000
39.921886 116.380196 63525.000000
39.921875 116.380203 63526.000000
39.921860 116.380203 63527.000000
39.921844 116.380211 63528.000000
39.921833 116.380211 63529.000000
39.921822 116.380203 63530.000000
39.921803 116.380211 63531.000000
39.921795 116.380211 63532.000000
39.921787 116.380211 63533.000000
39.921776 116.380211 63534.000000
39.921761 116.380211 63535.000000
39.921745 116.380211 63536.000000
39.921738 116.380211 63537.000000
39.921730 116.380211 63538.000000
39.921726 116.380211 63539.000000
39.921711 116.380219 63540.000000
39.921703 116.380219 63541.000000
39.921688 116.380219 63542.000000
39.921677 116.380219 63543.000000
39.921661 116.380226 63544.000000
39.921646 116.380234 63545.000000
39.921635 116.380234 63546.000000
39.921623 116.380234 63547.000000
39.921604 116.380241 63548.000000
39.921593 116.380241 63549.000000
39.921585 116.380234 63550.000000
39.921577 116.380226 63551.000000
39.921570 116.380226 63552.000000
39.921558 116.380226 63553.000000
39.921543 116.380219 63554.000000
39.921532 116.380219 63555.000000
39.921528 116.380219 63556.000000
39.921520 116.380226 63557.000000
39.921509 116.380226 63558.000000
39.921501 116.380226 63559.000000
39.921494 116.380226 63560.000000
39.921486 116.380226 63561.000000
39.921478 116.380226 63562.000000
39.921471 116.380226 63563.000000
39.921463 116.380219 63564.000000
39.921452 116.380219 63565.000000
39.921444 116.380219 63566.000000
39.921436 116.380211 63567.000000
39.921425 116.380219 63568.000000
39.921417 116.380226 63569.000000
39.921406 116.380219 63570.000000
39.921394 116.380219 63571.000000
39.921387 116.380219 63572.000000
39.921371 116.380219 63573.000000
39.921368 116.380211 63574.000000
39.921356 116.380211 63575.000000
39.921352 116.380211 63576.000000
39.921345 116.380211 63577.000000
39.921333 116.380211 63578.000000
39.921314 116.380211 63583.000000
39.921299 116.380219 63584.000000
39.921234 116.380554 63666.000000
39.921234 116.380577 63667.000000
39.921234 116.380585 63668.000000
39.921227 116.380600 63669.000000
39.921227 116.380608 63670.000000
39.921223 116.380615 63671.000000
39.921219 116.380630 63672.000000
39.921219 116.380638 63673.000000
39.921215 116.380653 63674.000000
39.921207 116.380661 63675.000000
39.921204 116.380669 63676.000000
39.921204 116.380676 63677.000000
39.921204 116.380692 63678.000000
39.921204 116.380699 63679.000000
39.921204 116.380714 63680.000000
39.921204 116.380730 63681.000000
39.921207 116.380745 63682.000000
39.921204 116.380753 63683.000000
39.921200 116.380768 63684.000000
39.921200 116.380783 63685.000000
39.921196 116.380798 63686.000000
39.921200 116.380814 63687.000000
39.921200 116.380829 63688.000000
39.921200 116.380844 63689.000000
39.921200 116.380859 63690.000000
39.921200 116.380867 63691.000000
39.921215 116.380875 63692.000000
39.921257 116.380920 63701.000000
39.921249 116.380920 63702.000000
39.921242 116.380928 63703.000000
39.921242 116.380943 63704.000000
39.921242 116.380959 63705.000000
39.921242 116.380974 63706.000000
39.921242 116.380981 63707.000000
39.921238 116.380997 63708.000000
39.921234 116.381012 63709.000000
39.921234 116.381027 63710.000000
39.921234 116.381050 63711.000000
39.921238 116.381058 63712.000000
39.921238 116.381073 63713.000000
39.921234 116.381088 63714.000000
39.921234 116.381104 63715.000000
39.921230 116.381111 63716.000000
39.921230 116.381119 63717.000000
39.921230 116.381134 63718.000000
39.921227 116.381149 63719.000000
39.921227 116.381157 63720.000000
39.921227 116.381172 63721.000000
39.921227 116.381180 63722.000000
39.921227 116.381195 63723.000000
39.921230 116.381210 63724.000000
39.921238 116.381218 63725.000000
39.921242 116.381233 63726.000000
39.921242 116.381241 63727.000000
39.921246 116.381256 63728.000000
39.921246 116.381264 63729.000000
39.921242 116.381279 63730.000000
39.921238 116.381287 63731.000000
39.921242 116.381302 63732.000000
39.921238 116.381317 63733.000000
39.921230 116.381325 63734.000000
39.921230 116.381332 63735.000000
39.921230 116.381348 63736.000000
39.921230 116.381363 63737.000000
39.921230 116.381378 63738.000000
39.921230 116.381393 63739.000000
39.921230 116.381416 63740.000000
39.921230 116.381432 63741.000000
39.921230 116.381447 63742.000000
39.921230 116.381462 63743.000000
39.921227 116.381477 63744.000000
39.921227 116.381493 63745.000000
39.921230 116.381508 63746.000000
39.921230 116.381523 63747.000000
39.921230 116.381538 63748.000000
39.921230 116.381554 63749.000000
39.921230 116.381577 63750.000000
39.921227 116.381592 63751.000000
39.921227 116.381607 63752.000000
39.921227 116.381630 63753.000000
39.921227 116.381645 63754.000000
39.921227 116.381660 63755.000000
39.921230 116.381668 63756.000000
39.921234 116.381683 63757.000000
39.921234 116.381691 63758.000000
39.921238 116.381706 63759.000000
39.921242 116.381721 63760.000000
39.921242 116.381729 63761.000000
39.921246 116.381744 63762.000000
39.921246 116.381760 63763.000000
39.921246 116.381775 63764.000000
39.921249 116.381783 63765.000000
39.921249 116.381798 63766.000000
39.921249 116.381805 63767.000000
39.921246 116.381821 63768.000000
39.921246 116.381836 63769.000000
39.921249 116.381844 63770.000000
39.921249 116.381859 63771.000000
39.921253 116.381866 63772.000000
39.921253 116.381889 63773.000000
39.921253 116.381905 63774.000000
39.921257 116.381920 63775.000000
39.921261 116.381935 63776.000000
39.921265 116.381943 63777.000000
39.921265 116.381950 63778.000000
39.921265 116.381958 63779.000000
39.921257 116.381981 63780.000000
39.921261 116.381989 63781.000000
39.921257 116.382004 63782.000000
39.921257 116.382011 63783.000000
39.921257 116.382027 63784.000000
39.921257 116.382042 63785.000000
39.921257 116.382050 63786.000000
39.921261 116.382065 63787.000000
39.921268 116.382072 63788.000000
39.921268 116.382088 63789.000000
39.921272 116.382095 63790.000000
39.921272 116.382111 63791.000000
39.921276 116.382126 63792.000000
39.921276 116.382133 63793.000000
39.921276 116.382149 63794.000000
39.921276 116.382172 63795.000000
39.921272 116.382187 63796.000000
39.921268 116.382210 63797.000000
39.921265 116.382225 63798.000000
39.921261 116.382240 63799.000000
39.921261 116.382248 63800.000000
39.921253 116.382256 63801.000000
39.921249 116.382263 63802.000000
39.921249 116.382271 63803.000000
39.921249 116.382278 63804.000000
39.921242 116.382286 63805.000000
39.921242 116.382294 63806.000000
39.921230 116.382309 63807.000000
39.921230 116.382324 63808.000000
39.921230 116.382332 63809.000000
39.921227 116.382339 63810.000000
39.921223 116.382355 63811.000000
39.921219 116.382362 63812.000000
39.921219 116.382370 63813.000000
39.921219 116.382378 63814.000000
39.921211 116.382385 63815.000000
39.921204 116.382401 63816.000000
39.921192 116.382408 63817.000000
39.921185 116.382416 63818.000000
39.921185 116.382431 63819.000000
39.921177 116.382439 63820.000000
39.921173 116.382454 63821.000000
39.921162 116.382462 63822.000000
39.921154 116.382469 63823.000000
39.921146 116.382477 63824.000000
39.921146 116.382492 63825.000000
39.921143 116.382500 63826.000000
39.921139 116.382507 63827.000000
39.921135 116.382523 63828.000000
39.921124 116.382538 63829.000000
39.921116 116.382545 63830.000000
39.921043 116.382881 63909.000000
39.921043 116.382896 63910.000000
39.921040 116.382904 63911.000000
39.921032 116.382927 63912.000000
39.921036 116.382935 63913.000000
39.921036 116.382950 63914.000000
39.921032 116.382950 63915.000000
39.921066 116.382957 63925.000000
39.921070 116.382950 63926.000000
39.921070 116.382935 63927.000000
39.921070 116.382927 63928.000000
39.921070 116.382912 63929.000000
39.921070 116.382896 63930.000000
39.921070 116.382889 63931.000000
39.921070 116.382881 63932.000000
39.921028 116.382866 63950.000000
39.921021 116.382866 63951.000000
39.921021 116.382866 63952.000000
39.921021 116.382866 63956.000000
39.921024 116.382858 63958.000000
39.921036 116.382843 63976.000000
39.921059 116.382874 64004.000000
39.921051 116.382874 64005.000000
39.921051 116.382874 64006.000000
39.921051 116.382874 64008.000000
39.921047 116.382881 64010.000000
39.921078 116.382881 64017.000000
39.921078 116.382881 64021.000000
39.921074 116.382881 64023.000000
39.921062 116.382889 64027.000000
39.921059 116.382912 64038.000000
39.921043 116.382904 64066.000000
39.921043 116.382904 64067.000000
39.921040 116.382904 64075.000000
39.921036 116.382896 64076.000000
39.921017 116.382896 64079.000000
39.921013 116.382912 64080.000000
39.921013 116.382912 64086.000000
39.921021 116.382912 64088.000000
39.921040 116.382889 64092.000000
39.921043 116.382881 64093.000000
39.921043 116.382874 64094.000000
39.921047 116.382874 64097.000000
