39.975087 116.457241 34741.000000
39.975078 116.457279 34746.000000
39.975050 116.457319 34751.000000
39.975008 116.457366 34756.000000
39.975000 116.457328 34761.000000
39.975005 116.457409 34766.000000
39.975004 116.457392 34771.000000
39.974992 116.457388 34776.000000
39.974978 116.457384 34781.000000
39.974977 116.457383 34786.000000
39.974977 116.457383 34789.000000
39.974977 116.457383 34791.000000
39.974948 116.457366 34796.000000
39.974903 116.457322 34801.000000
39.974819 116.457290 34806.000000
39.974795 116.457223 34811.000000
39.974770 116.457165 34816.000000
39.974757 116.457172 34821.000000
39.974755 116.457172 34826.000000
39.974758 116.457172 34831.000000
39.974762 116.457172 34836.000000
39.974766 116.457172 34841.000000
39.974766 116.457172 34844.000000
39.974773 116.457171 34846.000000
39.974801 116.457151 34851.000000
39.974815 116.457145 34856.000000
39.974815 116.457145 34861.000000
39.974815 116.457145 34864.000000
39.974823 116.457145 34866.000000
39.975046 116.457151 34871.000000
39.975057 116.457157 34876.000000
39.975057 116.457157 34879.000000
39.975056 116.457156 34881.000000
39.974940 116.457192 34886.000000
39.974913 116.457208 34891.000000
39.974915 116.457207 34896.000000
39.974913 116.457207 34901.000000
39.974912 116.457207 34906.000000
39.974912 116.457207 34909.000000
39.974909 116.457206 34911.000000
39.974897 116.457186 34916.000000
39.974848 116.457134 34921.000000
39.974812 116.457066 34926.000000
39.974787 116.456993 34931.000000
39.974781 116.456918 34936.000000
39.974805 116.456849 34941.000000
39.974827 116.456793 34946.000000
39.974859 116.456753 34951.000000
39.974853 116.456701 34956.000000
39.974866 116.456643 34961.000000
39.974887 116.456573 34966.000000
39.974901 116.456509 34971.000000
39.974931 116.456472 34976.000000
39.974964 116.456416 34981.000000
39.975001 116.456361 34986.000000
39.975025 116.456303 34991.000000
39.975066 116.456251 34996.000000
39.975097 116.456191 35001.000000
39.975130 116.456150 35006.000000
39.975168 116.456106 35011.000000
39.975196 116.456054 35016.000000
39.975227 116.456017 35021.000000
39.975275 116.455969 35026.000000
39.975310 116.455904 35031.000000
39.975336 116.455857 35036.000000
39.975352 116.455799 35041.000000
39.975377 116.455744 35046.000000
39.975420 116.455693 35051.000000
39.975461 116.455652 35056.000000
39.975508 116.455586 35061.000000
39.975545 116.455545 35066.000000
39.975601 116.455486 35071.000000
39.975634 116.455435 35076.000000
39.975667 116.455366 35081.000000
39.975682 116.455319 35086.000000
39.975716 116.455272 35091.000000
39.975741 116.455232 35096.000000
39.975772 116.455176 35101.000000
39.975803 116.455123 35106.000000
39.975845 116.455064 35111.000000
39.975883 116.455000 35116.000000
39.975927 116.454940 35121.000000
39.975960 116.454890 35126.000000
39.975997 116.454830 35131.000000
39.976014 116.454792 35136.000000
39.976054 116.454760 35141.000000
39.976092 116.454698 35146.000000
39.976123 116.454633 35151.000000
39.976180 116.454600 35156.000000
39.976216 116.454538 35161.000000
39.976273 116.454474 35166.000000
39.976306 116.454408 35171.000000
39.976355 116.454346 35176.000000
39.976387 116.454285 35181.000000
39.976411 116.454219 35186.000000
39.976454 116.454160 35191.000000
39.976483 116.454096 35196.000000
39.976519 116.454025 35201.000000
39.976541 116.453971 35206.000000
39.976559 116.453909 35211.000000
39.976585 116.453853 35216.000000
39.976627 116.453804 35221.000000
39.976651 116.453759 35226.000000
39.976675 116.453715 35231.000000
39.976683 116.453660 35236.000000
39.976702 116.453637 35241.000000
39.976713 116.453596 35246.000000
39.976743 116.453549 35251.000000
39.976776 116.453521 35256.000000
39.976769 116.453495 35261.000000
