39.990130 116.360216 16901.000000
39.990102 116.360164 16906.000000
39.990106 116.360051 16911.000000
39.990097 116.359946 16916.000000
39.990092 116.359895 16921.000000
39.990091 116.359825 16926.000000
39.990097 116.359768 16931.000000
39.990083 116.359744 16936.000000
39.990075 116.359766 16941.000000
39.990091 116.359769 16946.000000
39.990091 116.359769 16949.000000
39.990092 116.359768 16951.000000
39.990200 116.359883 16966.000000
39.990205 116.359899 16971.000000
39.990196 116.359952 16976.000000
39.990196 116.359952 16979.000000
39.990193 116.359958 16981.000000
39.990198 116.359924 16986.000000
39.990239 116.359905 16991.000000
39.990260 116.359864 16996.000000
39.990244 116.359893 17001.000000
39.990232 116.359910 17006.000000
39.990174 116.359896 17011.000000
39.990171 116.359968 17016.000000
39.990109 116.360058 17021.000000
39.990054 116.360137 17026.000000
39.989993 116.360266 17031.000000
39.989953 116.360359 17036.000000
39.989941 116.360408 17041.000000
39.989966 116.360439 17046.000000
39.989983 116.360470 17051.000000
39.990007 116.360470 17056.000000
39.990028 116.360454 17061.000000
39.990043 116.360475 17066.000000
39.990116 116.360481 17071.000000
39.990172 116.360482 17076.000000
39.990193 116.360502 17081.000000
39.990205 116.360505 17086.000000
39.990204 116.360507 17091.000000
39.990208 116.360499 17096.000000
