39.984688 116.352582 25646.000000
39.984705 116.352603 25648.000000
39.984606 116.352622 25650.000000
39.984661 116.352611 25652.000000
39.984639 116.352615 25654.000000
39.984639 116.352612 25656.000000
39.984639 116.352607 25658.000000
39.984628 116.352618 25660.000000
39.984616 116.352609 25662.000000
39.984613 116.352597 25664.000000
39.984618 116.352594 25666.000000
39.984620 116.352603 25668.000000
39.984642 116.352612 25670.000000
39.984642 116.352615 25672.000000
39.984650 116.352623 25674.000000
39.984666 116.352633 25676.000000
39.984671 116.352647 25678.000000
39.984679 116.352647 25680.000000
39.984679 116.352647 25682.000000
39.984681 116.352638 25684.000000
39.984678 116.352634 25686.000000
39.984678 116.352634 25688.000000
39.984678 116.352635 25690.000000
39.984680 116.352652 25692.000000
39.984682 116.352675 25694.000000
39.984673 116.352678 25696.000000
39.984664 116.352685 25698.000000
39.984657 116.352685 25700.000000
39.984656 116.352687 25702.000000
39.984655 116.352687 25704.000000
39.984655 116.352688 25706.000000
39.984654 116.352689 25708.000000
39.984642 116.352711 25710.000000
39.984613 116.352747 25712.000000
39.984586 116.352771 25714.000000
39.984547 116.352795 25716.000000
39.984508 116.352811 25718.000000
39.984468 116.352809 25720.000000
39.984424 116.352803 25722.000000
39.984367 116.352812 25724.000000
39.984302 116.352815 25726.000000
39.984231 116.352824 25728.000000
39.984172 116.352829 25730.000000
39.984128 116.352826 25732.000000
39.984094 116.352819 25734.000000
39.984061 116.352819 25736.000000
39.984036 116.352816 25738.000000
39.984016 116.352815 25740.000000
39.984011 116.352837 25742.000000
39.984035 116.352877 25744.000000
