39.968729 116.318822 32320.000000
39.967380 116.319360 32322.000000
39.967216 116.319464 32324.000000
39.967095 116.319538 32326.000000
39.966604 116.319466 32328.000000
39.966185 116.319481 32330.000000
39.966216 116.319443 32332.000000
39.966221 116.319462 32334.000000
39.966214 116.319535 32336.000000
39.966218 116.319596 32338.000000
39.966217 116.319658 32340.000000
39.966222 116.319702 32342.000000
39.966230 116.319736 32344.000000
39.966246 116.319753 32346.000000
39.966267 116.319759 32348.000000
39.966288 116.319752 32350.000000
39.966291 116.319717 32352.000000
39.966304 116.319689 32354.000000
39.966429 116.319625 32356.000000
39.966590 116.319556 32358.000000
39.966725 116.319486 32360.000000
39.966836 116.319429 32362.000000
39.966869 116.319411 32364.000000
39.966864 116.319750 32464.000000
39.966844 116.319764 32466.000000
39.966834 116.319801 32468.000000
39.966829 116.319835 32470.000000
39.966856 116.319853 32472.000000
39.966884 116.319876 32474.000000
39.966879 116.319917 32476.000000
39.966871 116.319953 32478.000000
39.966861 116.319984 32480.000000
39.966852 116.320016 32482.000000
39.966835 116.320047 32484.000000
39.966814 116.320066 32486.000000
39.966782 116.320098 32488.000000
39.966776 116.320129 32490.000000
39.966745 116.320152 32492.000000
39.966771 116.320152 32494.000000
39.966779 116.320161 32496.000000
39.966766 116.320148 32498.000000
39.966727 116.320144 32500.000000
39.966695 116.320144 32502.000000
39.966688 116.320139 32504.000000
39.966682 116.320126 32506.000000
39.966688 116.320113 32508.000000
39.966674 116.320110 32510.000000
39.966669 116.320105 32512.000000
39.966666 116.320107 32514.000000
39.966668 116.320105 32516.000000
39.966666 116.320095 32518.000000
39.966653 116.320090 32520.000000
39.966640 116.320088 32522.000000
39.966620 116.320071 32524.000000
39.966597 116.320049 32526.000000
39.966596 116.320050 32528.000000
39.966597 116.320048 32530.000000
39.966601 116.320046 32532.000000
39.966605 116.320043 32534.000000
39.966597 116.320011 32536.000000
39.966596 116.319994 32538.000000
39.966590 116.319982 32540.000000
39.966582 116.319979 32542.000000
39.966561 116.319974 32544.000000
39.966528 116.319958 32546.000000
39.966499 116.319915 32548.000000
39.966480 116.319913 32550.000000
39.966467 116.319918 32552.000000
39.966448 116.319889 32554.000000
39.966417 116.319839 32556.000000
39.966405 116.319828 32558.000000
39.966386 116.319810 32560.000000
39.966381 116.319805 32562.000000
39.966378 116.319798 32564.000000
