39.974419 116.374912 64290.000000
39.974371 116.374876 64295.000000
39.974336 116.374815 64300.000000
39.974357 116.374861 64305.000000
39.974349 116.374842 64310.000000
39.974348 116.374813 64315.000000
39.974333 116.374785 64320.000000
39.974317 116.374778 64325.000000
39.974315 116.374791 64330.000000
39.974315 116.374791 64333.000000
39.974316 116.374786 64335.000000
39.974270 116.374761 64340.000000
39.974216 116.374759 64345.000000
39.974169 116.374758 64350.000000
39.974118 116.374741 64355.000000
39.974111 116.374725 64360.000000
39.974104 116.374702 64365.000000
39.974108 116.374735 64370.000000
39.974089 116.374725 64375.000000
39.974050 116.374745 64380.000000
39.974021 116.374710 64385.000000
39.973970 116.374687 64390.000000
39.973904 116.374672 64395.000000
39.973829 116.374701 64400.000000
39.973817 116.374725 64405.000000
39.973812 116.374736 64410.000000
39.973775 116.374720 64415.000000
39.973709 116.374707 64420.000000
39.973701 116.374676 64425.000000
39.973650 116.374677 64430.000000
39.973617 116.374681 64435.000000
39.973566 116.374669 64440.000000
39.973516 116.374653 64445.000000
39.973475 116.374668 64450.000000
39.973464 116.374665 64455.000000
39.973427 116.374701 64460.000000
39.973433 116.374688 64465.000000
39.973433 116.374693 64470.000000
39.973435 116.374693 64475.000000
39.973434 116.374695 64480.000000
39.973434 116.374695 64483.000000
39.973433 116.374699 64485.000000
39.973401 116.374709 64490.000000
39.973419 116.374681 64495.000000
39.973418 116.374682 64500.000000
39.973416 116.374683 64505.000000
39.973416 116.374683 64508.000000
39.973414 116.374688 64510.000000
39.973379 116.374667 64515.000000
39.973339 116.374652 64520.000000
39.973299 116.374659 64525.000000
39.973259 116.374670 64530.000000
39.973215 116.374673 64535.000000
39.973181 116.374669 64540.000000
39.973166 116.374680 64545.000000
39.973162 116.374699 64550.000000
39.973140 116.374677 64555.000000
39.973120 116.374644 64560.000000
39.973077 116.374632 64565.000000
39.973041 116.374612 64570.000000
39.973010 116.374601 64575.000000
39.972974 116.374596 64580.000000
39.972943 116.374617 64585.000000
39.972943 116.374617 64588.000000
39.972941 116.374624 64590.000000
39.972918 116.374636 64595.000000
39.972896 116.374626 64600.000000
39.972874 116.374623 64605.000000
39.972873 116.374594 64610.000000
39.972860 116.374574 64615.000000
39.972833 116.374592 64620.000000
39.972798 116.374557 64625.000000
39.972753 116.374577 64630.000000
39.972696 116.374589 64635.000000
39.972634 116.374607 64640.000000
39.972591 116.374594 64645.000000
39.972545 116.374558 64650.000000
39.972475 116.374557 64655.000000
39.972468 116.374499 64660.000000
39.972390 116.374520 64665.000000
39.972359 116.374524 64670.000000
39.972359 116.374524 64673.000000
39.972358 116.374524 64675.000000
39.972374 116.374516 64680.000000
39.972374 116.374516 64683.000000
39.972375 116.374510 64685.000000
39.972234 116.374489 64690.000000
39.971982 116.374465 64695.000000
39.971567 116.374501 64700.000000
39.971191 116.374497 64705.000000
39.970626 116.374472 64710.000000
39.970001 116.374394 64715.000000
39.969289 116.374320 64720.000000
39.968533 116.374254 64725.000000
39.967786 116.374172 64730.000000
39.967043 116.374118 64735.000000
39.966374 116.374047 64740.000000
39.965720 116.373999 64745.000000
39.965120 116.373874 64750.000000
39.964513 116.373765 64755.000000
39.963964 116.373681 64760.000000
39.963382 116.373593 64765.000000
39.962830 116.373495 64770.000000
39.962375 116.373463 64775.000000
39.961843 116.373415 64780.000000
39.961234 116.373319 64785.000000
39.960566 116.373226 64790.000000
39.959939 116.373128 64795.000000
39.959567 116.373115 64800.000000
39.959319 116.373082 64805.000000
39.959043 116.373027 64810.000000
39.958595 116.372951 64815.000000
39.958128 116.372860 64820.000000
39.957760 116.372689 64825.000000
39.957510 116.372616 64830.000000
39.957289 116.372611 64835.000000
39.957094 116.372683 64840.000000
39.957114 116.372803 64845.000000
39.957141 116.372979 64850.000000
39.957441 116.373076 64855.000000
39.957802 116.373125 64860.000000
39.958259 116.373245 64865.000000
39.958680 116.373350 64870.000000
39.958724 116.373439 64875.000000
39.958903 116.373426 64880.000000
39.959079 116.373395 64885.000000
39.959239 116.373496 64890.000000
39.959467 116.373546 64895.000000
39.959789 116.373573 64900.000000
39.960049 116.373596 64905.000000
39.960321 116.373623 64910.000000
39.960639 116.373628 64915.000000
39.960931 116.373609 64920.000000
39.961058 116.373607 64925.000000
39.961260 116.373576 64930.000000
39.961505 116.373711 64935.000000
39.961589 116.373730 64940.000000
39.961610 116.373702 64945.000000
39.961620 116.373700 64950.000000
39.961634 116.373701 64955.000000
39.961649 116.373697 64960.000000
39.961658 116.373694 64965.000000
39.961628 116.373722 64970.000000
39.961603 116.373720 64975.000000
