39.905870 116.394988 47764.000000
39.905877 116.394995 47765.000000
39.905883 116.395013 47766.000000
39.905897 116.395057 47767.000000
39.905905 116.395093 47768.000000
39.905917 116.395137 47769.000000
39.905927 116.395192 47770.000000
39.905943 116.395245 47771.000000
39.905960 116.395285 47772.000000
39.905978 116.395325 47773.000000
39.905995 116.395363 47774.000000
39.906012 116.395398 47775.000000
39.906028 116.395433 47776.000000
39.906042 116.395480 47777.000000
39.906058 116.395523 47778.000000
39.906072 116.395568 47779.000000
39.906083 116.395615 47780.000000
39.906093 116.395660 47781.000000
39.906103 116.395705 47782.000000
39.906120 116.395753 47783.000000
39.906132 116.395812 47784.000000
39.906145 116.395867 47785.000000
39.906147 116.395918 47786.000000
39.906148 116.395967 47787.000000
39.906155 116.396015 47788.000000
39.906158 116.396060 47789.000000
39.906163 116.396103 47790.000000
39.906167 116.396143 47791.000000
39.906175 116.396180 47792.000000
39.906180 116.396227 47793.000000
39.906185 116.396278 47794.000000
39.906192 116.396335 47795.000000
39.906195 116.396398 47796.000000
39.906197 116.396472 47797.000000
39.906202 116.396547 47798.000000
39.906207 116.396633 47799.000000
39.906218 116.396723 47800.000000
39.906225 116.396822 47801.000000
39.906235 116.396922 47802.000000
39.906248 116.397030 47803.000000
39.906258 116.397143 47804.000000
39.906263 116.397273 47805.000000
39.906270 116.397398 47806.000000
39.906282 116.397518 47807.000000
39.906278 116.397645 47808.000000
39.906283 116.397767 47809.000000
39.906285 116.397893 47810.000000
39.906285 116.398022 47811.000000
39.906293 116.398147 47812.000000
39.906288 116.398268 47813.000000
39.906292 116.398380 47814.000000
39.906298 116.398480 47815.000000
39.906302 116.398578 47816.000000
39.906302 116.398680 47817.000000
39.906302 116.398783 47818.000000
39.906305 116.398892 47819.000000
39.906313 116.399003 47820.000000
39.906323 116.399125 47821.000000
39.906332 116.399248 47822.000000
39.906337 116.399373 47823.000000
39.906343 116.399500 47824.000000
39.906348 116.399628 47825.000000
39.906352 116.399748 47826.000000
39.906357 116.399868 47827.000000
39.906362 116.399987 47828.000000
39.906367 116.400108 47829.000000
39.906368 116.400228 47830.000000
39.906375 116.400340 47831.000000
39.906385 116.400450 47832.000000
39.906385 116.400563 47833.000000
39.906388 116.400685 47834.000000
39.906393 116.400817 47835.000000
39.906397 116.400948 47836.000000
39.906398 116.401080 47837.000000
39.906402 116.401207 47838.000000
39.906405 116.401338 47839.000000
39.906405 116.401480 47840.000000
39.906408 116.401615 47841.000000
39.906413 116.401752 47842.000000
39.906417 116.401890 47843.000000
39.906422 116.402027 47844.000000
39.906425 116.402163 47845.000000
39.906425 116.402302 47846.000000
39.906428 116.402437 47847.000000
39.906433 116.402573 47848.000000
39.906438 116.402708 47849.000000
39.906447 116.402843 47850.000000
39.906450 116.402973 47851.000000
39.906452 116.403103 47852.000000
39.906463 116.403243 47853.000000
39.906470 116.403382 47854.000000
39.906475 116.403525 47855.000000
39.906483 116.403675 47856.000000
39.906490 116.403825 47857.000000
39.906495 116.403973 47858.000000
39.906500 116.404122 47859.000000
39.906502 116.404265 47860.000000
39.906507 116.404402 47861.000000
39.906512 116.404527 47862.000000
39.906517 116.404645 47863.000000
39.906523 116.404760 47864.000000
39.906525 116.404870 47865.000000
39.906530 116.404978 47866.000000
39.906535 116.405085 47867.000000
39.906537 116.405193 47868.000000
39.906538 116.405297 47869.000000
39.906540 116.405402 47870.000000
39.906535 116.405507 47871.000000
39.906532 116.405608 47872.000000
39.906530 116.405707 47873.000000
39.906528 116.405798 47874.000000
39.906533 116.405883 47875.000000
39.906540 116.405948 47876.000000
39.906548 116.406005 47877.000000
39.906553 116.406057 47878.000000
39.906548 116.406095 47879.000000
39.906548 116.406115 47880.000000
39.906550 116.406125 47881.000000
39.906548 116.406138 47882.000000
39.906552 116.406155 47883.000000
39.906558 116.406175 47884.000000
39.906562 116.406202 47885.000000
39.906563 116.406230 47886.000000
39.906543 116.406272 47887.000000
39.906540 116.406302 47888.000000
39.906538 116.406332 47889.000000
39.906538 116.406352 47890.000000
39.906537 116.406372 47891.000000
39.906533 116.406392 47892.000000
39.906532 116.406408 47893.000000
39.906533 116.406417 47894.000000
39.906532 116.406427 47895.000000
39.906530 116.406440 47896.000000
39.906532 116.406482 47926.000000
39.906532 116.406485 47927.000000
39.906532 116.406492 47928.000000
39.906530 116.406500 47929.000000
39.906528 116.406537 47930.000000
39.906527 116.406572 47931.000000
39.906528 116.406602 47932.000000
39.906530 116.406617 47933.000000
39.906523 116.406688 47941.000000
39.906528 116.406713 47942.000000
39.906537 116.406747 47943.000000
39.906535 116.406780 47944.000000
39.906532 116.406827 47945.000000
39.906533 116.406895 47946.000000
39.906543 116.406997 47947.000000
39.906550 116.407085 47948.000000
39.906563 116.407183 47949.000000
39.906572 116.407282 47950.000000
39.906577 116.407395 47951.000000
39.906590 116.407517 47952.000000
39.906600 116.407645 47953.000000
39.906613 116.407767 47954.000000
39.906630 116.407888 47955.000000
39.906650 116.408023 47956.000000
39.906658 116.408165 47957.000000
39.906670 116.408307 47958.000000
39.906673 116.408453 47959.000000
39.906677 116.408598 47960.000000
39.906672 116.408747 47961.000000
39.906668 116.408892 47962.000000
39.906675 116.409022 47963.000000
39.906682 116.409148 47964.000000
39.906688 116.409265 47965.000000
39.906690 116.409370 47966.000000
39.906688 116.409468 47967.000000
39.906692 116.409557 47968.000000
39.906695 116.409637 47969.000000
39.906687 116.409715 47970.000000
39.906683 116.409780 47971.000000
39.906680 116.409840 47972.000000
39.906685 116.409902 47973.000000
39.906683 116.409962 47974.000000
39.906678 116.410032 47975.000000
39.906687 116.410102 47976.000000
39.906693 116.410168 47977.000000
39.906685 116.410248 47978.000000
39.906678 116.410327 47979.000000
39.906685 116.410400 47980.000000
39.906687 116.410472 47981.000000
39.906627 116.410582 47982.000000
39.906605 116.410663 47983.000000
39.906598 116.410733 47984.000000
39.906600 116.410803 47985.000000
39.906605 116.410875 47986.000000
39.906610 116.410955 47987.000000
39.906617 116.411032 47988.000000
39.906627 116.411110 47989.000000
39.906633 116.411188 47990.000000
39.906638 116.411257 47991.000000
39.906643 116.411327 47992.000000
39.906653 116.411393 47993.000000
39.906660 116.411460 47994.000000
39.906667 116.411528 47995.000000
39.906677 116.411597 47996.000000
39.906685 116.411665 47997.000000
39.906688 116.411727 47998.000000
39.906695 116.411793 47999.000000
39.906700 116.411853 48000.000000
39.906707 116.411908 48001.000000
39.906717 116.411960 48002.000000
39.906720 116.412018 48003.000000
39.906717 116.412087 48004.000000
39.906708 116.412165 48005.000000
39.906707 116.412245 48006.000000
39.906705 116.412332 48007.000000
39.906710 116.412423 48008.000000
39.906713 116.412522 48009.000000
39.906718 116.412623 48010.000000
39.906733 116.412730 48011.000000
39.906723 116.412852 48012.000000
39.906725 116.412968 48013.000000
39.906718 116.413085 48014.000000
39.906725 116.413197 48015.000000
39.906723 116.413315 48016.000000
39.906722 116.413440 48017.000000
39.906727 116.413563 48018.000000
39.906728 116.413683 48019.000000
39.906730 116.413803 48020.000000
39.906735 116.413920 48021.000000
39.906738 116.414038 48022.000000
39.906738 116.414158 48023.000000
39.906742 116.414280 48024.000000
39.906745 116.414398 48025.000000
39.906755 116.414515 48026.000000
39.906760 116.414632 48027.000000
39.906762 116.414747 48028.000000
39.906768 116.414865 48029.000000
39.906770 116.414980 48030.000000
39.906775 116.415105 48031.000000
39.906778 116.415230 48032.000000
39.906785 116.415355 48033.000000
39.906788 116.415482 48034.000000
39.906792 116.415617 48035.000000
39.906782 116.415755 48036.000000
39.906783 116.415897 48037.000000
39.906783 116.416030 48038.000000
39.906782 116.416170 48039.000000
39.906787 116.416308 48040.000000
39.906792 116.416447 48041.000000
39.906792 116.416575 48042.000000
39.906790 116.416693 48043.000000
39.906795 116.416805 48044.000000
39.906793 116.416920 48045.000000
39.906800 116.417042 48046.000000
39.906805 116.417163 48047.000000
39.906805 116.417280 48048.000000
39.906810 116.417398 48049.000000
39.906815 116.417517 48050.000000
39.906818 116.417630 48051.000000
39.906818 116.417745 48052.000000
39.906828 116.417862 48053.000000
39.906832 116.417970 48054.000000
39.906837 116.418088 48055.000000
39.906820 116.418215 48056.000000
39.906815 116.418343 48057.000000
39.906815 116.418467 48058.000000
39.906815 116.418587 48059.000000
39.906817 116.418700 48060.000000
39.906820 116.418805 48061.000000
39.906825 116.418902 48062.000000
39.906832 116.419002 48063.000000
39.906845 116.419105 48064.000000
39.906852 116.419198 48065.000000
39.906853 116.419292 48066.000000
39.906862 116.419380 48067.000000
39.906867 116.419467 48068.000000
39.906865 116.419548 48069.000000
39.906865 116.419637 48070.000000
39.906872 116.419722 48071.000000
39.906872 116.419810 48072.000000
39.906872 116.419898 48073.000000
39.906875 116.419987 48074.000000
39.906870 116.420067 48075.000000
39.906870 116.420148 48076.000000
39.906873 116.420238 48077.000000
39.906868 116.420332 48078.000000
39.906868 116.420432 48079.000000
39.906867 116.420530 48080.000000
39.906867 116.420625 48081.000000
39.906868 116.420730 48082.000000
39.906868 116.420835 48083.000000
39.906868 116.420932 48084.000000
39.906872 116.421037 48085.000000
39.906875 116.421140 48086.000000
39.906882 116.421248 48087.000000
39.906883 116.421355 48088.000000
39.906877 116.421468 48089.000000
39.906875 116.421585 48090.000000
39.906868 116.421697 48091.000000
39.906870 116.421803 48092.000000
39.906873 116.421920 48093.000000
39.906882 116.422040 48094.000000
39.906893 116.422148 48095.000000
39.906895 116.422262 48096.000000
39.906890 116.422372 48097.000000
39.906890 116.422477 48098.000000
39.906893 116.422573 48099.000000
39.906890 116.422665 48100.000000
39.906887 116.422747 48101.000000
39.906883 116.422822 48102.000000
39.906888 116.422890 48103.000000
39.906887 116.422957 48104.000000
39.906883 116.423020 48105.000000
39.906880 116.423080 48106.000000
39.906877 116.423132 48107.000000
39.906873 116.423183 48108.000000
39.906873 116.423227 48109.000000
39.906877 116.423265 48110.000000
39.906883 116.423310 48111.000000
39.906888 116.423362 48112.000000
39.906895 116.423413 48113.000000
39.906893 116.423462 48114.000000
39.906898 116.423490 48115.000000
39.906903 116.423507 48116.000000
39.906910 116.423498 48127.000000
39.906912 116.423502 48128.000000
39.906913 116.423510 48129.000000
39.906917 116.423518 48130.000000
39.906923 116.423547 48131.000000
39.906932 116.423578 48132.000000
39.906937 116.423622 48133.000000
39.906953 116.423667 48134.000000
39.906965 116.423722 48135.000000
39.906968 116.423785 48136.000000
39.906967 116.423867 48137.000000
39.906960 116.423945 48138.000000
39.906955 116.424028 48139.000000
39.906952 116.424103 48140.000000
39.906960 116.424185 48141.000000
39.906967 116.424267 48142.000000
39.906963 116.424348 48143.000000
39.906942 116.424462 48144.000000
39.906940 116.424553 48145.000000
39.906937 116.424643 48146.000000
39.906928 116.424742 48147.000000
39.906932 116.424830 48148.000000
39.906930 116.424910 48149.000000
39.906932 116.424987 48150.000000
39.906937 116.425060 48151.000000
39.906942 116.425135 48152.000000
39.906950 116.425213 48153.000000
39.906952 116.425305 48154.000000
39.906957 116.425392 48155.000000
39.906963 116.425487 48156.000000
39.906970 116.425587 48157.000000
39.906973 116.425685 48158.000000
39.906978 116.425783 48159.000000
39.906987 116.425878 48160.000000
39.906990 116.425975 48161.000000
39.906992 116.426075 48162.000000
39.906993 116.426170 48163.000000
39.907002 116.426262 48164.000000
39.907005 116.426350 48165.000000
39.907005 116.426440 48166.000000
39.907013 116.426538 48167.000000
39.907028 116.426635 48168.000000
39.907027 116.426738 48169.000000
39.907022 116.426845 48170.000000
39.907027 116.426953 48171.000000
39.907030 116.427057 48172.000000
39.907033 116.427163 48173.000000
39.907037 116.427275 48174.000000
39.907042 116.427387 48175.000000
39.907050 116.427492 48176.000000
39.907057 116.427597 48177.000000
39.907060 116.427705 48178.000000
39.907065 116.427813 48179.000000
39.907070 116.427920 48180.000000
39.907072 116.428018 48181.000000
39.907077 116.428110 48182.000000
39.907077 116.428203 48183.000000
39.907078 116.428290 48184.000000
39.907085 116.428372 48185.000000
39.907092 116.428453 48186.000000
39.907100 116.428532 48187.000000
39.907105 116.428615 48188.000000
39.907105 116.428695 48189.000000
39.907103 116.428773 48190.000000
39.907100 116.428853 48191.000000
39.907097 116.428947 48192.000000
39.907098 116.429037 48193.000000
39.907100 116.429130 48194.000000
39.907092 116.429227 48195.000000
39.907090 116.429335 48196.000000
39.907093 116.429442 48197.000000
39.907095 116.429552 48198.000000
39.907100 116.429663 48199.000000
39.907100 116.429778 48200.000000
39.907098 116.429893 48201.000000
39.907092 116.430017 48202.000000
39.907088 116.430145 48203.000000
39.907085 116.430283 48204.000000
39.907078 116.430417 48205.000000
39.907072 116.430552 48206.000000
39.907067 116.430690 48207.000000
39.907060 116.430837 48208.000000
39.907055 116.430978 48209.000000
39.907052 116.431123 48210.000000
39.907045 116.431255 48211.000000
39.907035 116.431378 48212.000000
39.907028 116.431498 48213.000000
39.907025 116.431610 48214.000000
39.907027 116.431715 48215.000000
39.907027 116.431820 48216.000000
39.907030 116.431918 48217.000000
39.907035 116.432013 48218.000000
39.907030 116.432117 48219.000000
39.907028 116.432212 48220.000000
39.907025 116.432313 48221.000000
39.907018 116.432417 48222.000000
39.907023 116.432508 48223.000000
39.907025 116.432595 48224.000000
39.907025 116.432673 48225.000000
39.907027 116.432748 48226.000000
39.907032 116.432810 48227.000000
39.907033 116.432868 48228.000000
39.907040 116.432918 48229.000000
39.907040 116.432972 48230.000000
39.907035 116.433018 48231.000000
39.907037 116.433067 48232.000000
39.907045 116.433112 48233.000000
39.907052 116.433157 48234.000000
39.907048 116.433205 48235.000000
39.907042 116.433253 48236.000000
39.907028 116.433307 48237.000000
39.907022 116.433357 48238.000000
39.907017 116.433415 48239.000000
39.907015 116.433475 48240.000000
39.907010 116.433533 48241.000000
39.907012 116.433597 48242.000000
39.907008 116.433665 48243.000000
39.907017 116.433740 48244.000000
39.907020 116.433822 48245.000000
39.907017 116.433908 48246.000000
39.907013 116.433993 48247.000000
39.907015 116.434073 48248.000000
39.907013 116.434158 48249.000000
39.907013 116.434248 48250.000000
39.907017 116.434337 48251.000000
39.907013 116.434418 48252.000000
39.907013 116.434505 48253.000000
39.907017 116.434588 48254.000000
39.907030 116.434677 48255.000000
39.907025 116.434760 48256.000000
39.907023 116.434843 48257.000000
39.907022 116.434925 48258.000000
39.907018 116.435003 48259.000000
39.907012 116.435090 48260.000000
39.906997 116.435185 48261.000000
39.906992 116.435288 48262.000000
39.906985 116.435390 48263.000000
39.906978 116.435492 48264.000000
39.906980 116.435582 48265.000000
39.906980 116.435668 48266.000000
39.906978 116.435742 48267.000000
39.906973 116.435803 48268.000000
39.906978 116.435845 48269.000000
39.906975 116.435873 48270.000000
39.906970 116.435897 48271.000000
39.906967 116.435918 48272.000000
39.906965 116.435930 48273.000000
39.906963 116.435938 48274.000000
39.906962 116.435942 48275.000000
39.906962 116.435943 48276.000000
39.906962 116.435948 48277.000000
39.906962 116.435952 48278.000000
39.906962 116.435958 48279.000000
39.906962 116.435968 48280.000000
39.906962 116.435985 48281.000000
39.906967 116.436008 48282.000000
39.906972 116.436037 48283.000000
39.906973 116.436067 48284.000000
39.906972 116.436102 48285.000000
39.906972 116.436143 48286.000000
39.906970 116.436193 48287.000000
39.906973 116.436248 48288.000000
39.906975 116.436302 48289.000000
39.906977 116.436343 48290.000000
39.906975 116.436373 48291.000000
39.906973 116.436393 48292.000000
39.906988 116.436425 48305.000000
39.906988 116.436428 48306.000000
39.906988 116.436437 48307.000000
39.906995 116.436465 48308.000000
39.907000 116.436495 48309.000000
39.907000 116.436532 48310.000000
39.907005 116.436577 48311.000000
39.907007 116.436627 48312.000000
39.907007 116.436685 48313.000000
39.907007 116.436742 48314.000000
39.907007 116.436802 48315.000000
39.907010 116.436863 48316.000000
39.907013 116.436930 48317.000000
39.907015 116.436995 48318.000000
39.907018 116.437060 48319.000000
39.907027 116.437127 48320.000000
39.907033 116.437193 48321.000000
39.907040 116.437262 48322.000000
39.907047 116.437332 48323.000000
39.907050 116.437393 48324.000000
39.907042 116.437450 48325.000000
39.907033 116.437508 48326.000000
39.907030 116.437562 48327.000000
39.907020 116.437612 48328.000000
39.907015 116.437658 48329.000000
39.907022 116.437715 48330.000000
39.907035 116.437775 48331.000000
39.907032 116.437835 48332.000000
39.907033 116.437900 48333.000000
39.907035 116.437970 48334.000000
39.907038 116.438050 48335.000000
39.907045 116.438137 48336.000000
39.907050 116.438225 48337.000000
39.907047 116.438320 48338.000000
39.907043 116.438417 48339.000000
39.907035 116.438510 48340.000000
39.907032 116.438613 48341.000000
39.907027 116.438717 48342.000000
39.907023 116.438828 48343.000000
39.907023 116.438943 48344.000000
39.907013 116.439062 48345.000000
39.907010 116.439183 48346.000000
39.907005 116.439308 48347.000000
39.906997 116.439425 48348.000000
39.906993 116.439535 48349.000000
39.906993 116.439637 48350.000000
39.906995 116.439732 48351.000000
39.906998 116.439828 48352.000000
39.906990 116.439927 48353.000000
39.906987 116.440022 48354.000000
39.906973 116.440105 48355.000000
39.906963 116.440195 48356.000000
39.906963 116.440290 48357.000000
39.906967 116.440377 48358.000000
39.906970 116.440458 48359.000000
39.906978 116.440537 48360.000000
39.906982 116.440618 48361.000000
39.906967 116.440703 48362.000000
39.906963 116.440792 48363.000000
39.906957 116.440882 48364.000000
39.906952 116.440978 48365.000000
39.906947 116.441077 48366.000000
39.906943 116.441178 48367.000000
39.906948 116.441278 48368.000000
39.906972 116.441372 48369.000000
39.906978 116.441468 48370.000000
39.906982 116.441560 48371.000000
39.906988 116.441647 48372.000000
39.906985 116.441723 48373.000000
39.906980 116.441802 48374.000000
39.906983 116.441877 48375.000000
39.906985 116.441955 48376.000000
39.906983 116.442040 48377.000000
39.906978 116.442118 48378.000000
39.906980 116.442198 48379.000000
39.906970 116.442273 48380.000000
39.906973 116.442347 48381.000000
39.906973 116.442418 48382.000000
39.906970 116.442478 48383.000000
39.906968 116.442540 48384.000000
39.906975 116.442607 48385.000000
39.906980 116.442682 48386.000000
39.906977 116.442762 48387.000000
39.906978 116.442845 48388.000000
39.906963 116.442903 48389.000000
39.906948 116.442977 48390.000000
39.906942 116.443058 48391.000000
39.906942 116.443148 48392.000000
39.906943 116.443233 48393.000000
39.906945 116.443315 48394.000000
39.906952 116.443398 48395.000000
39.906958 116.443485 48396.000000
39.906953 116.443573 48397.000000
39.906953 116.443662 48398.000000
39.906957 116.443753 48399.000000
39.906960 116.443842 48400.000000
39.906965 116.443937 48401.000000
39.906967 116.444017 48402.000000
39.906968 116.444092 48403.000000
39.906968 116.444163 48404.000000
39.906965 116.444238 48405.000000
39.906962 116.444317 48406.000000
39.906962 116.444400 48407.000000
39.906960 116.444483 48408.000000
39.906948 116.444558 48409.000000
39.906948 116.444635 48410.000000
39.906948 116.444710 48411.000000
39.906947 116.444777 48412.000000
39.906952 116.444853 48413.000000
39.906953 116.444925 48414.000000
39.906953 116.445000 48415.000000
39.906955 116.445080 48416.000000
39.906958 116.445157 48417.000000
39.906963 116.445242 48418.000000
39.906958 116.445328 48419.000000
39.906958 116.445423 48420.000000
39.906960 116.445518 48421.000000
39.906965 116.445615 48422.000000
39.906968 116.445708 48423.000000
39.906967 116.445793 48424.000000
39.906968 116.445892 48425.000000
39.906968 116.445988 48426.000000
39.906968 116.446082 48427.000000
39.906957 116.446177 48428.000000
39.906957 116.446282 48429.000000
39.906955 116.446392 48430.000000
39.906955 116.446502 48431.000000
39.906955 116.446613 48432.000000
39.906955 116.446723 48433.000000
39.906952 116.446840 48434.000000
39.906957 116.446957 48435.000000
39.906953 116.447075 48436.000000
39.906942 116.447195 48437.000000
39.906940 116.447308 48438.000000
39.906940 116.447418 48439.000000
39.906940 116.447533 48440.000000
39.906940 116.447653 48441.000000
39.906942 116.447772 48442.000000
39.906937 116.447892 48443.000000
39.906932 116.448010 48444.000000
39.906930 116.448127 48445.000000
39.906928 116.448238 48446.000000
39.906928 116.448355 48447.000000
39.906930 116.448473 48448.000000
39.906975 116.448595 48449.000000
39.906975 116.448718 48450.000000
39.906973 116.448838 48451.000000
39.906968 116.448958 48452.000000
39.906965 116.449077 48453.000000
39.906963 116.449188 48454.000000
39.906965 116.449298 48455.000000
39.907010 116.449403 48456.000000
39.907005 116.449508 48457.000000
39.906997 116.449622 48458.000000
39.906992 116.449735 48459.000000
39.906988 116.449853 48460.000000
39.906988 116.449973 48461.000000
39.906985 116.450097 48462.000000
39.906982 116.450227 48463.000000
39.906980 116.450355 48464.000000
39.906977 116.450490 48465.000000
39.906977 116.450625 48466.000000
39.906982 116.450763 48467.000000
39.906987 116.450902 48468.000000
39.906990 116.451042 48469.000000
39.906990 116.451177 48470.000000
39.906988 116.451308 48471.000000
39.906978 116.451438 48472.000000
39.906972 116.451568 48473.000000
39.906967 116.451693 48474.000000
39.906958 116.451817 48475.000000
39.906950 116.451935 48476.000000
39.906943 116.452043 48477.000000
39.906932 116.452147 48478.000000
39.906920 116.452242 48479.000000
39.906902 116.452328 48480.000000
39.906883 116.452405 48481.000000
39.906868 116.452477 48482.000000
39.906858 116.452550 48483.000000
39.906853 116.452623 48484.000000
39.906850 116.452705 48485.000000
39.906850 116.452788 48486.000000
39.906848 116.452878 48487.000000
39.906847 116.452978 48488.000000
39.906847 116.453082 48489.000000
39.906845 116.453182 48490.000000
39.906848 116.453277 48491.000000
39.906852 116.453370 48492.000000
39.906853 116.453458 48493.000000
39.906853 116.453533 48494.000000
39.906850 116.453598 48495.000000
39.906833 116.453650 48496.000000
39.906823 116.453700 48497.000000
39.906822 116.453748 48498.000000
39.906823 116.453802 48499.000000
39.906830 116.453857 48500.000000
39.906835 116.453922 48501.000000
39.906842 116.454002 48502.000000
39.906845 116.454083 48503.000000
39.906847 116.454160 48504.000000
39.906845 116.454223 48505.000000
39.906842 116.454282 48506.000000
39.906835 116.454332 48507.000000
39.906835 116.454377 48508.000000
39.906842 116.454408 48509.000000
39.906853 116.454442 48510.000000
39.906865 116.454475 48511.000000
39.906895 116.454497 48512.000000
39.906925 116.454513 48513.000000
39.906958 116.454530 48514.000000
39.906997 116.454558 48515.000000
39.907042 116.454577 48516.000000
39.907085 116.454595 48517.000000
39.907133 116.454563 48518.000000
39.907173 116.454513 48519.000000
39.907193 116.454453 48520.000000
39.907212 116.454398 48521.000000
39.907233 116.454313 48522.000000
39.907270 116.454168 48523.000000
39.907277 116.454045 48524.000000
39.907303 116.453952 48525.000000
39.907325 116.453840 48526.000000
39.907323 116.453755 48527.000000
39.907307 116.453653 48528.000000
39.907298 116.453548 48529.000000
39.907295 116.453452 48530.000000
39.907282 116.453345 48531.000000
39.907267 116.453233 48532.000000
39.907253 116.453125 48533.000000
39.907242 116.453005 48534.000000
39.907250 116.452850 48535.000000
39.907248 116.452715 48536.000000
39.907238 116.452588 48537.000000
39.907243 116.452477 48538.000000
39.907245 116.452355 48539.000000
39.907240 116.452240 48540.000000
39.907240 116.452135 48541.000000
39.907238 116.452038 48542.000000
39.907238 116.451950 48543.000000
39.907242 116.451858 48544.000000
39.907243 116.451773 48545.000000
39.907238 116.451675 48546.000000
39.907242 116.451575 48547.000000
39.907228 116.451477 48548.000000
39.907220 116.451380 48549.000000
39.907222 116.451278 48550.000000
39.907225 116.451183 48551.000000
39.907228 116.451093 48552.000000
39.907232 116.451002 48553.000000
39.907235 116.450912 48554.000000
39.907243 116.450817 48555.000000
39.907235 116.450725 48556.000000
39.907228 116.450635 48557.000000
39.907227 116.450543 48558.000000
39.907230 116.450450 48559.000000
39.907237 116.450355 48560.000000
39.907243 116.450260 48561.000000
39.907240 116.450163 48562.000000
39.907233 116.450068 48563.000000
39.907230 116.449975 48564.000000
39.907225 116.449893 48565.000000
39.907222 116.449823 48566.000000
39.907222 116.449767 48567.000000
39.907222 116.449715 48568.000000
39.907222 116.449662 48569.000000
39.907218 116.449607 48570.000000
39.907215 116.449552 48571.000000
39.907207 116.449497 48572.000000
39.907202 116.449438 48573.000000
39.907205 116.449378 48574.000000
39.907212 116.449310 48575.000000
39.907215 116.449237 48576.000000
39.907222 116.449157 48577.000000
39.907228 116.449077 48578.000000
39.907235 116.448997 48579.000000
39.907232 116.448912 48580.000000
39.907228 116.448828 48581.000000
39.907225 116.448747 48582.000000
39.907217 116.448648 48583.000000
39.907233 116.448562 48584.000000
39.907235 116.448468 48585.000000
39.907237 116.448372 48586.000000
39.907242 116.448278 48587.000000
39.907240 116.448185 48588.000000
39.907240 116.448097 48589.000000
39.907238 116.448013 48590.000000
39.907235 116.447927 48591.000000
39.907252 116.447845 48592.000000
39.907250 116.447757 48593.000000
39.907247 116.447663 48594.000000
39.907242 116.447562 48595.000000
39.907237 116.447458 48596.000000
39.907233 116.447355 48597.000000
39.907228 116.447252 48598.000000
39.907227 116.447148 48599.000000
39.907227 116.447042 48600.000000
39.907230 116.446930 48601.000000
39.907233 116.446818 48602.000000
39.907233 116.446705 48603.000000
39.907235 116.446600 48604.000000
39.907233 116.446490 48605.000000
39.907230 116.446375 48606.000000
39.907235 116.446267 48607.000000
39.907240 116.446160 48608.000000
39.907245 116.446057 48609.000000
39.907242 116.445962 48610.000000
39.907243 116.445872 48611.000000
39.907243 116.445790 48612.000000
39.907233 116.445712 48613.000000
39.907225 116.445628 48614.000000
39.907217 116.445545 48615.000000
39.907213 116.445457 48616.000000
39.907225 116.445367 48617.000000
39.907230 116.445275 48618.000000
39.907225 116.445180 48619.000000
39.907225 116.445087 48620.000000
39.907230 116.444995 48621.000000
39.907238 116.444907 48622.000000
39.907242 116.444825 48623.000000
39.907247 116.444757 48624.000000
39.907243 116.444700 48625.000000
39.907240 116.444637 48626.000000
39.907242 116.444583 48627.000000
39.907242 116.444540 48628.000000
39.907237 116.444503 48629.000000
39.907237 116.444477 48630.000000
39.907235 116.444458 48631.000000
39.907238 116.444440 48632.000000
39.907247 116.444423 48633.000000
39.907252 116.444402 48634.000000
39.907260 116.444372 48635.000000
39.907272 116.444342 48636.000000
39.907292 116.444318 48637.000000
39.907315 116.444288 48638.000000
39.907343 116.444257 48639.000000
39.907373 116.444230 48640.000000
39.907418 116.444228 48641.000000
39.907472 116.444218 48642.000000
39.907537 116.444210 48643.000000
39.907610 116.444205 48644.000000
39.907687 116.444207 48645.000000
39.907762 116.444203 48646.000000
39.907830 116.444197 48647.000000
39.907888 116.444190 48648.000000
39.907937 116.444182 48649.000000
39.907980 116.444182 48650.000000
39.908025 116.444180 48651.000000
39.908077 116.444188 48652.000000
39.908125 116.444195 48653.000000
39.908175 116.444193 48654.000000
39.908245 116.444203 48655.000000
39.908295 116.444202 48656.000000
39.908352 116.444200 48657.000000
39.908402 116.444198 48658.000000
39.908443 116.444197 48659.000000
39.908483 116.444185 48660.000000
39.908522 116.444177 48661.000000
39.908557 116.444183 48662.000000
39.908590 116.444197 48663.000000
39.908615 116.444197 48664.000000
39.908623 116.444197 48665.000000
39.908663 116.444215 48680.000000
39.908668 116.444213 48681.000000
39.908708 116.444212 48682.000000
39.908743 116.444208 48683.000000
39.908782 116.444205 48684.000000
39.908832 116.444202 48685.000000
39.908892 116.444202 48686.000000
39.908958 116.444200 48687.000000
39.909032 116.444200 48688.000000
39.909107 116.444202 48689.000000
39.909182 116.444198 48690.000000
39.909260 116.444207 48691.000000
39.909338 116.444228 48692.000000
39.909408 116.444232 48693.000000
39.909463 116.444250 48694.000000
39.909538 116.444253 48695.000000
39.909615 116.444235 48696.000000
39.909695 116.444212 48697.000000
39.909765 116.444202 48698.000000
39.909843 116.444203 48699.000000
39.909925 116.444212 48700.000000
39.910007 116.444210 48701.000000
39.910097 116.444215 48702.000000
39.910187 116.444213 48703.000000
39.910287 116.444208 48704.000000
39.910388 116.444207 48705.000000
39.910475 116.444203 48706.000000
39.910562 116.444200 48707.000000
39.910645 116.444205 48708.000000
39.910722 116.444208 48709.000000
39.910788 116.444202 48710.000000
39.910848 116.444198 48711.000000
39.910897 116.444192 48712.000000
39.910940 116.444197 48713.000000
39.910980 116.444218 48714.000000
39.911015 116.444218 48715.000000
39.911048 116.444217 48716.000000
39.911088 116.444218 48717.000000
39.911132 116.444215 48718.000000
39.911173 116.444215 48719.000000
39.911215 116.444198 48720.000000
39.911257 116.444197 48721.000000
39.911292 116.444193 48722.000000
39.911332 116.444190 48723.000000
39.911373 116.444187 48724.000000
39.911413 116.444188 48725.000000
39.911455 116.444180 48726.000000
39.911495 116.444177 48727.000000
39.911535 116.444178 48728.000000
39.911567 116.444183 48729.000000
39.911605 116.444183 48730.000000
39.911650 116.444183 48731.000000
39.911698 116.444192 48732.000000
39.911742 116.444197 48733.000000
39.911777 116.444207 48734.000000
39.911828 116.444233 48735.000000
39.911882 116.444235 48736.000000
39.911937 116.444238 48737.000000
39.911992 116.444245 48738.000000
39.912058 116.444245 48739.000000
39.912125 116.444247 48740.000000
39.912183 116.444242 48741.000000
39.912238 116.444240 48742.000000
39.912300 116.444238 48743.000000
39.912358 116.444240 48744.000000
39.912415 116.444238 48745.000000
39.912468 116.444235 48746.000000
39.912525 116.444233 48747.000000
39.912593 116.444215 48748.000000
39.912652 116.444215 48749.000000
39.912698 116.444220 48750.000000
39.912743 116.444232 48751.000000
39.912775 116.444242 48752.000000
39.912800 116.444248 48758.000000
39.912802 116.444248 48759.000000
39.912808 116.444248 48760.000000
39.912847 116.444243 48761.000000
39.912877 116.444238 48762.000000
39.912915 116.444237 48763.000000
39.912955 116.444237 48764.000000
39.913000 116.444237 48765.000000
39.913052 116.444233 48766.000000
39.913117 116.444228 48767.000000
39.913185 116.444230 48768.000000
39.913278 116.444228 48769.000000
39.913368 116.444222 48770.000000
39.913462 116.444217 48771.000000
39.913558 116.444212 48772.000000
39.913655 116.444208 48773.000000
39.913742 116.444207 48774.000000
39.913832 116.444195 48775.000000
39.913912 116.444192 48776.000000
39.914007 116.444178 48777.000000
39.914095 116.444177 48778.000000
39.914185 116.444168 48779.000000
39.914275 116.444167 48780.000000
39.914357 116.444160 48781.000000
39.914440 116.444157 48782.000000
39.914518 116.444150 48783.000000
39.914580 116.444147 48784.000000
39.914633 116.444145 48785.000000
39.914683 116.444145 48786.000000
39.914735 116.444147 48787.000000
39.914795 116.444143 48788.000000
39.914852 116.444143 48789.000000
39.914905 116.444143 48790.000000
39.914985 116.444145 48791.000000
39.915038 116.444158 48792.000000
39.915107 116.444160 48793.000000
39.915183 116.444158 48794.000000
39.915255 116.444155 48795.000000
39.915338 116.444155 48796.000000
39.915423 116.444158 48797.000000
39.915510 116.444163 48798.000000
39.915580 116.444163 48799.000000
39.915638 116.444167 48800.000000
39.915698 116.444175 48801.000000
39.915752 116.444185 48802.000000
39.915802 116.444198 48803.000000
39.915845 116.444202 48804.000000
39.915895 116.444203 48805.000000
39.915952 116.444195 48806.000000
39.915983 116.444200 48807.000000
39.916018 116.444200 48808.000000
39.916045 116.444195 48809.000000
39.916075 116.444192 48810.000000
39.916097 116.444188 48811.000000
39.916118 116.444177 48812.000000
39.916132 116.444173 48813.000000
39.916150 116.444175 48814.000000
39.916165 116.444178 48815.000000
39.916182 116.444172 48816.000000
39.916195 116.444157 48817.000000
39.916213 116.444143 48818.000000
39.916227 116.444143 48819.000000
39.916243 116.444130 48820.000000
39.916265 116.444130 48821.000000
39.916303 116.444180 48822.000000
39.916338 116.444202 48823.000000
39.916370 116.444208 48824.000000
39.916400 116.444212 48825.000000
39.916435 116.444208 48826.000000
39.916468 116.444188 48827.000000
39.916503 116.444195 48828.000000
39.916537 116.444202 48829.000000
39.916562 116.444207 48830.000000
39.916587 116.444212 48831.000000
39.916608 116.444213 48832.000000
39.916630 116.444215 48833.000000
39.916653 116.444213 48834.000000
39.916668 116.444212 48835.000000
39.916677 116.444207 48836.000000
39.916695 116.444197 48837.000000
39.916722 116.444162 48853.000000
39.916725 116.444158 48854.000000
39.916732 116.444155 48855.000000
39.916762 116.444155 48856.000000
39.916788 116.444150 48857.000000
39.916808 116.444185 48858.000000
39.916823 116.444193 48859.000000
39.916890 116.444212 48864.000000
39.916897 116.444218 48865.000000
39.916892 116.444237 48873.000000
39.916893 116.444240 48874.000000
39.916898 116.444238 48875.000000
39.916908 116.444232 48876.000000
39.916915 116.444240 48877.000000
39.916930 116.444240 48878.000000
39.916955 116.444235 48879.000000
39.916993 116.444218 48880.000000
39.917030 116.444215 48881.000000
39.917075 116.444205 48882.000000
39.917128 116.444202 48883.000000
39.917188 116.444252 48884.000000
39.917242 116.444268 48885.000000
39.917310 116.444255 48886.000000
39.917372 116.444260 48887.000000
39.917438 116.444262 48888.000000
39.917505 116.444270 48889.000000
39.917573 116.444275 48890.000000
39.917658 116.444275 48891.000000
39.917737 116.444278 48892.000000
39.917823 116.444275 48893.000000
39.917908 116.444265 48894.000000
39.917995 116.444247 48895.000000
39.918092 116.444213 48896.000000
39.918172 116.444190 48897.000000
39.918253 116.444170 48898.000000
39.918333 116.444153 48899.000000
39.918415 116.444140 48900.000000
39.918502 116.444132 48901.000000
39.918593 116.444143 48902.000000
39.918687 116.444177 48903.000000
39.918783 116.444192 48904.000000
39.918878 116.444193 48905.000000
39.918983 116.444197 48906.000000
39.919087 116.444192 48907.000000
39.919183 116.444192 48908.000000
39.919272 116.444195 48909.000000
39.919347 116.444200 48910.000000
39.919423 116.444205 48911.000000
39.919502 116.444207 48912.000000
39.919587 116.444233 48913.000000
39.919668 116.444237 48914.000000
39.919747 116.444240 48915.000000
39.919822 116.444235 48916.000000
39.919888 116.444225 48917.000000
39.919962 116.444218 48918.000000
39.920032 116.444210 48919.000000
39.920103 116.444210 48920.000000
39.920180 116.444210 48921.000000
39.920255 116.444210 48922.000000
39.920330 116.444207 48923.000000
39.920417 116.444205 48924.000000
39.920497 116.444202 48925.000000
39.920570 116.444202 48926.000000
39.920640 116.444203 48927.000000
39.920703 116.444198 48928.000000
39.920762 116.444190 48929.000000
39.920815 116.444183 48930.000000
39.920868 116.444175 48931.000000
39.920918 116.444167 48932.000000
39.920963 116.444162 48933.000000
39.921003 116.444167 48934.000000
39.921048 116.444175 48935.000000
39.921092 116.444185 48936.000000
39.921145 116.444180 48937.000000
39.921203 116.444173 48938.000000
39.921263 116.444168 48939.000000
39.921345 116.444175 48940.000000
39.921413 116.444187 48941.000000
39.921477 116.444187 48942.000000
39.921542 116.444197 48943.000000
39.921612 116.444215 48944.000000
39.921692 116.444208 48945.000000
39.921770 116.444210 48946.000000
39.921847 116.444208 48947.000000
39.921923 116.444207 48948.000000
39.922003 116.444217 48949.000000
39.922080 116.444222 48950.000000
39.922140 116.444247 48951.000000
39.922230 116.444242 48952.000000
39.922322 116.444232 48953.000000
39.922400 116.444223 48954.000000
39.922465 116.444205 48955.000000
39.922522 116.444185 48956.000000
39.922572 116.444165 48957.000000
39.922625 116.444140 48958.000000
39.922668 116.444117 48959.000000
39.922713 116.444097 48960.000000
39.922765 116.444080 48961.000000
39.922812 116.444067 48962.000000
39.922855 116.444053 48963.000000
39.922893 116.444038 48964.000000
39.922912 116.444028 48965.000000
39.922923 116.444013 48975.000000
39.922923 116.444007 48976.000000
39.922920 116.444000 48977.000000
39.922920 116.443995 48978.000000
39.922922 116.443988 48979.000000
39.922925 116.443985 48980.000000
39.922932 116.443982 48981.000000
39.922957 116.443992 48982.000000
39.922987 116.443995 48983.000000
39.923038 116.443993 48984.000000
39.923098 116.443982 48985.000000
39.923167 116.443972 48986.000000
39.923250 116.443973 48987.000000
39.923323 116.443967 48988.000000
39.923410 116.443972 48989.000000
39.923498 116.443968 48990.000000
39.923583 116.443968 48991.000000
39.923675 116.443973 48992.000000
39.923763 116.443980 48993.000000
39.923843 116.443975 48994.000000
39.923927 116.443977 48995.000000
39.924013 116.443982 48996.000000
39.924092 116.443985 48997.000000
39.924177 116.444007 48998.000000
39.924255 116.444020 48999.000000
39.924318 116.444020 49000.000000
39.924378 116.444018 49001.000000
39.924443 116.444017 49002.000000
39.924510 116.444017 49003.000000
39.924583 116.444045 49004.000000
39.924638 116.444060 49005.000000
39.924695 116.444073 49006.000000
39.924750 116.444083 49007.000000
39.924797 116.444087 49008.000000
39.924842 116.444100 49009.000000
39.924880 116.444113 49010.000000
39.924917 116.444125 49011.000000
39.924952 116.444122 49012.000000
39.924978 116.444115 49013.000000
39.925010 116.444117 49014.000000
39.925025 116.444117 49015.000000
39.925038 116.444105 49016.000000
39.925057 116.444105 49017.000000
39.925075 116.444098 49018.000000
39.925082 116.444095 49019.000000
39.925087 116.444095 49020.000000
39.925092 116.444095 49021.000000
39.925097 116.444092 49022.000000
39.925107 116.444092 49023.000000
39.925127 116.444105 49024.000000
39.925158 116.444118 49025.000000
39.925185 116.444135 49026.000000
39.925212 116.444138 49027.000000
39.925232 116.444143 49028.000000
39.925253 116.444143 49029.000000
39.925273 116.444155 49030.000000
39.925302 116.444157 49031.000000
39.925330 116.444167 49032.000000
39.925360 116.444178 49033.000000
39.925400 116.444190 49034.000000
39.925458 116.444217 49035.000000
39.925517 116.444218 49036.000000
39.925585 116.444230 49037.000000
39.925652 116.444230 49038.000000
39.925728 116.444233 49039.000000
39.925805 116.444228 49040.000000
39.925882 116.444230 49041.000000
39.925957 116.444225 49042.000000
39.926018 116.444213 49043.000000
39.926080 116.444198 49044.000000
39.926142 116.444192 49045.000000
39.926188 116.444188 49046.000000
39.926233 116.444192 49047.000000
39.926268 116.444188 49048.000000
39.926297 116.444180 49049.000000
39.926318 116.444178 49050.000000
39.926317 116.444175 49059.000000
39.926317 116.444173 49060.000000
39.926322 116.444172 49061.000000
39.926348 116.444163 49062.000000
39.926387 116.444168 49063.000000
39.926433 116.444182 49064.000000
39.926475 116.444177 49065.000000
39.926523 116.444165 49066.000000
39.926580 116.444152 49067.000000
39.926642 116.444143 49068.000000
39.926710 116.444138 49069.000000
39.926788 116.444143 49070.000000
39.926860 116.444138 49071.000000
39.926938 116.444145 49072.000000
39.927038 116.444155 49073.000000
39.927138 116.444168 49074.000000
39.927237 116.444173 49075.000000
39.927337 116.444178 49076.000000
39.927430 116.444173 49077.000000
39.927525 116.444182 49078.000000
39.927618 116.444188 49079.000000
39.927702 116.444182 49080.000000
39.927785 116.444177 49081.000000
39.927862 116.444172 49082.000000
39.927940 116.444172 49083.000000
39.928020 116.444172 49084.000000
39.928102 116.444160 49085.000000
39.928177 116.444157 49086.000000
39.928257 116.444140 49087.000000
39.928340 116.444153 49088.000000
39.928432 116.444182 49089.000000
39.928522 116.444180 49090.000000
39.928617 116.444178 49091.000000
39.928712 116.444172 49092.000000
39.928805 116.444175 49093.000000
39.928895 116.444175 49094.000000
39.928983 116.444170 49095.000000
39.929072 116.444180 49096.000000
39.929143 116.444185 49097.000000
39.929208 116.444187 49098.000000
39.929270 116.444185 49099.000000
39.929332 116.444185 49100.000000
39.929393 116.444187 49101.000000
39.929448 116.444185 49102.000000
39.929503 116.444183 49103.000000
39.929557 116.444188 49104.000000
39.929608 116.444188 49105.000000
39.929660 116.444185 49106.000000
39.929717 116.444180 49107.000000
39.929780 116.444180 49108.000000
39.929845 116.444182 49109.000000
39.929915 116.444182 49110.000000
39.929988 116.444185 49111.000000
39.930057 116.444183 49112.000000
39.930122 116.444183 49113.000000
39.930183 116.444183 49114.000000
39.930245 116.444183 49115.000000
39.930325 116.444190 49116.000000
39.930400 116.444197 49117.000000
39.930472 116.444198 49118.000000
39.930540 116.444197 49119.000000
39.930595 116.444188 49120.000000
39.930638 116.444180 49121.000000
39.930675 116.444177 49122.000000
39.930705 116.444183 49123.000000
39.930730 116.444180 49124.000000
39.930752 116.444172 49125.000000
39.930763 116.444167 49126.000000
39.930790 116.444180 49136.000000
39.930793 116.444178 49137.000000
39.930800 116.444175 49138.000000
39.930808 116.444173 49139.000000
39.930828 116.444180 49140.000000
39.930840 116.444180 49141.000000
39.930857 116.444173 49142.000000
39.930872 116.444167 49143.000000
39.930882 116.444155 49144.000000
39.930890 116.444145 49145.000000
39.930887 116.444108 49168.000000
39.930890 116.444110 49169.000000
39.930902 116.444117 49170.000000
39.930917 116.444117 49171.000000
39.930942 116.444112 49172.000000
39.930973 116.444110 49173.000000
39.931012 116.444108 49174.000000
39.931055 116.444110 49175.000000
39.931095 116.444113 49176.000000
39.931138 116.444120 49177.000000
39.931183 116.444132 49178.000000
39.931222 116.444135 49179.000000
39.931257 116.444142 49180.000000
39.931288 116.444145 49181.000000
39.931320 116.444147 49182.000000
39.931350 116.444157 49183.000000
39.931373 116.444160 49184.000000
39.931380 116.444135 49185.000000
39.931393 116.444133 49186.000000
39.931398 116.444120 49187.000000
39.931412 116.444098 49194.000000
39.931415 116.444097 49195.000000
39.931420 116.444093 49196.000000
39.931427 116.444090 49197.000000
39.931437 116.444093 49198.000000
39.931445 116.444088 49199.000000
39.931452 116.444085 49200.000000
39.931435 116.444042 49265.000000
39.931435 116.444040 49266.000000
39.931452 116.444040 49267.000000
39.931480 116.444040 49268.000000
39.931515 116.444042 49269.000000
39.931555 116.444045 49270.000000
39.931602 116.444043 49271.000000
39.931653 116.444050 49272.000000
39.931708 116.444057 49273.000000
39.931762 116.444063 49274.000000
39.931815 116.444070 49275.000000
39.931868 116.444073 49276.000000
39.931922 116.444077 49277.000000
39.931975 116.444082 49278.000000
39.932023 116.444085 49279.000000
39.932072 116.444093 49280.000000
39.932120 116.444095 49281.000000
39.932163 116.444095 49282.000000
39.932213 116.444097 49283.000000
39.932267 116.444100 49284.000000
39.932325 116.444107 49285.000000
39.932398 116.444115 49286.000000
39.932477 116.444127 49287.000000
39.932563 116.444130 49288.000000
39.932650 116.444147 49289.000000
39.932740 116.444155 49290.000000
39.932823 116.444158 49291.000000
39.932902 116.444153 49292.000000
39.932975 116.444152 49293.000000
39.933045 116.444148 49294.000000
39.933113 116.444143 49295.000000
39.933185 116.444147 49296.000000
39.933263 116.444165 49297.000000
39.933348 116.444193 49298.000000
39.933428 116.444203 49299.000000
39.933507 116.444205 49300.000000
39.933593 116.444205 49301.000000
39.933663 116.444202 49302.000000
39.933727 116.444203 49303.000000
39.933783 116.444203 49304.000000
39.933828 116.444202 49305.000000
39.933858 116.444187 49306.000000
39.933883 116.444187 49307.000000
39.933888 116.444187 49308.000000
39.933902 116.444178 49321.000000
39.933905 116.444177 49322.000000
39.933917 116.444177 49323.000000
39.933938 116.444183 49324.000000
39.933965 116.444195 49325.000000
39.933990 116.444197 49326.000000
39.934017 116.444198 49327.000000
39.934048 116.444195 49328.000000
39.934083 116.444190 49329.000000
39.934125 116.444183 49330.000000
39.934168 116.444180 49331.000000
39.934213 116.444175 49332.000000
39.934258 116.444172 49333.000000
39.934302 116.444163 49334.000000
39.934347 116.444153 49335.000000
39.934418 116.444127 49336.000000
39.934485 116.444110 49337.000000
39.934550 116.444102 49338.000000
39.934605 116.444082 49339.000000
39.934663 116.444082 49340.000000
39.934733 116.444087 49341.000000
39.934800 116.444087 49342.000000
39.934877 116.444095 49343.000000
39.934943 116.444092 49344.000000
39.935007 116.444088 49345.000000
39.935052 116.444090 49346.000000
39.935135 116.444088 49347.000000
39.935207 116.444087 49348.000000
39.935275 116.444090 49349.000000
39.935333 116.444088 49350.000000
39.935393 116.444090 49351.000000
39.935463 116.444093 49352.000000
39.935543 116.444095 49353.000000
39.935618 116.444092 49354.000000
39.935708 116.444098 49355.000000
39.935790 116.444103 49356.000000
39.935867 116.444103 49357.000000
39.935940 116.444103 49358.000000
39.936015 116.444102 49359.000000
39.936090 116.444105 49360.000000
39.936163 116.444103 49361.000000
39.936242 116.444107 49362.000000
39.936325 116.444107 49363.000000
39.936402 116.444103 49364.000000
39.936483 116.444107 49365.000000
39.936560 116.444110 49366.000000
39.936640 116.444110 49367.000000
39.936720 116.444110 49368.000000
39.936798 116.444108 49369.000000
39.936880 116.444107 49370.000000
39.936953 116.444107 49371.000000
39.937025 116.444107 49372.000000
39.937098 116.444100 49373.000000
39.937177 116.444103 49374.000000
39.937245 116.444103 49375.000000
39.937313 116.444105 49376.000000
39.937380 116.444105 49377.000000
39.937438 116.444100 49378.000000
39.937507 116.444100 49379.000000
39.937560 116.444100 49380.000000
39.937607 116.444103 49381.000000
39.937632 116.444097 49382.000000
39.937640 116.444095 49383.000000
39.937658 116.444097 49393.000000
39.937663 116.444095 49394.000000
39.937670 116.444092 49395.000000
39.937690 116.444092 49396.000000
39.937715 116.444093 49397.000000
39.937747 116.444098 49398.000000
39.937773 116.444100 49399.000000
39.937797 116.444102 49400.000000
39.937817 116.444103 49401.000000
39.937833 116.444105 49402.000000
39.937850 116.444107 49403.000000
39.937863 116.444108 49404.000000
39.937877 116.444110 49405.000000
39.937937 116.444137 49412.000000
39.937955 116.444143 49413.000000
39.937968 116.444147 49414.000000
39.937995 116.444148 49415.000000
39.938028 116.444157 49416.000000
39.938060 116.444162 49417.000000
39.938102 116.444168 49418.000000
39.938143 116.444173 49419.000000
39.938185 116.444175 49420.000000
39.938225 116.444178 49421.000000
39.938267 116.444182 49422.000000
39.938312 116.444182 49423.000000
39.938357 116.444200 49424.000000
39.938407 116.444205 49425.000000
39.938452 116.444210 49426.000000
39.938512 116.444240 49427.000000
39.938570 116.444247 49428.000000
39.938623 116.444253 49429.000000
39.938677 116.444250 49430.000000
39.938728 116.444243 49431.000000
39.938783 116.444240 49432.000000
39.938837 116.444235 49433.000000
39.938890 116.444233 49434.000000
39.938943 116.444230 49435.000000
39.938992 116.444228 49436.000000
39.939045 116.444230 49437.000000
39.939087 116.444228 49438.000000
39.939127 116.444228 49439.000000
39.939165 116.444227 49440.000000
39.939197 116.444225 49441.000000
39.939220 116.444223 49442.000000
39.939238 116.444223 49443.000000
39.939255 116.444230 49444.000000
39.939272 116.444237 49445.000000
39.939293 116.444263 49459.000000
39.939297 116.444265 49460.000000
39.939305 116.444265 49461.000000
39.939332 116.444263 49462.000000
39.939357 116.444265 49463.000000
39.939382 116.444265 49464.000000
39.939412 116.444263 49465.000000
39.939448 116.444267 49466.000000
39.939488 116.444265 49467.000000
39.939528 116.444265 49468.000000
39.939577 116.444267 49469.000000
39.939628 116.444268 49470.000000
39.939692 116.444273 49471.000000
39.939752 116.444277 49472.000000
39.939822 116.444278 49473.000000
39.939892 116.444280 49474.000000
39.939967 116.444283 49475.000000
39.940042 116.444283 49476.000000
39.940117 116.444283 49477.000000
39.940188 116.444285 49478.000000
39.940265 116.444287 49479.000000
39.940347 116.444288 49480.000000
39.940428 116.444287 49481.000000
39.940513 116.444288 49482.000000
39.940615 116.444290 49483.000000
39.940707 116.444290 49484.000000
39.940802 116.444292 49485.000000
39.940897 116.444293 49486.000000
39.941002 116.444292 49487.000000
39.941100 116.444288 49488.000000
39.941202 116.444293 49489.000000
39.941307 116.444297 49490.000000
39.941417 116.444297 49491.000000
39.941533 116.444302 49492.000000
39.941640 116.444305 49493.000000
39.941748 116.444312 49494.000000
39.941863 116.444313 49495.000000
39.941972 116.444313 49496.000000
39.942068 116.444308 49497.000000
39.942168 116.444305 49498.000000
39.942263 116.444303 49499.000000
39.942358 116.444302 49500.000000
39.942450 116.444300 49501.000000
39.942542 116.444295 49502.000000
39.942627 116.444295 49503.000000
39.942710 116.444297 49504.000000
39.942790 116.444297 49505.000000
39.942862 116.444292 49506.000000
39.942933 116.444295 49507.000000
39.943013 116.444302 49508.000000
39.943078 116.444305 49509.000000
39.943138 116.444305 49510.000000
39.943190 116.444305 49511.000000
39.943242 116.444302 49512.000000
39.943287 116.444302 49513.000000
39.943358 116.444302 49514.000000
39.943407 116.444297 49515.000000
39.943452 116.444292 49516.000000
39.943492 116.444288 49517.000000
39.943527 116.444288 49518.000000
39.943543 116.444283 49519.000000
39.943530 116.444267 49525.000000
39.943535 116.444267 49526.000000
39.943540 116.444267 49527.000000
39.943548 116.444265 49528.000000
39.943565 116.444282 49535.000000
39.943567 116.444285 49536.000000
39.943572 116.444287 49537.000000
39.943580 116.444287 49538.000000
39.943593 116.444285 49543.000000
39.943598 116.444285 49544.000000
39.943603 116.444285 49545.000000
39.943610 116.444285 49546.000000
39.943630 116.444283 49547.000000
39.943647 116.444283 49548.000000
39.943665 116.444283 49549.000000
39.943687 116.444280 49550.000000
39.943707 116.444275 49551.000000
39.943728 116.444268 49552.000000
39.943757 116.444260 49553.000000
39.943785 116.444250 49554.000000
39.943823 116.444248 49555.000000
39.943867 116.444247 49556.000000
39.943922 116.444243 49557.000000
39.943975 116.444237 49558.000000
39.944028 116.444227 49559.000000
39.944085 116.444223 49560.000000
39.944145 116.444222 49561.000000
39.944210 116.444218 49562.000000
39.944280 116.444217 49563.000000
39.944348 116.444222 49564.000000
39.944415 116.444215 49565.000000
39.944495 116.444258 49566.000000
39.944573 116.444280 49567.000000
39.944653 116.444292 49568.000000
39.944730 116.444293 49569.000000
39.944815 116.444300 49570.000000
39.944898 116.444315 49571.000000
39.944977 116.444320 49572.000000
39.945052 116.444330 49573.000000
39.945130 116.444338 49574.000000
39.945203 116.444343 49575.000000
39.945273 116.444348 49576.000000
39.945342 116.444358 49577.000000
39.945403 116.444360 49578.000000
39.945455 116.444360 49579.000000
39.945507 116.444365 49580.000000
39.945552 116.444368 49581.000000
39.945595 116.444373 49582.000000
39.945632 116.444373 49583.000000
39.945662 116.444373 49584.000000
39.945682 116.444370 49585.000000
39.945700 116.444368 49586.000000
39.945710 116.444365 49587.000000
39.945718 116.444368 49588.000000
39.945715 116.444375 49597.000000
39.945718 116.444375 49598.000000
39.945723 116.444373 49599.000000
39.945753 116.444375 49600.000000
39.945783 116.444375 49601.000000
39.945813 116.444370 49602.000000
39.945850 116.444363 49603.000000
39.945893 116.444357 49604.000000
39.945937 116.444342 49605.000000
39.945973 116.444323 49606.000000
39.946000 116.444293 49607.000000
39.946038 116.444282 49608.000000
39.946073 116.444263 49609.000000
39.946117 116.444245 49610.000000
39.946162 116.444223 49611.000000
39.946205 116.444202 49612.000000
39.946237 116.444188 49613.000000
39.946275 116.444163 49614.000000
39.946315 116.444133 49615.000000
39.946355 116.444100 49616.000000
39.946400 116.444058 49617.000000
39.946448 116.444013 49618.000000
39.946492 116.443963 49619.000000
39.946547 116.443917 49620.000000
39.946605 116.443868 49621.000000
39.946657 116.443802 49622.000000
39.946708 116.443728 49623.000000
39.946758 116.443660 49624.000000
39.946807 116.443585 49625.000000
39.946852 116.443517 49626.000000
39.946890 116.443468 49627.000000
39.946910 116.443443 49628.000000
39.946945 116.443393 49629.000000
39.946983 116.443322 49630.000000
39.947018 116.443253 49631.000000
39.947037 116.443195 49632.000000
39.947058 116.443175 49633.000000
39.947068 116.443110 49651.000000
39.947068 116.443108 49652.000000
39.947073 116.443102 49653.000000
39.947090 116.443080 49654.000000
39.947108 116.443065 49655.000000
39.947128 116.443048 49656.000000
39.947135 116.443020 49657.000000
39.947142 116.442975 49658.000000
39.947152 116.442928 49659.000000
39.947165 116.442885 49660.000000
39.947183 116.442842 49661.000000
39.947200 116.442803 49662.000000
39.947217 116.442772 49663.000000
39.947237 116.442740 49664.000000
39.947253 116.442715 49665.000000
39.947267 116.442697 49666.000000
39.947285 116.442610 49673.000000
39.947300 116.442580 49674.000000
39.947323 116.442552 49675.000000
39.947340 116.442517 49676.000000
39.947363 116.442475 49677.000000
39.947382 116.442438 49678.000000
39.947403 116.442395 49679.000000
39.947432 116.442352 49680.000000
39.947448 116.442313 49681.000000
39.947485 116.442253 49682.000000
39.947517 116.442205 49683.000000
39.947558 116.442155 49684.000000
39.947593 116.442100 49685.000000
39.947627 116.442043 49686.000000
39.947662 116.441990 49687.000000
39.947693 116.441940 49688.000000
39.947727 116.441882 49689.000000
39.947765 116.441818 49690.000000
39.947805 116.441755 49691.000000
39.947853 116.441690 49692.000000
39.947902 116.441623 49693.000000
39.947950 116.441558 49694.000000
39.947993 116.441500 49695.000000
39.948035 116.441442 49696.000000
39.948077 116.441385 49697.000000
39.948122 116.441333 49698.000000
39.948162 116.441278 49699.000000
39.948207 116.441230 49700.000000
39.948243 116.441185 49701.000000
39.948277 116.441138 49702.000000
39.948310 116.441093 49703.000000
39.948335 116.441042 49704.000000
39.948368 116.440985 49705.000000
39.948403 116.440932 49706.000000
39.948433 116.440887 49707.000000
39.948462 116.440843 49708.000000
39.948488 116.440797 49709.000000
39.948515 116.440757 49710.000000
39.948537 116.440720 49711.000000
39.948557 116.440683 49712.000000
39.948577 116.440657 49713.000000
39.948593 116.440627 49714.000000
39.948607 116.440595 49715.000000
39.948622 116.440573 49716.000000
39.948633 116.440558 49717.000000
39.948645 116.440545 49718.000000
39.948652 116.440538 49719.000000
39.948662 116.440540 49720.000000
39.948665 116.440533 49721.000000
39.948658 116.440520 49722.000000
39.948667 116.440503 49723.000000
39.948680 116.440485 49724.000000
39.948710 116.440460 49725.000000
39.948732 116.440433 49726.000000
39.948748 116.440410 49727.000000
39.948767 116.440387 49728.000000
39.948778 116.440360 49729.000000
39.948790 116.440342 49730.000000
39.948817 116.440308 49731.000000
39.948832 116.440285 49732.000000
39.948845 116.440265 49733.000000
39.948858 116.440248 49734.000000
39.948863 116.440232 49735.000000
39.948882 116.440195 49746.000000
39.948885 116.440190 49747.000000
39.948888 116.440185 49748.000000
39.948892 116.440180 49749.000000
39.948893 116.440175 49750.000000
39.948897 116.440165 49751.000000
39.948900 116.440153 49752.000000
39.948910 116.440142 49753.000000
39.948917 116.440130 49754.000000
39.948927 116.440113 49755.000000
39.948935 116.440092 49756.000000
39.948942 116.440065 49757.000000
39.948938 116.440037 49758.000000
39.948915 116.440022 49759.000000
39.948927 116.439953 49760.000000
39.948915 116.439905 49761.000000
39.948900 116.439862 49762.000000
39.948882 116.439818 49763.000000
39.948863 116.439783 49764.000000
39.948848 116.439757 49765.000000
39.948833 116.439733 49766.000000
39.948820 116.439712 49767.000000
39.948805 116.439680 49768.000000
39.948795 116.439658 49769.000000
39.948785 116.439632 49770.000000
39.948775 116.439608 49771.000000
39.948773 116.439592 49772.000000
39.948773 116.439572 49773.000000
39.948773 116.439553 49774.000000
39.948775 116.439538 49775.000000
39.948787 116.439533 49776.000000
39.948793 116.439523 49777.000000
39.948790 116.439497 49778.000000
39.948793 116.439475 49779.000000
39.948780 116.439432 49780.000000
39.948782 116.439418 49781.000000
39.948777 116.439373 49786.000000
39.948778 116.439350 49787.000000
39.948787 116.439327 49788.000000
39.948812 116.439305 49789.000000
39.948822 116.439278 49790.000000
39.948830 116.439253 49791.000000
39.948838 116.439240 49792.000000
39.948850 116.439225 49793.000000
39.948858 116.439212 49794.000000
39.948870 116.439195 49795.000000
39.948877 116.439183 49796.000000
39.948882 116.439172 49797.000000
39.948885 116.439167 49798.000000
39.948918 116.439095 49799.000000
39.948948 116.439035 49806.000000
39.948952 116.439047 49807.000000
39.948948 116.439048 49808.000000
39.948952 116.439052 49809.000000
39.948953 116.439050 49810.000000
39.948958 116.439052 49811.000000
39.948968 116.439040 49812.000000
39.948977 116.439030 49813.000000
39.948988 116.439032 49814.000000
39.948998 116.439035 49815.000000
39.949015 116.439040 49816.000000
39.949022 116.439042 49817.000000
39.949032 116.439047 49818.000000
39.949040 116.439052 49819.000000
39.949068 116.439058 49820.000000
39.949075 116.439060 49821.000000
39.949085 116.439068 49822.000000
39.949093 116.439072 49823.000000
39.949102 116.439075 49824.000000
39.949112 116.439082 49825.000000
39.949118 116.439092 49826.000000
39.949135 116.439095 49827.000000
39.949145 116.439093 49828.000000
39.949148 116.439092 49829.000000
39.949158 116.439087 49830.000000
39.949168 116.439085 49831.000000
39.949178 116.439083 49832.000000
39.949187 116.439080 49833.000000
39.949200 116.439073 49834.000000
39.949210 116.439067 49835.000000
39.949220 116.439058 49836.000000
39.949228 116.439045 49837.000000
39.949233 116.439037 49838.000000
39.949240 116.439033 49839.000000
39.949247 116.439027 49840.000000
39.949257 116.439018 49841.000000
39.949265 116.439008 49842.000000
39.949273 116.439000 49843.000000
39.949282 116.438990 49844.000000
39.949287 116.438982 49845.000000
39.949293 116.438972 49846.000000
39.949298 116.438960 49847.000000
39.949303 116.438942 49848.000000
39.949312 116.438928 49849.000000
39.949317 116.438917 49850.000000
39.949322 116.438908 49851.000000
39.949332 116.438902 49852.000000
39.949338 116.438897 49853.000000
39.949347 116.438883 49854.000000
39.949352 116.438863 49855.000000
39.949363 116.438858 49856.000000
39.949377 116.438843 49857.000000
39.949382 116.438833 49858.000000
39.949390 116.438823 49859.000000
39.949397 116.438815 49860.000000
39.949400 116.438802 49861.000000
39.949403 116.438790 49862.000000
39.949408 116.438782 49863.000000
39.949415 116.438777 49864.000000
39.949423 116.438773 49865.000000
39.949428 116.438767 49866.000000
39.949457 116.438695 49875.000000
39.949463 116.438687 49876.000000
39.949470 116.438678 49877.000000
39.949502 116.438678 49878.000000
39.949518 116.438672 49879.000000
39.949530 116.438663 49880.000000
39.949540 116.438655 49881.000000
39.949550 116.438645 49882.000000
39.949558 116.438635 49883.000000
39.949568 116.438623 49884.000000
39.949578 116.438612 49885.000000
39.949585 116.438588 49886.000000
39.949598 116.438577 49887.000000
39.949622 116.438565 49888.000000
39.949632 116.438533 49889.000000
39.949645 116.438532 49890.000000
39.949653 116.438527 49891.000000
39.949658 116.438512 49892.000000
39.949670 116.438512 49893.000000
39.949675 116.438500 49894.000000
39.949678 116.438492 49895.000000
39.949688 116.438485 49896.000000
39.949692 116.438462 49897.000000
39.949698 116.438453 49898.000000
39.949707 116.438443 49899.000000
39.949713 116.438440 49900.000000
39.949718 116.438433 49901.000000
39.949725 116.438430 49902.000000
39.949742 116.438423 49903.000000
39.949757 116.438420 49904.000000
39.949767 116.438413 49905.000000
39.949775 116.438403 49906.000000
39.949782 116.438395 49907.000000
39.949785 116.438382 49908.000000
39.949788 116.438368 49909.000000
39.949792 116.438358 49910.000000
39.949795 116.438350 49911.000000
39.949797 116.438343 49912.000000
39.949797 116.438330 49913.000000
39.949800 116.438322 49914.000000
39.949803 116.438315 49915.000000
39.949810 116.438282 49916.000000
39.949812 116.438270 49917.000000
39.949817 116.438258 49918.000000
39.949820 116.438250 49919.000000
39.949823 116.438243 49920.000000
39.949825 116.438245 49921.000000
39.949825 116.438230 49922.000000
39.949820 116.438222 49923.000000
39.949817 116.438212 49924.000000
39.949812 116.438203 49925.000000
39.949805 116.438193 49926.000000
39.949813 116.438175 49927.000000
39.949807 116.438165 49928.000000
39.949805 116.438160 49929.000000
39.949798 116.438148 49930.000000
39.949793 116.438142 49931.000000
39.949790 116.438137 49932.000000
39.949785 116.438130 49933.000000
39.949782 116.438117 49934.000000
39.949777 116.438108 49935.000000
39.949780 116.438077 49936.000000
39.949778 116.438060 49937.000000
39.949773 116.438052 49938.000000
39.949782 116.438022 49939.000000
39.949773 116.438003 49940.000000
39.949767 116.437982 49941.000000
39.949760 116.437962 49942.000000
39.949752 116.437943 49943.000000
39.949745 116.437930 49944.000000
39.949737 116.437923 49945.000000
39.949735 116.437915 49946.000000
39.949728 116.437878 49947.000000
39.949720 116.437865 49948.000000
39.949708 116.437857 49949.000000
39.949698 116.437858 49950.000000
39.949687 116.437855 49951.000000
39.949675 116.437852 49952.000000
39.949665 116.437847 49953.000000
39.949655 116.437845 49954.000000
39.949643 116.437842 49955.000000
39.949632 116.437842 49956.000000
39.949620 116.437835 49957.000000
39.949607 116.437833 49958.000000
39.949595 116.437830 49959.000000
39.949583 116.437820 49960.000000
39.949572 116.437815 49961.000000
39.949563 116.437815 49962.000000
39.949553 116.437812 49963.000000
39.949543 116.437808 49964.000000
39.949532 116.437808 49965.000000
39.949522 116.437812 49966.000000
39.949503 116.437815 49967.000000
39.949467 116.437795 49968.000000
39.949447 116.437797 49969.000000
39.949437 116.437807 49970.000000
39.949423 116.437808 49971.000000
39.949412 116.437807 49972.000000
39.949402 116.437803 49973.000000
39.949383 116.437800 49974.000000
39.949367 116.437793 49975.000000
39.949357 116.437782 49976.000000
39.949337 116.437775 49977.000000
39.949323 116.437763 49978.000000
39.949312 116.437752 49979.000000
39.949293 116.437742 49980.000000
39.949282 116.437730 49981.000000
39.949267 116.437720 49982.000000
39.949257 116.437708 49983.000000
39.949248 116.437700 49984.000000
39.949238 116.437688 49985.000000
39.949228 116.437675 49986.000000
39.949217 116.437663 49987.000000
39.949205 116.437652 49988.000000
39.949195 116.437643 49989.000000
39.949185 116.437633 49990.000000
39.949175 116.437622 49991.000000
39.949163 116.437610 49992.000000
39.949153 116.437598 49993.000000
39.949145 116.437587 49994.000000
39.949135 116.437575 49995.000000
39.949125 116.437565 49996.000000
39.949115 116.437557 49997.000000
39.949103 116.437547 49998.000000
39.949093 116.437538 49999.000000
39.949083 116.437528 50000.000000
39.949073 116.437507 50001.000000
39.949065 116.437492 50002.000000
39.949055 116.437477 50003.000000
39.949045 116.437463 50004.000000
39.949033 116.437452 50005.000000
39.949023 116.437442 50006.000000
39.949013 116.437430 50007.000000
39.949003 116.437420 50008.000000
39.948995 116.437408 50009.000000
39.948987 116.437395 50010.000000
39.948977 116.437378 50011.000000
39.948967 116.437363 50012.000000
39.948957 116.437350 50013.000000
39.948947 116.437335 50014.000000
39.948937 116.437317 50015.000000
39.948927 116.437302 50016.000000
39.948917 116.437285 50017.000000
39.948905 116.437272 50018.000000
39.948895 116.437258 50019.000000
39.948883 116.437245 50020.000000
39.948872 116.437238 50021.000000
39.948863 116.437223 50022.000000
39.948852 116.437212 50023.000000
39.948840 116.437198 50024.000000
39.948828 116.437170 50025.000000
39.948818 116.437135 50026.000000
39.948810 116.437117 50027.000000
39.948800 116.437102 50028.000000
39.948792 116.437078 50029.000000
39.948782 116.437062 50030.000000
39.948775 116.437050 50031.000000
39.948765 116.437033 50032.000000
39.948753 116.437020 50033.000000
39.948742 116.437005 50034.000000
39.948732 116.436988 50035.000000
39.948720 116.436970 50036.000000
39.948708 116.436955 50037.000000
39.948698 116.436938 50038.000000
39.948685 116.436920 50039.000000
39.948673 116.436897 50040.000000
39.948662 116.436887 50041.000000
39.948650 116.436868 50042.000000
39.948638 116.436853 50043.000000
39.948628 116.436838 50044.000000
39.948617 116.436827 50045.000000
39.948607 116.436813 50046.000000
39.948595 116.436802 50047.000000
39.948582 116.436788 50048.000000
39.948570 116.436780 50049.000000
39.948558 116.436770 50050.000000
39.948548 116.436758 50051.000000
39.948540 116.436743 50052.000000
39.948530 116.436730 50053.000000
39.948520 116.436718 50054.000000
39.948510 116.436703 50055.000000
39.948500 116.436692 50056.000000
39.948488 116.436682 50057.000000
39.948475 116.436673 50058.000000
39.948463 116.436663 50059.000000
39.948453 116.436657 50060.000000
39.948437 116.436648 50061.000000
39.948423 116.436635 50062.000000
39.948412 116.436618 50063.000000
39.948395 116.436605 50064.000000
39.948378 116.436595 50065.000000
39.948367 116.436578 50066.000000
39.948355 116.436562 50067.000000
39.948338 116.436548 50068.000000
39.948325 116.436538 50069.000000
39.948312 116.436522 50070.000000
39.948300 116.436515 50071.000000
39.948290 116.436503 50072.000000
39.948282 116.436493 50073.000000
39.948272 116.436488 50074.000000
39.948262 116.436482 50075.000000
39.948253 116.436472 50076.000000
39.948247 116.436460 50077.000000
39.948238 116.436445 50078.000000
39.948225 116.436428 50079.000000
39.948215 116.436418 50080.000000
39.948203 116.436405 50081.000000
39.948185 116.436390 50082.000000
39.948168 116.436375 50083.000000
39.948155 116.436357 50084.000000
39.948143 116.436337 50085.000000
39.948133 116.436320 50086.000000
39.948122 116.436307 50087.000000
39.948113 116.436290 50088.000000
39.948103 116.436273 50089.000000
39.948095 116.436253 50090.000000
39.948085 116.436240 50091.000000
39.948072 116.436237 50092.000000
39.948072 116.436220 50097.000000
39.948073 116.436218 50098.000000
39.948072 116.436197 50099.000000
39.948058 116.436175 50100.000000
39.948045 116.436160 50101.000000
39.948033 116.436143 50102.000000
39.948023 116.436125 50103.000000
39.948010 116.436108 50104.000000
39.947993 116.436098 50105.000000
39.947982 116.436082 50106.000000
39.947967 116.436065 50107.000000
39.947953 116.436052 50108.000000
39.947940 116.436033 50109.000000
39.947932 116.436018 50110.000000
39.947918 116.435997 50111.000000
39.947908 116.435978 50112.000000
39.947897 116.435955 50113.000000
39.947885 116.435937 50114.000000
39.947873 116.435917 50115.000000
39.947860 116.435898 50116.000000
39.947848 116.435883 50117.000000
39.947832 116.435865 50118.000000
39.947820 116.435848 50119.000000
39.947808 116.435830 50120.000000
39.947798 116.435812 50121.000000
39.947787 116.435795 50122.000000
39.947775 116.435778 50123.000000
39.947765 116.435760 50124.000000
39.947752 116.435747 50125.000000
39.947740 116.435732 50126.000000
39.947728 116.435720 50127.000000
39.947717 116.435708 50128.000000
39.947703 116.435695 50129.000000
39.947693 116.435680 50130.000000
39.947685 116.435665 50131.000000
39.947675 116.435652 50132.000000
39.947665 116.435633 50133.000000
39.947655 116.435617 50134.000000
39.947643 116.435600 50135.000000
39.947632 116.435582 50136.000000
39.947618 116.435565 50137.000000
39.947607 116.435547 50138.000000
39.947595 116.435528 50139.000000
39.947583 116.435508 50140.000000
39.947572 116.435493 50141.000000
39.947560 116.435467 50142.000000
39.947547 116.435447 50143.000000
39.947535 116.435428 50144.000000
39.947523 116.435410 50145.000000
39.947515 116.435388 50146.000000
39.947510 116.435368 50147.000000
39.947508 116.435350 50148.000000
39.947505 116.435333 50149.000000
39.947503 116.435315 50150.000000
39.947498 116.435292 50151.000000
39.947492 116.435270 50152.000000
39.947485 116.435250 50153.000000
39.947482 116.435228 50154.000000
39.947478 116.435200 50155.000000
39.947478 116.435178 50156.000000
39.947478 116.435157 50157.000000
39.947480 116.435132 50158.000000
39.947485 116.435103 50159.000000
39.947493 116.435080 50160.000000
39.947503 116.435063 50161.000000
39.947517 116.435037 50162.000000
39.947525 116.435025 50163.000000
39.947535 116.435010 50164.000000
39.947545 116.435002 50165.000000
39.947557 116.434990 50166.000000
39.947570 116.434977 50167.000000
39.947583 116.434958 50168.000000
39.947593 116.434942 50169.000000
39.947603 116.434925 50170.000000
39.947617 116.434903 50171.000000
39.947627 116.434888 50172.000000
39.947640 116.434875 50173.000000
39.947655 116.434867 50174.000000
39.947670 116.434853 50175.000000
39.947683 116.434835 50176.000000
39.947692 116.434820 50177.000000
39.947697 116.434803 50178.000000
39.947705 116.434787 50179.000000
39.947715 116.434772 50180.000000
39.947725 116.434758 50181.000000
39.947732 116.434740 50182.000000
39.947740 116.434723 50183.000000
39.947750 116.434710 50184.000000
39.947758 116.434697 50185.000000
39.947768 116.434680 50186.000000
39.947777 116.434663 50187.000000
39.947788 116.434645 50188.000000
39.947797 116.434630 50189.000000
39.947807 116.434617 50190.000000
39.947815 116.434605 50191.000000
39.947835 116.434595 50192.000000
39.947847 116.434585 50193.000000
39.947858 116.434570 50194.000000
39.947867 116.434553 50195.000000
39.947878 116.434540 50196.000000
39.947892 116.434530 50197.000000
39.947900 116.434517 50198.000000
39.947913 116.434513 50199.000000
39.947920 116.434500 50200.000000
39.947928 116.434485 50201.000000
39.947938 116.434473 50202.000000
39.947947 116.434458 50203.000000
39.947953 116.434448 50204.000000
39.947960 116.434438 50205.000000
39.947968 116.434427 50206.000000
39.947975 116.434408 50207.000000
39.947985 116.434400 50208.000000
39.948012 116.434380 50209.000000
39.948027 116.434367 50210.000000
39.948043 116.434348 50211.000000
39.948057 116.434337 50212.000000
39.948068 116.434323 50213.000000
39.948083 116.434308 50214.000000
39.948093 116.434295 50215.000000
39.948103 116.434282 50216.000000
39.948112 116.434277 50217.000000
39.948118 116.434267 50218.000000
39.948125 116.434258 50219.000000
39.948132 116.434252 50220.000000
39.948137 116.434250 50221.000000
39.948143 116.434243 50222.000000
39.948152 116.434237 50223.000000
39.948162 116.434230 50224.000000
39.948175 116.434228 50225.000000
39.948187 116.434227 50226.000000
39.948202 116.434233 50227.000000
39.948218 116.434238 50228.000000
39.948237 116.434233 50229.000000
39.948262 116.434227 50230.000000
39.948280 116.434217 50231.000000
39.948308 116.434207 50232.000000
39.948323 116.434203 50233.000000
39.948348 116.434205 50234.000000
39.948373 116.434202 50235.000000
39.948390 116.434202 50236.000000
39.948408 116.434203 50237.000000
39.948422 116.434210 50238.000000
39.948432 116.434212 50239.000000
39.948452 116.434203 50240.000000
39.948467 116.434195 50241.000000
39.948467 116.434188 50242.000000
39.948477 116.434183 50243.000000
39.948488 116.434187 50244.000000
39.948498 116.434190 50245.000000
39.948505 116.434188 50246.000000
39.948525 116.434190 50247.000000
39.948533 116.434190 50248.000000
39.948547 116.434188 50249.000000
39.948563 116.434188 50250.000000
39.948582 116.434188 50251.000000
39.948597 116.434188 50252.000000
39.948605 116.434188 50253.000000
39.948613 116.434183 50254.000000
39.948622 116.434178 50255.000000
39.948632 116.434173 50256.000000
39.948637 116.434165 50257.000000
39.948645 116.434162 50258.000000
39.948653 116.434158 50259.000000
39.948665 116.434153 50260.000000
39.948673 116.434143 50261.000000
39.948677 116.434137 50262.000000
39.948682 116.434132 50263.000000
39.948687 116.434123 50264.000000
39.948690 116.434117 50265.000000
39.948695 116.434113 50266.000000
39.948697 116.434100 50267.000000
39.948700 116.434080 50268.000000
39.948703 116.434062 50269.000000
39.948707 116.434050 50270.000000
39.948708 116.434045 50271.000000
39.948707 116.434037 50272.000000
39.948710 116.434030 50273.000000
39.948713 116.434020 50274.000000
39.948727 116.434012 50275.000000
39.948733 116.433997 50276.000000
39.948732 116.433982 50277.000000
39.948732 116.433972 50278.000000
39.948735 116.433958 50279.000000
39.948737 116.433942 50280.000000
39.948737 116.433932 50281.000000
39.948737 116.433925 50282.000000
39.948733 116.433917 50283.000000
39.948737 116.433912 50284.000000
39.948742 116.433902 50285.000000
39.948750 116.433902 50286.000000
39.948760 116.433880 50287.000000
39.948775 116.433873 50288.000000
39.948778 116.433858 50289.000000
39.948782 116.433850 50290.000000
39.948792 116.433840 50291.000000
39.948797 116.433838 50292.000000
39.948803 116.433830 50293.000000
39.948808 116.433823 50294.000000
39.948883 116.433845 50295.000000
39.948887 116.433842 50296.000000
39.948897 116.433828 50297.000000
39.948907 116.433817 50298.000000
39.948912 116.433815 50299.000000
39.948927 116.433810 50300.000000
39.948943 116.433807 50301.000000
39.949047 116.433843 50318.000000
39.949060 116.433843 50319.000000
39.949077 116.433842 50320.000000
39.949097 116.433845 50321.000000
39.949118 116.433852 50322.000000
39.949137 116.433857 50323.000000
39.949155 116.433863 50324.000000
39.949172 116.433873 50325.000000
39.949195 116.433868 50326.000000
39.949250 116.433933 50327.000000
39.949273 116.433937 50328.000000
39.949300 116.433950 50329.000000
39.949328 116.433958 50330.000000
39.949353 116.433963 50331.000000
39.949365 116.433963 50332.000000
39.949370 116.433962 50333.000000
39.949378 116.433958 50334.000000
39.949388 116.433952 50335.000000
39.949433 116.433997 50340.000000
39.949448 116.433990 50341.000000
39.949467 116.433988 50342.000000
39.949488 116.433990 50343.000000
39.949502 116.433987 50344.000000
39.949512 116.433983 50345.000000
39.949535 116.433988 50346.000000
39.949542 116.433983 50347.000000
39.949552 116.433972 50348.000000
39.949560 116.433963 50349.000000
39.949568 116.433962 50350.000000
39.949573 116.433957 50351.000000
39.949583 116.433948 50352.000000
39.949585 116.433943 50353.000000
39.949602 116.433935 50354.000000
39.949617 116.433932 50355.000000
39.949628 116.433923 50356.000000
39.949640 116.433917 50357.000000
39.949683 116.433888 50363.000000
39.949695 116.433880 50364.000000
39.949705 116.433870 50365.000000
39.949732 116.433875 50366.000000
39.949747 116.433868 50367.000000
39.949755 116.433858 50368.000000
39.949760 116.433847 50369.000000
39.949768 116.433830 50370.000000
39.949775 116.433818 50371.000000
39.949783 116.433817 50372.000000
39.949793 116.433818 50373.000000
39.949802 116.433817 50374.000000
39.949807 116.433807 50375.000000
39.949828 116.433803 50376.000000
39.949850 116.433817 50377.000000
39.949870 116.433815 50378.000000
39.949872 116.433815 50379.000000
39.949890 116.433812 50380.000000
39.949897 116.433807 50381.000000
39.949917 116.433802 50382.000000
39.949938 116.433805 50383.000000
39.949943 116.433798 50384.000000
39.949962 116.433800 50385.000000
39.949980 116.433800 50386.000000
39.949988 116.433795 50387.000000
39.950012 116.433793 50388.000000
39.950028 116.433790 50389.000000
39.950038 116.433787 50390.000000
39.950067 116.433790 50391.000000
39.950102 116.433808 50392.000000
39.950107 116.433805 50393.000000
39.950107 116.433797 50394.000000
39.950112 116.433793 50395.000000
39.950127 116.433788 50396.000000
39.950142 116.433780 50397.000000
39.950155 116.433773 50398.000000
39.950172 116.433770 50399.000000
39.950183 116.433767 50400.000000
39.950187 116.433757 50401.000000
39.950197 116.433748 50402.000000
39.950202 116.433740 50403.000000
39.950208 116.433732 50404.000000
39.950225 116.433732 50405.000000
39.950242 116.433730 50406.000000
39.950243 116.433708 50407.000000
39.950252 116.433705 50408.000000
39.950278 116.433712 50409.000000
39.950307 116.433713 50410.000000
39.950327 116.433720 50411.000000
39.950343 116.433727 50412.000000
39.950390 116.433795 50413.000000
39.950412 116.433808 50414.000000
39.950495 116.433838 50420.000000
39.950503 116.433838 50421.000000
39.950512 116.433835 50422.000000
39.950520 116.433833 50423.000000
39.950513 116.433835 50424.000000
39.950525 116.433833 50425.000000
39.950543 116.433835 50426.000000
39.950560 116.433835 50427.000000
39.950577 116.433837 50428.000000
39.950588 116.433833 50429.000000
39.950607 116.433832 50430.000000
39.950633 116.433833 50431.000000
39.950643 116.433830 50432.000000
39.950650 116.433822 50433.000000
39.950650 116.433813 50434.000000
39.950663 116.433818 50435.000000
39.950715 116.433733 50459.000000
39.950728 116.433727 50460.000000
39.950770 116.433687 50461.000000
39.950788 116.433672 50462.000000
39.950798 116.433663 50463.000000
39.950810 116.433653 50464.000000
39.950823 116.433635 50465.000000
39.950837 116.433623 50466.000000
39.950848 116.433587 50467.000000
39.950873 116.433582 50468.000000
39.950878 116.433572 50469.000000
39.950883 116.433567 50470.000000
39.950888 116.433557 50471.000000
39.950942 116.433567 50472.000000
39.950952 116.433562 50473.000000
39.950958 116.433552 50474.000000
39.950972 116.433540 50475.000000
39.950980 116.433535 50476.000000
39.950993 116.433525 50477.000000
39.950997 116.433520 50478.000000
39.951008 116.433508 50479.000000
39.951133 116.433573 50503.000000
39.951128 116.433585 50504.000000
39.951137 116.433575 50505.000000
39.951140 116.433573 50506.000000
39.951148 116.433567 50507.000000
39.951168 116.433573 50508.000000
39.951175 116.433565 50509.000000
39.951183 116.433565 50510.000000
39.951192 116.433562 50511.000000
39.951198 116.433555 50512.000000
39.951203 116.433553 50513.000000
39.951208 116.433550 50514.000000
39.951217 116.433542 50515.000000
39.951223 116.433532 50516.000000
39.951233 116.433523 50517.000000
39.951248 116.433517 50518.000000
39.951252 116.433510 50519.000000
39.951253 116.433507 50520.000000
39.951258 116.433487 50521.000000
39.951258 116.433478 50522.000000
39.951258 116.433468 50523.000000
39.951257 116.433455 50524.000000
39.951265 116.433445 50525.000000
39.951277 116.433427 50526.000000
39.951283 116.433422 50527.000000
39.951293 116.433415 50528.000000
39.951305 116.433403 50529.000000
39.951305 116.433395 50530.000000
39.951320 116.433390 50531.000000
39.951332 116.433387 50532.000000
39.951350 116.433373 50533.000000
39.951405 116.433352 50547.000000
39.951412 116.433335 50548.000000
39.951420 116.433330 50549.000000
39.951442 116.433342 50550.000000
39.951448 116.433337 50551.000000
39.951517 116.433397 50552.000000
39.951540 116.433403 50553.000000
39.951573 116.433410 50554.000000
39.951580 116.433408 50555.000000
39.951627 116.433442 50556.000000
39.951675 116.433458 50557.000000
39.951745 116.433477 50558.000000
39.951785 116.433488 50559.000000
39.951913 116.433570 50560.000000
39.951955 116.433593 50561.000000
39.951978 116.433605 50562.000000
39.952010 116.433613 50563.000000
39.952032 116.433615 50564.000000
39.952055 116.433622 50565.000000
39.952140 116.433633 50566.000000
39.952168 116.433637 50567.000000
39.952190 116.433642 50568.000000
39.952202 116.433642 50569.000000
39.952228 116.433642 50570.000000
39.952232 116.433635 50571.000000
39.952238 116.433635 50572.000000
39.952252 116.433635 50573.000000
39.952265 116.433630 50574.000000
39.952273 116.433627 50575.000000
39.952283 116.433620 50576.000000
39.952288 116.433612 50577.000000
39.952292 116.433602 50578.000000
39.952293 116.433597 50579.000000
39.952295 116.433592 50580.000000
39.952297 116.433587 50581.000000
39.952297 116.433583 50582.000000
39.952303 116.433572 50583.000000
39.952308 116.433563 50584.000000
39.952320 116.433555 50585.000000
39.952332 116.433545 50586.000000
39.952343 116.433538 50587.000000
39.952385 116.433548 50588.000000
39.952398 116.433540 50589.000000
39.952412 116.433542 50590.000000
39.952425 116.433537 50591.000000
39.952453 116.433543 50592.000000
39.952462 116.433543 50593.000000
39.952482 116.433545 50594.000000
39.952505 116.433550 50595.000000
39.952532 116.433553 50596.000000
39.952540 116.433558 50597.000000
39.952573 116.433560 50598.000000
39.952593 116.433565 50599.000000
39.952635 116.433567 50600.000000
39.952658 116.433562 50601.000000
39.952677 116.433553 50602.000000
39.952693 116.433547 50603.000000
39.952705 116.433542 50604.000000
39.952717 116.433537 50605.000000
39.952728 116.433528 50606.000000
39.952732 116.433522 50607.000000
39.952738 116.433517 50608.000000
39.952745 116.433510 50609.000000
39.952747 116.433505 50610.000000
39.952747 116.433500 50611.000000
39.952752 116.433492 50612.000000
39.952755 116.433482 50613.000000
39.952777 116.433468 50614.000000
39.952783 116.433462 50615.000000
39.952817 116.433468 50616.000000
39.952837 116.433465 50617.000000
39.952848 116.433455 50618.000000
39.952860 116.433450 50619.000000
39.952875 116.433443 50620.000000
39.952887 116.433425 50621.000000
39.952895 116.433413 50622.000000
39.952902 116.433408 50623.000000
39.952908 116.433397 50624.000000
39.952910 116.433392 50625.000000
39.952915 116.433392 50626.000000
39.952922 116.433382 50627.000000
39.952940 116.433365 50628.000000
39.952955 116.433332 50629.000000
39.952973 116.433320 50630.000000
39.952993 116.433315 50631.000000
39.953010 116.433312 50632.000000
39.953018 116.433308 50633.000000
39.953025 116.433282 50634.000000
39.953030 116.433273 50635.000000
39.953035 116.433253 50636.000000
39.953043 116.433242 50637.000000
39.953080 116.433250 50638.000000
39.953100 116.433262 50639.000000
39.953108 116.433258 50640.000000
39.953118 116.433257 50641.000000
39.953125 116.433257 50642.000000
39.953140 116.433262 50643.000000
39.953150 116.433263 50644.000000
39.953167 116.433270 50645.000000
39.953173 116.433273 50646.000000
39.953223 116.433270 50652.000000
39.953248 116.433267 50653.000000
39.953265 116.433267 50654.000000
39.953287 116.433262 50655.000000
39.953308 116.433260 50656.000000
39.953332 116.433257 50657.000000
39.953357 116.433248 50658.000000
39.953365 116.433253 50659.000000
39.953458 116.433280 50670.000000
39.953468 116.433285 50671.000000
39.953537 116.433320 50681.000000
39.953545 116.433328 50682.000000
39.953555 116.433328 50683.000000
39.953563 116.433328 50684.000000
39.953572 116.433332 50685.000000
39.953635 116.433322 50691.000000
39.953652 116.433312 50692.000000
