39.995138 116.418100 12694.000000
39.995196 116.417991 12696.000000
39.995189 116.418017 12698.000000
39.995203 116.418015 12700.000000
39.995174 116.418037 12702.000000
39.995167 116.418049 12704.000000
39.995141 116.418018 12706.000000
39.995120 116.418016 12708.000000
39.995092 116.418005 12710.000000
39.995054 116.418011 12712.000000
39.995013 116.417997 12714.000000
39.994973 116.417988 12716.000000
39.994928 116.417980 12718.000000
39.994889 116.417968 12720.000000
39.994836 116.417976 12722.000000
39.994793 116.417990 12724.000000
39.994746 116.418023 12726.000000
39.994690 116.418017 12728.000000
39.994630 116.418031 12730.000000
39.994587 116.418028 12732.000000
39.994543 116.418026 12734.000000
39.994497 116.418007 12736.000000
39.994437 116.418025 12738.000000
39.994391 116.418030 12740.000000
39.994344 116.418040 12742.000000
39.994280 116.418062 12744.000000
39.994228 116.418086 12746.000000
39.994180 116.418101 12748.000000
39.994119 116.418110 12750.000000
39.994054 116.418112 12752.000000
39.993980 116.418114 12754.000000
39.993909 116.418136 12756.000000
39.993870 116.418145 12758.000000
39.993825 116.418148 12760.000000
39.993785 116.418141 12762.000000
39.993751 116.418154 12764.000000
39.993699 116.418170 12766.000000
39.993646 116.418160 12768.000000
39.993617 116.418086 12770.000000
39.993528 116.418101 12772.000000
39.993471 116.418116 12774.000000
39.993405 116.418109 12776.000000
39.993362 116.418140 12778.000000
39.993313 116.418166 12780.000000
39.993259 116.418178 12782.000000
39.993201 116.418224 12784.000000
39.993162 116.418272 12786.000000
39.993013 116.418351 12788.000000
39.992925 116.418373 12790.000000
39.992845 116.418414 12792.000000
39.992788 116.418449 12794.000000
39.992703 116.418451 12796.000000
39.992630 116.418504 12798.000000
39.992588 116.418511 12800.000000
39.992527 116.418542 12802.000000
39.992501 116.418529 12804.000000
39.992555 116.418489 12806.000000
39.992551 116.418493 12808.000000
39.992527 116.418487 12810.000000
39.992487 116.418494 12812.000000
39.992455 116.418484 12814.000000
39.992436 116.418450 12816.000000
39.992411 116.418435 12818.000000
39.992378 116.418422 12820.000000
39.992361 116.418362 12822.000000
39.992334 116.418389 12824.000000
39.992293 116.418411 12826.000000
39.992227 116.418405 12828.000000
39.992198 116.418356 12830.000000
39.992151 116.418343 12832.000000
39.992097 116.418344 12834.000000
39.992040 116.418340 12836.000000
39.991992 116.418325 12838.000000
39.991953 116.418328 12840.000000
39.991895 116.418326 12842.000000
39.991844 116.418312 12844.000000
39.991790 116.418293 12846.000000
39.991726 116.418287 12848.000000
39.991690 116.418247 12850.000000
39.991650 116.418212 12852.000000
39.991620 116.418160 12854.000000
39.991569 116.418163 12856.000000
39.991506 116.418169 12858.000000
39.991428 116.418156 12860.000000
39.991341 116.418154 12862.000000
39.991311 116.418152 12864.000000
39.991303 116.418154 12866.000000
39.991276 116.418149 12868.000000
39.991239 116.418157 12870.000000
39.991204 116.418143 12872.000000
39.991128 116.418129 12874.000000
39.991039 116.418116 12876.000000
39.990971 116.418107 12878.000000
39.990879 116.418119 12880.000000
39.990807 116.418140 12882.000000
39.990762 116.418138 12884.000000
39.990705 116.418153 12886.000000
39.990634 116.418164 12888.000000
39.990608 116.418179 12890.000000
39.990518 116.418184 12892.000000
39.990461 116.418181 12894.000000
39.990413 116.418188 12896.000000
39.990362 116.418172 12898.000000
39.990326 116.418144 12900.000000
39.990277 116.418161 12902.000000
39.990257 116.418164 12904.000000
39.990175 116.418183 12906.000000
39.990095 116.418176 12908.000000
39.990032 116.418146 12910.000000
39.989976 116.418111 12912.000000
39.989908 116.418102 12914.000000
39.989834 116.418137 12916.000000
39.989765 116.418119 12918.000000
39.989723 116.418088 12920.000000
39.989673 116.418101 12922.000000
39.989622 116.418118 12924.000000
39.989587 116.418097 12926.000000
39.989528 116.418116 12928.000000
39.989471 116.418113 12930.000000
39.989417 116.418147 12932.000000
39.989373 116.418179 12934.000000
39.989334 116.418181 12936.000000
39.989300 116.418197 12938.000000
39.989264 116.418181 12940.000000
39.989245 116.418119 12942.000000
39.989189 116.418123 12944.000000
39.989133 116.418142 12946.000000
39.989070 116.418160 12948.000000
39.988997 116.418173 12950.000000
39.988942 116.418148 12952.000000
39.988883 116.418140 12954.000000
39.988823 116.418129 12956.000000
39.988760 116.418105 12958.000000
39.988685 116.418124 12960.000000
39.988560 116.417974 12962.000000
39.988476 116.417987 12964.000000
39.988401 116.417986 12966.000000
39.988318 116.418006 12968.000000
39.988231 116.418015 12970.000000
39.988153 116.418023 12972.000000
39.988062 116.417978 12974.000000
39.988009 116.417939 12976.000000
39.987963 116.417942 12978.000000
39.987942 116.417934 12980.000000
39.987946 116.417906 12982.000000
39.987965 116.417855 12984.000000
39.987994 116.417767 12986.000000
39.988003 116.417723 12988.000000
39.987954 116.417715 12990.000000
39.987780 116.417854 12992.000000
39.987608 116.417965 12994.000000
39.987504 116.417980 12996.000000
39.987414 116.417943 12998.000000
39.987350 116.417954 13000.000000
39.987270 116.417958 13002.000000
39.987191 116.417961 13004.000000
39.987105 116.417919 13006.000000
39.987033 116.417906 13008.000000
39.986966 116.417908 13010.000000
39.986906 116.417913 13012.000000
39.986850 116.417968 13014.000000
39.986792 116.417989 13016.000000
39.986731 116.418048 13018.000000
39.986686 116.418056 13020.000000
39.986636 116.418086 13022.000000
39.986579 116.418123 13024.000000
39.986513 116.418155 13026.000000
39.986462 116.418177 13028.000000
39.986405 116.418167 13030.000000
39.986344 116.418157 13032.000000
39.986279 116.418158 13034.000000
39.986236 116.418140 13036.000000
39.986197 116.418161 13038.000000
39.986170 116.418165 13040.000000
39.986112 116.418187 13042.000000
39.986070 116.418217 13044.000000
39.986019 116.418243 13046.000000
39.985951 116.418263 13048.000000
39.985888 116.418296 13050.000000
39.985847 116.418342 13052.000000
39.985822 116.418334 13054.000000
39.985711 116.418399 13056.000000
39.985666 116.418462 13058.000000
39.985563 116.418497 13060.000000
39.985459 116.418470 13062.000000
39.985357 116.418421 13064.000000
39.985261 116.418393 13066.000000
39.985222 116.418360 13068.000000
39.985183 116.418358 13070.000000
39.985117 116.418378 13072.000000
39.985072 116.418379 13074.000000
39.985021 116.418398 13076.000000
39.984962 116.418424 13078.000000
39.984901 116.418456 13080.000000
39.984865 116.418455 13082.000000
39.984825 116.418452 13084.000000
39.984737 116.418442 13086.000000
39.984676 116.418436 13088.000000
39.984621 116.418442 13090.000000
39.984566 116.418462 13092.000000
39.984502 116.418456 13094.000000
39.984444 116.418455 13096.000000
39.984330 116.418401 13098.000000
39.984285 116.418393 13100.000000
39.984224 116.418419 13102.000000
39.984196 116.418420 13104.000000
39.984106 116.418387 13106.000000
39.984035 116.418393 13108.000000
39.983903 116.418411 13110.000000
39.983781 116.418429 13112.000000
39.983732 116.418435 13114.000000
39.983683 116.418432 13116.000000
39.983603 116.418439 13118.000000
39.983559 116.418453 13120.000000
39.983513 116.418460 13122.000000
39.983449 116.418478 13124.000000
39.983411 116.418484 13126.000000
39.983360 116.418482 13128.000000
39.983296 116.418493 13130.000000
39.983234 116.418467 13132.000000
39.983192 116.418449 13134.000000
39.983140 116.418430 13136.000000
39.983087 116.418418 13138.000000
39.983027 116.418421 13140.000000
39.982959 116.418430 13142.000000
39.982903 116.418434 13144.000000
39.982849 116.418431 13146.000000
39.982771 116.418429 13148.000000
39.982682 116.418412 13150.000000
39.982604 116.418458 13152.000000
39.982535 116.418466 13154.000000
39.982513 116.418445 13156.000000
39.982498 116.418434 13158.000000
39.982489 116.418421 13160.000000
39.982484 116.418409 13162.000000
39.982478 116.418408 13164.000000
39.982467 116.418420 13166.000000
39.982459 116.418423 13168.000000
39.982454 116.418423 13170.000000
39.982450 116.418424 13172.000000
39.982443 116.418425 13174.000000
39.982438 116.418426 13176.000000
39.982433 116.418427 13178.000000
39.982428 116.418428 13180.000000
39.982420 116.418430 13182.000000
39.982408 116.418435 13184.000000
39.982382 116.418444 13186.000000
39.982340 116.418451 13188.000000
39.982299 116.418429 13190.000000
39.982248 116.418441 13192.000000
39.982178 116.418459 13194.000000
39.982131 116.418454 13196.000000
39.982078 116.418467 13198.000000
39.982036 116.418475 13200.000000
39.981973 116.418496 13202.000000
39.981902 116.418523 13204.000000
39.981842 116.418554 13206.000000
39.981783 116.418572 13208.000000
39.981724 116.418586 13210.000000
39.981655 116.418618 13212.000000
39.981573 116.418635 13214.000000
39.981482 116.418618 13216.000000
39.981390 116.418594 13218.000000
39.981312 116.418571 13220.000000
39.981255 116.418569 13222.000000
39.981182 116.418513 13224.000000
39.981100 116.418478 13226.000000
39.981037 116.418464 13228.000000
39.980974 116.418439 13230.000000
39.980906 116.418434 13232.000000
39.980851 116.418433 13234.000000
39.980768 116.418404 13236.000000
39.980697 116.418355 13238.000000
39.980632 116.418310 13240.000000
39.980560 116.418295 13242.000000
39.980461 116.418292 13244.000000
39.980395 116.418290 13246.000000
39.980337 116.418291 13248.000000
39.980291 116.418280 13250.000000
39.980238 116.418270 13252.000000
39.980194 116.418253 13254.000000
39.980181 116.418234 13256.000000
39.980170 116.418230 13258.000000
39.980092 116.418265 13260.000000
39.980000 116.418291 13262.000000
39.979885 116.418288 13264.000000
39.979814 116.418312 13266.000000
39.979717 116.418357 13268.000000
39.979658 116.418388 13270.000000
39.979596 116.418274 13272.000000
39.979529 116.418233 13274.000000
39.979456 116.418241 13276.000000
39.979380 116.418256 13278.000000
39.979329 116.418262 13280.000000
39.979262 116.418283 13282.000000
39.979203 116.418293 13284.000000
39.979135 116.418310 13286.000000
39.979069 116.418330 13288.000000
39.979007 116.418350 13290.000000
39.978939 116.418293 13292.000000
39.978892 116.418267 13294.000000
39.978812 116.418284 13296.000000
39.978695 116.418325 13298.000000
39.978582 116.418361 13300.000000
39.978493 116.418366 13302.000000
39.978427 116.418363 13304.000000
39.978351 116.418369 13306.000000
39.978270 116.418373 13308.000000
39.978210 116.418388 13310.000000
39.978139 116.418374 13312.000000
39.978077 116.418380 13314.000000
39.978012 116.418418 13316.000000
39.977938 116.418453 13318.000000
39.977890 116.418465 13320.000000
39.977820 116.418486 13322.000000
39.977746 116.418511 13324.000000
39.977670 116.418528 13326.000000
39.977588 116.418548 13328.000000
39.977528 116.418539 13330.000000
39.977479 116.418518 13332.000000
39.977405 116.418496 13334.000000
39.977339 116.418475 13336.000000
39.977274 116.418475 13338.000000
39.977203 116.418514 13340.000000
39.977129 116.418530 13342.000000
39.977078 116.418531 13344.000000
39.977030 116.418523 13346.000000
39.976975 116.418516 13348.000000
39.976927 116.418528 13350.000000
39.976855 116.418534 13352.000000
39.976772 116.418464 13354.000000
39.976677 116.418458 13356.000000
39.976611 116.418457 13358.000000
39.976533 116.418465 13360.000000
39.976466 116.418448 13362.000000
39.976373 116.418437 13364.000000
39.976300 116.418419 13366.000000
39.976235 116.418425 13368.000000
39.976162 116.418433 13370.000000
39.976096 116.418419 13372.000000
39.976029 116.418415 13374.000000
39.975981 116.418410 13376.000000
39.975927 116.418414 13378.000000
39.975891 116.418397 13380.000000
39.975849 116.418391 13382.000000
39.975806 116.418381 13384.000000
39.975763 116.418377 13386.000000
39.975722 116.418395 13388.000000
39.975660 116.418421 13390.000000
39.975590 116.418435 13392.000000
39.975518 116.418446 13394.000000
39.975445 116.418460 13396.000000
39.975376 116.418456 13398.000000
39.975304 116.418444 13400.000000
39.975236 116.418435 13402.000000
39.975161 116.418430 13404.000000
39.975089 116.418435 13406.000000
39.975020 116.418421 13408.000000
39.974943 116.418415 13410.000000
39.974874 116.418421 13412.000000
39.974802 116.418430 13414.000000
39.974728 116.418437 13416.000000
39.974655 116.418430 13418.000000
39.974583 116.418420 13420.000000
39.974509 116.418401 13422.000000
39.974439 116.418387 13424.000000
39.974363 116.418391 13426.000000
39.974292 116.418401 13428.000000
39.974214 116.418418 13430.000000
39.974144 116.418439 13432.000000
39.974072 116.418476 13434.000000
39.974014 116.418486 13436.000000
39.973976 116.418460 13438.000000
39.973928 116.418462 13440.000000
39.973850 116.418467 13442.000000
39.973759 116.418457 13444.000000
39.973723 116.418450 13446.000000
39.973674 116.418437 13448.000000
39.973595 116.418437 13450.000000
39.973470 116.418461 13452.000000
39.973381 116.418462 13454.000000
39.973321 116.418462 13456.000000
39.973282 116.418454 13458.000000
39.973153 116.418536 13460.000000
39.973080 116.418583 13462.000000
39.972997 116.418628 13464.000000
39.972971 116.418641 13466.000000
39.972934 116.418641 13468.000000
39.972887 116.418632 13470.000000
39.972828 116.418642 13472.000000
39.972762 116.418603 13474.000000
39.972678 116.418606 13476.000000
39.972615 116.418570 13478.000000
39.972542 116.418576 13480.000000
39.972463 116.418611 13482.000000
39.972397 116.418620 13484.000000
39.972348 116.418623 13486.000000
39.972296 116.418617 13488.000000
39.972223 116.418522 13490.000000
39.972162 116.418527 13492.000000
39.972086 116.418545 13494.000000
39.971984 116.418553 13496.000000
39.971919 116.418556 13498.000000
39.971861 116.418563 13500.000000
39.971805 116.418573 13502.000000
39.971731 116.418597 13504.000000
39.971675 116.418610 13506.000000
39.971631 116.418605 13508.000000
39.971580 116.418587 13510.000000
39.971537 116.418584 13512.000000
39.971477 116.418607 13514.000000
39.971435 116.418626 13516.000000
39.971419 116.418580 13518.000000
39.971359 116.418580 13520.000000
39.971368 116.418588 13522.000000
39.971371 116.418573 13524.000000
39.971369 116.418571 13526.000000
39.971367 116.418569 13528.000000
39.971367 116.418569 13530.000000
39.971367 116.418568 13532.000000
39.971367 116.418568 13534.000000
39.971365 116.418568 13536.000000
39.971361 116.418567 13538.000000
39.971356 116.418568 13540.000000
39.971353 116.418568 13542.000000
39.971349 116.418568 13544.000000
39.971345 116.418567 13546.000000
39.971342 116.418565 13548.000000
39.971340 116.418564 13550.000000
39.971339 116.418563 13552.000000
39.971337 116.418563 13554.000000
39.971334 116.418562 13556.000000
39.971334 116.418562 13558.000000
39.971332 116.418562 13560.000000
39.971318 116.418558 13562.000000
39.971304 116.418555 13564.000000
39.971259 116.418548 13566.000000
39.971160 116.418413 13568.000000
39.971118 116.418418 13570.000000
39.971094 116.418431 13572.000000
39.971077 116.418426 13574.000000
39.971066 116.418426 13576.000000
39.971043 116.418406 13578.000000
39.971007 116.418407 13580.000000
39.970960 116.418425 13582.000000
39.970886 116.418458 13584.000000
39.970830 116.418457 13586.000000
39.970743 116.418455 13588.000000
39.970669 116.418484 13590.000000
39.970607 116.418476 13592.000000
39.970554 116.418458 13594.000000
39.970518 116.418410 13596.000000
39.970460 116.418380 13598.000000
39.970392 116.418387 13600.000000
39.970394 116.418403 13602.000000
39.970396 116.418417 13604.000000
39.970371 116.418435 13606.000000
39.970340 116.418474 13608.000000
39.970337 116.418524 13610.000000
39.970338 116.418586 13612.000000
39.970320 116.418624 13614.000000
39.970311 116.418682 13616.000000
39.970325 116.418726 13618.000000
39.970334 116.418762 13620.000000
39.970352 116.418811 13622.000000
39.970356 116.418872 13624.000000
39.970361 116.418922 13626.000000
39.970348 116.418995 13628.000000
39.970327 116.419053 13630.000000
39.970270 116.419137 13632.000000
39.970444 116.419715 13634.000000
39.970414 116.419714 13636.000000
39.970348 116.419678 13638.000000
39.970192 116.419801 13640.000000
39.970131 116.419845 13642.000000
39.970067 116.419879 13644.000000
39.969985 116.419904 13646.000000
39.969877 116.419847 13648.000000
39.969796 116.419909 13650.000000
39.969735 116.419953 13652.000000
39.969676 116.419985 13654.000000
39.969626 116.420007 13656.000000
39.969569 116.420015 13658.000000
39.969514 116.420020 13660.000000
39.969466 116.420047 13662.000000
39.969420 116.420052 13664.000000
39.969380 116.420073 13666.000000
39.969285 116.420011 13668.000000
39.969242 116.419991 13670.000000
39.969132 116.420047 13750.000000
