39.896860 116.327527 35007.000000
39.896913 116.327679 35009.000000
39.896895 116.327740 35011.000000
39.896908 116.327753 35013.000000
39.896928 116.327726 35015.000000
39.896971 116.327743 35017.000000
39.896957 116.327747 35019.000000
39.896953 116.327751 35021.000000
39.896920 116.327767 35023.000000
39.896916 116.327778 35025.000000
39.896904 116.327766 35027.000000
39.896902 116.327766 35029.000000
39.896890 116.327763 35031.000000
39.896877 116.327757 35033.000000
39.896863 116.327750 35035.000000
39.896842 116.327739 35037.000000
39.896817 116.327720 35039.000000
39.896807 116.327713 35041.000000
39.896797 116.327707 35043.000000
39.896848 116.327759 35053.000000
39.896805 116.327720 35055.000000
39.896794 116.327713 35057.000000
39.896821 116.327727 35059.000000
39.896809 116.327734 35061.000000
39.896806 116.327738 35063.000000
39.896803 116.327742 35065.000000
39.896800 116.327746 35067.000000
39.896798 116.327752 35069.000000
39.896787 116.327698 35071.000000
39.896765 116.327698 35073.000000
39.896754 116.327704 35075.000000
39.896761 116.327725 35077.000000
39.896821 116.327811 35079.000000
39.896750 116.327850 35081.000000
39.896799 116.327926 35083.000000
39.896789 116.327984 35085.000000
39.896790 116.328004 35087.000000
39.896699 116.328008 35089.000000
39.896695 116.328039 35091.000000
39.896675 116.328039 35093.000000
39.896659 116.328049 35095.000000
39.896649 116.328053 35097.000000
39.896652 116.328041 35099.000000
39.896646 116.328023 35101.000000
39.896651 116.328037 35103.000000
39.896655 116.328041 35105.000000
39.896664 116.328043 35107.000000
39.896661 116.328058 35109.000000
39.896666 116.328079 35111.000000
39.896673 116.328081 35113.000000
39.896684 116.328099 35115.000000
39.896708 116.328131 35117.000000
39.896706 116.328131 35119.000000
39.896707 116.328160 35121.000000
39.896708 116.328179 35123.000000
39.896685 116.328187 35125.000000
39.896684 116.328193 35127.000000
39.896648 116.328194 35129.000000
39.896626 116.328198 35131.000000
39.896607 116.328201 35133.000000
39.896597 116.328206 35135.000000
39.896568 116.328205 35137.000000
39.896526 116.328205 35139.000000
39.896495 116.328214 35141.000000
39.896471 116.328244 35143.000000
39.896467 116.328264 35145.000000
39.896458 116.328278 35147.000000
39.896446 116.328287 35149.000000
39.896427 116.328268 35151.000000
39.896390 116.328305 35153.000000
39.896357 116.328341 35155.000000
39.896332 116.328363 35157.000000
39.896331 116.328409 35159.000000
39.896302 116.328430 35161.000000
39.896272 116.328448 35163.000000
39.896258 116.328465 35165.000000
39.896191 116.328530 35167.000000
39.896193 116.328538 35169.000000
39.896206 116.328546 35171.000000
39.896210 116.328556 35173.000000
39.896230 116.328550 35175.000000
39.896225 116.328526 35177.000000
39.896236 116.328518 35179.000000
39.896230 116.328531 35181.000000
39.896214 116.328565 35183.000000
39.896232 116.328589 35185.000000
39.896250 116.328635 35187.000000
39.896248 116.328694 35189.000000
39.896260 116.328726 35191.000000
39.896242 116.328770 35193.000000
39.896251 116.328840 35195.000000
39.896253 116.328865 35197.000000
39.896251 116.328874 35199.000000
39.896255 116.328873 35201.000000
39.896259 116.328886 35203.000000
39.896263 116.328909 35205.000000
39.896246 116.328996 35207.000000
39.896254 116.329034 35209.000000
39.896260 116.329089 35211.000000
39.896273 116.329139 35213.000000
39.896283 116.329202 35215.000000
39.896302 116.329241 35217.000000
39.896295 116.329272 35219.000000
39.896287 116.329298 35221.000000
39.896282 116.329330 35223.000000
39.896273 116.329352 35225.000000
39.896271 116.329370 35227.000000
39.896256 116.329390 35229.000000
39.896250 116.329403 35231.000000
39.896250 116.329424 35233.000000
39.896252 116.329451 35235.000000
39.896252 116.329481 35237.000000
39.896253 116.329508 35239.000000
39.896254 116.329541 35241.000000
39.896261 116.329563 35243.000000
39.896280 116.329553 35245.000000
39.896279 116.329581 35247.000000
39.896293 116.329598 35249.000000
39.896306 116.329646 35251.000000
39.896312 116.329667 35253.000000
39.896318 116.329692 35255.000000
39.896316 116.329721 35257.000000
39.896326 116.329762 35259.000000
39.896325 116.329798 35261.000000
39.896340 116.329834 35263.000000
39.896341 116.329873 35265.000000
39.896349 116.329896 35267.000000
39.896345 116.329926 35269.000000
39.896344 116.329953 35271.000000
39.896342 116.329982 35273.000000
39.896333 116.330012 35275.000000
39.896335 116.330020 35277.000000
39.896332 116.330040 35279.000000
39.896328 116.330063 35281.000000
39.896339 116.330086 35283.000000
39.896337 116.330109 35285.000000
39.896332 116.330143 35287.000000
39.896337 116.330173 35289.000000
39.896333 116.330216 35291.000000
39.896336 116.330248 35293.000000
39.896334 116.330286 35295.000000
39.896335 116.330314 35297.000000
39.896330 116.330334 35299.000000
39.896355 116.330329 35301.000000
39.896348 116.330361 35303.000000
39.896346 116.330391 35305.000000
39.896323 116.330431 35307.000000
39.896302 116.330454 35309.000000
39.896279 116.330493 35311.000000
39.896279 116.330524 35313.000000
39.896272 116.330544 35315.000000
39.896280 116.330577 35317.000000
39.896285 116.330604 35319.000000
39.896276 116.330634 35321.000000
39.896257 116.330680 35323.000000
39.896242 116.330733 35325.000000
39.896243 116.330767 35327.000000
39.896286 116.330770 35329.000000
39.896289 116.330791 35331.000000
39.896298 116.330818 35333.000000
39.896316 116.330828 35335.000000
39.896327 116.330843 35337.000000
39.896321 116.330862 35339.000000
39.896330 116.330882 35341.000000
39.896335 116.330921 35343.000000
39.896338 116.330947 35345.000000
39.896358 116.330955 35347.000000
39.896363 116.330996 35349.000000
39.896378 116.331047 35351.000000
39.896387 116.331087 35353.000000
39.896386 116.331135 35355.000000
39.896388 116.331156 35357.000000
39.896391 116.331174 35359.000000
39.896401 116.331199 35361.000000
39.896398 116.331228 35363.000000
39.896396 116.331257 35365.000000
39.896409 116.331283 35367.000000
39.896418 116.331312 35369.000000
39.896419 116.331349 35371.000000
39.896407 116.331382 35373.000000
39.896421 116.331383 35375.000000
39.896432 116.331401 35377.000000
39.896431 116.331445 35379.000000
39.896430 116.331465 35381.000000
39.896433 116.331486 35383.000000
39.896436 116.331514 35385.000000
39.896450 116.331538 35387.000000
39.896448 116.331570 35389.000000
39.896450 116.331597 35391.000000
39.896452 116.331622 35393.000000
39.896458 116.331650 35395.000000
39.896455 116.331674 35397.000000
39.896448 116.331696 35399.000000
39.896441 116.331728 35401.000000
39.896444 116.331747 35403.000000
39.896454 116.331774 35405.000000
39.896441 116.331813 35407.000000
39.896443 116.331838 35409.000000
39.896448 116.331863 35411.000000
39.896447 116.331890 35413.000000
39.896441 116.331918 35415.000000
39.896445 116.331940 35417.000000
39.896468 116.331945 35419.000000
39.896470 116.331974 35421.000000
39.896471 116.331997 35423.000000
39.896471 116.332026 35425.000000
39.896475 116.332047 35427.000000
39.896474 116.332062 35429.000000
39.896478 116.332078 35431.000000
39.896485 116.332101 35433.000000
39.896484 116.332128 35435.000000
39.896492 116.332148 35437.000000
39.896498 116.332178 35439.000000
39.896506 116.332193 35441.000000
39.896505 116.332212 35443.000000
39.896506 116.332239 35445.000000
39.896505 116.332276 35447.000000
39.896510 116.332298 35449.000000
39.896520 116.332312 35451.000000
39.896539 116.332330 35453.000000
39.896554 116.332350 35455.000000
39.896563 116.332392 35457.000000
39.896572 116.332416 35459.000000
39.896566 116.332435 35461.000000
39.896578 116.332451 35463.000000
39.896581 116.332470 35465.000000
39.896579 116.332487 35467.000000
39.896592 116.332518 35469.000000
39.896596 116.332553 35471.000000
39.896604 116.332572 35473.000000
39.896608 116.332601 35475.000000
39.896626 116.332611 35477.000000
39.896634 116.332625 35479.000000
39.896641 116.332646 35481.000000
39.896645 116.332671 35483.000000
39.896641 116.332695 35485.000000
39.896643 116.332754 35487.000000
39.896656 116.332797 35489.000000
39.896653 116.332827 35491.000000
39.896649 116.332853 35493.000000
39.896640 116.332879 35495.000000
39.896647 116.332900 35497.000000
39.896652 116.332923 35499.000000
39.896653 116.332938 35501.000000
39.896663 116.332959 35503.000000
39.896645 116.332983 35505.000000
39.896650 116.333003 35507.000000
39.896654 116.333058 35509.000000
39.896649 116.333080 35511.000000
39.896575 116.333095 35513.000000
39.896564 116.333105 35515.000000
39.896569 116.333120 35517.000000
39.896571 116.333141 35519.000000
39.896575 116.333161 35521.000000
39.896580 116.333187 35523.000000
39.896587 116.333223 35525.000000
39.896592 116.333244 35527.000000
39.896592 116.333257 35529.000000
39.896580 116.333286 35531.000000
39.896576 116.333302 35533.000000
39.896587 116.333309 35535.000000
39.896588 116.333343 35537.000000
39.896586 116.333362 35539.000000
39.896592 116.333390 35541.000000
39.896575 116.333412 35543.000000
39.896571 116.333436 35545.000000
39.896581 116.333463 35547.000000
39.896592 116.333486 35549.000000
39.896588 116.333521 35551.000000
39.896589 116.333547 35553.000000
39.896586 116.333574 35555.000000
39.896588 116.333595 35557.000000
39.896589 116.333624 35559.000000
39.896593 116.333646 35561.000000
39.896600 116.333687 35563.000000
39.896685 116.333772 35565.000000
39.896763 116.333819 35567.000000
39.896832 116.333861 35569.000000
39.896852 116.333894 35571.000000
39.896888 116.333920 35573.000000
39.896887 116.333946 35575.000000
39.896892 116.333982 35577.000000
39.896911 116.334010 35579.000000
39.896928 116.334041 35581.000000
39.896940 116.334076 35583.000000
39.896953 116.334107 35585.000000
39.896968 116.334131 35587.000000
39.896977 116.334155 35589.000000
39.896991 116.334185 35591.000000
39.896997 116.334210 35593.000000
39.897006 116.334228 35595.000000
39.896996 116.334249 35597.000000
39.896987 116.334271 35599.000000
39.896980 116.334298 35601.000000
39.896947 116.334334 35603.000000
39.896922 116.334353 35605.000000
39.896898 116.334375 35607.000000
39.896883 116.334396 35609.000000
39.896874 116.334410 35611.000000
39.896877 116.334436 35613.000000
39.896864 116.334454 35615.000000
39.896858 116.334481 35617.000000
39.896846 116.334501 35619.000000
39.896835 116.334526 35621.000000
39.896822 116.334558 35623.000000
39.896815 116.334577 35625.000000
39.896811 116.334595 35627.000000
39.896807 116.334611 35629.000000
39.896799 116.334630 35631.000000
39.896795 116.334649 35633.000000
39.896796 116.334663 35635.000000
39.896796 116.334679 35637.000000
39.896806 116.334735 35639.000000
39.896820 116.334787 35641.000000
39.896843 116.334816 35643.000000
39.896859 116.334862 35645.000000
39.896863 116.334889 35647.000000
39.896868 116.334914 35649.000000
39.896869 116.334937 35651.000000
39.896874 116.334968 35653.000000
39.896878 116.334990 35655.000000
39.896856 116.335020 35657.000000
39.896819 116.335057 35659.000000
39.896811 116.335086 35661.000000
39.896813 116.335112 35663.000000
39.896784 116.335151 35665.000000
39.896787 116.335179 35667.000000
39.896791 116.335206 35669.000000
39.896770 116.335227 35671.000000
39.896753 116.335253 35673.000000
39.896753 116.335281 35675.000000
39.896753 116.335299 35677.000000
39.896729 116.335346 35679.000000
39.896710 116.335395 35681.000000
39.896719 116.335413 35683.000000
39.896756 116.335416 35685.000000
39.896772 116.335421 35687.000000
39.896779 116.335447 35689.000000
39.896797 116.335447 35691.000000
39.896804 116.335459 35693.000000
39.896803 116.335481 35695.000000
39.896815 116.335510 35697.000000
39.896798 116.335572 35699.000000
39.896740 116.335646 35701.000000
39.896721 116.335680 35703.000000
39.896694 116.335712 35705.000000
39.896679 116.335730 35707.000000
39.896680 116.335735 35709.000000
39.896680 116.335738 35711.000000
39.896680 116.335740 35713.000000
39.896680 116.335742 35715.000000
39.896680 116.335745 35717.000000
39.896680 116.335749 35719.000000
39.896680 116.335751 35721.000000
39.896680 116.335753 35723.000000
39.896680 116.335752 35725.000000
39.896680 116.335751 35727.000000
39.896680 116.335750 35729.000000
