39.997063 116.417411 43836.000000
39.997072 116.417428 43838.000000
39.997075 116.417429 43840.000000
39.997073 116.417430 43842.000000
39.997069 116.417431 43844.000000
39.997066 116.417445 43846.000000
39.997052 116.417447 43848.000000
39.997043 116.417445 43850.000000
39.997033 116.417446 43852.000000
39.997023 116.417448 43854.000000
39.997017 116.417438 43856.000000
39.997007 116.417403 43858.000000
39.996999 116.417379 43860.000000
39.996995 116.417364 43862.000000
39.996993 116.417364 43864.000000
39.996981 116.417368 43866.000000
39.996971 116.417355 43868.000000
39.996970 116.417347 43870.000000
39.996991 116.417345 43874.000000
39.996995 116.417345 43876.000000
39.996999 116.417345 43878.000000
39.997000 116.417345 43880.000000
39.996999 116.417347 43882.000000
39.996997 116.417348 43884.000000
39.997000 116.417348 43886.000000
39.997003 116.417347 43888.000000
39.997008 116.417345 43890.000000
39.997023 116.417333 43892.000000
39.997043 116.417312 43894.000000
39.997049 116.417305 43896.000000
39.997043 116.417313 43898.000000
39.997043 116.417310 43900.000000
39.997044 116.417310 43902.000000
39.997043 116.417310 43904.000000
39.997040 116.417311 43906.000000
39.997037 116.417312 43908.000000
39.997035 116.417312 43910.000000
39.997034 116.417312 43912.000000
39.997033 116.417312 43914.000000
39.997032 116.417312 43916.000000
39.997030 116.417312 43918.000000
39.996973 116.417335 43920.000000
39.996938 116.417340 43922.000000
39.996922 116.417354 43924.000000
39.996914 116.417361 43926.000000
39.996914 116.417361 43928.000000
39.996910 116.417361 43930.000000
39.996906 116.417362 43932.000000
39.996902 116.417364 43934.000000
39.996898 116.417364 43936.000000
39.996896 116.417364 43938.000000
39.996895 116.417364 43940.000000
39.996895 116.417364 43942.000000
39.996892 116.417364 43944.000000
39.996887 116.417365 43946.000000
39.996882 116.417366 43948.000000
39.996875 116.417371 43950.000000
39.996872 116.417360 43952.000000
39.996869 116.417349 43954.000000
39.996866 116.417345 43956.000000
39.996864 116.417345 43958.000000
39.996859 116.417346 43960.000000
39.996852 116.417336 43962.000000
39.996780 116.417332 43964.000000
39.996775 116.417325 43966.000000
39.996646 116.417348 43968.000000
39.996613 116.417355 43970.000000
39.996529 116.417377 43972.000000
39.996485 116.417383 43974.000000
39.996486 116.417379 43976.000000
39.996463 116.417381 43978.000000
39.996438 116.417386 43980.000000
39.996411 116.417392 43982.000000
39.996408 116.417397 43984.000000
39.996409 116.417401 43986.000000
39.996417 116.417415 43988.000000
39.996416 116.417415 43990.000000
39.996418 116.417415 43992.000000
39.996419 116.417416 43994.000000
39.996421 116.417416 43996.000000
39.996422 116.417416 43998.000000
39.996421 116.417416 44000.000000
39.996418 116.417416 44002.000000
39.996417 116.417416 44004.000000
39.996417 116.417416 44006.000000
39.996417 116.417416 44008.000000
39.996415 116.417416 44010.000000
39.996411 116.417417 44012.000000
39.996408 116.417417 44014.000000
39.996407 116.417417 44016.000000
39.996403 116.417417 44018.000000
39.996400 116.417417 44020.000000
39.996399 116.417416 44022.000000
39.996400 116.417416 44024.000000
39.996402 116.417415 44026.000000
39.996402 116.417416 44028.000000
39.996399 116.417416 44030.000000
39.996396 116.417417 44032.000000
39.996393 116.417418 44034.000000
39.996390 116.417419 44036.000000
39.996388 116.417426 44038.000000
39.996385 116.417427 44040.000000
39.996382 116.417427 44042.000000
39.996381 116.417427 44044.000000
39.996382 116.417426 44046.000000
39.996383 116.417426 44048.000000
39.996386 116.417426 44050.000000
39.996405 116.417410 44052.000000
39.996427 116.417399 44054.000000
39.996446 116.417395 44056.000000
39.996466 116.417386 44058.000000
39.996514 116.417341 44062.000000
39.996530 116.417335 44064.000000
39.996548 116.417332 44066.000000
39.996567 116.417326 44068.000000
39.996590 116.417312 44070.000000
39.996599 116.417303 44072.000000
39.996613 116.417287 44074.000000
39.996667 116.417259 44076.000000
39.996744 116.417219 44078.000000
39.996750 116.417206 44080.000000
39.996757 116.417190 44082.000000
39.996801 116.417158 44084.000000
39.996857 116.417124 44086.000000
39.996901 116.417090 44088.000000
39.996928 116.417072 44090.000000
39.996960 116.417051 44092.000000
39.996995 116.417045 44096.000000
39.997007 116.417048 44098.000000
39.997011 116.417047 44100.000000
39.997014 116.417047 44102.000000
39.997016 116.417047 44104.000000
39.997018 116.417047 44106.000000
39.997026 116.417051 44108.000000
39.997028 116.417072 44110.000000
39.997034 116.417086 44112.000000
39.997051 116.417089 44114.000000
39.997072 116.417086 44116.000000
39.997086 116.417068 44118.000000
39.997092 116.417058 44120.000000
