39.978325 116.417889 30978.000000
39.978322 116.417878 30980.000000
39.978327 116.417865 30982.000000
39.978335 116.417844 30984.000000
39.978337 116.417837 30986.000000
39.978332 116.417799 30988.000000
39.978323 116.417758 30990.000000
39.978318 116.417706 30992.000000
39.978315 116.417657 30994.000000
39.978307 116.417603 30996.000000
39.978302 116.417551 30998.000000
39.978304 116.417489 31000.000000
39.978301 116.417432 31002.000000
39.978299 116.417385 31004.000000
39.978296 116.417323 31006.000000
39.978290 116.417264 31008.000000
39.978285 116.417206 31010.000000
39.978274 116.417134 31012.000000
39.978271 116.417070 31014.000000
39.978270 116.416997 31016.000000
39.978265 116.416935 31018.000000
39.978251 116.416872 31020.000000
39.978250 116.416815 31022.000000
39.978249 116.416749 31024.000000
39.978244 116.416666 31026.000000
39.978238 116.416608 31028.000000
39.978240 116.416530 31030.000000
39.978245 116.416448 31032.000000
39.978246 116.416365 31034.000000
39.978244 116.416289 31036.000000
39.978240 116.416215 31038.000000
39.978242 116.416136 31040.000000
39.978233 116.416061 31042.000000
39.978230 116.415989 31044.000000
39.978234 116.415921 31046.000000
39.978233 116.415859 31048.000000
39.978225 116.415797 31050.000000
39.978221 116.415708 31052.000000
39.978216 116.415643 31054.000000
39.978208 116.415577 31056.000000
39.978205 116.415484 31058.000000
39.978202 116.415395 31060.000000
39.978194 116.415325 31062.000000
39.978198 116.415254 31064.000000
39.978187 116.415173 31066.000000
39.978190 116.415105 31068.000000
39.978193 116.415036 31070.000000
39.978192 116.414963 31072.000000
39.978206 116.414895 31074.000000
39.978224 116.414821 31076.000000
39.978247 116.414750 31078.000000
39.978269 116.414702 31080.000000
39.978296 116.414665 31082.000000
39.978328 116.414624 31084.000000
39.978358 116.414564 31086.000000
39.978395 116.414516 31088.000000
39.978440 116.414478 31090.000000
39.978486 116.414438 31092.000000
39.978528 116.414398 31094.000000
39.978573 116.414362 31096.000000
39.978608 116.414317 31098.000000
39.978649 116.414328 31100.000000
39.978704 116.414350 31102.000000
39.978762 116.414374 31104.000000
39.978814 116.414369 31106.000000
39.978867 116.414361 31108.000000
39.978915 116.414365 31110.000000
39.978965 116.414370 31112.000000
39.979017 116.414376 31114.000000
39.979064 116.414379 31116.000000
39.979114 116.414381 31118.000000
39.979164 116.414372 31120.000000
39.979214 116.414362 31122.000000
39.979265 116.414364 31124.000000
39.979312 116.414353 31126.000000
39.979359 116.414328 31128.000000
39.979408 116.414323 31130.000000
39.979461 116.414350 31132.000000
39.979512 116.414345 31134.000000
39.979561 116.414323 31136.000000
39.979612 116.414316 31138.000000
39.979664 116.414284 31140.000000
39.979726 116.414301 31142.000000
39.979790 116.414319 31144.000000
39.979852 116.414326 31146.000000
39.979906 116.414331 31148.000000
39.979957 116.414328 31150.000000
39.980009 116.414303 31152.000000
39.980070 116.414324 31154.000000
39.980129 116.414347 31156.000000
39.980186 116.414346 31158.000000
39.980237 116.414327 31160.000000
39.980291 116.414312 31162.000000
39.980343 116.414290 31164.000000
39.980398 116.414300 31166.000000
39.980458 116.414329 31168.000000
39.980508 116.414320 31170.000000
39.980560 116.414309 31172.000000
39.980605 116.414297 31174.000000
39.980641 116.414262 31176.000000
39.980666 116.414209 31178.000000
39.980684 116.414153 31180.000000
39.980690 116.414100 31182.000000
39.980695 116.414053 31184.000000
39.980704 116.413997 31186.000000
39.980713 116.413950 31188.000000
39.980682 116.413898 31190.000000
39.980659 116.413856 31192.000000
39.980630 116.413861 31194.000000
39.980602 116.413851 31196.000000
39.980573 116.413822 31198.000000
39.980569 116.413823 31200.000000
39.980559 116.413823 31202.000000
39.980546 116.413823 31204.000000
39.980535 116.413825 31206.000000
39.980534 116.413832 31208.000000
39.980535 116.413848 31210.000000
39.980535 116.413863 31212.000000
39.980535 116.413863 31214.000000
39.980539 116.413864 31216.000000
39.980540 116.413864 31218.000000
39.980541 116.413864 31220.000000
39.980542 116.413864 31222.000000
39.980543 116.413863 31224.000000
39.980543 116.413863 31226.000000
39.980543 116.413863 31228.000000
39.980539 116.413862 31230.000000
39.980537 116.413862 31232.000000
39.980535 116.413862 31234.000000
39.980534 116.413862 31236.000000
39.980535 116.413861 31238.000000
39.980542 116.413859 31240.000000
39.980549 116.413849 31242.000000
39.980551 116.413834 31244.000000
39.980553 116.413820 31246.000000
39.980553 116.413820 31248.000000
39.980550 116.413819 31250.000000
39.980544 116.413809 31252.000000
39.980544 116.413795 31254.000000
39.980546 116.413794 31256.000000
39.980546 116.413793 31258.000000
39.980545 116.413793 31260.000000
39.980543 116.413792 31262.000000
39.980541 116.413792 31264.000000
39.980537 116.413792 31266.000000
39.980535 116.413793 31268.000000
39.980535 116.413793 31270.000000
39.980534 116.413793 31272.000000
39.980531 116.413793 31274.000000
39.980531 116.413792 31276.000000
39.980530 116.413784 31278.000000
39.980530 116.413784 31280.000000
39.980530 116.413783 31282.000000
39.980529 116.413767 31284.000000
39.980534 116.413755 31286.000000
39.980538 116.413755 31288.000000
39.980540 116.413754 31290.000000
39.980543 116.413754 31292.000000
39.980549 116.413754 31294.000000
39.980554 116.413754 31296.000000
39.980561 116.413753 31298.000000
39.980569 116.413753 31300.000000
39.980577 116.413752 31302.000000
39.980585 116.413751 31304.000000
39.980594 116.413751 31306.000000
39.980602 116.413751 31308.000000
39.980611 116.413751 31310.000000
39.980620 116.413750 31312.000000
39.980629 116.413750 31314.000000
39.980639 116.413749 31316.000000
39.980650 116.413748 31318.000000
39.980661 116.413746 31320.000000
39.980672 116.413744 31322.000000
39.980682 116.413738 31324.000000
39.980693 116.413730 31326.000000
39.980705 116.413719 31328.000000
39.980717 116.413705 31330.000000
39.980729 116.413689 31332.000000
39.980742 116.413674 31334.000000
39.980752 116.413667 31336.000000
39.980764 116.413655 31338.000000
39.980774 116.413646 31340.000000
39.980782 116.413638 31342.000000
39.980789 116.413635 31344.000000
39.980796 116.413636 31346.000000
39.980800 116.413636 31348.000000
39.980801 116.413636 31350.000000
39.980801 116.413636 31352.000000
39.980800 116.413636 31354.000000
39.980798 116.413637 31356.000000
39.980794 116.413637 31358.000000
39.980791 116.413637 31360.000000
39.980786 116.413637 31362.000000
39.980779 116.413637 31364.000000
39.980771 116.413638 31366.000000
39.980760 116.413637 31368.000000
39.980749 116.413635 31370.000000
39.980737 116.413632 31372.000000
39.980725 116.413629 31374.000000
39.980713 116.413627 31376.000000
39.980700 116.413626 31378.000000
39.980687 116.413626 31380.000000
39.980672 116.413629 31382.000000
39.980657 116.413632 31384.000000
39.980628 116.413645 31386.000000
39.980587 116.413679 31388.000000
39.980530 116.413714 31390.000000
39.980475 116.413753 31392.000000
39.980423 116.413794 31394.000000
39.980368 116.413832 31396.000000
39.980330 116.413861 31398.000000
39.980286 116.413887 31400.000000
39.980260 116.413924 31402.000000
39.980237 116.413958 31404.000000
39.980220 116.413989 31406.000000
39.980206 116.414022 31408.000000
39.980213 116.414032 31410.000000
39.980226 116.414036 31412.000000
39.980230 116.414039 31414.000000
39.980233 116.414048 31416.000000
39.980239 116.414057 31418.000000
39.980234 116.414065 31420.000000
39.980241 116.414061 31422.000000
39.980328 116.414011 31424.000000
39.980387 116.413973 31426.000000
39.980422 116.413946 31428.000000
39.980463 116.413928 31430.000000
39.980495 116.413906 31432.000000
39.980513 116.413892 31434.000000
39.980515 116.413884 31436.000000
39.980509 116.413880 31438.000000
39.980507 116.413877 31440.000000
39.980504 116.413862 31442.000000
39.980503 116.413851 31444.000000
39.980499 116.413851 31446.000000
39.980495 116.413850 31448.000000
39.980491 116.413850 31450.000000
39.980488 116.413850 31452.000000
39.980487 116.413849 31454.000000
39.980489 116.413849 31456.000000
39.980494 116.413848 31458.000000
39.980512 116.413832 31460.000000
39.980519 116.413822 31462.000000
39.980505 116.413819 31464.000000
39.980481 116.413818 31466.000000
39.980474 116.413807 31468.000000
39.980477 116.413807 31470.000000
39.980481 116.413807 31472.000000
39.980485 116.413806 31474.000000
39.980496 116.413805 31476.000000
39.980508 116.413796 31478.000000
39.980526 116.413783 31480.000000
39.980559 116.413767 31482.000000
39.980613 116.413742 31484.000000
39.980647 116.413729 31486.000000
39.980660 116.413722 31488.000000
39.980665 116.413710 31490.000000
39.980671 116.413704 31492.000000
39.980666 116.413707 31494.000000
39.980655 116.413718 31496.000000
39.980639 116.413723 31498.000000
39.980632 116.413725 31500.000000
39.980633 116.413725 31502.000000
39.980633 116.413725 31504.000000
39.980629 116.413725 31506.000000
39.980617 116.413721 31508.000000
39.980605 116.413709 31510.000000
39.980595 116.413697 31512.000000
39.980580 116.413691 31514.000000
39.980571 116.413687 31516.000000
39.980561 116.413696 31518.000000
39.980554 116.413710 31520.000000
39.980570 116.413709 31522.000000
39.980570 116.413718 31524.000000
39.980546 116.413743 31526.000000
39.980538 116.413768 31528.000000
39.980530 116.413791 31530.000000
39.980528 116.413804 31532.000000
39.980528 116.413815 31534.000000
39.980514 116.413822 31536.000000
39.980489 116.413823 31538.000000
39.980486 116.413801 31540.000000
39.980485 116.413780 31542.000000
39.980470 116.413779 31544.000000
39.980454 116.413795 31546.000000
39.980445 116.413818 31548.000000
39.980453 116.413833 31550.000000
39.980456 116.413855 31552.000000
39.980452 116.413874 31554.000000
39.980453 116.413884 31556.000000
39.980454 116.413895 31558.000000
39.980456 116.413913 31560.000000
39.980452 116.413913 31562.000000
39.980447 116.413914 31564.000000
39.980442 116.413914 31566.000000
39.980439 116.413918 31568.000000
39.980438 116.413934 31570.000000
39.980420 116.413956 31572.000000
39.980400 116.413972 31574.000000
39.980384 116.413997 31576.000000
39.980377 116.414041 31578.000000
39.980365 116.414103 31580.000000
39.980347 116.414145 31582.000000
39.980322 116.414172 31584.000000
39.980293 116.414192 31586.000000
39.980265 116.414205 31588.000000
39.980235 116.414209 31590.000000
39.980201 116.414217 31592.000000
39.980173 116.414215 31594.000000
39.980148 116.414208 31596.000000
39.980118 116.414209 31598.000000
39.980097 116.414215 31600.000000
39.980057 116.414224 31602.000000
39.980009 116.414227 31604.000000
39.979961 116.414232 31606.000000
39.979907 116.414245 31608.000000
39.979856 116.414268 31610.000000
39.979808 116.414295 31612.000000
39.979763 116.414328 31614.000000
39.979718 116.414358 31616.000000
39.979699 116.414369 31618.000000
39.979683 116.414381 31620.000000
39.979743 116.414332 31622.000000
39.979788 116.414291 31624.000000
39.979795 116.414297 31626.000000
39.979817 116.414292 31628.000000
39.979868 116.414269 31630.000000
39.980056 116.414120 31632.000000
39.980152 116.414043 31634.000000
39.980180 116.414021 31636.000000
39.980182 116.414020 31638.000000
39.980184 116.414019 31640.000000
39.980186 116.414018 31642.000000
39.980189 116.414018 31644.000000
39.980192 116.414017 31646.000000
39.980192 116.414017 31648.000000
39.980189 116.414017 31650.000000
39.980185 116.414029 31652.000000
39.980179 116.414052 31654.000000
39.980174 116.414066 31656.000000
39.980159 116.414076 31658.000000
39.980130 116.414083 31660.000000
39.980091 116.414097 31662.000000
39.980036 116.414120 31664.000000
39.980006 116.414135 31666.000000
39.980032 116.414125 31668.000000
39.980047 116.414136 31670.000000
