39.995861 116.417201 39903.000000
39.995853 116.417203 39905.000000
39.995843 116.417192 39907.000000
39.995840 116.417185 39909.000000
39.995843 116.417184 39911.000000
39.995848 116.417185 39913.000000
39.995859 116.417197 39917.000000
39.995856 116.417191 39931.000000
39.995858 116.417192 39933.000000
39.995844 116.417188 39935.000000
39.995835 116.417190 39937.000000
39.995821 116.417193 39939.000000
39.995798 116.417189 39941.000000
39.995782 116.417188 39943.000000
39.995770 116.417204 39945.000000
39.995747 116.417213 39947.000000
39.995746 116.417214 39949.000000
39.995735 116.417222 39951.000000
39.995726 116.417214 39953.000000
39.995721 116.417205 39955.000000
39.995721 116.417206 39957.000000
39.995710 116.417211 39959.000000
39.995680 116.417204 39961.000000
39.995652 116.417187 39963.000000
39.995640 116.417173 39965.000000
39.995633 116.417174 39967.000000
39.995630 116.417143 39973.000000
39.995630 116.417120 39975.000000
39.995634 116.417113 39977.000000
39.995645 116.417108 39979.000000
39.995648 116.417107 39981.000000
39.995652 116.417106 39983.000000
39.995649 116.417116 39985.000000
39.995653 116.417127 39987.000000
39.995654 116.417131 39989.000000
39.995652 116.417129 39991.000000
39.995658 116.417134 39993.000000
39.995660 116.417130 39995.000000
39.995659 116.417118 39997.000000
39.995676 116.417117 39999.000000
39.995705 116.417122 40001.000000
39.995744 116.417137 40003.000000
39.995772 116.417146 40005.000000
39.995783 116.417151 40007.000000
39.995786 116.417160 40009.000000
39.995800 116.417179 40011.000000
39.995818 116.417191 40013.000000
39.995821 116.417199 40015.000000
39.995823 116.417200 40017.000000
39.995821 116.417207 40019.000000
39.995820 116.417218 40021.000000
39.995826 116.417233 40023.000000
39.995824 116.417245 40025.000000
39.995818 116.417254 40027.000000
39.995808 116.417258 40029.000000
39.995803 116.417259 40031.000000
39.995801 116.417255 40033.000000
39.995803 116.417246 40035.000000
39.995805 116.417246 40037.000000
39.995810 116.417239 40039.000000
39.995825 116.417223 40041.000000
39.995854 116.417200 40043.000000
39.995889 116.417183 40045.000000
39.995928 116.417176 40047.000000
39.995970 116.417180 40049.000000
39.996026 116.417172 40051.000000
39.996067 116.417156 40053.000000
39.996083 116.417140 40055.000000
39.996090 116.417108 40057.000000
39.996100 116.417073 40059.000000
39.996093 116.417032 40061.000000
39.996089 116.416998 40063.000000
39.996083 116.416973 40065.000000
39.996064 116.416953 40071.000000
39.996065 116.416954 40073.000000
39.996064 116.416954 40075.000000
39.996064 116.416956 40077.000000
39.996087 116.417034 40079.000000
39.996080 116.417105 40081.000000
39.996056 116.417177 40083.000000
39.996028 116.417254 40085.000000
39.996019 116.417317 40087.000000
39.996015 116.417358 40089.000000
39.996008 116.417394 40091.000000
39.996000 116.417424 40093.000000
39.996006 116.417442 40095.000000
39.996007 116.417454 40097.000000
39.996012 116.417486 40099.000000
39.996005 116.417513 40101.000000
39.996003 116.417527 40103.000000
39.996007 116.417537 40105.000000
