39.926840 116.306519 24304.000000
39.926855 116.306312 24306.000000
39.926877 116.306336 24308.000000
39.926885 116.306331 24310.000000
39.926820 116.306394 24312.000000
39.926778 116.306396 24314.000000
39.926771 116.306385 24316.000000
39.926757 116.306384 24318.000000
39.926761 116.306394 24320.000000
39.926751 116.306413 24322.000000
39.926734 116.306428 24324.000000
39.926752 116.306398 24326.000000
39.926821 116.306287 24328.000000
39.926812 116.306292 24330.000000
39.926822 116.306302 24332.000000
39.926819 116.306302 24334.000000
39.926817 116.306315 24336.000000
39.926806 116.306317 24338.000000
39.926798 116.306305 24340.000000
39.926788 116.306300 24342.000000
39.926788 116.306294 24344.000000
39.926787 116.306290 24346.000000
39.926799 116.306270 24348.000000
39.926792 116.306216 24350.000000
39.926793 116.306139 24352.000000
39.926802 116.306025 24354.000000
39.926811 116.305875 24356.000000
39.926826 116.305686 24358.000000
39.926837 116.305479 24360.000000
39.926848 116.305268 24362.000000
39.926862 116.305051 24364.000000
39.926867 116.304851 24366.000000
39.926874 116.304682 24368.000000
39.926885 116.304555 24370.000000
39.926896 116.304473 24372.000000
39.926922 116.304421 24374.000000
39.927001 116.304386 24376.000000
39.927148 116.304354 24378.000000
39.927336 116.304339 24380.000000
39.927503 116.304313 24382.000000
39.927706 116.304262 24384.000000
39.927935 116.304239 24386.000000
39.928177 116.304208 24388.000000
39.928430 116.304216 24390.000000
39.928712 116.304327 24392.000000
39.928948 116.304302 24394.000000
39.929207 116.304292 24396.000000
39.929516 116.304263 24398.000000
39.929786 116.304250 24400.000000
39.930064 116.304235 24402.000000
39.930332 116.304223 24404.000000
39.930608 116.304213 24406.000000
39.930887 116.304201 24408.000000
39.931159 116.304192 24410.000000
39.931439 116.304186 24412.000000
39.931694 116.304169 24414.000000
39.931985 116.304175 24416.000000
39.932274 116.304170 24418.000000
39.932569 116.304173 24420.000000
39.932845 116.304163 24422.000000
39.933123 116.304164 24424.000000
39.933541 116.304117 24426.000000
39.933894 116.304110 24428.000000
39.934175 116.304116 24430.000000
39.934482 116.304113 24432.000000
39.934733 116.304110 24434.000000
39.935040 116.304098 24436.000000
39.935323 116.304088 24438.000000
39.935622 116.304096 24440.000000
39.935932 116.304123 24442.000000
39.936260 116.304145 24444.000000
39.936569 116.304160 24446.000000
39.936868 116.304171 24448.000000
39.937186 116.304185 24450.000000
39.937498 116.304184 24452.000000
39.937785 116.304172 24454.000000
39.938117 116.304179 24456.000000
39.938423 116.304179 24458.000000
39.938718 116.304179 24460.000000
39.939011 116.304167 24462.000000
39.939287 116.304166 24464.000000
39.939558 116.304163 24466.000000
39.939821 116.304149 24468.000000
39.940095 116.304149 24470.000000
39.940347 116.304154 24472.000000
39.940614 116.304151 24474.000000
39.940890 116.304145 24476.000000
39.941174 116.304142 24478.000000
39.941467 116.304151 24480.000000
39.941750 116.304150 24482.000000
39.942041 116.304149 24484.000000
39.942328 116.304156 24486.000000
39.942619 116.304145 24488.000000
39.942907 116.304131 24490.000000
39.943177 116.304115 24492.000000
39.943435 116.304098 24494.000000
39.943681 116.304083 24496.000000
39.943908 116.304060 24498.000000
39.944137 116.304039 24500.000000
39.944361 116.304024 24502.000000
39.944592 116.304004 24504.000000
39.944812 116.303976 24506.000000
39.945038 116.303943 24508.000000
39.945241 116.303911 24510.000000
39.945457 116.303897 24512.000000
39.945666 116.303889 24514.000000
39.945863 116.303871 24516.000000
39.946076 116.303860 24518.000000
39.946280 116.303846 24520.000000
39.946477 116.303835 24522.000000
39.946674 116.303814 24524.000000
39.946849 116.303810 24526.000000
39.947011 116.303791 24528.000000
39.947188 116.303774 24530.000000
39.947379 116.303759 24532.000000
39.947597 116.303761 24534.000000
39.947808 116.303736 24536.000000
39.948019 116.303720 24538.000000
39.948241 116.303695 24540.000000
39.948459 116.303677 24542.000000
39.948703 116.303653 24544.000000
39.948951 116.303628 24546.000000
39.949224 116.303607 24548.000000
39.949505 116.303588 24550.000000
39.949776 116.303556 24552.000000
39.950066 116.303527 24554.000000
39.950349 116.303507 24556.000000
39.950633 116.303484 24558.000000
39.950934 116.303458 24560.000000
39.951206 116.303434 24562.000000
39.951468 116.303411 24564.000000
39.951731 116.303391 24566.000000
39.952001 116.303375 24568.000000
39.952278 116.303352 24570.000000
39.952552 116.303328 24572.000000
39.952830 116.303307 24574.000000
39.953107 116.303288 24576.000000
39.953396 116.303257 24578.000000
39.953671 116.303234 24580.000000
39.953968 116.303209 24582.000000
39.954265 116.303186 24584.000000
39.954568 116.303156 24586.000000
39.954867 116.303136 24588.000000
39.955159 116.303100 24590.000000
39.955448 116.303053 24592.000000
39.955743 116.303005 24594.000000
39.956020 116.302959 24596.000000
39.956294 116.302905 24598.000000
39.956566 116.302844 24600.000000
39.956856 116.302783 24602.000000
39.957144 116.302715 24604.000000
39.957430 116.302645 24606.000000
39.957716 116.302580 24608.000000
39.958003 116.302514 24610.000000
39.958288 116.302445 24612.000000
39.958589 116.302365 24614.000000
39.958876 116.302309 24616.000000
39.959154 116.302253 24618.000000
39.959425 116.302209 24620.000000
39.959692 116.302192 24622.000000
39.959952 116.302227 24624.000000
39.960235 116.302298 24626.000000
39.960503 116.302430 24628.000000
39.960782 116.302604 24630.000000
39.961020 116.302826 24632.000000
39.961242 116.303091 24634.000000
39.961450 116.303384 24636.000000
39.961624 116.303703 24638.000000
39.961772 116.304040 24640.000000
39.961899 116.304397 24642.000000
39.962034 116.304741 24644.000000
39.962153 116.305104 24646.000000
39.962274 116.305466 24648.000000
39.962394 116.305822 24650.000000
39.962501 116.306158 24652.000000
39.962621 116.306507 24654.000000
39.962694 116.306852 24656.000000
39.962820 116.307184 24658.000000
39.962937 116.307491 24660.000000
39.963051 116.307792 24662.000000
39.963178 116.308105 24664.000000
39.963292 116.308435 24666.000000
39.963397 116.308755 24668.000000
39.963520 116.309079 24670.000000
39.963616 116.309386 24672.000000
39.963716 116.309689 24674.000000
39.963833 116.309995 24676.000000
39.963945 116.310313 24678.000000
39.964060 116.310633 24680.000000
39.964169 116.310965 24682.000000
39.964299 116.311303 24684.000000
39.964433 116.311649 24686.000000
39.964562 116.311999 24688.000000
39.964686 116.312333 24690.000000
39.964801 116.312661 24692.000000
39.964910 116.312988 24694.000000
39.965024 116.313292 24696.000000
39.965120 116.313565 24698.000000
39.965211 116.313832 24700.000000
39.965289 116.314073 24702.000000
39.965356 116.314320 24704.000000
39.965424 116.314574 24706.000000
39.965488 116.314837 24708.000000
39.965544 116.315096 24710.000000
39.965594 116.315375 24712.000000
39.965639 116.315672 24714.000000
39.965671 116.315971 24716.000000
39.965703 116.316278 24718.000000
39.965726 116.316586 24720.000000
39.965738 116.316935 24722.000000
39.965765 116.317278 24724.000000
39.965787 116.317637 24726.000000
39.965814 116.318000 24728.000000
39.965835 116.318377 24730.000000
39.965855 116.318745 24732.000000
39.965867 116.319110 24734.000000
39.965879 116.319475 24736.000000
39.965888 116.319835 24738.000000
39.965895 116.320193 24740.000000
39.965902 116.320547 24742.000000
39.965920 116.320915 24744.000000
39.965924 116.321261 24746.000000
39.965926 116.321629 24748.000000
39.965930 116.321993 24750.000000
39.965938 116.322368 24752.000000
39.965957 116.322732 24754.000000
39.965975 116.323120 24756.000000
39.965952 116.323498 24758.000000
39.965962 116.323875 24760.000000
39.965989 116.324256 24762.000000
39.966011 116.324629 24764.000000
39.966024 116.325009 24766.000000
39.966053 116.325390 24768.000000
39.966085 116.325780 24770.000000
39.966110 116.326156 24772.000000
39.966138 116.326545 24774.000000
39.966158 116.326907 24776.000000
39.966162 116.327256 24778.000000
39.966167 116.327596 24780.000000
39.966182 116.327932 24782.000000
39.966191 116.328286 24784.000000
39.966189 116.328618 24786.000000
39.966182 116.328965 24788.000000
39.966180 116.329294 24790.000000
39.966190 116.329640 24792.000000
39.966195 116.330000 24794.000000
39.966194 116.330350 24796.000000
39.966202 116.330701 24798.000000
39.966199 116.331057 24800.000000
39.966208 116.331423 24802.000000
39.966215 116.331798 24804.000000
39.966222 116.332173 24806.000000
39.966230 116.332554 24808.000000
39.966226 116.332934 24810.000000
39.966235 116.333300 24812.000000
39.966241 116.333662 24814.000000
39.966249 116.334021 24816.000000
39.966251 116.334392 24818.000000
39.966239 116.334752 24820.000000
39.966241 116.335128 24822.000000
39.966236 116.335514 24824.000000
39.966241 116.335902 24826.000000
39.966238 116.336297 24828.000000
39.966242 116.336696 24830.000000
39.966251 116.337098 24832.000000
39.966257 116.337507 24834.000000
39.966257 116.337908 24836.000000
39.966262 116.338322 24838.000000
39.966265 116.338721 24840.000000
39.966270 116.339127 24842.000000
39.966274 116.339526 24844.000000
39.966276 116.339906 24846.000000
39.966275 116.340267 24848.000000
39.966269 116.340617 24850.000000
39.966263 116.340950 24852.000000
39.966249 116.341232 24854.000000
39.966254 116.341495 24856.000000
39.966234 116.341769 24858.000000
39.966254 116.342055 24860.000000
39.966262 116.342354 24862.000000
39.966263 116.342671 24864.000000
39.966267 116.342975 24866.000000
39.966264 116.343282 24868.000000
39.966259 116.343598 24870.000000
39.966248 116.343916 24872.000000
39.966238 116.344259 24874.000000
39.966230 116.344641 24876.000000
39.966262 116.345025 24878.000000
39.966274 116.345370 24880.000000
39.966270 116.345714 24882.000000
39.966285 116.346064 24884.000000
39.966285 116.346406 24886.000000
39.966296 116.346755 24888.000000
39.966292 116.347110 24890.000000
39.966294 116.347480 24892.000000
39.966290 116.347848 24894.000000
39.966296 116.348198 24896.000000
39.966300 116.348540 24898.000000
39.966299 116.348872 24900.000000
39.966300 116.349216 24902.000000
39.966307 116.349566 24904.000000
39.966305 116.349921 24906.000000
39.966317 116.350283 24908.000000
39.966319 116.350639 24910.000000
39.966327 116.351005 24912.000000
39.966320 116.351380 24914.000000
39.966321 116.351749 24916.000000
39.966322 116.352116 24918.000000
39.966319 116.352490 24920.000000
39.966309 116.352865 24922.000000
39.966309 116.353241 24924.000000
39.966315 116.353625 24926.000000
39.966323 116.354012 24928.000000
39.966322 116.354394 24930.000000
39.966325 116.354783 24932.000000
39.966334 116.355189 24934.000000
39.966334 116.355575 24936.000000
39.966330 116.355950 24938.000000
39.966329 116.356310 24940.000000
39.966328 116.356704 24942.000000
39.966319 116.357087 24944.000000
39.966315 116.357478 24946.000000
39.966325 116.357887 24948.000000
39.966337 116.358292 24950.000000
39.966359 116.358711 24952.000000
39.966370 116.359117 24954.000000
39.966382 116.359519 24956.000000
39.966399 116.359919 24958.000000
39.966410 116.360323 24960.000000
39.966423 116.360716 24962.000000
39.966438 116.361120 24964.000000
39.966442 116.361518 24966.000000
39.966449 116.361909 24968.000000
39.966466 116.362278 24970.000000
39.966483 116.362640 24972.000000
39.966495 116.362994 24974.000000
39.966497 116.363321 24976.000000
39.966495 116.363647 24978.000000
39.966507 116.363979 24980.000000
39.966523 116.364318 24982.000000
39.966529 116.364670 24984.000000
39.966539 116.365029 24986.000000
39.966554 116.365412 24988.000000
39.966568 116.365796 24990.000000
39.966577 116.366187 24992.000000
39.966593 116.366588 24994.000000
39.966608 116.366991 24996.000000
39.966612 116.367407 24998.000000
39.966628 116.367811 25000.000000
39.966633 116.368217 25002.000000
39.966639 116.368607 25004.000000
39.966647 116.368996 25006.000000
39.966657 116.369387 25008.000000
39.966666 116.369779 25010.000000
39.966679 116.370165 25012.000000
39.966690 116.370549 25014.000000
39.966693 116.370939 25016.000000
39.966702 116.371333 25018.000000
39.966719 116.371729 25020.000000
39.966727 116.372120 25022.000000
39.966741 116.372506 25024.000000
39.966750 116.372908 25026.000000
39.966758 116.373307 25028.000000
39.966760 116.373712 25030.000000
39.966773 116.374137 25032.000000
39.966781 116.374546 25034.000000
39.966789 116.374993 25036.000000
39.966789 116.375457 25038.000000
39.966809 116.375871 25040.000000
39.966795 116.376290 25042.000000
39.966804 116.376687 25044.000000
39.966818 116.377085 25046.000000
39.966829 116.377474 25048.000000
39.966824 116.377863 25050.000000
39.966826 116.378267 25052.000000
39.966819 116.378664 25054.000000
39.966832 116.379050 25056.000000
39.966844 116.379442 25058.000000
39.966865 116.379817 25060.000000
39.966853 116.380201 25062.000000
39.966867 116.380579 25064.000000
39.966873 116.380957 25066.000000
39.966888 116.381334 25068.000000
39.966899 116.381694 25070.000000
39.966901 116.382059 25072.000000
39.966906 116.382419 25074.000000
39.966909 116.382783 25076.000000
39.966858 116.383168 25078.000000
39.966865 116.383523 25080.000000
39.966909 116.383868 25082.000000
39.966900 116.384224 25084.000000
39.966917 116.384562 25086.000000
39.966932 116.384881 25088.000000
39.966949 116.385189 25090.000000
39.966963 116.385510 25092.000000
39.966991 116.385832 25094.000000
39.966995 116.386129 25096.000000
39.967002 116.386422 25098.000000
39.967003 116.386706 25100.000000
39.967004 116.386987 25102.000000
39.967017 116.387279 25104.000000
39.967033 116.387592 25106.000000
39.967041 116.387913 25108.000000
39.967058 116.388233 25110.000000
39.967074 116.388545 25112.000000
39.967092 116.388859 25114.000000
39.967104 116.389200 25116.000000
39.967102 116.389522 25118.000000
39.967114 116.389818 25120.000000
39.967129 116.390126 25122.000000
39.967144 116.390402 25124.000000
39.967136 116.390671 25126.000000
39.967141 116.390943 25128.000000
39.967144 116.391220 25130.000000
39.967146 116.391504 25132.000000
39.967158 116.391776 25134.000000
39.967168 116.392055 25136.000000
39.967185 116.392338 25138.000000
39.967212 116.392612 25140.000000
39.967230 116.392923 25142.000000
39.967244 116.393247 25144.000000
39.967264 116.393580 25146.000000
39.967248 116.393956 25148.000000
39.967249 116.394326 25150.000000
39.967242 116.394714 25152.000000
39.967250 116.395101 25154.000000
39.967243 116.395485 25156.000000
39.967255 116.395860 25158.000000
39.967268 116.396246 25160.000000
39.967285 116.396640 25162.000000
39.967284 116.397053 25164.000000
39.967293 116.397465 25166.000000
39.967297 116.397879 25168.000000
39.967312 116.398300 25170.000000
39.967326 116.398727 25172.000000
39.967338 116.399142 25174.000000
39.967339 116.399555 25176.000000
39.967334 116.399956 25178.000000
39.967343 116.400336 25180.000000
39.967359 116.400706 25182.000000
39.967380 116.401076 25184.000000
39.967397 116.401447 25186.000000
39.967409 116.401827 25188.000000
39.967415 116.402203 25190.000000
39.967414 116.402582 25192.000000
39.967407 116.402932 25194.000000
39.967401 116.403292 25196.000000
39.967393 116.403648 25198.000000
39.967389 116.403989 25200.000000
39.967377 116.404324 25202.000000
39.967357 116.404646 25204.000000
39.967355 116.404916 25206.000000
39.967352 116.405134 25208.000000
39.967348 116.405325 25210.000000
39.967354 116.405536 25212.000000
39.967379 116.405774 25214.000000
39.967403 116.406017 25216.000000
39.967411 116.406261 25218.000000
39.967420 116.406509 25220.000000
39.967432 116.406773 25222.000000
39.967461 116.407046 25224.000000
39.967468 116.407338 25226.000000
39.967487 116.407642 25228.000000
39.967504 116.407955 25230.000000
39.967521 116.408266 25232.000000
39.967527 116.408559 25234.000000
39.967545 116.408838 25236.000000
39.967555 116.409105 25238.000000
39.967567 116.409352 25240.000000
39.967573 116.409583 25242.000000
39.967578 116.409780 25244.000000
39.967582 116.409957 25246.000000
39.967582 116.410113 25248.000000
39.967579 116.410266 25250.000000
39.967575 116.410403 25252.000000
39.967564 116.410516 25254.000000
39.967533 116.410609 25256.000000
39.967515 116.410675 25258.000000
39.967528 116.410729 25260.000000
39.967556 116.410792 25262.000000
39.967565 116.410865 25264.000000
39.967587 116.410963 25266.000000
39.967593 116.411064 25268.000000
39.967602 116.411160 25270.000000
39.967556 116.411232 25272.000000
39.967532 116.411264 25274.000000
39.967508 116.411258 25276.000000
39.967507 116.411263 25278.000000
39.967507 116.411273 25280.000000
39.967507 116.411280 25282.000000
39.967507 116.411283 25284.000000
39.967506 116.411283 25286.000000
39.967505 116.411282 25288.000000
39.967505 116.411277 25290.000000
39.967504 116.411270 25292.000000
39.967503 116.411265 25294.000000
39.967502 116.411266 25296.000000
39.967501 116.411271 25298.000000
39.967498 116.411283 25300.000000
39.967491 116.411296 25302.000000
39.967489 116.411305 25304.000000
39.967489 116.411316 25306.000000
39.967488 116.411329 25308.000000
39.967489 116.411339 25310.000000
39.967490 116.411346 25312.000000
39.967490 116.411355 25314.000000
39.967489 116.411368 25316.000000
39.967488 116.411384 25318.000000
39.967486 116.411400 25320.000000
39.967482 116.411421 25322.000000
39.967482 116.411463 25324.000000
39.967520 116.411550 25326.000000
39.967531 116.411604 25328.000000
39.967597 116.411684 25330.000000
39.967612 116.411708 25332.000000
39.967628 116.411720 25334.000000
39.967630 116.411723 25336.000000
39.967632 116.411722 25338.000000
39.967709 116.411731 25340.000000
39.967791 116.411725 25342.000000
39.967860 116.411727 25344.000000
39.967917 116.411748 25346.000000
39.967959 116.411764 25348.000000
39.968011 116.411770 25350.000000
39.968022 116.411769 25352.000000
39.968022 116.411764 25354.000000
39.968055 116.411807 25356.000000
39.968096 116.411832 25358.000000
39.968200 116.411894 25360.000000
39.968201 116.411890 25362.000000
39.968201 116.411888 25364.000000
39.968202 116.411889 25366.000000
39.968203 116.411891 25368.000000
39.968203 116.411889 25370.000000
39.968204 116.411888 25372.000000
39.968296 116.411968 25374.000000
39.968310 116.412059 25376.000000
39.968272 116.412052 25378.000000
39.968384 116.411969 25380.000000
39.968454 116.411931 25382.000000
39.968604 116.411917 25384.000000
39.968781 116.411833 25386.000000
39.968973 116.411785 25388.000000
39.969188 116.411765 25390.000000
39.969414 116.411745 25392.000000
39.969665 116.411713 25394.000000
39.969909 116.411713 25396.000000
39.970166 116.411704 25398.000000
39.970425 116.411695 25400.000000
39.970678 116.411672 25402.000000
39.970959 116.411623 25404.000000
39.971192 116.411583 25406.000000
39.971405 116.411568 25408.000000
39.971655 116.411547 25410.000000
39.971877 116.411535 25412.000000
39.972094 116.411547 25414.000000
39.972305 116.411557 25416.000000
39.972552 116.411549 25418.000000
39.972778 116.411549 25420.000000
39.972980 116.411543 25422.000000
39.973192 116.411548 25424.000000
39.973364 116.411593 25426.000000
39.973505 116.411629 25428.000000
39.973658 116.411629 25430.000000
39.973806 116.411617 25432.000000
39.973919 116.411611 25434.000000
39.974010 116.411663 25436.000000
39.974063 116.411766 25438.000000
39.974081 116.411923 25440.000000
39.974093 116.412127 25442.000000
39.974079 116.412374 25444.000000
39.974064 116.412642 25446.000000
39.974052 116.412931 25448.000000
39.974048 116.413224 25450.000000
39.974046 116.413514 25452.000000
39.974044 116.413806 25454.000000
39.974039 116.414094 25456.000000
39.974026 116.414371 25458.000000
39.974010 116.414621 25460.000000
39.973999 116.414827 25462.000000
39.973992 116.415021 25464.000000
39.973977 116.415255 25466.000000
39.973983 116.415502 25468.000000
39.973961 116.415776 25470.000000
39.973956 116.416030 25472.000000
39.973966 116.416294 25474.000000
39.973969 116.416554 25476.000000
39.973981 116.416787 25478.000000
39.973990 116.417004 25480.000000
39.974008 116.417202 25482.000000
39.974005 116.417381 25484.000000
39.974012 116.417547 25486.000000
39.974034 116.417681 25488.000000
39.974040 116.417797 25490.000000
39.974037 116.417868 25492.000000
39.974042 116.417894 25494.000000
39.974045 116.417903 25496.000000
39.974040 116.417898 25498.000000
39.974040 116.417899 25500.000000
39.974040 116.417901 25502.000000
39.974040 116.417901 25504.000000
39.974040 116.417902 25506.000000
39.974041 116.417903 25508.000000
39.974041 116.417903 25510.000000
39.974040 116.417904 25512.000000
39.974040 116.417902 25514.000000
39.974040 116.417901 25516.000000
39.974041 116.417899 25518.000000
39.974040 116.417899 25520.000000
39.974040 116.417898 25522.000000
39.974040 116.417896 25524.000000
39.974040 116.417894 25526.000000
39.974040 116.417893 25528.000000
39.974040 116.417892 25530.000000
39.974039 116.417893 25532.000000
39.974039 116.417892 25534.000000
39.974040 116.417894 25536.000000
39.974047 116.417931 25538.000000
39.974057 116.418031 25540.000000
39.974058 116.418171 25542.000000
39.974074 116.418331 25544.000000
39.974085 116.418466 25546.000000
39.974103 116.418606 25548.000000
39.974140 116.418759 25550.000000
39.974133 116.418913 25552.000000
39.974114 116.419099 25554.000000
39.974093 116.419316 25556.000000
39.974082 116.419532 25558.000000
39.974073 116.419763 25560.000000
39.974066 116.419994 25562.000000
39.974066 116.420229 25564.000000
39.974066 116.420473 25566.000000
39.974062 116.420715 25568.000000
39.974055 116.420960 25570.000000
39.974065 116.421192 25572.000000
39.974057 116.421443 25574.000000
39.974069 116.421696 25576.000000
39.974068 116.421937 25578.000000
39.974065 116.422181 25580.000000
39.974066 116.422397 25582.000000
39.974076 116.422552 25584.000000
39.974074 116.422624 25586.000000
39.974063 116.422662 25588.000000
39.974034 116.422679 25590.000000
39.973988 116.422697 25592.000000
39.973902 116.422702 25594.000000
39.973771 116.422695 25596.000000
39.973632 116.422695 25598.000000
39.973510 116.422694 25600.000000
39.973412 116.422697 25602.000000
39.973304 116.422692 25604.000000
39.973208 116.422672 25606.000000
39.973114 116.422664 25608.000000
39.973002 116.422706 25610.000000
39.972873 116.422724 25612.000000
39.972749 116.422731 25614.000000
39.972647 116.422719 25616.000000
39.972517 116.422728 25618.000000
39.972375 116.422736 25620.000000
39.972223 116.422741 25622.000000
39.972102 116.422731 25624.000000
39.971985 116.422748 25626.000000
39.971853 116.422775 25628.000000
39.971722 116.422786 25630.000000
39.971618 116.422779 25632.000000
39.971501 116.422789 25634.000000
39.971425 116.422790 25636.000000
39.971402 116.422785 25638.000000
39.971390 116.422780 25640.000000
39.971387 116.422774 25642.000000
39.971385 116.422773 25644.000000
39.971381 116.422770 25646.000000
39.971339 116.422786 25648.000000
39.971231 116.422821 25650.000000
39.971108 116.422832 25652.000000
39.970972 116.422834 25654.000000
39.970787 116.422844 25656.000000
39.970554 116.422872 25658.000000
39.970390 116.422879 25660.000000
39.970250 116.422915 25662.000000
39.970083 116.422913 25664.000000
39.969915 116.422925 25666.000000
39.969792 116.422918 25668.000000
39.969664 116.422915 25670.000000
39.969526 116.422916 25672.000000
39.969406 116.422916 25674.000000
39.969318 116.422908 25676.000000
39.969273 116.422827 25678.000000
39.969246 116.422683 25680.000000
39.969238 116.422501 25682.000000
39.969238 116.422317 25684.000000
39.969226 116.422123 25686.000000
39.969219 116.421930 25688.000000
39.969212 116.421736 25690.000000
39.969199 116.421528 25692.000000
39.969178 116.421328 25694.000000
39.969187 116.421133 25696.000000
39.969188 116.420985 25698.000000
39.969231 116.420856 25700.000000
39.969250 116.420782 25702.000000
39.969258 116.420771 25704.000000
39.969269 116.420781 25706.000000
39.969273 116.420781 25708.000000
39.969277 116.420781 25710.000000
39.969281 116.420781 25712.000000
39.969284 116.420781 25714.000000
39.969287 116.420781 25716.000000
39.969290 116.420781 25718.000000
39.969292 116.420781 25720.000000
39.969295 116.420781 25722.000000
39.969299 116.420781 25724.000000
39.969303 116.420781 25726.000000
39.969307 116.420781 25728.000000
39.969311 116.420781 25730.000000
39.969314 116.420780 25732.000000
39.969317 116.420780 25734.000000
39.969320 116.420780 25736.000000
39.969315 116.420777 25738.000000
39.969308 116.420777 25740.000000
39.969305 116.420776 25742.000000
39.969308 116.420776 25744.000000
39.969313 116.420775 25746.000000
39.969322 116.420775 25748.000000
39.969330 116.420781 25750.000000
39.969338 116.420782 25752.000000
39.969344 116.420783 25754.000000
39.969350 116.420784 25756.000000
39.969357 116.420780 25758.000000
39.969364 116.420766 25760.000000
39.969366 116.420743 25762.000000
39.969330 116.420692 25764.000000
39.969318 116.420649 25766.000000
39.969307 116.420605 25768.000000
39.969309 116.420563 25770.000000
39.969310 116.420530 25772.000000
39.969311 116.420486 25774.000000
39.969305 116.420452 25776.000000
39.969306 116.420413 25778.000000
39.969317 116.420387 25780.000000
39.969312 116.420342 25782.000000
39.969299 116.420315 25784.000000
39.969294 116.420293 25786.000000
39.969296 116.420268 25788.000000
39.969290 116.420250 25790.000000
39.969274 116.420235 25792.000000
39.969263 116.420220 25794.000000
39.969253 116.420205 25796.000000
39.969231 116.420196 25798.000000
39.969213 116.420173 25800.000000
39.969207 116.420153 25802.000000
39.969211 116.420129 25804.000000
39.969220 116.420081 25806.000000
39.969223 116.420078 25808.000000
39.969231 116.420054 25810.000000
39.969235 116.420047 25812.000000
39.969246 116.420003 25814.000000
39.969237 116.419979 25816.000000
39.969223 116.419946 25818.000000
39.969225 116.419926 25820.000000
39.969217 116.419918 25822.000000
39.969202 116.419907 25824.000000
39.969194 116.419889 25826.000000
39.969195 116.419883 25828.000000
39.969177 116.419865 25830.000000
39.969153 116.419862 25832.000000
39.969132 116.419866 25834.000000
39.969110 116.419871 25836.000000
39.969079 116.419869 25838.000000
39.969054 116.419874 25840.000000
39.969027 116.419877 25842.000000
39.968994 116.419890 25844.000000
39.968967 116.419904 25846.000000
39.968938 116.419916 25848.000000
39.968914 116.419936 25850.000000
39.968909 116.419953 25852.000000
39.968925 116.419959 25854.000000
39.968948 116.419964 25856.000000
39.968976 116.419956 25858.000000
