39.981238 116.324397 49115.000000
39.981090 116.324408 49117.000000
39.981200 116.324537 49120.000000
39.981182 116.324703 49121.000000
39.981125 116.324792 49123.000000
39.981233 116.324787 49125.000000
39.981382 116.324753 49127.000000
39.981443 116.324760 49132.000000
39.981497 116.324745 49137.000000
39.981477 116.324788 49142.000000
39.981472 116.324853 49147.000000
39.981433 116.324927 49152.000000
39.981420 116.324992 49157.000000
39.981405 116.325042 49162.000000
39.981393 116.325073 49167.000000
39.981413 116.325180 49171.000000
39.981208 116.325533 49174.000000
39.981173 116.325552 49179.000000
39.981183 116.325567 49184.000000
39.981205 116.325595 49189.000000
39.981267 116.325623 49194.000000
39.981287 116.325650 49199.000000
39.981312 116.325717 49204.000000
39.981317 116.325790 49209.000000
39.981357 116.325880 49214.000000
39.981380 116.325997 49219.000000
39.981363 116.326092 49224.000000
39.981382 116.326195 49229.000000
39.981362 116.326237 49234.000000
39.981350 116.326265 49239.000000
39.981355 116.326298 49244.000000
39.981342 116.326337 49249.000000
39.981312 116.326308 49254.000000
39.981280 116.326282 49259.000000
39.981183 116.326295 49262.000000
39.981127 116.326353 49267.000000
39.981160 116.326462 49271.000000
39.981200 116.326552 49276.000000
39.981235 116.326595 49281.000000
39.981277 116.326662 49286.000000
39.981315 116.326732 49291.000000
39.981355 116.326822 49296.000000
39.981402 116.326900 49301.000000
39.981490 116.326988 49306.000000
39.981587 116.327062 49310.000000
39.981655 116.327132 49315.000000
39.981690 116.327168 49320.000000
39.981752 116.327218 49325.000000
39.981820 116.327102 49326.000000
39.981873 116.327037 49331.000000
39.981873 116.327037 49334.000000
39.981865 116.327040 49336.000000
39.981853 116.327053 49341.000000
39.981833 116.327075 49346.000000
39.981827 116.327120 49351.000000
39.981802 116.327173 49356.000000
39.981783 116.327223 49361.000000
39.981773 116.327258 49366.000000
39.981760 116.327280 49371.000000
39.981743 116.327313 49376.000000
39.981703 116.327318 49381.000000
39.981778 116.327243 49384.000000
39.981785 116.327198 49389.000000
39.981765 116.327147 49394.000000
39.981702 116.327123 49399.000000
39.981618 116.327095 49404.000000
39.981558 116.327080 49409.000000
39.981537 116.327090 49414.000000
39.981493 116.327087 49419.000000
39.981423 116.327098 49424.000000
39.981395 116.327150 49429.000000
39.981362 116.327227 49434.000000
39.981353 116.327343 49439.000000
39.981363 116.327448 49444.000000
39.981380 116.327570 49449.000000
39.981410 116.327647 49454.000000
39.981418 116.327730 49459.000000
39.981422 116.327813 49464.000000
39.981350 116.327890 49469.000000
39.981277 116.327967 49473.000000
39.981247 116.328027 49478.000000
39.981215 116.328083 49483.000000
39.981205 116.328137 49488.000000
39.981215 116.328223 49493.000000
39.981290 116.328313 49498.000000
39.981323 116.328420 49503.000000
39.981343 116.328557 49508.000000
39.981358 116.328672 49513.000000
39.981353 116.328745 49518.000000
39.981360 116.328823 49523.000000
39.981380 116.328888 49528.000000
39.981418 116.328948 49533.000000
39.981430 116.329057 49538.000000
39.981487 116.329092 49543.000000
39.981402 116.329188 49548.000000
39.981343 116.329280 49553.000000
39.981302 116.329398 49556.000000
39.981275 116.329478 49561.000000
39.981277 116.329560 49566.000000
39.981297 116.329642 49571.000000
39.981343 116.329725 49576.000000
39.981393 116.329797 49581.000000
39.981427 116.329875 49586.000000
39.981470 116.329950 49591.000000
39.981528 116.330030 49596.000000
39.981570 116.330112 49601.000000
39.981600 116.330198 49606.000000
39.981602 116.330270 49611.000000
39.981587 116.330315 49616.000000
39.981630 116.330333 49621.000000
39.981655 116.330363 49626.000000
39.981688 116.330405 49631.000000
39.981705 116.330428 49636.000000
39.981735 116.330415 49641.000000
39.981755 116.330413 49646.000000
39.981853 116.330402 49650.000000
39.981935 116.330335 49655.000000
39.981992 116.330280 49660.000000
39.981982 116.330308 49665.000000
39.981990 116.330358 49670.000000
39.981990 116.330358 49673.000000
39.981990 116.330357 49675.000000
39.981983 116.330375 49680.000000
39.981965 116.330420 49685.000000
39.981942 116.330452 49690.000000
39.981900 116.330523 49695.000000
39.981832 116.330650 49700.000000
39.981772 116.330773 49704.000000
39.981717 116.330873 49707.000000
39.981663 116.330985 49710.000000
39.981515 116.331142 49780.000000
39.981578 116.331088 49781.000000
39.981572 116.331052 49786.000000
39.981512 116.331020 49791.000000
39.981500 116.330913 49796.000000
39.981510 116.330790 49801.000000
39.981675 116.330900 49805.000000
39.981757 116.330933 49810.000000
