39.977870 116.332630 82995.000000
39.977870 116.332630 82996.000000
39.977870 116.332630 82998.000000
39.977875 116.332638 83000.000000
39.977895 116.332600 83004.000000
39.977895 116.332542 83006.000000
39.977913 116.332513 83008.000000
39.977948 116.332455 83011.000000
39.977905 116.332452 83013.000000
39.977778 116.332460 83015.000000
39.977758 116.332450 83017.000000
39.977755 116.332403 83019.000000
39.977742 116.332357 83023.000000
39.977783 116.332303 83025.000000
39.977907 116.332183 83028.000000
39.977958 116.332110 83030.000000
39.977953 116.332062 83032.000000
39.977945 116.332020 83034.000000
39.978032 116.331920 83037.000000
39.978062 116.331873 83039.000000
39.978087 116.331843 83041.000000
39.978110 116.331813 83043.000000
39.976278 116.331535 83126.000000
39.976237 116.331482 83128.000000
39.976262 116.331428 83130.000000
39.976313 116.331322 83133.000000
39.976483 116.331080 83138.000000
39.976507 116.331020 83140.000000
39.976557 116.330977 83142.000000
39.976623 116.330905 83145.000000
39.976658 116.330900 83147.000000
39.976688 116.330853 83149.000000
39.976727 116.330800 83151.000000
39.976762 116.330770 83153.000000
39.976788 116.330748 83155.000000
39.976813 116.330715 83157.000000
39.976840 116.330697 83159.000000
39.976878 116.330688 83161.000000
39.976890 116.330693 83163.000000
39.976897 116.330685 83165.000000
39.976888 116.330685 83167.000000
39.976887 116.330678 83169.000000
39.976887 116.330655 83171.000000
39.976897 116.330638 83173.000000
39.977158 116.330707 83189.000000
39.977115 116.330728 83191.000000
39.977068 116.330762 83193.000000
39.977032 116.330783 83195.000000
