39.981874 116.327624 45444.000000
39.975761 116.331289 45488.000000
39.975742 116.331300 45490.000000
39.975716 116.331296 45492.000000
39.975697 116.331320 45494.000000
39.975713 116.331345 45496.000000
39.975722 116.331371 45498.000000
39.975763 116.331404 45500.000000
39.975791 116.331431 45502.000000
39.975778 116.331440 45504.000000
39.975760 116.331458 45506.000000
39.975740 116.331472 45508.000000
39.975711 116.331488 45510.000000
39.975706 116.331587 45512.000000
39.975694 116.331658 45514.000000
39.975679 116.331734 45516.000000
39.975683 116.331747 45518.000000
39.975591 116.331795 45520.000000
39.975547 116.331783 45522.000000
39.975541 116.331881 45524.000000
39.975550 116.331913 45526.000000
39.975529 116.331926 45528.000000
39.975531 116.331914 45530.000000
39.975523 116.331891 45532.000000
39.975533 116.331869 45534.000000
39.975525 116.331848 45536.000000
39.975417 116.332038 45538.000000
39.975387 116.332069 45540.000000
39.975354 116.332082 45542.000000
39.975340 116.332102 45544.000000
39.975349 116.332138 45546.000000
39.975330 116.332165 45548.000000
39.975305 116.332179 45550.000000
39.975293 116.332198 45552.000000
39.975265 116.332218 45554.000000
39.975227 116.332209 45556.000000
39.975205 116.332237 45558.000000
39.975204 116.332241 45560.000000
39.975164 116.332252 45562.000000
39.975150 116.332261 45564.000000
39.975169 116.332264 45566.000000
39.975203 116.332264 45568.000000
39.975234 116.332257 45570.000000
39.975245 116.332275 45572.000000
39.975247 116.332312 45574.000000
39.975239 116.332348 45576.000000
39.975226 116.332366 45578.000000
39.975206 116.332404 45580.000000
39.975187 116.332452 45582.000000
39.975192 116.332481 45584.000000
39.975177 116.332532 45586.000000
39.975163 116.332570 45588.000000
39.975152 116.332600 45590.000000
39.975147 116.332639 45592.000000
39.975146 116.332673 45594.000000
39.975134 116.332714 45596.000000
39.975138 116.332739 45598.000000
39.975137 116.332782 45600.000000
39.975133 116.332831 45602.000000
39.975142 116.332868 45604.000000
39.975154 116.332898 45606.000000
39.975168 116.332921 45608.000000
39.975178 116.332952 45610.000000
39.975183 116.332981 45612.000000
39.975199 116.333016 45614.000000
39.975232 116.333040 45616.000000
39.975241 116.333065 45618.000000
39.975250 116.333103 45620.000000
39.975267 116.333163 45622.000000
39.975334 116.333207 45624.000000
39.975341 116.333244 45626.000000
39.975345 116.333282 45628.000000
39.975360 116.333349 45630.000000
39.975353 116.333375 45632.000000
39.975343 116.333418 45634.000000
39.975322 116.333450 45636.000000
39.975310 116.333479 45638.000000
39.975294 116.333520 45640.000000
39.975285 116.333555 45642.000000
39.975280 116.333600 45644.000000
39.975268 116.333640 45646.000000
39.975257 116.333664 45648.000000
39.975246 116.333676 45650.000000
39.975223 116.333693 45652.000000
39.975167 116.333692 45654.000000
39.975172 116.333698 45656.000000
39.975170 116.333698 45658.000000
39.975173 116.333715 45660.000000
39.975172 116.333729 45662.000000
39.975174 116.333733 45664.000000
39.975173 116.333738 45666.000000
39.975166 116.333738 45668.000000
39.975160 116.333737 45669.000000
39.975150 116.333733 45671.000000
39.975145 116.333732 45673.000000
39.975146 116.333719 45675.000000
39.975154 116.333704 45677.000000
39.975166 116.333687 45679.000000
39.975179 116.333679 45681.000000
39.975196 116.333666 45683.000000
39.975214 116.333651 45685.000000
39.975235 116.333639 45687.000000
39.975259 116.333630 45689.000000
39.975282 116.333612 45691.000000
39.975306 116.333589 45693.000000
39.975340 116.333575 45695.000000
39.975412 116.333594 45697.000000
39.975657 116.333749 45699.000000
39.975725 116.333723 45701.000000
39.975864 116.333543 45703.000000
39.975858 116.333500 45705.000000
39.975851 116.333499 45707.000000
39.975820 116.333527 45709.000000
39.975789 116.333546 45711.000000
39.975741 116.333643 45713.000000
39.975625 116.333735 45715.000000
39.975623 116.333732 45717.000000
39.975618 116.333746 45719.000000
39.975594 116.333774 45721.000000
39.975588 116.333773 45723.000000
39.975593 116.333764 45725.000000
39.975555 116.333781 45727.000000
39.975516 116.333806 45728.000000
39.975495 116.333818 45730.000000
39.975486 116.333823 45732.000000
39.975461 116.333837 45734.000000
39.975464 116.333842 45736.000000
39.975457 116.333841 45738.000000
39.975450 116.333848 45740.000000
39.975427 116.333854 45742.000000
39.975368 116.333874 45744.000000
39.975349 116.333878 45746.000000
39.975326 116.333886 45748.000000
39.975298 116.333896 45750.000000
39.975265 116.333910 45752.000000
39.975228 116.333930 45754.000000
39.975221 116.333932 45756.000000
39.975225 116.333916 45758.000000
39.975218 116.333928 45760.000000
39.975213 116.333950 45762.000000
39.975206 116.333953 45764.000000
39.975203 116.333961 45766.000000
39.975185 116.333973 45768.000000
39.975183 116.333978 45770.000000
39.975196 116.333986 45772.000000
39.975199 116.333984 45774.000000
39.975191 116.333987 45776.000000
39.975190 116.333990 45778.000000
39.975190 116.333994 45780.000000
39.975189 116.334000 45782.000000
39.975186 116.334005 45784.000000
39.975184 116.334011 45786.000000
39.975182 116.334017 45788.000000
39.975177 116.334070 45790.000000
39.975177 116.334090 45792.000000
39.975180 116.334103 45794.000000
39.975186 116.334103 45796.000000
39.975171 116.334106 45798.000000
39.975171 116.334110 45800.000000
39.975157 116.334127 45802.000000
39.975148 116.334143 45804.000000
39.975141 116.334154 45806.000000
39.975138 116.334167 45808.000000
39.975137 116.334168 45809.000000
39.975137 116.334146 45811.000000
39.975123 116.334153 45813.000000
39.975126 116.334148 45815.000000
39.975124 116.334148 45817.000000
39.975124 116.334146 45819.000000
39.975126 116.334145 45821.000000
39.975129 116.334143 45823.000000
39.975129 116.334139 45825.000000
39.975120 116.334138 45827.000000
39.975136 116.334080 45829.000000
39.975136 116.334051 45831.000000
39.975151 116.334037 45833.000000
39.975134 116.334035 45835.000000
39.975131 116.334024 45837.000000
39.975131 116.334019 45839.000000
39.975130 116.334014 45841.000000
39.975127 116.334004 45843.000000
39.975121 116.333992 45845.000000
39.975104 116.333978 45847.000000
39.975102 116.333981 45849.000000
39.975098 116.333985 45851.000000
39.975095 116.333987 45853.000000
39.975098 116.333995 45855.000000
39.975107 116.334002 45857.000000
39.975122 116.334007 45859.000000
39.975136 116.334007 45861.000000
39.975146 116.333998 45863.000000
39.975162 116.333990 45865.000000
39.975197 116.333990 45867.000000
39.975244 116.334001 45869.000000
39.975297 116.334010 45871.000000
39.975358 116.334014 45873.000000
39.975433 116.334011 45875.000000
39.975566 116.334010 45877.000000
39.975779 116.334039 45879.000000
39.975989 116.334090 45881.000000
39.976322 116.334020 45883.000000
39.976808 116.333867 45885.000000
39.977171 116.333758 45887.000000
39.977460 116.333731 45889.000000
39.977757 116.333697 45891.000000
39.978127 116.333630 45893.000000
39.978528 116.333521 45895.000000
39.978907 116.333434 45897.000000
39.979290 116.333349 45899.000000
39.979653 116.333264 45901.000000
39.980001 116.333184 45903.000000
39.980396 116.333081 45905.000000
39.980788 116.332982 45907.000000
39.981136 116.332911 45909.000000
39.981487 116.332843 45911.000000
39.981849 116.332766 45913.000000
39.982214 116.332684 45915.000000
39.982577 116.332596 45917.000000
39.982915 116.332511 45919.000000
39.983239 116.332434 45921.000000
39.983559 116.332362 45923.000000
39.983893 116.332300 45925.000000
39.984224 116.332243 45927.000000
39.984563 116.332186 45929.000000
39.984908 116.332114 45931.000000
39.985245 116.332041 45933.000000
39.985587 116.331978 45935.000000
39.985914 116.331935 45937.000000
39.986238 116.331886 45939.000000
39.986569 116.331837 45941.000000
39.986892 116.331790 45943.000000
39.987217 116.331760 45945.000000
39.987548 116.331772 45947.000000
39.987895 116.331781 45949.000000
39.988248 116.331782 45951.000000
39.988593 116.331765 45953.000000
39.988919 116.331742 45955.000000
39.989229 116.331713 45957.000000
39.989528 116.331679 45959.000000
39.989804 116.331651 45961.000000
39.990049 116.331647 45963.000000
39.990272 116.331645 45965.000000
39.990488 116.331636 45967.000000
39.990682 116.331627 45969.000000
39.990868 116.331627 45971.000000
39.991054 116.331630 45973.000000
39.991218 116.331649 45975.000000
39.991344 116.331661 45977.000000
39.991462 116.331675 45979.000000
39.991565 116.331694 45981.000000
39.991651 116.331705 45983.000000
39.991720 116.331711 45985.000000
39.991767 116.331714 45987.000000
39.991794 116.331717 45989.000000
39.991810 116.331709 45991.000000
39.991818 116.331696 45993.000000
39.991819 116.331686 45995.000000
39.991811 116.331679 45997.000000
39.991807 116.331677 45999.000000
39.991804 116.331679 46001.000000
39.991796 116.331678 46003.000000
39.991785 116.331686 46005.000000
39.991767 116.331684 46007.000000
39.991751 116.331675 46009.000000
39.991740 116.331670 46011.000000
39.991742 116.331670 46013.000000
39.991739 116.331670 46015.000000
39.991733 116.331672 46017.000000
39.991732 116.331679 46019.000000
39.991730 116.331687 46021.000000
39.991723 116.331697 46023.000000
39.991706 116.331709 46025.000000
39.991694 116.331721 46027.000000
39.991683 116.331732 46029.000000
39.991668 116.331739 46031.000000
39.991654 116.331749 46033.000000
39.991641 116.331760 46035.000000
39.991631 116.331771 46037.000000
39.991625 116.331780 46039.000000
39.991622 116.331786 46041.000000
39.991613 116.331801 46043.000000
39.991603 116.331808 46045.000000
39.991621 116.331800 46047.000000
39.991654 116.331787 46049.000000
39.991698 116.331772 46051.000000
39.991766 116.331749 46053.000000
39.991864 116.331722 46055.000000
39.992073 116.331704 46057.000000
39.992318 116.331690 46059.000000
39.992599 116.331659 46061.000000
39.992922 116.331625 46063.000000
39.993286 116.331599 46065.000000
39.993684 116.331574 46067.000000
39.994079 116.331548 46069.000000
39.994582 116.331483 46071.000000
39.995006 116.331446 46073.000000
39.995404 116.331424 46075.000000
39.995829 116.331387 46077.000000
39.996239 116.331345 46079.000000
39.996635 116.331314 46081.000000
39.997018 116.331290 46083.000000
39.997381 116.331273 46085.000000
39.997744 116.331262 46087.000000
39.998095 116.331256 46089.000000
39.998450 116.331254 46091.000000
39.998798 116.331245 46093.000000
39.999148 116.331242 46095.000000
39.999498 116.331249 46097.000000
39.999843 116.331249 46099.000000
40.000187 116.331248 46101.000000
40.000528 116.331235 46103.000000
40.000867 116.331225 46105.000000
40.001200 116.331213 46107.000000
40.001531 116.331197 46109.000000
40.001858 116.331177 46111.000000
40.002186 116.331159 46113.000000
40.002517 116.331133 46115.000000
40.002848 116.331106 46117.000000
40.003180 116.331080 46119.000000
40.003511 116.331054 46121.000000
40.003841 116.331032 46123.000000
40.004164 116.331014 46125.000000
40.004486 116.330997 46127.000000
40.004807 116.330987 46129.000000
40.005124 116.330977 46131.000000
40.005439 116.330973 46133.000000
40.005753 116.330967 46135.000000
40.006074 116.330949 46137.000000
40.006400 116.330927 46139.000000
40.006738 116.330888 46141.000000
40.007078 116.330827 46143.000000
40.007425 116.330733 46145.000000
40.007760 116.330616 46147.000000
40.008090 116.330482 46149.000000
40.008422 116.330287 46151.000000
40.008750 116.330095 46153.000000
40.009060 116.329865 46155.000000
40.009352 116.329643 46157.000000
40.009655 116.329394 46159.000000
40.009961 116.329111 46161.000000
40.010246 116.328820 46163.000000
40.010510 116.328532 46165.000000
40.010766 116.328253 46167.000000
40.011027 116.327918 46169.000000
40.011288 116.327566 46171.000000
40.011551 116.327243 46173.000000
40.011800 116.326925 46175.000000
40.012046 116.326600 46177.000000
40.012274 116.326271 46179.000000
40.012517 116.325947 46181.000000
40.012745 116.325633 46183.000000
40.013006 116.325324 46185.000000
40.013249 116.325015 46187.000000
40.013491 116.324697 46189.000000
40.013752 116.324373 46191.000000
40.014040 116.324025 46193.000000
40.014307 116.323697 46195.000000
40.014565 116.323376 46197.000000
40.014824 116.323059 46199.000000
40.015070 116.322744 46201.000000
40.015304 116.322436 46203.000000
40.015516 116.322148 46205.000000
40.015703 116.321875 46207.000000
40.015897 116.321613 46209.000000
40.016101 116.321358 46211.000000
40.016301 116.321101 46213.000000
40.016529 116.320837 46215.000000
40.016758 116.320593 46217.000000
40.017013 116.320335 46219.000000
40.017293 116.320065 46221.000000
40.017609 116.319766 46223.000000
40.017919 116.319502 46225.000000
40.018240 116.319267 46227.000000
40.018562 116.319052 46229.000000
40.018891 116.318856 46231.000000
40.019234 116.318674 46233.000000
40.019591 116.318497 46235.000000
40.019940 116.318348 46237.000000
40.020280 116.318227 46239.000000
40.020627 116.318097 46241.000000
40.020933 116.317983 46243.000000
40.021219 116.317878 46245.000000
40.021487 116.317777 46247.000000
40.021776 116.317671 46249.000000
40.022066 116.317579 46251.000000
40.022349 116.317501 46253.000000
40.022630 116.317422 46255.000000
40.022913 116.317344 46257.000000
40.023217 116.317247 46259.000000
40.023518 116.317157 46261.000000
40.023831 116.317052 46263.000000
40.024142 116.316942 46265.000000
40.024471 116.316815 46267.000000
40.024802 116.316691 46269.000000
40.025099 116.316586 46271.000000
40.025388 116.316486 46273.000000
40.025674 116.316384 46275.000000
40.025951 116.316284 46277.000000
40.026241 116.316181 46279.000000
40.026540 116.316084 46281.000000
40.026824 116.315988 46283.000000
40.027104 116.315901 46285.000000
40.027385 116.315817 46287.000000
40.027662 116.315742 46289.000000
40.027928 116.315664 46291.000000
40.028188 116.315592 46293.000000
40.028427 116.315524 46295.000000
40.028656 116.315458 46297.000000
40.028880 116.315382 46299.000000
40.029103 116.315295 46301.000000
40.029339 116.315209 46303.000000
40.029566 116.315105 46305.000000
40.029785 116.315018 46307.000000
40.030004 116.314926 46309.000000
40.030208 116.314856 46311.000000
40.030399 116.314798 46313.000000
40.030594 116.314737 46315.000000
40.030764 116.314697 46317.000000
40.030907 116.314663 46319.000000
40.031035 116.314623 46321.000000
40.031149 116.314584 46323.000000
40.031249 116.314554 46325.000000
40.031346 116.314521 46327.000000
40.031435 116.314488 46329.000000
40.031519 116.314456 46331.000000
40.031593 116.314430 46333.000000
40.031658 116.314414 46335.000000
40.031726 116.314402 46337.000000
40.031791 116.314392 46339.000000
40.031849 116.314385 46341.000000
40.031894 116.314378 46343.000000
40.031934 116.314374 46345.000000
40.031962 116.314378 46347.000000
40.031981 116.314384 46349.000000
40.031986 116.314397 46351.000000
40.031986 116.314412 46353.000000
40.031979 116.314425 46355.000000
40.031978 116.314439 46357.000000
40.031986 116.314453 46359.000000
40.032000 116.314461 46361.000000
40.032015 116.314469 46363.000000
40.032025 116.314479 46365.000000
40.032027 116.314487 46367.000000
40.032024 116.314493 46369.000000
40.032022 116.314497 46371.000000
40.032021 116.314503 46373.000000
40.032023 116.314504 46375.000000
40.032027 116.314501 46377.000000
40.032038 116.314495 46379.000000
40.032057 116.314474 46381.000000
40.032084 116.314436 46383.000000
40.032118 116.314402 46385.000000
40.032152 116.314369 46387.000000
40.032204 116.314310 46389.000000
40.032277 116.314248 46391.000000
40.032388 116.314161 46393.000000
40.032530 116.314074 46395.000000
40.032714 116.313961 46397.000000
40.032943 116.313854 46399.000000
40.033214 116.313731 46401.000000
40.033569 116.313551 46403.000000
40.033897 116.313404 46405.000000
40.034280 116.313217 46407.000000
40.034638 116.312982 46409.000000
40.034978 116.312718 46411.000000
40.035280 116.312482 46413.000000
40.035603 116.312253 46415.000000
40.035915 116.312019 46417.000000
40.036218 116.311779 46419.000000
40.036488 116.311573 46421.000000
40.036769 116.311330 46423.000000
40.037048 116.311085 46425.000000
40.037311 116.310835 46427.000000
40.037554 116.310565 46429.000000
40.037802 116.310270 46431.000000
40.038054 116.309949 46433.000000
40.038285 116.309625 46435.000000
40.038515 116.309313 46437.000000
40.038748 116.309011 46439.000000
40.038979 116.308733 46441.000000
40.039214 116.308476 46443.000000
40.039466 116.308229 46445.000000
40.039737 116.308019 46447.000000
40.040024 116.307826 46449.000000
40.040330 116.307639 46451.000000
40.040665 116.307458 46453.000000
40.040998 116.307280 46455.000000
40.041325 116.307099 46457.000000
40.041643 116.306921 46459.000000
40.041953 116.306766 46461.000000
40.042244 116.306617 46463.000000
40.042544 116.306451 46465.000000
40.042846 116.306272 46467.000000
40.043155 116.306054 46469.000000
40.043469 116.305802 46471.000000
40.043778 116.305551 46473.000000
40.044091 116.305304 46475.000000
40.044417 116.305073 46477.000000
40.044742 116.304831 46479.000000
40.045059 116.304599 46481.000000
40.045369 116.304362 46483.000000
40.045669 116.304124 46485.000000
40.045960 116.303889 46487.000000
40.046251 116.303654 46489.000000
40.046552 116.303429 46491.000000
40.046857 116.303203 46493.000000
40.047154 116.302975 46495.000000
40.047447 116.302748 46497.000000
40.047739 116.302521 46499.000000
40.048027 116.302299 46501.000000
40.048304 116.302096 46503.000000
40.048552 116.301915 46505.000000
40.048782 116.301755 46507.000000
40.048981 116.301645 46509.000000
40.049166 116.301543 46511.000000
40.049340 116.301458 46513.000000
40.049500 116.301382 46515.000000
40.049632 116.301310 46517.000000
40.049750 116.301248 46519.000000
40.049851 116.301190 46521.000000
40.049940 116.301127 46523.000000
40.050034 116.301054 46525.000000
40.050125 116.300978 46527.000000
40.050215 116.300904 46529.000000
40.050303 116.300838 46531.000000
40.055331 116.298879 46619.000000
40.055581 116.298575 46621.000000
40.055857 116.298385 46623.000000
40.056194 116.298173 46625.000000
40.056570 116.297967 46627.000000
40.056932 116.297701 46629.000000
40.057289 116.297429 46631.000000
40.057635 116.297183 46633.000000
40.057989 116.296976 46635.000000
40.058348 116.296764 46637.000000
40.058690 116.296563 46639.000000
40.059024 116.296360 46641.000000
40.059366 116.296159 46643.000000
40.059697 116.295956 46645.000000
40.060033 116.295761 46647.000000
40.060353 116.295585 46649.000000
40.060670 116.295406 46651.000000
40.060973 116.295228 46653.000000
40.061262 116.295061 46655.000000
40.061557 116.294881 46657.000000
40.061845 116.294686 46659.000000
40.062123 116.294471 46661.000000
40.062372 116.294271 46663.000000
40.062625 116.294067 46665.000000
40.062877 116.293870 46667.000000
40.063126 116.293668 46669.000000
40.063363 116.293474 46671.000000
40.063596 116.293284 46673.000000
40.063826 116.293100 46675.000000
40.069561 116.311065 46787.000000
40.069371 116.311357 46789.000000
40.069528 116.311642 46791.000000
40.069707 116.311902 46793.000000
40.069768 116.312081 46795.000000
40.069822 116.312229 46797.000000
40.069859 116.312382 46799.000000
40.069879 116.312553 46801.000000
40.069908 116.312730 46803.000000
40.069923 116.312892 46805.000000
40.069930 116.313039 46807.000000
40.069929 116.313172 46809.000000
40.069921 116.313304 46811.000000
40.069904 116.313436 46813.000000
40.069883 116.313565 46815.000000
40.069851 116.313650 46817.000000
40.069827 116.313726 46819.000000
40.069810 116.313795 46821.000000
40.069796 116.313856 46823.000000
40.069808 116.313919 46825.000000
40.069812 116.313981 46827.000000
40.069808 116.314037 46829.000000
40.069814 116.314064 46831.000000
40.069825 116.314075 46833.000000
40.069839 116.314084 46835.000000
40.069865 116.314076 46837.000000
40.069885 116.314063 46839.000000
40.069901 116.314053 46841.000000
40.069932 116.314039 46843.000000
40.070063 116.313855 46845.000000
40.070177 116.313703 46847.000000
40.070278 116.313580 46849.000000
40.070360 116.313472 46851.000000
40.070438 116.313364 46853.000000
40.070486 116.313294 46855.000000
40.070466 116.313179 46857.000000
40.070465 116.313184 46859.000000
40.070449 116.313087 46861.000000
40.070407 116.313084 46863.000000
40.070319 116.313092 46865.000000
40.070235 116.313179 46867.000000
40.070176 116.313305 46869.000000
40.070108 116.313515 46871.000000
40.070016 116.313900 46873.000000
40.069978 116.314274 46875.000000
40.069882 116.314708 46877.000000
40.069858 116.315099 46879.000000
40.069779 116.315583 46881.000000
40.069650 116.316199 46883.000000
40.069617 116.316638 46885.000000
40.069597 116.317067 46887.000000
40.069581 116.317500 46889.000000
40.069544 116.317971 46891.000000
40.069537 116.318401 46893.000000
40.069526 116.318836 46895.000000
40.069512 116.319267 46897.000000
40.069500 116.319694 46899.000000
40.069498 116.320118 46901.000000
40.069497 116.320542 46903.000000
40.069509 116.320974 46905.000000
40.069516 116.321402 46907.000000
40.069528 116.321828 46909.000000
40.069543 116.322264 46911.000000
40.069547 116.322693 46913.000000
40.069552 116.323117 46915.000000
40.069558 116.323542 46917.000000
40.069565 116.323960 46919.000000
40.069555 116.324377 46921.000000
40.069492 116.324795 46923.000000
40.069424 116.325223 46925.000000
40.069387 116.325636 46927.000000
40.069360 116.326052 46929.000000
40.069346 116.326473 46931.000000
40.069347 116.326896 46933.000000
