39.984381 116.324513 11184.000000
39.984380 116.324619 11186.000000
39.984363 116.324741 11188.000000
39.984345 116.324891 11190.000000
39.984333 116.325040 11192.000000
39.984346 116.325202 11194.000000
39.984381 116.325373 11196.000000
39.984375 116.325557 11198.000000
39.984318 116.325806 11200.000000
39.984433 116.326076 11202.000000
39.984449 116.326250 11204.000000
39.984478 116.326409 11206.000000
39.984493 116.326532 11208.000000
39.984489 116.326624 11210.000000
39.984474 116.326668 11212.000000
39.984449 116.326685 11214.000000
39.984424 116.326688 11216.000000
39.984409 116.326687 11218.000000
39.984392 116.326695 11220.000000
39.984382 116.326706 11222.000000
39.984373 116.326716 11224.000000
39.984367 116.326722 11226.000000
39.984365 116.326723 11228.000000
39.984368 116.326722 11230.000000
39.984376 116.326718 11232.000000
39.984379 116.326721 11234.000000
39.984378 116.326723 11236.000000
39.984394 116.326720 11238.000000
39.984398 116.326716 11240.000000
39.984397 116.326719 11242.000000
39.984393 116.326720 11244.000000
39.984381 116.326718 11246.000000
39.984367 116.326719 11248.000000
39.984355 116.326725 11250.000000
39.984344 116.326729 11252.000000
39.984333 116.326736 11254.000000
39.984329 116.326745 11256.000000
39.984330 116.326749 11258.000000
39.984333 116.326749 11260.000000
39.984340 116.326748 11262.000000
39.984345 116.326747 11264.000000
39.984348 116.326747 11266.000000
39.984354 116.326748 11268.000000
39.984363 116.326753 11270.000000
39.984374 116.326757 11272.000000
39.984380 116.326760 11274.000000
39.984383 116.326759 11276.000000
39.984382 116.326754 11278.000000
39.984377 116.326746 11280.000000
39.984372 116.326740 11282.000000
39.984369 116.326738 11284.000000
39.984372 116.326739 11286.000000
39.984372 116.326740 11288.000000
39.984371 116.326744 11290.000000
39.984369 116.326748 11292.000000
39.984363 116.326745 11294.000000
39.984359 116.326746 11296.000000
39.984358 116.326755 11298.000000
39.984358 116.326771 11300.000000
39.984371 116.326822 11302.000000
39.984388 116.326900 11304.000000
39.984375 116.326981 11306.000000
39.984381 116.327099 11308.000000
39.984398 116.327232 11310.000000
39.984431 116.327419 11312.000000
39.984487 116.327650 11314.000000
39.984487 116.327927 11316.000000
39.984529 116.328242 11318.000000
39.984549 116.328533 11320.000000
39.984595 116.328881 11322.000000
39.984595 116.329266 11324.000000
39.984602 116.329645 11326.000000
39.984613 116.330046 11328.000000
39.984625 116.330453 11330.000000
39.984640 116.330850 11332.000000
39.984656 116.331244 11334.000000
39.984689 116.331647 11336.000000
39.984722 116.332056 11338.000000
39.984746 116.332458 11340.000000
39.984778 116.332845 11342.000000
39.984797 116.333243 11344.000000
39.984805 116.333629 11346.000000
39.984813 116.334007 11348.000000
39.984820 116.334385 11350.000000
39.984831 116.334761 11352.000000
39.984843 116.335169 11354.000000
39.984866 116.335596 11356.000000
39.984892 116.335997 11358.000000
39.984885 116.336386 11360.000000
39.984886 116.336709 11362.000000
39.984910 116.337028 11364.000000
39.984922 116.337322 11366.000000
39.984955 116.337615 11368.000000
39.984973 116.337874 11370.000000
39.984996 116.338124 11372.000000
39.985019 116.338370 11374.000000
39.985021 116.338598 11376.000000
39.985015 116.338771 11378.000000
39.985009 116.338915 11380.000000
39.984985 116.338998 11382.000000
39.984981 116.339034 11384.000000
39.984985 116.339037 11386.000000
39.985013 116.339051 11388.000000
39.985013 116.339047 11390.000000
39.985018 116.339087 11392.000000
39.985018 116.339154 11394.000000
39.984996 116.339214 11396.000000
39.985043 116.339128 11398.000000
39.985009 116.339123 11400.000000
39.985009 116.339137 11402.000000
39.985024 116.339138 11404.000000
39.985040 116.339180 11406.000000
39.985056 116.339243 11408.000000
39.985084 116.339322 11410.000000
39.985103 116.339421 11412.000000
39.985120 116.339542 11414.000000
39.985132 116.339694 11416.000000
39.985134 116.339855 11418.000000
39.985127 116.340019 11420.000000
39.985119 116.340194 11422.000000
39.985115 116.340394 11424.000000
39.985115 116.340634 11426.000000
39.985149 116.340897 11428.000000
39.985151 116.341182 11430.000000
39.985153 116.341452 11432.000000
39.985146 116.341719 11434.000000
39.985128 116.341971 11436.000000
39.985102 116.342191 11438.000000
39.985059 116.342361 11440.000000
39.985044 116.342462 11442.000000
39.985046 116.342513 11444.000000
39.985060 116.342562 11446.000000
39.985096 116.342623 11448.000000
39.985133 116.342693 11450.000000
39.985174 116.342789 11452.000000
39.985220 116.342928 11454.000000
39.985254 116.343114 11456.000000
39.985290 116.343313 11458.000000
39.985309 116.343529 11460.000000
39.985326 116.343755 11462.000000
39.985347 116.344010 11464.000000
39.985368 116.344286 11466.000000
39.985374 116.344568 11468.000000
39.985388 116.344851 11470.000000
39.985406 116.345132 11472.000000
39.985419 116.345395 11474.000000
39.985413 116.345629 11476.000000
39.985365 116.345838 11478.000000
39.985265 116.346004 11480.000000
39.985143 116.346140 11482.000000
39.985050 116.346227 11484.000000
39.984986 116.346265 11486.000000
39.984962 116.346243 11488.000000
39.984974 116.346183 11490.000000
39.984984 116.346134 11492.000000
39.985008 116.346093 11494.000000
39.985014 116.346088 11496.000000
39.985019 116.346078 11498.000000
39.985020 116.346068 11500.000000
39.985020 116.346062 11502.000000
39.985026 116.346060 11504.000000
39.985037 116.346064 11506.000000
39.985044 116.346061 11508.000000
39.985047 116.346054 11510.000000
39.985048 116.346041 11512.000000
39.985049 116.346036 11514.000000
39.985051 116.346040 11516.000000
39.985053 116.346043 11518.000000
39.985110 116.345939 11520.000000
39.985114 116.345936 11522.000000
39.985127 116.345931 11524.000000
39.985136 116.345928 11526.000000
39.985145 116.345925 11528.000000
39.985152 116.345918 11530.000000
39.985157 116.345909 11532.000000
39.985162 116.345898 11534.000000
39.985170 116.345884 11536.000000
39.985174 116.345871 11538.000000
39.985174 116.345861 11540.000000
39.985172 116.345854 11542.000000
39.985169 116.345848 11544.000000
39.985166 116.345844 11546.000000
39.985163 116.345838 11548.000000
39.985159 116.345832 11550.000000
39.985157 116.345824 11552.000000
39.985157 116.345816 11554.000000
39.985160 116.345810 11556.000000
39.985163 116.345805 11558.000000
39.985165 116.345799 11560.000000
39.985165 116.345792 11562.000000
39.985162 116.345788 11564.000000
39.985161 116.345783 11566.000000
39.985163 116.345777 11568.000000
39.985167 116.345772 11570.000000
39.985171 116.345767 11572.000000
39.985176 116.345761 11574.000000
39.985183 116.345754 11576.000000
39.985189 116.345749 11578.000000
39.985195 116.345743 11580.000000
39.985200 116.345736 11582.000000
39.985206 116.345727 11584.000000
39.985214 116.345720 11586.000000
39.985222 116.345717 11588.000000
39.985230 116.345713 11590.000000
39.985237 116.345706 11592.000000
39.985240 116.345695 11594.000000
39.985241 116.345682 11596.000000
39.985241 116.345671 11598.000000
39.985243 116.345664 11600.000000
39.985245 116.345659 11602.000000
39.985246 116.345655 11604.000000
39.985246 116.345651 11606.000000
39.985244 116.345644 11608.000000
39.985242 116.345643 11610.000000
39.985243 116.345655 11612.000000
39.985255 116.345694 11614.000000
39.985277 116.345790 11616.000000
39.985301 116.345905 11618.000000
39.985319 116.346060 11620.000000
39.985324 116.346210 11622.000000
39.985336 116.346354 11624.000000
39.985354 116.346492 11626.000000
39.985365 116.346626 11628.000000
39.985362 116.346767 11630.000000
39.985363 116.346920 11632.000000
39.985366 116.347090 11634.000000
39.985372 116.347274 11636.000000
39.985378 116.347461 11638.000000
39.985379 116.347675 11640.000000
39.985376 116.347910 11642.000000
39.985364 116.348178 11644.000000
39.985360 116.348472 11646.000000
39.985359 116.348793 11648.000000
39.985350 116.349143 11650.000000
39.985358 116.349504 11652.000000
39.985366 116.349853 11654.000000
39.985362 116.350160 11656.000000
39.985352 116.350412 11658.000000
39.985333 116.350596 11660.000000
39.985313 116.350740 11662.000000
39.985300 116.350839 11664.000000
39.985264 116.350915 11666.000000
39.985235 116.350942 11668.000000
39.985227 116.350956 11670.000000
39.985247 116.350978 11672.000000
39.985291 116.351035 11674.000000
39.985337 116.351150 11676.000000
39.985367 116.351283 11678.000000
39.985389 116.351445 11680.000000
39.985400 116.351609 11682.000000
39.985414 116.351776 11684.000000
39.985433 116.351967 11686.000000
39.985469 116.352175 11688.000000
39.985521 116.352422 11690.000000
39.985561 116.352717 11692.000000
39.985588 116.353026 11694.000000
39.985609 116.353375 11696.000000
39.985623 116.353737 11698.000000
39.985618 116.354125 11700.000000
39.985615 116.354544 11702.000000
39.985623 116.354956 11704.000000
39.985634 116.355357 11706.000000
39.985621 116.355751 11708.000000
39.985622 116.356128 11710.000000
39.985631 116.356510 11712.000000
39.985616 116.356904 11714.000000
39.985612 116.357313 11716.000000
39.985602 116.357737 11718.000000
39.985614 116.358164 11720.000000
39.985619 116.358577 11722.000000
39.985607 116.358977 11724.000000
39.985617 116.359365 11726.000000
39.985649 116.359754 11728.000000
39.985670 116.360153 11730.000000
39.985665 116.360531 11732.000000
39.985653 116.360875 11734.000000
39.985617 116.361178 11736.000000
39.985538 116.361423 11738.000000
39.985442 116.361636 11740.000000
39.985352 116.361784 11742.000000
39.985248 116.361901 11744.000000
39.985180 116.361971 11746.000000
39.985131 116.362025 11748.000000
39.985096 116.362025 11750.000000
39.985130 116.361980 11752.000000
39.985135 116.361945 11754.000000
39.985132 116.361937 11756.000000
39.985128 116.361925 11758.000000
39.985136 116.361917 11760.000000
39.985193 116.361939 11762.000000
39.985294 116.361975 11764.000000
39.985352 116.362053 11766.000000
39.985433 116.362150 11768.000000
39.985454 116.362274 11770.000000
39.985509 116.362397 11772.000000
39.985559 116.362491 11774.000000
39.985602 116.362559 11776.000000
39.985647 116.362595 11778.000000
39.985696 116.362591 11780.000000
39.985739 116.362615 11782.000000
39.985750 116.362658 11784.000000
39.985758 116.362691 11786.000000
39.985769 116.362735 11788.000000
39.985774 116.362777 11790.000000
39.985762 116.362797 11792.000000
39.985760 116.362823 11794.000000
39.985746 116.362836 11796.000000
39.985741 116.362844 11798.000000
39.985753 116.362830 11800.000000
39.985762 116.362805 11802.000000
39.985765 116.362801 11804.000000
39.985769 116.362799 11806.000000
39.985770 116.362790 11808.000000
39.985772 116.362780 11810.000000
39.985767 116.362776 11812.000000
39.985764 116.362775 11814.000000
39.985763 116.362767 11816.000000
39.985759 116.362765 11818.000000
39.985759 116.362758 11820.000000
39.985764 116.362732 11822.000000
39.985771 116.362701 11824.000000
39.985789 116.362684 11826.000000
39.985791 116.362677 11828.000000
39.985780 116.362673 11830.000000
39.985783 116.362672 11832.000000
39.985789 116.362672 11834.000000
39.985795 116.362679 11836.000000
39.985808 116.362683 11838.000000
39.985830 116.362669 11840.000000
39.985847 116.362656 11842.000000
39.985859 116.362649 11844.000000
39.985863 116.362642 11846.000000
39.985870 116.362632 11848.000000
39.985862 116.362625 11850.000000
39.985845 116.362615 11852.000000
39.985830 116.362641 11854.000000
39.985815 116.362681 11856.000000
39.985820 116.362791 11858.000000
39.985812 116.362973 11860.000000
39.985813 116.363157 11862.000000
39.985804 116.363359 11864.000000
39.985806 116.363590 11866.000000
39.985803 116.363829 11868.000000
39.985799 116.364107 11870.000000
39.985812 116.364374 11872.000000
39.985827 116.364631 11874.000000
39.985826 116.364888 11876.000000
39.985825 116.365157 11878.000000
39.985825 116.365455 11880.000000
39.985831 116.365746 11882.000000
39.985836 116.366044 11884.000000
39.985837 116.366331 11886.000000
39.985826 116.366596 11888.000000
39.985807 116.366857 11890.000000
39.985791 116.367146 11892.000000
39.985782 116.367447 11894.000000
39.985774 116.367746 11896.000000
39.985751 116.368054 11898.000000
39.985743 116.368366 11900.000000
39.985733 116.368663 11902.000000
39.985712 116.368922 11904.000000
39.985683 116.369136 11906.000000
39.985653 116.369304 11908.000000
39.985643 116.369407 11910.000000
39.985663 116.369421 11912.000000
39.985693 116.369411 11914.000000
39.985718 116.369407 11916.000000
39.985739 116.369420 11918.000000
39.985764 116.369450 11920.000000
39.985774 116.369510 11922.000000
39.985779 116.369598 11924.000000
39.985791 116.369697 11926.000000
39.985811 116.369831 11928.000000
39.985838 116.369979 11930.000000
39.985853 116.370122 11932.000000
39.985847 116.370258 11934.000000
39.985818 116.370396 11936.000000
39.985785 116.370550 11938.000000
39.985750 116.370711 11940.000000
39.985700 116.370876 11942.000000
39.985662 116.371043 11944.000000
39.985667 116.371198 11946.000000
39.985697 116.371330 11948.000000
39.985709 116.371523 11950.000000
39.985726 116.371773 11952.000000
39.985737 116.372038 11954.000000
39.985758 116.372328 11956.000000
39.985787 116.372632 11958.000000
39.985855 116.372974 11960.000000
39.985911 116.373330 11962.000000
39.985895 116.373648 11964.000000
39.985851 116.373947 11966.000000
39.985782 116.374220 11968.000000
39.985739 116.374483 11970.000000
39.985759 116.374754 11972.000000
39.985800 116.375023 11974.000000
39.985827 116.375229 11976.000000
39.985834 116.375388 11978.000000
39.985868 116.375525 11980.000000
39.985905 116.375698 11982.000000
39.985914 116.375840 11984.000000
39.985912 116.376027 11986.000000
39.985937 116.376259 11988.000000
39.985971 116.376544 11990.000000
39.986006 116.376848 11992.000000
39.986024 116.377114 11994.000000
39.986011 116.377300 11996.000000
39.985977 116.377376 11998.000000
39.985915 116.377394 12000.000000
39.985874 116.377378 12002.000000
39.985824 116.377366 12004.000000
39.985794 116.377352 12006.000000
39.985806 116.377338 12008.000000
39.985814 116.377324 12010.000000
39.985806 116.377308 12012.000000
39.985821 116.377297 12014.000000
39.985842 116.377308 12016.000000
39.985859 116.377348 12018.000000
39.985857 116.377432 12020.000000
39.985867 116.377560 12022.000000
39.985871 116.377689 12024.000000
39.985880 116.377809 12026.000000
39.985892 116.377931 12028.000000
39.985906 116.378072 12030.000000
39.985914 116.378227 12032.000000
39.985940 116.378411 12034.000000
39.986019 116.378650 12036.000000
39.986029 116.378854 12038.000000
39.986042 116.379036 12040.000000
39.986093 116.379218 12042.000000
39.986097 116.379420 12044.000000
39.986045 116.379665 12046.000000
39.986072 116.379904 12048.000000
39.986095 116.380156 12050.000000
39.986120 116.380406 12052.000000
39.986132 116.380628 12054.000000
39.986156 116.380785 12056.000000
39.986166 116.380891 12058.000000
39.986172 116.380970 12060.000000
39.986182 116.381011 12062.000000
39.986211 116.381017 12064.000000
39.986225 116.381031 12066.000000
39.986225 116.381042 12068.000000
39.986215 116.381058 12070.000000
39.986211 116.381063 12072.000000
39.986214 116.381061 12074.000000
39.986217 116.381070 12076.000000
39.986224 116.381082 12078.000000
39.986231 116.381086 12080.000000
39.986241 116.381084 12082.000000
39.986250 116.381083 12084.000000
39.986261 116.381076 12086.000000
39.986276 116.381070 12088.000000
39.986296 116.381035 12090.000000
39.986305 116.381007 12092.000000
39.986300 116.380988 12094.000000
39.986306 116.380971 12096.000000
39.986293 116.380994 12098.000000
39.986292 116.381021 12100.000000
39.986287 116.381061 12102.000000
39.986278 116.381114 12104.000000
39.986275 116.381165 12106.000000
39.986275 116.381223 12108.000000
39.986277 116.381290 12110.000000
39.986337 116.381313 12112.000000
39.986377 116.381334 12114.000000
39.986384 116.381364 12116.000000
39.986395 116.381391 12118.000000
39.986392 116.381439 12120.000000
39.986384 116.381500 12122.000000
39.986375 116.381567 12124.000000
39.986374 116.381642 12126.000000
39.986382 116.381718 12128.000000
39.986403 116.381791 12130.000000
39.986422 116.381850 12132.000000
39.986431 116.381902 12134.000000
39.986436 116.381958 12136.000000
39.986421 116.382016 12138.000000
39.986391 116.382075 12140.000000
39.986382 116.382123 12142.000000
39.986391 116.382166 12144.000000
39.986408 116.382200 12146.000000
39.986404 116.382234 12148.000000
39.986402 116.382257 12150.000000
39.986399 116.382278 12152.000000
39.986395 116.382305 12154.000000
39.986380 116.382316 12156.000000
39.986355 116.382307 12158.000000
39.986329 116.382282 12160.000000
39.986319 116.382273 12162.000000
39.986318 116.382247 12164.000000
39.986304 116.382238 12166.000000
39.986289 116.382252 12168.000000
39.986276 116.382271 12170.000000
39.986270 116.382279 12172.000000
39.986267 116.382277 12174.000000
39.986265 116.382279 12176.000000
39.986265 116.382285 12178.000000
39.986274 116.382296 12180.000000
39.986277 116.382299 12182.000000
39.986281 116.382298 12184.000000
39.986290 116.382300 12186.000000
39.986287 116.382307 12188.000000
39.986298 116.382305 12190.000000
39.986301 116.382306 12192.000000
39.986302 116.382310 12194.000000
39.986298 116.382321 12196.000000
39.986293 116.382333 12198.000000
39.986297 116.382340 12200.000000
39.986302 116.382342 12202.000000
39.986311 116.382343 12204.000000
39.986308 116.382347 12206.000000
39.986315 116.382347 12208.000000
39.986319 116.382347 12210.000000
39.986311 116.382352 12212.000000
39.986316 116.382350 12214.000000
39.986315 116.382348 12216.000000
39.986317 116.382343 12218.000000
39.986327 116.382335 12220.000000
39.986337 116.382321 12222.000000
39.986347 116.382309 12224.000000
39.986351 116.382295 12226.000000
39.986355 116.382281 12228.000000
39.986354 116.382273 12230.000000
39.986348 116.382271 12232.000000
39.986342 116.382275 12234.000000
39.986332 116.382291 12236.000000
39.986340 116.382318 12238.000000
39.986353 116.382355 12240.000000
39.986347 116.382413 12242.000000
39.986362 116.382492 12244.000000
39.986376 116.382575 12246.000000
39.986388 116.382661 12248.000000
39.986391 116.382754 12250.000000
39.986400 116.382852 12252.000000
39.986404 116.382952 12254.000000
39.986427 116.383037 12256.000000
39.986453 116.383123 12258.000000
39.986483 116.383211 12260.000000
39.986493 116.383311 12262.000000
39.986494 116.383409 12264.000000
39.986492 116.383517 12266.000000
39.986478 116.383725 12268.000000
39.986456 116.384042 12270.000000
39.986448 116.384334 12272.000000
39.986427 116.384644 12274.000000
39.986425 116.384869 12276.000000
39.986405 116.385278 12278.000000
39.986404 116.385617 12280.000000
39.986420 116.385911 12282.000000
39.986433 116.386230 12284.000000
39.986444 116.386538 12286.000000
39.986455 116.386839 12288.000000
39.986468 116.387145 12290.000000
39.986481 116.387451 12292.000000
39.986555 116.388906 12300.000000
39.986559 116.389204 12302.000000
39.986613 116.389329 12304.000000
39.986634 116.389654 12306.000000
39.986617 116.390094 12308.000000
39.986622 116.390555 12310.000000
39.986629 116.390996 12312.000000
39.986625 116.391421 12314.000000
39.986631 116.391789 12316.000000
39.986627 116.392204 12318.000000
39.986522 116.392804 12320.000000
39.986552 116.393157 12322.000000
39.986558 116.393401 12324.000000
39.986566 116.393612 12326.000000
39.986580 116.393815 12328.000000
39.986579 116.393999 12330.000000
39.986577 116.394162 12332.000000
39.986583 116.394314 12334.000000
39.986596 116.394456 12336.000000
39.986600 116.394585 12338.000000
39.986604 116.394720 12340.000000
39.986599 116.394856 12342.000000
39.986620 116.394978 12344.000000
39.986631 116.395105 12346.000000
39.986637 116.395230 12348.000000
39.986646 116.395364 12350.000000
39.986657 116.395498 12352.000000
39.986666 116.395605 12354.000000
39.986673 116.395705 12356.000000
39.986662 116.395780 12358.000000
39.986659 116.395834 12360.000000
39.986667 116.395871 12362.000000
39.986639 116.395897 12364.000000
39.986633 116.395931 12366.000000
39.986631 116.395963 12368.000000
39.986627 116.396009 12370.000000
39.986628 116.396056 12372.000000
39.986633 116.396094 12374.000000
39.986633 116.396127 12376.000000
39.986632 116.396173 12378.000000
39.986637 116.396215 12380.000000
39.986635 116.396234 12382.000000
39.986631 116.396240 12384.000000
39.986624 116.396242 12386.000000
39.986615 116.396246 12388.000000
39.986618 116.396253 12390.000000
39.986619 116.396265 12392.000000
39.986618 116.396287 12394.000000
39.986615 116.396315 12396.000000
39.986611 116.396334 12398.000000
39.986602 116.396338 12400.000000
39.986592 116.396339 12402.000000
39.986599 116.396337 12404.000000
39.986602 116.396333 12406.000000
39.986604 116.396330 12408.000000
39.986605 116.396329 12410.000000
39.986605 116.396326 12412.000000
39.986605 116.396321 12414.000000
39.986605 116.396317 12416.000000
39.986606 116.396316 12418.000000
39.986609 116.396314 12420.000000
39.986613 116.396312 12422.000000
39.986616 116.396307 12424.000000
39.986618 116.396302 12426.000000
39.986619 116.396297 12428.000000
39.986621 116.396295 12430.000000
39.986621 116.396296 12432.000000
39.986620 116.396300 12434.000000
39.986620 116.396305 12436.000000
39.986615 116.396343 12438.000000
39.986610 116.396410 12440.000000
39.986597 116.396500 12442.000000
39.986577 116.396620 12444.000000
39.986572 116.396769 12446.000000
39.986573 116.396938 12448.000000
39.986582 116.397145 12450.000000
39.986607 116.397369 12452.000000
39.986613 116.397597 12454.000000
39.986625 116.397823 12456.000000
39.986645 116.398041 12458.000000
39.986661 116.398264 12460.000000
39.986671 116.398507 12462.000000
39.986692 116.398760 12464.000000
39.986706 116.399017 12466.000000
39.986718 116.399274 12468.000000
39.986740 116.399545 12470.000000
39.986747 116.399826 12472.000000
39.986754 116.400101 12474.000000
39.986754 116.400390 12476.000000
39.986757 116.400690 12478.000000
39.986751 116.401011 12480.000000
39.986755 116.401326 12482.000000
39.986778 116.401653 12484.000000
39.986809 116.402024 12486.000000
39.986828 116.402375 12488.000000
39.986856 116.402745 12490.000000
39.986867 116.403069 12492.000000
39.986867 116.403377 12494.000000
39.986875 116.403686 12496.000000
39.986874 116.404013 12498.000000
39.986878 116.404377 12500.000000
39.986883 116.404773 12502.000000
39.986900 116.405167 12504.000000
39.986915 116.405581 12506.000000
39.986933 116.405993 12508.000000
39.986934 116.406371 12510.000000
39.986950 116.406721 12512.000000
39.986966 116.407052 12514.000000
39.986979 116.407368 12516.000000
39.986998 116.407645 12518.000000
39.987033 116.407875 12520.000000
39.987076 116.408040 12522.000000
39.987120 116.408145 12524.000000
39.987134 116.408217 12526.000000
39.987120 116.408214 12528.000000
39.987096 116.408208 12530.000000
39.987099 116.408212 12532.000000
39.987105 116.408230 12534.000000
39.987109 116.408249 12536.000000
39.987113 116.408265 12538.000000
39.987110 116.408281 12540.000000
39.987109 116.408284 12542.000000
39.987108 116.408288 12544.000000
39.987093 116.408271 12546.000000
39.987104 116.408263 12548.000000
39.987145 116.408264 12550.000000
39.987165 116.408239 12552.000000
39.987129 116.408197 12554.000000
39.987101 116.408167 12556.000000
39.987062 116.408141 12558.000000
39.987021 116.408119 12560.000000
39.986988 116.408105 12562.000000
39.986961 116.408101 12564.000000
39.986964 116.408138 12566.000000
39.986968 116.408200 12568.000000
39.986963 116.408279 12570.000000
39.986958 116.408358 12572.000000
39.986960 116.408445 12574.000000
39.986959 116.408541 12576.000000
39.986955 116.408634 12578.000000
39.986957 116.408713 12580.000000
39.986960 116.408786 12582.000000
39.986962 116.408855 12584.000000
39.986959 116.408931 12586.000000
39.986973 116.409001 12588.000000
39.987013 116.409070 12590.000000
39.987008 116.409180 12592.000000
39.987027 116.409293 12594.000000
39.987089 116.409399 12596.000000
39.987167 116.409537 12598.000000
39.987161 116.409728 12600.000000
39.987158 116.409916 12602.000000
39.987145 116.410118 12604.000000
39.987123 116.410340 12606.000000
39.987109 116.410584 12608.000000
39.987113 116.410852 12610.000000
39.987113 116.411168 12612.000000
39.987111 116.411480 12614.000000
39.987109 116.411802 12616.000000
39.987108 116.412125 12618.000000
39.987107 116.412455 12620.000000
39.987175 116.413043 12622.000000
39.987240 116.413478 12624.000000
39.987268 116.413775 12626.000000
39.987279 116.414052 12628.000000
39.987278 116.414348 12630.000000
39.987285 116.414609 12632.000000
39.987279 116.414852 12634.000000
39.987292 116.415038 12636.000000
39.987299 116.415192 12638.000000
39.987296 116.415255 12640.000000
39.987275 116.415248 12642.000000
39.987243 116.415229 12644.000000
39.987222 116.415195 12646.000000
39.987220 116.415193 12648.000000
39.987223 116.415189 12650.000000
39.987228 116.415189 12652.000000
39.987221 116.415181 12654.000000
39.987190 116.415180 12656.000000
39.987157 116.415198 12658.000000
39.987122 116.415247 12660.000000
39.987146 116.415364 12662.000000
39.987161 116.415493 12664.000000
39.987184 116.415643 12666.000000
39.987224 116.415844 12668.000000
39.987255 116.416053 12670.000000
39.987283 116.416316 12672.000000
39.987297 116.416608 12674.000000
39.987317 116.416901 12676.000000
39.987344 116.417179 12678.000000
39.987383 116.417420 12680.000000
39.987480 116.417565 12682.000000
39.987563 116.417693 12684.000000
39.987630 116.417798 12686.000000
39.987682 116.417886 12688.000000
39.987700 116.417947 12690.000000
39.987719 116.417991 12692.000000
39.987652 116.418309 12780.000000
39.987712 116.418390 12782.000000
39.987756 116.418502 12784.000000
39.987744 116.418575 12786.000000
39.987714 116.418601 12788.000000
39.987588 116.418661 12790.000000
39.987586 116.418681 12792.000000
39.987582 116.418697 12794.000000
39.987576 116.418708 12796.000000
39.987573 116.418724 12798.000000
39.987474 116.418864 12800.000000
39.987422 116.419042 12802.000000
39.987394 116.419228 12804.000000
39.987376 116.419391 12806.000000
39.987364 116.419600 12808.000000
39.987371 116.419812 12810.000000
39.987374 116.420072 12812.000000
39.987374 116.420329 12814.000000
39.987372 116.420611 12816.000000
39.987385 116.420913 12818.000000
39.987397 116.421242 12820.000000
39.987399 116.421609 12822.000000
39.987422 116.421984 12824.000000
39.987451 116.422363 12826.000000
39.987461 116.422734 12828.000000
39.987469 116.423084 12830.000000
39.987457 116.423380 12832.000000
39.987442 116.423588 12834.000000
39.987417 116.423691 12836.000000
39.987405 116.423772 12838.000000
39.987410 116.423857 12840.000000
39.987414 116.423944 12842.000000
39.987420 116.424056 12844.000000
39.987424 116.424187 12846.000000
39.987440 116.424375 12848.000000
39.987449 116.424619 12850.000000
39.987483 116.424862 12852.000000
39.987499 116.425112 12854.000000
39.987509 116.425375 12856.000000
39.987518 116.425700 12858.000000
39.987522 116.426045 12860.000000
39.987526 116.426360 12862.000000
39.987524 116.426684 12864.000000
39.987520 116.427030 12866.000000
39.987526 116.427404 12868.000000
39.987541 116.427785 12870.000000
39.987557 116.428163 12872.000000
39.987581 116.428553 12874.000000
39.987589 116.428975 12876.000000
39.987609 116.429404 12878.000000
39.987599 116.429815 12880.000000
39.987577 116.430213 12882.000000
39.987542 116.430562 12884.000000
39.987506 116.430805 12886.000000
39.987459 116.430941 12888.000000
39.987414 116.431027 12890.000000
39.987400 116.431074 12892.000000
39.987383 116.431086 12894.000000
39.987380 116.431086 12896.000000
39.987380 116.431087 12898.000000
39.987380 116.431085 12900.000000
39.987380 116.431084 12902.000000
39.987380 116.431084 12904.000000
39.987380 116.431083 12906.000000
39.987380 116.431082 12908.000000
39.987380 116.431099 12910.000000
39.987369 116.431186 12912.000000
39.987362 116.431308 12914.000000
39.987344 116.431457 12916.000000
39.987311 116.431612 12918.000000
39.987280 116.431782 12920.000000
39.987227 116.431965 12922.000000
39.987167 116.432177 12924.000000
39.987091 116.432408 12926.000000
39.986981 116.432651 12928.000000
39.986857 116.432899 12930.000000
39.986705 116.433163 12932.000000
39.986529 116.433437 12934.000000
39.986340 116.433708 12936.000000
39.986149 116.433973 12938.000000
39.985953 116.434244 12940.000000
39.985727 116.434466 12942.000000
39.985499 116.434636 12944.000000
39.985286 116.434767 12946.000000
39.985118 116.434867 12948.000000
39.984985 116.434970 12950.000000
39.984872 116.435102 12952.000000
39.984785 116.435276 12954.000000
39.984700 116.435471 12956.000000
39.984623 116.435680 12958.000000
39.984526 116.435914 12960.000000
39.984444 116.436183 12962.000000
39.984361 116.436437 12964.000000
39.984329 116.436641 12966.000000
39.984293 116.436878 12968.000000
39.984290 116.437109 12970.000000
39.984879 116.438410 12980.000000
39.984860 116.438647 12982.000000
39.984821 116.438953 12984.000000
39.984760 116.439305 12986.000000
39.984677 116.439634 12988.000000
39.984579 116.439984 12990.000000
39.984451 116.440330 12992.000000
39.984301 116.440662 12994.000000
39.984153 116.440980 12996.000000
39.984029 116.441254 12998.000000
39.983920 116.441491 13000.000000
39.983835 116.441689 13002.000000
39.983753 116.441820 13004.000000
39.983656 116.441917 13006.000000
39.983567 116.442021 13008.000000
39.983505 116.442136 13010.000000
39.983438 116.442252 13012.000000
39.983370 116.442374 13014.000000
39.983295 116.442519 13016.000000
39.983185 116.442684 13018.000000
39.983069 116.442886 13020.000000
39.982931 116.443126 13022.000000
39.982781 116.443367 13024.000000
39.982607 116.443632 13026.000000
39.982424 116.443917 13028.000000
39.982238 116.444205 13030.000000
39.982073 116.444478 13032.000000
39.981895 116.444770 13034.000000
39.981701 116.445073 13036.000000
39.981514 116.445370 13038.000000
39.981338 116.445648 13040.000000
39.981161 116.445894 13042.000000
39.980989 116.446102 13044.000000
39.980846 116.446260 13046.000000
39.980773 116.446343 13048.000000
39.980767 116.446343 13050.000000
39.980785 116.446321 13052.000000
39.980816 116.446287 13054.000000
39.980817 116.446287 13056.000000
39.980816 116.446296 13058.000000
39.980805 116.446336 13060.000000
39.980794 116.446391 13062.000000
39.980735 116.446513 13064.000000
39.980640 116.446667 13066.000000
39.980539 116.446840 13068.000000
39.980430 116.447028 13070.000000
39.980303 116.447250 13072.000000
39.980172 116.447469 13074.000000
39.980035 116.447687 13076.000000
39.979892 116.447924 13078.000000
39.979739 116.448180 13080.000000
39.979598 116.448406 13082.000000
39.979486 116.448594 13084.000000
39.979406 116.448760 13086.000000
39.979360 116.448918 13088.000000
39.979377 116.449062 13090.000000
39.979434 116.449195 13092.000000
39.979566 116.449288 13094.000000
39.979771 116.449339 13096.000000
39.979963 116.449405 13098.000000
39.980161 116.449476 13100.000000
39.980378 116.449623 13102.000000
39.980609 116.449775 13104.000000
39.980841 116.449928 13106.000000
39.981097 116.450111 13108.000000
39.981347 116.450276 13110.000000
39.981590 116.450438 13112.000000
39.981832 116.450596 13114.000000
39.982086 116.450747 13116.000000
39.982366 116.450883 13118.000000
39.982603 116.450938 13120.000000
39.982840 116.450969 13122.000000
39.983109 116.450979 13124.000000
39.983385 116.450981 13126.000000
39.983672 116.450984 13128.000000
39.983978 116.450958 13130.000000
39.984268 116.450939 13132.000000
39.984594 116.450917 13134.000000
39.984867 116.450912 13136.000000
39.985112 116.450896 13138.000000
39.985304 116.450902 13140.000000
39.985476 116.450911 13142.000000
39.985661 116.450916 13144.000000
39.985861 116.450907 13146.000000
39.986033 116.450887 13148.000000
39.986198 116.450890 13150.000000
39.986354 116.450896 13152.000000
39.986504 116.450901 13154.000000
39.986657 116.450899 13156.000000
39.986803 116.450897 13158.000000
39.986977 116.450899 13160.000000
39.987087 116.450903 13162.000000
39.987155 116.450914 13164.000000
39.987200 116.450940 13166.000000
39.987235 116.450956 13168.000000
39.987292 116.450954 13170.000000
39.987308 116.450942 13172.000000
39.987323 116.450945 13174.000000
39.987332 116.450952 13176.000000
39.987336 116.450961 13178.000000
39.987336 116.450965 13180.000000
39.987333 116.450968 13182.000000
39.987332 116.450971 13184.000000
39.987332 116.450973 13186.000000
39.987339 116.450976 13188.000000
39.987390 116.450988 13190.000000
39.987440 116.451007 13192.000000
39.987481 116.451038 13194.000000
39.987543 116.451071 13196.000000
39.987588 116.451119 13198.000000
39.987613 116.451164 13200.000000
39.987631 116.451180 13202.000000
39.987653 116.451188 13204.000000
39.987674 116.451179 13206.000000
39.987682 116.451180 13208.000000
39.987686 116.451182 13210.000000
39.987695 116.451192 13212.000000
39.987708 116.451226 13214.000000
39.987711 116.451283 13216.000000
39.987715 116.451330 13218.000000
39.987718 116.451366 13220.000000
39.987717 116.451379 13222.000000
39.987700 116.451397 13224.000000
39.987697 116.451397 13226.000000
39.987694 116.451395 13228.000000
39.987692 116.451393 13230.000000
39.987689 116.451392 13232.000000
39.987688 116.451391 13234.000000
39.987690 116.451393 13236.000000
39.987692 116.451395 13238.000000
39.987687 116.451456 13240.000000
39.987691 116.451534 13242.000000
39.987717 116.451636 13244.000000
39.987735 116.451650 13246.000000
39.987733 116.451608 13248.000000
39.987740 116.451579 13250.000000
39.987744 116.451578 13252.000000
39.987747 116.451580 13254.000000
39.987750 116.451583 13256.000000
39.987744 116.451640 13258.000000
39.987740 116.451725 13260.000000
39.987719 116.451878 13262.000000
39.987658 116.452066 13264.000000
39.987632 116.452269 13266.000000
39.987634 116.452491 13268.000000
39.987650 116.452716 13270.000000
39.987685 116.452970 13272.000000
39.987734 116.453253 13274.000000
39.987786 116.453566 13276.000000
39.987837 116.453895 13278.000000
39.987925 116.454227 13280.000000
39.987988 116.454573 13282.000000
39.988034 116.454940 13284.000000
39.988079 116.455317 13286.000000
39.988128 116.455673 13288.000000
39.988150 116.456032 13290.000000
39.988239 116.456339 13292.000000
39.988357 116.456611 13294.000000
39.988466 116.456815 13296.000000
39.988537 116.457000 13298.000000
39.988565 116.457208 13300.000000
39.988505 116.457282 13302.000000
39.988443 116.457402 13304.000000
39.988367 116.457541 13306.000000
39.988267 116.457684 13308.000000
39.988163 116.457849 13310.000000
39.988046 116.458041 13312.000000
39.987883 116.458237 13314.000000
39.987734 116.458399 13316.000000
39.987617 116.458557 13318.000000
39.987534 116.458656 13320.000000
39.987430 116.458746 13322.000000
39.987390 116.458775 13324.000000
39.987405 116.458753 13326.000000
39.987438 116.458734 13328.000000
39.987427 116.458732 13330.000000
39.987425 116.458730 13332.000000
39.987423 116.458729 13334.000000
39.987423 116.458730 13336.000000
39.987414 116.458758 13338.000000
39.987397 116.458807 13340.000000
39.987367 116.458840 13342.000000
39.987351 116.458857 13344.000000
39.987340 116.458887 13346.000000
39.987316 116.458915 13348.000000
39.987304 116.458915 13350.000000
39.987303 116.458914 13352.000000
39.987306 116.458915 13354.000000
39.987307 116.458915 13356.000000
39.987307 116.458916 13358.000000
39.987307 116.458916 13360.000000
39.987307 116.458916 13362.000000
39.987306 116.458915 13364.000000
39.987306 116.458915 13366.000000
39.987306 116.458915 13368.000000
39.987308 116.458916 13370.000000
39.987309 116.458917 13372.000000
39.987308 116.458916 13374.000000
39.987309 116.458917 13376.000000
39.987309 116.458917 13378.000000
39.987304 116.458961 13380.000000
39.987263 116.459044 13382.000000
39.987204 116.459149 13384.000000
39.987139 116.459276 13386.000000
39.987072 116.459408 13388.000000
39.987008 116.459530 13390.000000
39.986948 116.459660 13392.000000
39.986878 116.459792 13394.000000
39.986805 116.459934 13396.000000
39.986711 116.460092 13398.000000
39.986589 116.460262 13400.000000
39.986481 116.460422 13402.000000
39.986406 116.460564 13404.000000
39.986342 116.460693 13406.000000
39.986260 116.460830 13408.000000
39.986187 116.460944 13410.000000
39.986117 116.461067 13412.000000
39.986009 116.461223 13414.000000
39.985888 116.461382 13416.000000
39.985744 116.461572 13418.000000
39.985609 116.461764 13420.000000
39.985471 116.462001 13422.000000
39.985308 116.462228 13424.000000
39.985165 116.462463 13426.000000
39.985044 116.462662 13428.000000
39.984922 116.462848 13430.000000
39.984814 116.462999 13432.000000
39.984746 116.463127 13434.000000
39.984659 116.463255 13436.000000
39.984589 116.463365 13438.000000
39.984537 116.463436 13440.000000
39.984492 116.463465 13442.000000
39.984475 116.463475 13444.000000
39.984461 116.463475 13446.000000
39.984463 116.463470 13448.000000
39.984467 116.463463 13450.000000
39.984468 116.463459 13452.000000
39.984469 116.463456 13454.000000
39.984471 116.463451 13456.000000
39.984470 116.463450 13458.000000
39.984466 116.463455 13460.000000
39.984442 116.463524 13462.000000
39.984413 116.463577 13464.000000
39.984372 116.463695 13466.000000
39.984291 116.463850 13468.000000
39.984202 116.463982 13470.000000
39.984115 116.464119 13472.000000
39.984033 116.464240 13474.000000
39.983975 116.464337 13476.000000
39.983926 116.464440 13478.000000
39.983870 116.464529 13480.000000
39.983810 116.464643 13482.000000
39.983744 116.464752 13484.000000
39.983701 116.464850 13486.000000
39.983645 116.464958 13488.000000
39.983593 116.465061 13490.000000
39.983543 116.465154 13492.000000
39.983503 116.465254 13494.000000
39.983434 116.465373 13496.000000
39.983365 116.465496 13498.000000
39.983211 116.465681 13500.000000
39.983082 116.465806 13502.000000
39.982979 116.465924 13504.000000
39.982919 116.466026 13506.000000
39.982844 116.466160 13508.000000
39.982769 116.466285 13510.000000
39.982681 116.466428 13512.000000
39.982585 116.466584 13514.000000
39.982500 116.466708 13516.000000
39.982446 116.466790 13518.000000
39.982397 116.466842 13520.000000
39.982363 116.466877 13522.000000
39.982352 116.466904 13524.000000
39.982329 116.466950 13526.000000
39.982286 116.467009 13528.000000
39.982241 116.467078 13530.000000
39.982184 116.467153 13532.000000
39.982126 116.467237 13534.000000
39.982056 116.467308 13536.000000
39.982014 116.467352 13538.000000
39.981968 116.467382 13540.000000
39.981957 116.467390 13542.000000
39.981955 116.467392 13544.000000
39.981956 116.467392 13546.000000
39.981955 116.467393 13548.000000
39.981952 116.467399 13550.000000
39.981947 116.467410 13552.000000
39.981942 116.467423 13554.000000
39.981937 116.467433 13556.000000
39.981929 116.467452 13558.000000
39.981914 116.467476 13560.000000
39.981883 116.467511 13562.000000
39.981851 116.467536 13564.000000
39.981843 116.467548 13566.000000
39.981854 116.467553 13568.000000
39.981854 116.467552 13570.000000
39.981854 116.467553 13572.000000
39.981854 116.467554 13574.000000
39.981852 116.467556 13576.000000
39.981841 116.467565 13578.000000
39.981831 116.467588 13580.000000
39.981819 116.467611 13582.000000
39.981804 116.467656 13584.000000
39.981778 116.467702 13586.000000
39.981740 116.467768 13588.000000
39.981682 116.467854 13590.000000
39.981626 116.467976 13592.000000
39.981554 116.468083 13594.000000
39.981468 116.468207 13596.000000
39.981387 116.468334 13598.000000
39.981262 116.468507 13600.000000
39.981168 116.468668 13602.000000
39.981053 116.468835 13604.000000
39.980936 116.469035 13606.000000
39.980788 116.469235 13608.000000
39.980640 116.469483 13610.000000
39.980465 116.469715 13612.000000
39.980305 116.469958 13614.000000
39.980136 116.470209 13616.000000
39.979978 116.470441 13618.000000
39.979825 116.470657 13620.000000
39.979698 116.470829 13622.000000
39.979604 116.470978 13624.000000
39.979534 116.471073 13626.000000
39.979492 116.471137 13628.000000
39.979473 116.471162 13630.000000
39.979478 116.471172 13632.000000
39.979490 116.471166 13634.000000
39.979489 116.471167 13636.000000
39.979489 116.471168 13638.000000
39.979489 116.471167 13640.000000
39.979490 116.471165 13642.000000
39.979492 116.471162 13644.000000
39.979493 116.471160 13646.000000
39.979493 116.471159 13648.000000
39.979494 116.471158 13650.000000
39.979495 116.471157 13652.000000
39.979494 116.471159 13654.000000
39.979486 116.471170 13656.000000
39.979462 116.471224 13658.000000
39.979406 116.471306 13660.000000
39.979361 116.471383 13662.000000
39.979315 116.471443 13664.000000
39.979265 116.471508 13666.000000
39.979234 116.471603 13668.000000
39.979183 116.471687 13670.000000
39.979119 116.471778 13672.000000
39.979069 116.471884 13674.000000
39.979006 116.472025 13676.000000
39.978912 116.472182 13678.000000
39.978826 116.472335 13680.000000
39.978738 116.472474 13682.000000
39.978664 116.472610 13684.000000
39.978595 116.472755 13686.000000
39.978521 116.472858 13688.000000
39.978464 116.472926 13690.000000
39.978391 116.472987 13692.000000
39.978322 116.473035 13694.000000
39.978291 116.473047 13696.000000
39.978271 116.473064 13698.000000
39.978247 116.473075 13700.000000
39.978229 116.473107 13702.000000
39.978240 116.473187 13704.000000
39.978233 116.473238 13706.000000
39.978216 116.473320 13708.000000
39.978179 116.473403 13710.000000
39.978137 116.473466 13712.000000
39.978107 116.473504 13714.000000
39.978083 116.473552 13716.000000
39.978053 116.473603 13718.000000
39.978015 116.473667 13720.000000
39.977977 116.473732 13722.000000
39.977946 116.473792 13724.000000
39.977913 116.473856 13726.000000
39.977872 116.473917 13728.000000
39.977824 116.473984 13730.000000
39.977787 116.474031 13732.000000
39.977773 116.474044 13734.000000
39.977758 116.474049 13736.000000
39.977744 116.474055 13738.000000
39.977722 116.474087 13740.000000
39.977686 116.474133 13742.000000
39.977634 116.474194 13744.000000
39.977592 116.474217 13746.000000
39.977572 116.474225 13748.000000
39.977563 116.474224 13750.000000
39.977548 116.474229 13752.000000
39.977547 116.474231 13754.000000
39.977547 116.474231 13756.000000
39.977546 116.474231 13758.000000
39.977547 116.474230 13760.000000
39.977546 116.474230 13762.000000
39.977539 116.474242 13764.000000
39.977512 116.474289 13766.000000
39.977495 116.474353 13768.000000
39.977476 116.474422 13770.000000
39.977453 116.474510 13772.000000
39.977414 116.474604 13774.000000
39.977349 116.474715 13776.000000
39.977286 116.474804 13778.000000
39.977239 116.474855 13780.000000
39.977193 116.474888 13782.000000
39.977161 116.474921 13784.000000
39.977158 116.474927 13786.000000
39.977156 116.474931 13788.000000
39.977153 116.474934 13790.000000
39.977152 116.474937 13792.000000
39.977150 116.474940 13794.000000
39.977147 116.474944 13796.000000
39.977144 116.474948 13798.000000
39.977141 116.474954 13800.000000
39.977139 116.474958 13802.000000
39.977136 116.474962 13804.000000
39.977133 116.474966 13806.000000
39.977128 116.474976 13808.000000
39.977122 116.474993 13810.000000
39.977116 116.475008 13812.000000
39.977110 116.475021 13814.000000
39.977103 116.475036 13816.000000
39.977084 116.475068 13818.000000
39.977043 116.475126 13820.000000
39.976990 116.475210 13822.000000
39.976918 116.475323 13824.000000
39.976845 116.475441 13826.000000
39.976762 116.475583 13828.000000
39.976677 116.475754 13830.000000
39.976600 116.475923 13832.000000
39.976508 116.476103 13834.000000
39.976440 116.476263 13836.000000
39.976383 116.476413 13838.000000
39.976311 116.476552 13840.000000
39.976258 116.476687 13842.000000
39.976228 116.476850 13844.000000
39.976181 116.477017 13846.000000
39.976132 116.477169 13848.000000
39.976040 116.477339 13850.000000
39.975907 116.477523 13852.000000
39.975765 116.477712 13854.000000
39.975623 116.477891 13856.000000
39.975516 116.478046 13858.000000
39.975402 116.478182 13860.000000
39.975332 116.478241 13862.000000
39.975207 116.478372 13864.000000
39.974794 116.478567 13866.000000
39.974664 116.478655 13868.000000
39.974655 116.478787 13870.000000
39.974560 116.478865 13872.000000
39.974500 116.478924 13874.000000
39.974433 116.479022 13876.000000
39.974355 116.479183 13878.000000
39.974256 116.479374 13880.000000
39.974159 116.479565 13882.000000
39.974077 116.479830 13884.000000
39.973958 116.480027 13886.000000
39.973821 116.480228 13888.000000
39.973650 116.480454 13890.000000
39.973444 116.480747 13892.000000
39.973226 116.481049 13894.000000
39.973028 116.481320 13896.000000
39.972832 116.481587 13898.000000
39.972666 116.481821 13900.000000
39.972521 116.482031 13902.000000
39.972413 116.482211 13904.000000
39.972314 116.482319 13906.000000
39.972334 116.482309 13908.000000
39.972355 116.482242 13910.000000
39.972366 116.482223 13912.000000
39.972368 116.482215 13914.000000
39.972371 116.482214 13916.000000
39.972383 116.482220 13918.000000
39.972409 116.482219 13920.000000
39.972448 116.482216 13922.000000
39.972462 116.482241 13924.000000
39.972434 116.482309 13926.000000
39.972400 116.482389 13928.000000
39.972355 116.482463 13930.000000
39.972317 116.482519 13932.000000
39.972286 116.482550 13934.000000
39.972255 116.482576 13936.000000
39.972222 116.482594 13938.000000
39.972148 116.482624 13940.000000
39.972098 116.482655 13942.000000
39.972077 116.482655 13944.000000
39.972040 116.482658 13946.000000
39.972032 116.482661 13948.000000
39.972027 116.482664 13950.000000
39.972022 116.482662 13952.000000
39.972013 116.482655 13954.000000
39.972004 116.482652 13956.000000
39.972001 116.482656 13958.000000
39.971999 116.482659 13960.000000
39.971998 116.482662 13962.000000
39.971996 116.482666 13964.000000
39.971991 116.482711 13966.000000
39.971951 116.482806 13968.000000
39.971949 116.482897 13970.000000
39.971886 116.483045 13972.000000
39.971820 116.483177 13974.000000
39.971628 116.483420 13976.000000
39.971516 116.483559 13978.000000
39.971391 116.483722 13980.000000
39.971308 116.483851 13982.000000
39.971223 116.483964 13984.000000
39.971156 116.484064 13986.000000
39.971065 116.484162 13988.000000
39.971001 116.484195 13990.000000
39.970984 116.484203 13992.000000
39.970979 116.484210 13994.000000
39.970972 116.484219 13996.000000
39.970963 116.484226 13998.000000
39.970958 116.484233 14000.000000
39.970954 116.484239 14002.000000
39.970949 116.484246 14004.000000
39.970943 116.484255 14006.000000
39.970937 116.484263 14008.000000
39.970934 116.484268 14010.000000
39.970931 116.484272 14012.000000
39.970929 116.484275 14014.000000
39.970927 116.484278 14016.000000
39.970925 116.484280 14018.000000
39.970924 116.484281 14020.000000
39.970924 116.484281 14022.000000
39.970922 116.484283 14024.000000
39.970920 116.484287 14026.000000
39.970917 116.484296 14028.000000
39.970887 116.484337 14030.000000
39.970824 116.484445 14032.000000
39.970774 116.484600 14034.000000
39.970734 116.484765 14036.000000
39.970692 116.484940 14038.000000
39.970660 116.485138 14040.000000
39.970632 116.485350 14042.000000
39.970612 116.485582 14044.000000
39.970603 116.485843 14046.000000
39.970600 116.486115 14048.000000
39.970591 116.486404 14050.000000
39.970582 116.486691 14052.000000
39.970577 116.487001 14054.000000
39.970570 116.487327 14056.000000
39.970573 116.487650 14058.000000
39.970584 116.487967 14060.000000
39.970600 116.488283 14062.000000
39.970599 116.488569 14064.000000
39.970602 116.488833 14066.000000
39.970610 116.489051 14068.000000
39.970607 116.489261 14070.000000
39.970606 116.489478 14072.000000
39.970610 116.489720 14074.000000
39.970612 116.489993 14076.000000
39.970616 116.490290 14078.000000
39.970618 116.490615 14080.000000
39.970627 116.490958 14082.000000
39.970626 116.491321 14084.000000
39.970616 116.491683 14086.000000
39.970622 116.492036 14088.000000
39.970623 116.492362 14090.000000
39.970624 116.492629 14092.000000
39.970627 116.492808 14094.000000
39.970622 116.492876 14096.000000
39.970616 116.492888 14098.000000
39.970615 116.492883 14100.000000
39.970617 116.492874 14102.000000
39.970619 116.492871 14104.000000
39.970618 116.492881 14106.000000
39.970610 116.492958 14108.000000
39.970603 116.493063 14110.000000
39.970584 116.493169 14112.000000
39.970586 116.493293 14114.000000
39.970586 116.493429 14116.000000
39.970577 116.493597 14118.000000
39.970577 116.493797 14120.000000
39.970580 116.494024 14122.000000
39.970582 116.494260 14124.000000
39.970585 116.494518 14126.000000
39.970590 116.494801 14128.000000
39.970593 116.495094 14130.000000
39.970598 116.495374 14132.000000
39.970597 116.495595 14134.000000
39.970602 116.495732 14136.000000
39.970600 116.495816 14138.000000
39.970598 116.495887 14140.000000
39.970598 116.495941 14142.000000
39.970591 116.495970 14144.000000
39.970585 116.495979 14146.000000
39.970581 116.495984 14148.000000
39.970579 116.495988 14150.000000
39.970577 116.495990 14152.000000
39.970575 116.495993 14154.000000
39.970574 116.495995 14156.000000
39.970573 116.495996 14158.000000
39.970572 116.495998 14160.000000
39.970570 116.496001 14162.000000
39.970567 116.496006 14164.000000
39.970567 116.496043 14166.000000
39.970566 116.496125 14168.000000
39.970570 116.496209 14170.000000
39.970578 116.496285 14172.000000
39.970576 116.496340 14174.000000
39.970569 116.496381 14176.000000
39.970561 116.496431 14178.000000
39.970550 116.496497 14180.000000
39.970542 116.496593 14182.000000
39.970529 116.496725 14184.000000
39.970516 116.496882 14186.000000
39.970501 116.497051 14188.000000
39.970482 116.497242 14190.000000
39.970453 116.497451 14192.000000
39.970424 116.497662 14194.000000
39.970384 116.497933 14196.000000
39.970362 116.498250 14198.000000
39.970338 116.498577 14200.000000
39.970312 116.498895 14202.000000
39.970308 116.499217 14204.000000
39.970284 116.499525 14206.000000
39.970275 116.499800 14208.000000
39.970285 116.500068 14210.000000
39.970284 116.500259 14212.000000
39.970304 116.500391 14214.000000
39.970314 116.500420 14216.000000
39.970301 116.500441 14218.000000
39.970289 116.500422 14220.000000
39.970279 116.500426 14222.000000
39.970279 116.500427 14224.000000
39.970275 116.500432 14226.000000
39.970267 116.500446 14228.000000
39.970266 116.500467 14230.000000
39.970269 116.500477 14232.000000
39.970274 116.500484 14234.000000
39.970279 116.500493 14236.000000
39.970294 116.500541 14238.000000
39.970322 116.500608 14240.000000
39.970361 116.500705 14242.000000
39.970384 116.500816 14244.000000
39.970418 116.500933 14246.000000
39.970448 116.501062 14248.000000
39.970503 116.501212 14250.000000
39.970587 116.501420 14252.000000
39.970674 116.501619 14254.000000
39.970753 116.501850 14256.000000
39.970868 116.502090 14258.000000
39.970959 116.502304 14260.000000
39.971045 116.502487 14262.000000
39.971117 116.502633 14264.000000
39.971165 116.502742 14266.000000
39.971204 116.502831 14268.000000
39.971234 116.502913 14270.000000
39.971263 116.502986 14272.000000
39.971293 116.503054 14274.000000
39.971317 116.503118 14276.000000
39.971339 116.503192 14278.000000
39.971368 116.503301 14280.000000
39.971402 116.503425 14282.000000
39.971462 116.503587 14284.000000
39.971556 116.503777 14286.000000
39.971673 116.503998 14288.000000
39.971814 116.504223 14290.000000
39.971943 116.504439 14292.000000
39.972081 116.504700 14294.000000
39.972233 116.504968 14296.000000
39.972388 116.505230 14298.000000
39.972542 116.505504 14300.000000
39.972697 116.505797 14302.000000
39.972867 116.506091 14304.000000
39.973047 116.506387 14306.000000
39.973224 116.506672 14308.000000
39.973389 116.506923 14310.000000
39.973551 116.507171 14312.000000
39.973695 116.507411 14314.000000
39.973827 116.507642 14316.000000
39.973954 116.507864 14318.000000
39.974069 116.508024 14320.000000
39.974163 116.508157 14322.000000
39.974223 116.508240 14324.000000
39.974235 116.508279 14326.000000
39.974245 116.508297 14328.000000
39.974245 116.508300 14330.000000
39.974242 116.508293 14332.000000
39.974242 116.508299 14334.000000
39.974253 116.508317 14336.000000
39.974302 116.508378 14338.000000
39.974358 116.508442 14340.000000
39.974420 116.508535 14342.000000
39.974493 116.508631 14344.000000
39.974562 116.508754 14346.000000
39.974643 116.508907 14348.000000
39.974733 116.509073 14350.000000
39.974828 116.509248 14352.000000
39.974942 116.509436 14354.000000
39.975061 116.509620 14356.000000
39.975174 116.509796 14358.000000
39.975280 116.509969 14360.000000
39.975379 116.510113 14362.000000
39.975463 116.510227 14364.000000
39.975531 116.510330 14366.000000
39.975594 116.510427 14368.000000
39.975658 116.510526 14370.000000
39.975728 116.510627 14372.000000
39.975786 116.510735 14374.000000
39.975842 116.510859 14376.000000
39.975906 116.510984 14378.000000
39.975980 116.511117 14380.000000
39.976069 116.511270 14382.000000
39.976158 116.511436 14384.000000
39.976257 116.511630 14386.000000
39.976364 116.511819 14388.000000
39.976458 116.512024 14390.000000
39.976532 116.512211 14392.000000
39.976578 116.512369 14394.000000
39.976603 116.512510 14396.000000
39.976603 116.512630 14398.000000
39.976582 116.512736 14400.000000
39.976563 116.512842 14402.000000
39.976517 116.512631 14412.000000
39.976550 116.512761 14414.000000
39.976624 116.512861 14416.000000
39.976617 116.512826 14418.000000
39.976626 116.512840 14420.000000
39.976615 116.512882 14422.000000
39.976585 116.512970 14424.000000
39.976567 116.513094 14426.000000
39.976560 116.513265 14428.000000
39.976546 116.513441 14430.000000
39.976536 116.513629 14432.000000
39.976534 116.513842 14434.000000
39.976522 116.514082 14436.000000
39.976479 116.514361 14438.000000
39.976439 116.514667 14440.000000
39.976405 116.514976 14442.000000
39.976368 116.515321 14444.000000
39.976339 116.515661 14446.000000
39.976309 116.516012 14448.000000
39.976278 116.516360 14450.000000
39.976265 116.516656 14452.000000
39.976256 116.516904 14454.000000
39.976254 116.517087 14456.000000
39.976232 116.517189 14458.000000
39.976207 116.517228 14460.000000
39.976202 116.517205 14462.000000
39.976204 116.517167 14464.000000
39.976203 116.517163 14466.000000
39.976202 116.517159 14468.000000
39.976202 116.517156 14470.000000
39.976203 116.517159 14472.000000
39.976203 116.517178 14474.000000
39.976200 116.517229 14476.000000
39.976196 116.517325 14478.000000
39.976204 116.517442 14480.000000
39.976197 116.517573 14482.000000
39.976174 116.517732 14484.000000
39.976181 116.517925 14486.000000
39.976193 116.518155 14488.000000
39.976209 116.518393 14490.000000
39.976223 116.518649 14492.000000
39.976255 116.518940 14494.000000
39.976284 116.519249 14496.000000
39.976293 116.519572 14498.000000
39.976301 116.519916 14500.000000
39.976318 116.520272 14502.000000
39.976338 116.520630 14504.000000
39.976362 116.521007 14506.000000
39.976393 116.521389 14508.000000
39.976428 116.521774 14510.000000
39.976469 116.522160 14512.000000
39.976512 116.522554 14514.000000
39.976543 116.522957 14516.000000
39.976575 116.523337 14518.000000
39.976608 116.523703 14520.000000
39.976637 116.524047 14522.000000
39.976663 116.524338 14524.000000
39.976685 116.524611 14526.000000
39.976703 116.524871 14528.000000
39.976712 116.525100 14530.000000
39.976726 116.525293 14532.000000
39.976734 116.525460 14534.000000
39.976746 116.525636 14536.000000
39.976751 116.525797 14538.000000
39.976755 116.525943 14540.000000
39.976740 116.526064 14542.000000
39.976729 116.526111 14544.000000
39.976727 116.526117 14546.000000
39.976722 116.526109 14548.000000
39.976722 116.526108 14550.000000
39.976722 116.526106 14552.000000
39.976722 116.526105 14554.000000
39.976721 116.526105 14556.000000
39.976721 116.526107 14558.000000
39.976722 116.526116 14560.000000
39.976727 116.526151 14562.000000
39.976738 116.526204 14564.000000
39.976741 116.526263 14566.000000
39.976754 116.526350 14568.000000
39.976778 116.526480 14570.000000
39.976773 116.526643 14572.000000
39.976744 116.526816 14574.000000
39.976707 116.526979 14576.000000
39.976664 116.527181 14578.000000
39.976625 116.527386 14580.000000
39.976568 116.527615 14582.000000
39.976513 116.527882 14584.000000
39.976451 116.528136 14586.000000
39.976366 116.528415 14588.000000
39.976231 116.528706 14590.000000
39.976077 116.528994 14592.000000
39.975908 116.529286 14594.000000
39.975745 116.529584 14596.000000
39.975590 116.529866 14598.000000
39.975437 116.530128 14600.000000
39.975291 116.530377 14602.000000
39.975155 116.530601 14604.000000
39.975052 116.530778 14606.000000
39.974965 116.530893 14608.000000
39.974902 116.530959 14610.000000
39.974874 116.530984 14612.000000
39.974864 116.530977 14614.000000
39.974869 116.530976 14616.000000
39.974865 116.531002 14618.000000
39.974850 116.531046 14620.000000
39.974817 116.531118 14622.000000
39.974763 116.531237 14624.000000
39.974696 116.531372 14626.000000
39.974625 116.531520 14628.000000
39.974540 116.531675 14630.000000
39.974450 116.531834 14632.000000
39.974353 116.532005 14634.000000
39.974251 116.532210 14636.000000
39.974132 116.532445 14638.000000
39.973998 116.532693 14640.000000
39.973867 116.532954 14642.000000
39.973745 116.533183 14644.000000
39.973639 116.533385 14646.000000
39.973551 116.533525 14648.000000
39.973487 116.533625 14650.000000
39.973435 116.533691 14652.000000
39.973425 116.533701 14654.000000
39.973422 116.533701 14656.000000
39.973423 116.533699 14658.000000
39.973431 116.533685 14660.000000
39.973425 116.533682 14662.000000
39.973423 116.533685 14664.000000
39.973422 116.533685 14666.000000
39.973421 116.533686 14668.000000
39.973419 116.533691 14670.000000
39.973418 116.533691 14672.000000
39.973414 116.533698 14674.000000
39.973409 116.533701 14676.000000
39.973393 116.533715 14678.000000
39.973379 116.533724 14680.000000
39.973376 116.533746 14682.000000
39.973361 116.533767 14684.000000
39.973356 116.533779 14686.000000
39.973349 116.533782 14688.000000
39.973326 116.533784 14690.000000
39.973317 116.533805 14692.000000
39.973300 116.533822 14694.000000
39.973289 116.533829 14696.000000
39.973285 116.533848 14698.000000
39.973282 116.533863 14700.000000
39.973267 116.533895 14702.000000
39.973242 116.533936 14704.000000
39.973226 116.533956 14706.000000
39.973208 116.533983 14708.000000
39.973187 116.534012 14710.000000
39.973163 116.534035 14712.000000
39.973146 116.534059 14714.000000
39.973132 116.534084 14716.000000
39.973112 116.534103 14718.000000
39.973096 116.534143 14720.000000
39.973077 116.534159 14722.000000
39.973054 116.534175 14724.000000
39.973038 116.534194 14726.000000
39.973020 116.534214 14728.000000
39.973003 116.534227 14730.000000
39.972985 116.534236 14732.000000
39.972969 116.534249 14734.000000
39.972952 116.534268 14736.000000
39.972933 116.534287 14738.000000
39.972913 116.534301 14740.000000
39.972897 116.534323 14742.000000
39.972877 116.534345 14744.000000
39.972863 116.534346 14746.000000
39.972848 116.534349 14748.000000
39.972831 116.534357 14750.000000
39.972818 116.534368 14752.000000
39.972803 116.534379 14754.000000
39.972801 116.534376 14756.000000
39.972801 116.534369 14758.000000
39.972803 116.534368 14760.000000
39.972804 116.534366 14762.000000
39.972806 116.534381 14764.000000
39.972803 116.534385 14766.000000
39.972802 116.534386 14768.000000
39.972800 116.534401 14770.000000
39.972798 116.534413 14772.000000
39.972797 116.534416 14774.000000
39.972550 116.534484 14868.000000
39.972520 116.534466 14870.000000
39.972495 116.534465 14872.000000
39.972472 116.534461 14874.000000
39.972438 116.534451 14876.000000
39.972416 116.534459 14878.000000
39.972421 116.534520 14880.000000
39.972404 116.534533 14882.000000
39.972380 116.534547 14884.000000
39.972362 116.534567 14886.000000
39.972345 116.534578 14888.000000
39.972329 116.534580 14890.000000
39.972305 116.534590 14892.000000
39.972280 116.534594 14894.000000
39.972260 116.534604 14896.000000
39.972247 116.534612 14898.000000
39.972225 116.534621 14900.000000
39.972208 116.534635 14902.000000
39.972190 116.534659 14904.000000
39.972170 116.534668 14906.000000
39.972149 116.534670 14908.000000
39.972123 116.534676 14910.000000
39.972092 116.534679 14912.000000
39.972064 116.534676 14914.000000
39.972048 116.534690 14916.000000
39.972021 116.534688 14918.000000
39.971998 116.534676 14920.000000
39.971971 116.534665 14922.000000
39.971944 116.534643 14924.000000
39.971920 116.534631 14926.000000
39.971896 116.534612 14928.000000
39.971870 116.534591 14930.000000
39.971845 116.534585 14932.000000
39.971820 116.534578 14934.000000
39.971800 116.534563 14936.000000
39.971783 116.534544 14938.000000
39.971752 116.534537 14940.000000
39.971723 116.534543 14942.000000
39.971697 116.534545 14944.000000
39.971674 116.534532 14946.000000
39.971658 116.534513 14948.000000
39.971635 116.534504 14950.000000
39.971619 116.534497 14952.000000
39.971605 116.534484 14954.000000
39.971582 116.534474 14956.000000
39.971558 116.534450 14958.000000
39.971549 116.534430 14960.000000
39.971538 116.534416 14962.000000
39.971306 116.534290 15048.000000
39.971279 116.534276 15050.000000
39.971252 116.534249 15052.000000
39.971238 116.534230 15054.000000
39.971215 116.534217 15056.000000
39.971193 116.534208 15058.000000
39.971174 116.534203 15060.000000
39.971151 116.534204 15062.000000
39.971119 116.534200 15064.000000
39.971096 116.534193 15066.000000
39.971072 116.534175 15068.000000
39.971059 116.534153 15070.000000
39.971032 116.534124 15072.000000
39.971005 116.534102 15074.000000
39.970985 116.534091 15076.000000
39.970963 116.534072 15078.000000
39.970936 116.534061 15080.000000
39.970912 116.534051 15082.000000
39.970887 116.534039 15084.000000
39.970861 116.534030 15086.000000
39.970838 116.534026 15088.000000
39.970812 116.534007 15090.000000
39.970789 116.533994 15092.000000
39.970768 116.533972 15094.000000
39.970744 116.533964 15096.000000
39.970724 116.533948 15098.000000
39.970700 116.533929 15100.000000
39.970679 116.533919 15102.000000
39.970660 116.533905 15104.000000
39.970640 116.533890 15106.000000
39.970615 116.533874 15108.000000
39.970594 116.533861 15110.000000
39.970579 116.533847 15112.000000
39.970555 116.533833 15114.000000
39.970527 116.533824 15116.000000
39.970502 116.533815 15118.000000
39.970474 116.533808 15120.000000
39.970455 116.533790 15122.000000
39.970433 116.533785 15124.000000
39.970409 116.533775 15126.000000
39.970390 116.533761 15128.000000
39.970367 116.533750 15130.000000
39.970345 116.533738 15132.000000
39.970327 116.533715 15134.000000
39.970309 116.533699 15136.000000
39.970292 116.533685 15138.000000
39.970272 116.533676 15140.000000
39.970246 116.533667 15142.000000
39.970223 116.533655 15144.000000
39.970197 116.533650 15146.000000
39.970176 116.533643 15148.000000
39.970154 116.533648 15150.000000
39.970132 116.533652 15152.000000
39.970122 116.533657 15154.000000
39.970111 116.533673 15156.000000
39.970097 116.533701 15158.000000
39.970090 116.533725 15160.000000
39.970079 116.533753 15162.000000
39.970068 116.533786 15164.000000
39.970064 116.533817 15166.000000
39.970051 116.533852 15168.000000
39.970040 116.533882 15170.000000
39.970031 116.533913 15172.000000
39.970022 116.533944 15174.000000
39.970005 116.533975 15176.000000
39.969991 116.534000 15178.000000
39.969974 116.534029 15180.000000
39.969960 116.534044 15182.000000
39.969950 116.534064 15184.000000
39.969943 116.534086 15186.000000
39.969931 116.534111 15188.000000
39.969920 116.534140 15190.000000
39.969911 116.534165 15192.000000
39.969893 116.534190 15194.000000
39.969880 116.534213 15196.000000
39.969860 116.534241 15198.000000
39.969844 116.534265 15200.000000
39.969834 116.534286 15202.000000
39.969823 116.534307 15204.000000
39.969811 116.534325 15206.000000
39.969803 116.534356 15208.000000
39.969791 116.534390 15210.000000
39.969766 116.534426 15212.000000
39.969754 116.534456 15214.000000
39.969738 116.534480 15216.000000
39.969729 116.534508 15218.000000
39.969716 116.534538 15220.000000
39.969706 116.534567 15222.000000
39.969696 116.534598 15224.000000
39.969688 116.534617 15226.000000
39.969682 116.534639 15228.000000
39.969675 116.534667 15230.000000
39.969666 116.534698 15232.000000
39.969659 116.534725 15234.000000
39.969653 116.534748 15236.000000
39.969639 116.534773 15238.000000
39.969633 116.534808 15240.000000
39.969630 116.534838 15242.000000
39.969631 116.534858 15244.000000
39.969624 116.534889 15246.000000
39.969619 116.534928 15248.000000
39.969621 116.534963 15250.000000
39.969614 116.534987 15252.000000
39.969593 116.535011 15254.000000
39.969586 116.535040 15256.000000
39.969581 116.535062 15258.000000
39.969578 116.535089 15260.000000
39.969568 116.535121 15262.000000
39.969557 116.535157 15264.000000
39.969549 116.535187 15266.000000
39.969543 116.535223 15268.000000
39.969537 116.535251 15270.000000
39.969535 116.535282 15272.000000
39.969525 116.535307 15274.000000
39.969514 116.535342 15276.000000
39.969502 116.535366 15278.000000
39.969489 116.535395 15280.000000
39.969476 116.535426 15282.000000
39.969469 116.535458 15284.000000
39.969461 116.535486 15286.000000
39.969451 116.535518 15288.000000
39.969438 116.535555 15290.000000
39.969432 116.535586 15292.000000
39.969426 116.535621 15294.000000
39.969414 116.535641 15296.000000
39.969407 116.535674 15298.000000
39.969390 116.535699 15300.000000
39.969361 116.535728 15302.000000
39.969353 116.535758 15304.000000
39.969341 116.535788 15306.000000
39.969326 116.535814 15308.000000
39.969310 116.535847 15310.000000
39.969303 116.535870 15312.000000
39.969294 116.535896 15314.000000
39.969270 116.535940 15316.000000
39.969253 116.535971 15318.000000
39.969235 116.536003 15320.000000
39.969225 116.536033 15322.000000
39.969207 116.536065 15324.000000
39.969193 116.536092 15326.000000
39.969182 116.536126 15328.000000
39.969185 116.536152 15330.000000
39.969190 116.536179 15332.000000
39.969191 116.536204 15334.000000
39.969190 116.536233 15336.000000
39.969179 116.536253 15338.000000
39.969171 116.536281 15340.000000
39.969164 116.536308 15342.000000
39.969162 116.536344 15344.000000
39.969159 116.536373 15346.000000
39.969151 116.536397 15348.000000
39.969144 116.536434 15350.000000
39.969136 116.536466 15352.000000
39.969131 116.536495 15354.000000
39.969117 116.536527 15356.000000
39.969114 116.536556 15358.000000
39.969106 116.536584 15360.000000
39.969099 116.536610 15362.000000
39.969063 116.536610 15364.000000
39.969055 116.536636 15366.000000
39.969048 116.536666 15368.000000
39.969037 116.536698 15370.000000
39.969034 116.536727 15372.000000
39.969026 116.536743 15374.000000
39.969021 116.536764 15376.000000
39.969005 116.536792 15378.000000
39.968994 116.536820 15380.000000
39.968988 116.536844 15382.000000
39.968982 116.536868 15384.000000
39.968973 116.536903 15386.000000
39.968971 116.536930 15388.000000
39.968960 116.536958 15390.000000
39.968945 116.536989 15392.000000
39.968946 116.537027 15394.000000
39.968940 116.537058 15396.000000
39.968938 116.537088 15398.000000
39.968931 116.537113 15400.000000
39.968920 116.537131 15402.000000
39.968913 116.537172 15404.000000
39.968908 116.537209 15406.000000
39.968903 116.537249 15408.000000
39.968898 116.537283 15410.000000
39.968897 116.537312 15412.000000
39.968886 116.537349 15414.000000
39.968864 116.537370 15416.000000
39.968802 116.537402 15418.000000
39.968785 116.537427 15420.000000
39.968773 116.537449 15422.000000
39.968761 116.537484 15424.000000
39.968750 116.537501 15426.000000
39.968739 116.537521 15428.000000
39.968733 116.537552 15430.000000
39.968727 116.537573 15432.000000
39.968719 116.537606 15434.000000
39.968712 116.537642 15436.000000
39.968700 116.537678 15438.000000
39.968688 116.537710 15440.000000
39.968679 116.537745 15442.000000
39.968662 116.537777 15444.000000
39.968650 116.537804 15446.000000
39.968645 116.537831 15448.000000
39.968639 116.537858 15450.000000
39.968629 116.537896 15452.000000
39.968615 116.537929 15454.000000
39.968602 116.537955 15456.000000
39.968597 116.537988 15458.000000
39.968585 116.538015 15460.000000
39.968575 116.538036 15462.000000
39.968570 116.538064 15464.000000
39.968562 116.538099 15466.000000
39.968556 116.538130 15468.000000
39.968540 116.538158 15470.000000
39.968513 116.538181 15472.000000
39.968488 116.538195 15474.000000
39.968465 116.538206 15476.000000
39.968447 116.538202 15478.000000
39.968436 116.538197 15480.000000
39.968433 116.538193 15482.000000
39.968435 116.538189 15484.000000
39.968434 116.538189 15486.000000
39.968434 116.538189 15488.000000
39.968432 116.538190 15490.000000
39.968431 116.538190 15492.000000
39.968430 116.538190 15494.000000
39.968429 116.538191 15496.000000
39.968433 116.538200 15498.000000
39.968436 116.538220 15500.000000
39.968438 116.538245 15502.000000
39.968436 116.538266 15504.000000
39.968434 116.538288 15506.000000
39.968435 116.538312 15508.000000
39.968428 116.538341 15510.000000
39.968426 116.538368 15512.000000
39.968427 116.538399 15514.000000
39.968425 116.538427 15516.000000
39.968417 116.538455 15518.000000
39.968407 116.538482 15520.000000
39.968395 116.538505 15522.000000
39.968384 116.538528 15524.000000
39.968375 116.538551 15526.000000
39.968368 116.538573 15528.000000
39.968363 116.538592 15530.000000
39.968356 116.538619 15532.000000
39.968351 116.538639 15534.000000
39.968342 116.538667 15536.000000
39.968337 116.538697 15538.000000
39.968335 116.538721 15540.000000
39.968335 116.538743 15542.000000
39.968328 116.538765 15544.000000
39.968323 116.538793 15546.000000
39.968311 116.538826 15548.000000
39.968298 116.538864 15550.000000
39.968287 116.538888 15552.000000
39.968270 116.538918 15554.000000
39.968259 116.538954 15556.000000
39.968253 116.538992 15558.000000
39.968243 116.539025 15560.000000
39.968240 116.539061 15562.000000
39.968231 116.539101 15564.000000
39.968229 116.539132 15566.000000
39.968228 116.539163 15568.000000
39.968230 116.539197 15570.000000
39.968232 116.539227 15572.000000
39.968234 116.539261 15574.000000
39.968235 116.539297 15576.000000
39.968232 116.539332 15578.000000
39.968235 116.539358 15580.000000
39.968231 116.539394 15582.000000
39.968228 116.539427 15584.000000
39.968234 116.539453 15586.000000
39.968234 116.539481 15588.000000
39.968235 116.539512 15590.000000
39.968233 116.539548 15592.000000
39.968229 116.539576 15594.000000
39.968225 116.539620 15596.000000
39.968226 116.539647 15598.000000
39.968228 116.539686 15600.000000
39.968225 116.539719 15602.000000
39.968229 116.539749 15604.000000
39.968233 116.539788 15606.000000
39.968231 116.539827 15608.000000
39.968231 116.539857 15610.000000
39.968228 116.539885 15612.000000
39.968227 116.539926 15614.000000
39.968224 116.539954 15616.000000
39.968223 116.539981 15618.000000
39.968214 116.540029 15620.000000
39.968215 116.540067 15622.000000
39.968211 116.540098 15624.000000
39.968216 116.540120 15626.000000
39.968216 116.540147 15628.000000
39.968217 116.540173 15630.000000
39.968218 116.540190 15632.000000
39.968216 116.540221 15634.000000
39.968217 116.540252 15636.000000
39.968226 116.540283 15638.000000
39.968229 116.540319 15640.000000
39.968234 116.540347 15642.000000
39.968233 116.540372 15644.000000
39.968223 116.540405 15646.000000
39.968217 116.540441 15648.000000
39.968213 116.540477 15650.000000
39.968214 116.540510 15652.000000
39.968212 116.540543 15654.000000
39.968207 116.540579 15656.000000
39.968211 116.540608 15658.000000
39.968216 116.540637 15660.000000
39.968220 116.540687 15662.000000
39.968212 116.540713 15664.000000
39.968212 116.540744 15666.000000
39.968212 116.540775 15668.000000
39.968212 116.540814 15670.000000
39.968212 116.540847 15672.000000
39.968212 116.540879 15674.000000
39.968217 116.540908 15676.000000
39.968213 116.540940 15678.000000
39.968211 116.540969 15680.000000
39.968207 116.540997 15682.000000
39.968201 116.541035 15684.000000
39.968205 116.541063 15686.000000
39.968210 116.541098 15688.000000
39.968208 116.541131 15690.000000
39.968201 116.541160 15692.000000
39.968183 116.541188 15694.000000
39.968157 116.541202 15696.000000
39.968132 116.541208 15698.000000
39.968099 116.541211 15700.000000
39.968073 116.541210 15702.000000
39.968043 116.541207 15704.000000
39.968011 116.541206 15706.000000
39.967988 116.541205 15708.000000
39.967967 116.541219 15710.000000
39.967942 116.541236 15712.000000
39.967913 116.541249 15714.000000
39.967885 116.541252 15716.000000
39.967866 116.541256 15718.000000
39.967837 116.541250 15720.000000
39.967811 116.541248 15722.000000
39.967791 116.541246 15724.000000
39.967763 116.541265 15726.000000
39.967741 116.541257 15728.000000
39.967715 116.541269 15730.000000
39.967683 116.541279 15732.000000
39.967656 116.541273 15734.000000
39.967633 116.541272 15736.000000
39.967608 116.541275 15738.000000
39.967585 116.541299 15740.000000
39.967562 116.541297 15742.000000
39.967534 116.541304 15744.000000
39.967506 116.541308 15746.000000
39.967479 116.541308 15748.000000
39.967451 116.541314 15750.000000
39.967425 116.541317 15752.000000
39.967402 116.541318 15754.000000
39.967375 116.541321 15756.000000
39.967349 116.541330 15758.000000
39.967324 116.541337 15760.000000
39.967298 116.541342 15762.000000
39.967274 116.541347 15764.000000
39.967244 116.541352 15766.000000
39.967219 116.541366 15768.000000
39.967198 116.541368 15770.000000
39.967170 116.541372 15772.000000
39.967157 116.541370 15774.000000
39.967135 116.541367 15776.000000
39.967119 116.541355 15778.000000
39.967101 116.541339 15780.000000
39.967084 116.541332 15782.000000
39.967059 116.541323 15784.000000
39.967034 116.541335 15786.000000
39.967008 116.541343 15788.000000
39.966981 116.541344 15790.000000
39.966967 116.541328 15792.000000
39.966945 116.541317 15794.000000
39.966929 116.541309 15796.000000
39.966905 116.541294 15798.000000
39.966885 116.541276 15800.000000
39.966858 116.541268 15802.000000
39.966821 116.541275 15804.000000
39.966793 116.541276 15806.000000
39.966767 116.541296 15808.000000
39.966751 116.541292 15810.000000
39.966728 116.541300 15812.000000
39.966703 116.541299 15814.000000
39.966677 116.541312 15816.000000
39.966651 116.541303 15818.000000
39.966628 116.541317 15820.000000
39.966617 116.541307 15822.000000
39.966589 116.541313 15824.000000
39.966556 116.541323 15826.000000
39.966519 116.541333 15828.000000
39.966494 116.541343 15830.000000
39.966467 116.541341 15832.000000
39.966443 116.541332 15834.000000
39.966429 116.541316 15836.000000
39.966408 116.541304 15838.000000
39.966380 116.541300 15840.000000
39.966354 116.541297 15842.000000
39.966338 116.541280 15844.000000
39.966321 116.541274 15846.000000
39.966306 116.541262 15848.000000
39.966285 116.541255 15850.000000
39.966258 116.541249 15852.000000
39.966233 116.541233 15854.000000
39.966209 116.541225 15856.000000
39.966186 116.541224 15858.000000
39.966159 116.541222 15860.000000
39.966137 116.541220 15862.000000
39.966115 116.541220 15864.000000
39.966097 116.541216 15866.000000
39.966072 116.541215 15868.000000
39.966049 116.541214 15870.000000
39.966023 116.541224 15872.000000
39.965996 116.541223 15874.000000
39.965966 116.541222 15876.000000
39.965946 116.541230 15878.000000
39.965920 116.541230 15880.000000
39.965899 116.541227 15882.000000
39.965873 116.541224 15884.000000
39.965851 116.541224 15886.000000
39.965832 116.541224 15888.000000
39.965809 116.541214 15890.000000
39.965782 116.541203 15892.000000
39.965758 116.541201 15894.000000
39.965735 116.541212 15896.000000
39.965716 116.541212 15898.000000
39.965684 116.541210 15900.000000
39.965662 116.541219 15902.000000
39.965638 116.541214 15904.000000
39.965619 116.541215 15906.000000
39.965597 116.541214 15908.000000
39.965582 116.541218 15910.000000
39.965564 116.541220 15912.000000
39.965540 116.541231 15914.000000
39.965508 116.541237 15916.000000
39.965487 116.541239 15918.000000
39.965464 116.541237 15920.000000
39.965439 116.541231 15922.000000
39.965425 116.541223 15924.000000
39.965402 116.541222 15926.000000
39.965371 116.541222 15928.000000
39.965349 116.541220 15930.000000
39.965322 116.541226 15932.000000
39.965296 116.541229 15934.000000
39.965274 116.541225 15936.000000
39.965249 116.541219 15938.000000
39.965233 116.541214 15940.000000
39.965212 116.541213 15942.000000
39.965185 116.541216 15944.000000
39.965164 116.541209 15946.000000
39.965143 116.541202 15948.000000
39.965122 116.541200 15950.000000
39.965098 116.541202 15952.000000
39.965073 116.541205 15954.000000
39.965052 116.541210 15956.000000
39.965028 116.541216 15958.000000
39.965009 116.541207 15960.000000
39.964983 116.541201 15962.000000
39.964950 116.541219 15964.000000
39.964928 116.541215 15966.000000
39.964901 116.541217 15968.000000
39.964874 116.541206 15970.000000
39.964856 116.541194 15972.000000
39.964835 116.541169 15974.000000
39.964814 116.541148 15976.000000
39.964801 116.541116 15978.000000
39.964788 116.541080 15980.000000
39.964775 116.541064 15982.000000
39.964771 116.541034 15984.000000
39.964770 116.541001 15986.000000
39.964769 116.540977 15988.000000
39.964767 116.540939 15990.000000
39.964772 116.540913 15992.000000
39.964773 116.540885 15994.000000
39.964772 116.540857 15996.000000
39.964769 116.540830 15998.000000
39.964763 116.540814 16000.000000
39.964764 116.540780 16002.000000
39.964773 116.540753 16004.000000
39.964779 116.540712 16006.000000
39.964773 116.540679 16008.000000
39.964774 116.540645 16010.000000
39.964775 116.540611 16012.000000
39.964772 116.540585 16014.000000
39.964774 116.540556 16016.000000
39.964768 116.540526 16018.000000
39.964768 116.540490 16020.000000
39.964764 116.540448 16022.000000
39.964767 116.540409 16024.000000
39.964765 116.540363 16026.000000
39.964764 116.540321 16028.000000
39.964763 116.540283 16030.000000
39.964751 116.540250 16032.000000
39.964752 116.540213 16034.000000
39.964745 116.540181 16036.000000
39.964741 116.540140 16038.000000
39.964737 116.540106 16040.000000
39.964737 116.540079 16042.000000
39.964736 116.540041 16044.000000
39.964734 116.540007 16046.000000
39.964726 116.539951 16048.000000
39.964717 116.539928 16050.000000
39.964700 116.539906 16052.000000
39.964693 116.539878 16054.000000
39.964698 116.539847 16056.000000
39.964704 116.539805 16058.000000
39.964704 116.539765 16060.000000
39.964689 116.539738 16062.000000
39.964690 116.539691 16064.000000
39.964697 116.539648 16066.000000
39.964698 116.539613 16068.000000
39.964694 116.539576 16070.000000
39.964692 116.539544 16072.000000
39.964673 116.539517 16074.000000
39.964667 116.539485 16076.000000
39.964659 116.539451 16078.000000
39.964663 116.539423 16080.000000
39.964660 116.539393 16082.000000
39.964657 116.539366 16084.000000
39.964661 116.539358 16086.000000
39.964660 116.539356 16088.000000
39.964653 116.539333 16090.000000
39.964654 116.539314 16092.000000
39.964660 116.539281 16094.000000
39.964653 116.539265 16096.000000
39.964674 116.539248 16098.000000
39.964723 116.539262 16100.000000
39.964733 116.539246 16102.000000
39.964741 116.539232 16104.000000
39.964748 116.539205 16106.000000
39.964744 116.539159 16108.000000
39.964744 116.539108 16110.000000
39.964756 116.539065 16112.000000
39.964759 116.539022 16114.000000
39.964759 116.538974 16116.000000
39.964761 116.538931 16118.000000
39.964750 116.538871 16120.000000
39.964748 116.538821 16122.000000
39.964747 116.538761 16124.000000
39.964757 116.538723 16126.000000
39.964746 116.538649 16128.000000
39.964709 116.538655 16130.000000
39.964695 116.538633 16132.000000
39.964698 116.538607 16134.000000
39.964693 116.538582 16136.000000
39.964692 116.538559 16138.000000
39.964689 116.538530 16140.000000
39.964689 116.538497 16142.000000
39.964682 116.538458 16144.000000
39.964682 116.538422 16146.000000
39.964687 116.538387 16148.000000
39.964687 116.538340 16150.000000
39.964684 116.538300 16152.000000
39.964686 116.538271 16154.000000
39.964681 116.538218 16156.000000
39.964693 116.538198 16158.000000
39.964703 116.538178 16160.000000
39.964714 116.538142 16162.000000
39.964717 116.538102 16164.000000
39.964697 116.538098 16166.000000
39.964692 116.538071 16168.000000
39.964685 116.538050 16170.000000
39.964689 116.538015 16172.000000
39.964693 116.537981 16174.000000
39.964686 116.537936 16176.000000
39.964668 116.537916 16178.000000
39.964653 116.537894 16180.000000
39.964636 116.537879 16182.000000
39.964631 116.537844 16184.000000
39.964620 116.537808 16186.000000
39.964620 116.537783 16188.000000
39.964622 116.537756 16190.000000
39.964630 116.537729 16192.000000
39.964636 116.537695 16194.000000
39.964647 116.537685 16196.000000
39.964650 116.537663 16198.000000
39.964660 116.537641 16200.000000
39.964666 116.537614 16202.000000
39.964675 116.537610 16204.000000
39.964696 116.537602 16206.000000
39.964706 116.537582 16208.000000
39.964713 116.537571 16210.000000
39.964721 116.537542 16212.000000
39.964730 116.537520 16214.000000
39.964738 116.537491 16216.000000
39.964747 116.537467 16218.000000
39.964756 116.537443 16220.000000
39.964760 116.537418 16222.000000
39.964757 116.537405 16224.000000
39.964749 116.537391 16226.000000
39.964747 116.537372 16228.000000
39.964745 116.537344 16230.000000
39.964742 116.537325 16232.000000
39.964750 116.537299 16234.000000
39.964751 116.537261 16236.000000
39.964755 116.537227 16238.000000
39.964760 116.537192 16240.000000
39.964766 116.537166 16242.000000
39.964775 116.537137 16244.000000
39.964773 116.537117 16246.000000
39.964773 116.537080 16248.000000
39.964772 116.537039 16250.000000
39.964776 116.537001 16252.000000
39.964781 116.536968 16254.000000
39.964787 116.536930 16256.000000
39.964786 116.536900 16258.000000
39.964781 116.536861 16260.000000
39.964780 116.536821 16262.000000
39.964783 116.536791 16264.000000
39.964782 116.536760 16266.000000
39.964781 116.536731 16268.000000
39.964779 116.536696 16270.000000
39.964778 116.536670 16272.000000
39.964777 116.536646 16274.000000
39.964768 116.536621 16276.000000
39.964770 116.536594 16278.000000
39.964770 116.536570 16280.000000
39.964769 116.536539 16282.000000
39.964774 116.536496 16284.000000
39.964776 116.536467 16286.000000
39.964772 116.536429 16288.000000
39.964756 116.536355 16290.000000
39.964760 116.536322 16292.000000
39.964766 116.536300 16294.000000
39.964770 116.536276 16296.000000
39.964769 116.536248 16298.000000
39.964774 116.536219 16300.000000
39.964778 116.536184 16302.000000
39.964771 116.536152 16304.000000
39.964774 116.536122 16306.000000
39.964784 116.536086 16308.000000
39.964783 116.536042 16310.000000
39.964793 116.536001 16312.000000
39.964802 116.535981 16314.000000
39.964807 116.535953 16316.000000
39.964812 116.535913 16318.000000
39.964794 116.535885 16320.000000
39.964791 116.535862 16322.000000
39.964786 116.535827 16324.000000
39.964783 116.535778 16326.000000
39.964778 116.535748 16328.000000
39.964778 116.535721 16330.000000
39.964769 116.535689 16332.000000
39.964768 116.535660 16334.000000
39.964777 116.535627 16336.000000
39.964768 116.535599 16338.000000
39.964760 116.535563 16340.000000
39.964760 116.535545 16342.000000
39.964765 116.535521 16344.000000
39.964772 116.535491 16346.000000
39.964771 116.535462 16348.000000
39.964778 116.535432 16350.000000
39.964784 116.535397 16352.000000
39.964792 116.535364 16354.000000
39.964791 116.535337 16356.000000
39.964783 116.535310 16358.000000
39.964774 116.535292 16360.000000
39.964770 116.535263 16362.000000
39.964777 116.535231 16364.000000
39.964773 116.535208 16366.000000
39.964752 116.535204 16368.000000
39.964740 116.535194 16370.000000
39.964746 116.535156 16372.000000
39.964744 116.535124 16374.000000
39.964742 116.535092 16376.000000
39.964727 116.535060 16378.000000
39.964745 116.535037 16380.000000
39.964730 116.535005 16382.000000
39.964725 116.534972 16384.000000
39.964721 116.534948 16386.000000
39.964731 116.534910 16388.000000
39.964699 116.534885 16390.000000
39.964684 116.534848 16392.000000
39.964686 116.534799 16394.000000
39.964681 116.534759 16396.000000
39.964681 116.534725 16398.000000
39.964673 116.534691 16400.000000
39.964666 116.534655 16402.000000
39.964648 116.534623 16404.000000
39.964623 116.534599 16406.000000
39.964605 116.534591 16408.000000
39.964580 116.534578 16410.000000
39.964563 116.534576 16412.000000
39.964552 116.534571 16414.000000
39.964543 116.534565 16416.000000
39.964536 116.534552 16418.000000
39.964533 116.534536 16420.000000
39.964518 116.534520 16422.000000
39.964501 116.534504 16424.000000
39.964491 116.534487 16426.000000
39.964482 116.534476 16428.000000
39.964473 116.534476 16430.000000
39.964462 116.534469 16432.000000
39.964464 116.534473 16434.000000
39.964471 116.534477 16436.000000
39.964471 116.534474 16438.000000
39.964472 116.534471 16440.000000
39.964473 116.534468 16442.000000
39.964473 116.534468 16444.000000
39.964474 116.534470 16446.000000
39.964474 116.534471 16448.000000
39.964475 116.534472 16450.000000
39.964476 116.534473 16452.000000
39.964477 116.534469 16454.000000
39.964478 116.534463 16456.000000
39.964502 116.534454 16458.000000
39.964517 116.534450 16460.000000
39.964531 116.534457 16462.000000
39.964548 116.534464 16464.000000
39.964564 116.534478 16466.000000
39.964579 116.534480 16468.000000
39.964585 116.534486 16470.000000
39.964586 116.534483 16472.000000
39.964587 116.534478 16474.000000
39.964588 116.534474 16476.000000
39.964589 116.534473 16478.000000
39.964590 116.534471 16480.000000
39.964649 116.534439 16482.000000
39.964697 116.534413 16484.000000
39.964712 116.534411 16486.000000
39.964713 116.534409 16488.000000
39.964714 116.534410 16490.000000
39.964715 116.534409 16492.000000
39.964715 116.534406 16494.000000
39.964716 116.534402 16496.000000
39.964717 116.534397 16498.000000
39.964730 116.534386 16500.000000
39.964759 116.534373 16502.000000
