39.980843 116.327798 8799.000000
39.980826 116.327893 8804.000000
39.980863 116.327897 8809.000000
39.980883 116.327863 8814.000000
39.980878 116.327781 8819.000000
39.980870 116.327711 8824.000000
39.980904 116.327728 8829.000000
39.980962 116.327798 8834.000000
39.980995 116.327862 8839.000000
39.981041 116.327921 8844.000000
39.981008 116.327985 8849.000000
39.981086 116.328069 8854.000000
39.981367 116.328284 8859.000000
39.981430 116.328149 8864.000000
39.981462 116.328105 8869.000000
39.981561 116.328135 8874.000000
39.981563 116.328176 8879.000000
39.981563 116.328223 8884.000000
39.981524 116.328262 8889.000000
39.981456 116.328267 8894.000000
39.981487 116.328042 8899.000000
39.981446 116.327987 8904.000000
39.981410 116.327919 8909.000000
39.981377 116.327836 8914.000000
39.981377 116.327836 8917.000000
39.981377 116.327841 8919.000000
39.981423 116.327862 8924.000000
39.981458 116.327923 8929.000000
39.981425 116.327956 8934.000000
39.981385 116.327936 8939.000000
39.981338 116.327976 8944.000000
39.981338 116.327976 8947.000000
39.981342 116.327977 8949.000000
39.981357 116.327947 8954.000000
39.981435 116.327949 8959.000000
39.981554 116.328000 8964.000000
39.981643 116.328199 8969.000000
39.981366 116.327907 9024.000000
39.981190 116.328085 9029.000000
39.981074 116.328137 9034.000000
39.981018 116.328203 9039.000000
39.980927 116.328241 9044.000000
39.980832 116.328312 9049.000000
39.980784 116.328305 9054.000000
39.980735 116.328301 9059.000000
39.980730 116.328267 9064.000000
39.980770 116.328350 9069.000000
39.980719 116.328367 9074.000000
39.980654 116.328349 9079.000000
39.980667 116.328276 9084.000000
39.980693 116.328165 9089.000000
39.980655 116.328193 9094.000000
39.980594 116.328140 9099.000000
39.980519 116.328150 9104.000000
39.980462 116.328156 9109.000000
39.980360 116.328163 9114.000000
39.980165 116.328170 9119.000000
39.980057 116.328199 9124.000000
39.979979 116.328245 9129.000000
39.979943 116.328279 9134.000000
39.979919 116.328277 9139.000000
39.979952 116.328301 9144.000000
39.979938 116.328344 9149.000000
39.979876 116.328391 9154.000000
39.979749 116.328392 9159.000000
39.979654 116.328462 9164.000000
39.979548 116.328450 9169.000000
39.979475 116.328442 9174.000000
39.979437 116.328426 9179.000000
39.979386 116.328388 9184.000000
39.979298 116.328481 9189.000000
39.979208 116.328494 9194.000000
39.979132 116.328530 9199.000000
39.979095 116.328520 9204.000000
39.979062 116.328559 9209.000000
39.979018 116.328564 9214.000000
39.978995 116.328603 9219.000000
39.978974 116.328610 9224.000000
39.978934 116.328646 9229.000000
39.978881 116.328671 9234.000000
39.978819 116.328675 9239.000000
39.978744 116.328669 9244.000000
39.978542 116.328606 9249.000000
39.978477 116.328636 9254.000000
39.978378 116.328679 9259.000000
39.978310 116.328745 9264.000000
39.978269 116.328808 9269.000000
39.978285 116.328763 9274.000000
39.978313 116.328755 9279.000000
39.978342 116.328749 9284.000000
39.978353 116.328857 9289.000000
39.978357 116.328944 9294.000000
39.978323 116.328989 9299.000000
39.978253 116.329016 9304.000000
39.978134 116.329008 9309.000000
39.978075 116.328992 9314.000000
39.977965 116.328896 9319.000000
39.977885 116.328871 9324.000000
39.977785 116.328806 9329.000000
39.977592 116.328851 9334.000000
39.977525 116.328956 9339.000000
39.977483 116.329090 9344.000000
39.977485 116.329194 9349.000000
39.977496 116.329284 9354.000000
39.977508 116.329353 9359.000000
39.977527 116.329439 9364.000000
39.977568 116.329519 9369.000000
39.977572 116.329592 9374.000000
39.977550 116.329672 9379.000000
39.977562 116.329787 9384.000000
39.977578 116.329894 9389.000000
39.977617 116.329994 9394.000000
39.977663 116.330071 9399.000000
39.977748 116.330168 9404.000000
39.977831 116.330248 9409.000000
39.977906 116.330329 9414.000000
39.978000 116.330396 9419.000000
39.978053 116.330472 9424.000000
39.978086 116.330548 9429.000000
39.978149 116.330613 9434.000000
39.978151 116.330674 9439.000000
39.978155 116.330752 9444.000000
39.978126 116.330806 9449.000000
39.978105 116.330815 9454.000000
39.978048 116.330871 9459.000000
39.978042 116.330859 9464.000000
39.978035 116.330847 9469.000000
39.978053 116.330807 9474.000000
39.977971 116.330708 9479.000000
39.977916 116.330681 9484.000000
39.977887 116.330683 9489.000000
39.977889 116.330715 9494.000000
39.977889 116.330715 9497.000000
39.977886 116.330721 9499.000000
39.977820 116.330710 9504.000000
39.977805 116.330708 9509.000000
39.977795 116.330712 9514.000000
39.977686 116.330681 9519.000000
39.977609 116.330697 9524.000000
39.977580 116.330753 9529.000000
39.977510 116.330822 9534.000000
39.977440 116.330890 9539.000000
39.977368 116.330934 9544.000000
39.977329 116.330967 9549.000000
39.977235 116.330964 9554.000000
39.977218 116.330958 9559.000000
39.977198 116.330961 9564.000000
39.977198 116.330961 9567.000000
39.977192 116.330958 9569.000000
39.977191 116.330941 9574.000000
39.977192 116.331019 9579.000000
39.977203 116.331078 9584.000000
39.977232 116.331135 9589.000000
39.977257 116.331169 9594.000000
39.977306 116.331218 9599.000000
39.977359 116.331253 9604.000000
39.977190 116.331489 9609.000000
39.977070 116.331438 9614.000000
39.977104 116.331314 9619.000000
39.977104 116.331314 9622.000000
39.977101 116.331318 9624.000000
39.977108 116.331302 9629.000000
39.977086 116.331357 9634.000000
39.977077 116.331359 9639.000000
39.977070 116.331342 9644.000000
39.977064 116.331336 9649.000000
39.977064 116.331336 9652.000000
39.977069 116.331339 9654.000000
39.977087 116.331426 9659.000000
39.977098 116.331424 9664.000000
39.977109 116.331369 9669.000000
39.977132 116.331323 9674.000000
39.977139 116.331354 9679.000000
39.977209 116.331299 9684.000000
39.977294 116.331233 9689.000000
39.977297 116.331235 9694.000000
39.977297 116.331235 9697.000000
39.977301 116.331234 9699.000000
39.977314 116.331282 9704.000000
39.977328 116.331399 9709.000000
39.977315 116.331422 9714.000000
39.977297 116.331331 9719.000000
39.977305 116.331279 9724.000000
39.977310 116.331166 9729.000000
39.977308 116.331081 9734.000000
39.977304 116.331068 9739.000000
39.977342 116.331080 9744.000000
39.977393 116.331179 9749.000000
39.977409 116.331185 9754.000000
39.977427 116.331212 9759.000000
39.977436 116.331209 9764.000000
39.977431 116.331182 9769.000000
39.977366 116.331206 9774.000000
39.977305 116.331258 9779.000000
39.977268 116.331233 9784.000000
39.977256 116.331236 9789.000000
39.977219 116.331230 9794.000000
39.977208 116.331213 9799.000000
39.977219 116.331186 9804.000000
39.977247 116.331111 9809.000000
39.977256 116.331073 9814.000000
39.977269 116.331007 9819.000000
39.977257 116.330995 9824.000000
39.977215 116.330968 9829.000000
39.977129 116.330923 9834.000000
39.977017 116.330906 9839.000000
39.976848 116.330735 9844.000000
39.976771 116.330674 9849.000000
39.976695 116.330658 9854.000000
39.976580 116.330458 9859.000000
39.976516 116.330434 9864.000000
39.976471 116.330452 9869.000000
39.976313 116.330578 9874.000000
39.976278 116.330622 9879.000000
39.976262 116.330648 9884.000000
39.976258 116.330660 9889.000000
39.976258 116.330673 9894.000000
