39.909305 116.346852 30188.000000
39.909655 116.346808 30193.000000
39.909621 116.346816 30198.000000
39.909027 116.346884 30203.000000
39.908941 116.346871 30208.000000
39.908937 116.346855 30213.000000
39.908915 116.346871 30218.000000
39.909070 116.346837 30223.000000
39.909098 116.346849 30228.000000
39.909089 116.346850 30233.000000
39.909092 116.346897 30238.000000
39.909123 116.346908 30243.000000
39.909216 116.346942 30248.000000
39.909218 116.346895 30253.000000
39.909243 116.346871 30258.000000
39.909266 116.346865 30263.000000
39.909273 116.346853 30268.000000
39.909339 116.346745 30273.000000
39.909355 116.346690 30278.000000
39.909382 116.346639 30283.000000
39.909415 116.346613 30288.000000
39.909545 116.346624 30293.000000
39.909653 116.346730 30298.000000
39.909703 116.346810 30303.000000
39.909725 116.346884 30308.000000
39.909755 116.346917 30313.000000
39.909767 116.346979 30318.000000
39.909785 116.347043 30323.000000
39.909834 116.347119 30328.000000
39.909833 116.347188 30333.000000
39.909838 116.347246 30338.000000
39.909862 116.347317 30343.000000
39.909840 116.347386 30348.000000
39.909847 116.347468 30353.000000
39.909972 116.347541 30358.000000
39.909956 116.347594 30363.000000
39.909941 116.347637 30368.000000
39.909936 116.347678 30373.000000
39.909893 116.347699 30378.000000
39.909912 116.347765 30383.000000
39.909881 116.347790 30388.000000
39.909859 116.347863 30393.000000
39.909807 116.347911 30398.000000
39.909777 116.347962 30403.000000
39.909776 116.348033 30408.000000
39.909775 116.348067 30413.000000
39.909763 116.348091 30418.000000
39.909714 116.348130 30423.000000
39.909699 116.348137 30428.000000
39.909771 116.348159 30433.000000
39.909805 116.348172 30438.000000
39.909821 116.348187 30443.000000
39.909798 116.348214 30448.000000
39.909685 116.348252 30453.000000
39.909252 116.348271 30458.000000
