39.911730 116.347334 42353.000000
39.911987 116.346889 42355.000000
39.912019 116.346804 42357.000000
39.912002 116.346838 42359.000000
39.912054 116.346820 42361.000000
39.912041 116.346816 42363.000000
39.912034 116.346815 42365.000000
39.912031 116.346815 42367.000000
39.912036 116.346814 42369.000000
39.912045 116.346813 42371.000000
39.912068 116.346809 42373.000000
39.912105 116.346817 42375.000000
39.912136 116.346841 42377.000000
39.912167 116.346864 42379.000000
39.912195 116.346883 42381.000000
39.912229 116.346893 42383.000000
39.912259 116.346912 42385.000000
39.912292 116.346934 42387.000000
39.912344 116.346950 42389.000000
39.912407 116.346981 42391.000000
39.912465 116.347003 42393.000000
39.912523 116.346985 42395.000000
39.912606 116.346897 42397.000000
39.912639 116.346853 42399.000000
39.912638 116.346780 42401.000000
39.912642 116.346661 42403.000000
39.912655 116.346498 42405.000000
39.912669 116.346307 42407.000000
39.912667 116.346088 42409.000000
39.912660 116.345837 42411.000000
39.912659 116.345588 42413.000000
39.912674 116.345345 42415.000000
39.912684 116.345074 42417.000000
39.912736 116.344784 42419.000000
39.912769 116.344539 42421.000000
39.912781 116.344284 42423.000000
39.912793 116.344034 42425.000000
39.912819 116.343790 42427.000000
39.912825 116.343546 42429.000000
39.912821 116.343312 42431.000000
39.912741 116.343103 42433.000000
39.912720 116.342863 42435.000000
39.912719 116.342634 42437.000000
39.912728 116.342430 42439.000000
39.912742 116.342256 42441.000000
39.912764 116.342116 42443.000000
39.912783 116.341999 42445.000000
39.912798 116.341899 42447.000000
39.912805 116.341826 42449.000000
39.912815 116.341778 42451.000000
39.912824 116.341747 42453.000000
39.912832 116.341734 42455.000000
39.912837 116.341721 42457.000000
39.912836 116.341687 42459.000000
39.912820 116.341595 42461.000000
39.912815 116.341470 42463.000000
39.912887 116.341279 42465.000000
39.912915 116.341138 42467.000000
39.912909 116.340915 42469.000000
39.912906 116.340697 42471.000000
39.912932 116.340513 42473.000000
39.912947 116.340332 42475.000000
39.912915 116.340095 42477.000000
39.912969 116.339873 42479.000000
39.913000 116.339707 42481.000000
39.913028 116.339582 42483.000000
39.912985 116.339518 42485.000000
39.912958 116.339444 42487.000000
39.912934 116.339426 42489.000000
39.912930 116.339398 42491.000000
39.912916 116.339381 42493.000000
39.912902 116.339369 42495.000000
39.912998 116.339362 42497.000000
39.913029 116.339346 42499.000000
39.913046 116.339334 42501.000000
39.913060 116.339311 42503.000000
39.913076 116.339262 42505.000000
39.913127 116.339242 42507.000000
39.913192 116.339227 42509.000000
39.913255 116.339237 42511.000000
39.913339 116.339229 42513.000000
39.913469 116.339201 42515.000000
39.913616 116.339142 42517.000000
39.913769 116.339106 42519.000000
39.913955 116.339083 42521.000000
39.914166 116.339118 42523.000000
39.914365 116.339071 42525.000000
39.914556 116.339049 42527.000000
39.914749 116.339012 42529.000000
39.914917 116.338942 42531.000000
39.915117 116.338966 42533.000000
39.915280 116.338974 42535.000000
39.915415 116.338964 42537.000000
39.915553 116.338951 42539.000000
39.915706 116.338947 42541.000000
39.915866 116.338927 42543.000000
39.916015 116.338902 42545.000000
39.916152 116.338890 42547.000000
39.916287 116.338883 42549.000000
39.916407 116.338891 42551.000000
39.916508 116.338896 42553.000000
39.916551 116.338982 42555.000000
39.916586 116.338988 42557.000000
39.916629 116.338962 42559.000000
39.916648 116.338932 42561.000000
39.916643 116.338920 42563.000000
39.916645 116.338919 42565.000000
39.916644 116.338919 42567.000000
39.916646 116.338915 42569.000000
39.916651 116.338907 42571.000000
39.916654 116.338903 42573.000000
39.916657 116.338898 42575.000000
39.916653 116.338881 42577.000000
39.916654 116.338880 42579.000000
39.916652 116.338879 42581.000000
39.916650 116.338879 42583.000000
39.916648 116.338878 42585.000000
39.916651 116.338878 42587.000000
39.916652 116.338878 42589.000000
39.916652 116.338879 42591.000000
39.916651 116.338880 42593.000000
39.916651 116.338880 42595.000000
39.916652 116.338880 42597.000000
39.916652 116.338880 42599.000000
39.916653 116.338881 42601.000000
39.916657 116.338884 42603.000000
39.916682 116.338896 42605.000000
39.916759 116.338898 42607.000000
39.916881 116.338889 42609.000000
39.917049 116.338841 42611.000000
39.917212 116.338795 42613.000000
39.917374 116.338771 42615.000000
39.917521 116.338749 42617.000000
39.917664 116.338742 42619.000000
39.917780 116.338719 42621.000000
39.917862 116.338693 42623.000000
39.917926 116.338675 42625.000000
39.917938 116.338679 42627.000000
39.917951 116.338685 42629.000000
39.917945 116.338694 42631.000000
39.917947 116.338694 42633.000000
39.917947 116.338694 42635.000000
39.917945 116.338694 42637.000000
39.917944 116.338694 42639.000000
39.917941 116.338694 42641.000000
39.917940 116.338695 42643.000000
39.917959 116.338700 42645.000000
39.918031 116.338697 42647.000000
39.918121 116.338680 42649.000000
39.918254 116.338670 42651.000000
39.918414 116.338627 42653.000000
39.918585 116.338603 42655.000000
39.918767 116.338606 42657.000000
39.918947 116.338596 42659.000000
39.919141 116.338608 42661.000000
39.919340 116.338601 42663.000000
39.919556 116.338601 42665.000000
39.919768 116.338613 42667.000000
39.919962 116.338615 42669.000000
39.920166 116.338581 42671.000000
39.920352 116.338563 42673.000000
39.920531 116.338535 42675.000000
39.920702 116.338515 42677.000000
39.920861 116.338494 42679.000000
39.921000 116.338472 42681.000000
39.921117 116.338455 42683.000000
39.921199 116.338404 42685.000000
39.921301 116.338400 42687.000000
39.921388 116.338390 42689.000000
39.921450 116.338372 42691.000000
39.921525 116.338420 42693.000000
39.921725 116.338476 42785.000000
39.921838 116.338485 42787.000000
39.921965 116.338466 42789.000000
39.922113 116.338435 42791.000000
39.922273 116.338411 42793.000000
39.922425 116.338382 42795.000000
39.922587 116.338352 42797.000000
39.922751 116.338329 42799.000000
39.922928 116.338297 42801.000000
39.923101 116.338260 42803.000000
39.923275 116.338230 42805.000000
39.923446 116.338231 42807.000000
39.923598 116.338213 42809.000000
39.923732 116.338203 42811.000000
39.923852 116.338212 42813.000000
39.923958 116.338224 42815.000000
39.924034 116.338230 42817.000000
39.924083 116.338191 42819.000000
39.924108 116.338126 42821.000000
39.924186 116.338053 42823.000000
39.924298 116.337974 42825.000000
39.924431 116.337929 42827.000000
39.924623 116.337984 42829.000000
39.924813 116.338010 42831.000000
39.925013 116.338015 42833.000000
39.925201 116.337993 42835.000000
39.925385 116.337980 42837.000000
39.925560 116.337967 42839.000000
39.925719 116.337952 42841.000000
39.925872 116.337945 42843.000000
39.925994 116.337955 42845.000000
39.926096 116.337946 42847.000000
39.926144 116.337933 42849.000000
39.926186 116.337925 42851.000000
39.926248 116.337922 42853.000000
39.926356 116.337907 42855.000000
39.926447 116.337903 42857.000000
39.926574 116.337872 42859.000000
39.926706 116.337856 42861.000000
39.926846 116.337858 42863.000000
39.926974 116.337860 42865.000000
39.927095 116.337866 42867.000000
39.927214 116.337911 42869.000000
39.927305 116.337898 42871.000000
39.927389 116.337887 42873.000000
39.927454 116.337870 42875.000000
39.927508 116.337866 42877.000000
39.927570 116.337846 42879.000000
39.927597 116.337874 42881.000000
39.927629 116.337872 42883.000000
39.927655 116.337820 42885.000000
39.927698 116.337776 42887.000000
39.927774 116.337766 42889.000000
39.927865 116.337797 42891.000000
39.927924 116.337761 42893.000000
39.927991 116.337766 42895.000000
39.928061 116.337769 42897.000000
