39.898112 116.341241 4956.000000
39.898114 116.341330 4958.000000
39.898195 116.341257 4960.000000
39.898218 116.341296 4962.000000
39.898219 116.341312 4964.000000
39.898226 116.341324 4966.000000
39.898249 116.341317 4968.000000
39.898258 116.341288 4970.000000
39.898256 116.341318 4972.000000
39.898256 116.341346 4974.000000
39.898251 116.341377 4976.000000
39.898220 116.341446 4978.000000
39.898218 116.341486 4980.000000
39.898206 116.341508 4982.000000
39.898211 116.341551 4984.000000
39.898232 116.341620 4986.000000
39.898246 116.341656 4988.000000
39.898240 116.341692 4990.000000
39.898245 116.341724 4992.000000
39.898244 116.341753 4994.000000
39.898249 116.341784 4996.000000
39.898179 116.341878 4998.000000
39.898170 116.341896 5000.000000
39.898168 116.341909 5002.000000
39.898165 116.341912 5004.000000
39.898149 116.341925 5006.000000
39.898130 116.341942 5008.000000
39.898119 116.341951 5010.000000
39.898107 116.341963 5012.000000
