40.067359 116.404961 50690.000000
40.067439 116.404851 50691.000000
40.067467 116.404878 50696.000000
40.067376 116.404915 50699.000000
40.067362 116.404954 50704.000000
40.066183 116.404745 50710.000000
40.066226 116.404749 50715.000000
40.066226 116.404749 50718.000000
40.066225 116.404741 50720.000000
40.066201 116.404719 50725.000000
40.066224 116.404730 50730.000000
40.066232 116.404745 50735.000000
40.066218 116.404759 50740.000000
40.066185 116.404810 50745.000000
40.066147 116.404881 50750.000000
40.066103 116.404922 50755.000000
40.066126 116.404897 50760.000000
40.066141 116.404858 50765.000000
40.066137 116.404837 50770.000000
40.066126 116.404879 50775.000000
40.066127 116.404915 50780.000000
40.066127 116.404915 50783.000000
40.066134 116.404922 50785.000000
40.066115 116.404883 50790.000000
40.066076 116.404907 50795.000000
40.066012 116.404928 50800.000000
40.065975 116.404932 50805.000000
40.065987 116.404909 50810.000000
40.065987 116.404862 50815.000000
40.066006 116.404861 50820.000000
40.066086 116.404822 50825.000000
40.066113 116.404833 50830.000000
40.066103 116.404858 50835.000000
40.066094 116.404884 50840.000000
40.066083 116.404893 50845.000000
40.066126 116.404883 50850.000000
40.066184 116.404890 50855.000000
40.066223 116.404884 50860.000000
40.066229 116.404871 50865.000000
40.066238 116.404876 50870.000000
40.066254 116.404832 50875.000000
40.066257 116.404819 50880.000000
40.066197 116.404873 50885.000000
40.066190 116.404900 50890.000000
40.066251 116.404877 50895.000000
40.066283 116.404838 50900.000000
40.066342 116.404797 50905.000000
40.066307 116.404802 50910.000000
40.066308 116.404816 50915.000000
40.066322 116.404808 50920.000000
40.066327 116.404770 50925.000000
40.066325 116.404786 50930.000000
40.066289 116.404817 50935.000000
40.066214 116.404851 50940.000000
40.066164 116.404845 50945.000000
40.066133 116.404852 50950.000000
40.066105 116.404858 50955.000000
40.066033 116.404872 50960.000000
40.066037 116.404900 50965.000000
40.066066 116.404887 50970.000000
40.066046 116.404928 50975.000000
40.065988 116.404971 50980.000000
40.065974 116.404985 50985.000000
40.065954 116.404977 50990.000000
40.066005 116.404935 50995.000000
40.066078 116.404870 51000.000000
40.066146 116.404816 51005.000000
40.066200 116.404785 51010.000000
40.066259 116.404761 51015.000000
40.066276 116.404811 51020.000000
40.066238 116.404851 51025.000000
40.066207 116.404854 51030.000000
40.066199 116.404876 51035.000000
40.066214 116.404863 51040.000000
40.066197 116.404861 51045.000000
40.066226 116.404840 51050.000000
40.066293 116.404802 51055.000000
40.066356 116.404745 51060.000000
40.066373 116.404751 51065.000000
40.066330 116.404834 51070.000000
40.066271 116.404906 51075.000000
40.066219 116.404910 51080.000000
40.066138 116.404942 51085.000000
40.066080 116.404963 51090.000000
40.066022 116.404983 51095.000000
40.066001 116.404975 51100.000000
40.066074 116.404947 51105.000000
40.066145 116.404870 51109.000000
40.066134 116.404867 51114.000000
40.066061 116.404933 51119.000000
40.066072 116.404917 51124.000000
40.066085 116.404921 51129.000000
40.066100 116.404935 51134.000000
40.066086 116.404944 51139.000000
40.066101 116.404952 51144.000000
40.066136 116.404914 51149.000000
40.066172 116.404868 51154.000000
40.066230 116.404797 51159.000000
40.066241 116.404758 51164.000000
