39.980656 116.327723 38615.000000
39.980667 116.327704 38617.000000
39.980671 116.327681 38619.000000
39.980670 116.327679 38621.000000
39.980667 116.327677 38623.000000
39.980666 116.327676 38625.000000
39.980666 116.327675 38627.000000
39.980667 116.327675 38629.000000
39.980667 116.327674 38631.000000
39.980667 116.327673 38633.000000
39.980667 116.327674 38635.000000
39.980671 116.327676 38637.000000
39.980674 116.327679 38639.000000
39.980676 116.327681 38641.000000
39.980678 116.327682 38643.000000
39.980681 116.327685 38645.000000
39.980684 116.327687 38647.000000
39.980686 116.327689 38649.000000
39.980687 116.327689 38651.000000
39.980687 116.327689 38653.000000
39.980687 116.327689 38655.000000
39.980688 116.327689 38657.000000
39.980687 116.327688 38659.000000
39.980687 116.327688 38661.000000
39.980689 116.327689 38663.000000
39.980691 116.327692 38665.000000
39.980694 116.327695 38667.000000
39.980719 116.327732 38669.000000
39.980733 116.327764 38671.000000
39.980729 116.327774 38673.000000
39.980736 116.327782 38675.000000
39.980753 116.327791 38677.000000
39.980766 116.327806 38679.000000
39.980768 116.327801 38681.000000
39.980769 116.327799 38683.000000
39.980775 116.327800 38685.000000
39.980781 116.327805 38687.000000
39.980781 116.327805 38689.000000
39.980781 116.327805 38691.000000
39.980781 116.327804 38693.000000
39.980779 116.327803 38695.000000
39.980777 116.327802 38697.000000
39.980775 116.327799 38699.000000
39.980772 116.327797 38701.000000
39.980769 116.327796 38703.000000
39.980766 116.327793 38705.000000
39.980763 116.327791 38707.000000
39.980761 116.327789 38709.000000
39.980758 116.327787 38711.000000
39.980756 116.327786 38713.000000
39.980755 116.327785 38715.000000
39.980756 116.327786 38717.000000
39.980755 116.327785 38719.000000
39.980754 116.327784 38721.000000
39.980754 116.327783 38723.000000
39.980754 116.327783 38725.000000
39.980754 116.327782 38727.000000
39.980756 116.327783 38729.000000
39.980759 116.327785 38731.000000
39.980763 116.327787 38733.000000
39.980755 116.327794 38735.000000
39.980759 116.327794 38737.000000
39.980762 116.327785 38739.000000
39.980752 116.327798 38741.000000
39.980747 116.327809 38743.000000
39.980730 116.327823 38745.000000
39.980722 116.327830 38747.000000
39.980725 116.327833 38749.000000
39.980718 116.327863 38751.000000
39.980720 116.327887 38753.000000
39.980726 116.327900 38755.000000
39.980725 116.327909 38757.000000
39.980717 116.327904 38759.000000
39.980714 116.327901 38761.000000
39.980717 116.327886 38763.000000
39.980721 116.327869 38765.000000
39.980725 116.327858 38767.000000
39.980724 116.327857 38769.000000
39.980722 116.327855 38771.000000
39.980720 116.327854 38773.000000
39.980721 116.327854 38775.000000
39.980721 116.327854 38777.000000
39.980719 116.327852 38779.000000
39.980714 116.327844 38781.000000
39.980704 116.327831 38783.000000
39.980698 116.327806 38785.000000
39.980687 116.327788 38787.000000
39.980676 116.327767 38789.000000
39.980660 116.327752 38791.000000
39.980649 116.327742 38793.000000
39.980640 116.327745 38795.000000
39.980631 116.327757 38797.000000
39.980631 116.327756 38799.000000
39.980629 116.327755 38801.000000
39.980627 116.327753 38803.000000
39.980624 116.327750 38805.000000
39.980606 116.327730 38807.000000
39.980609 116.327696 38809.000000
39.980617 116.327674 38811.000000
39.980622 116.327643 38813.000000
39.980619 116.327599 38815.000000
39.980606 116.327551 38817.000000
39.980590 116.327513 38819.000000
39.980573 116.327480 38821.000000
39.980558 116.327467 38823.000000
39.980553 116.327455 38825.000000
39.980547 116.327432 38827.000000
39.980543 116.327416 38829.000000
39.980552 116.327437 38831.000000
39.980576 116.327466 38833.000000
39.980579 116.327484 38835.000000
39.980604 116.327537 38837.000000
39.980616 116.327574 38839.000000
39.980629 116.327603 38841.000000
39.980641 116.327619 38843.000000
39.980653 116.327631 38845.000000
39.980668 116.327660 38847.000000
39.980669 116.327693 38849.000000
39.980665 116.327695 38851.000000
39.980662 116.327724 38853.000000
39.980656 116.327766 38855.000000
39.980656 116.327789 38857.000000
39.980646 116.327804 38859.000000
39.980640 116.327816 38861.000000
39.980652 116.327829 38863.000000
39.980655 116.327830 38865.000000
39.980655 116.327830 38867.000000
39.980655 116.327830 38869.000000
39.980655 116.327829 38871.000000
39.980659 116.327832 38873.000000
39.980665 116.327839 38875.000000
39.980670 116.327840 38877.000000
39.980673 116.327833 38879.000000
39.980683 116.327818 38881.000000
39.980693 116.327799 38883.000000
39.980698 116.327785 38885.000000
39.980698 116.327775 38887.000000
39.980701 116.327765 38889.000000
39.980702 116.327765 38891.000000
39.980700 116.327763 38893.000000
39.980699 116.327761 38895.000000
39.980698 116.327759 38897.000000
39.980698 116.327760 38899.000000
39.980699 116.327760 38901.000000
39.980696 116.327759 38903.000000
39.980694 116.327757 38905.000000
39.980696 116.327760 38907.000000
39.980695 116.327760 38909.000000
39.980697 116.327761 38911.000000
39.980700 116.327763 38913.000000
39.980701 116.327765 38915.000000
39.980703 116.327766 38917.000000
39.980701 116.327766 38919.000000
39.980699 116.327764 38921.000000
39.980696 116.327761 38923.000000
39.980694 116.327760 38925.000000
39.980693 116.327760 38927.000000
39.980694 116.327762 38929.000000
39.980696 116.327764 38931.000000
39.980699 116.327782 38933.000000
39.980706 116.327806 38935.000000
39.980699 116.327817 38937.000000
39.980707 116.327816 38939.000000
39.980710 116.327815 38941.000000
39.980711 116.327809 38943.000000
39.980710 116.327808 38945.000000
39.980708 116.327806 38947.000000
39.980704 116.327797 38949.000000
39.980699 116.327782 38951.000000
39.980695 116.327769 38953.000000
39.980688 116.327765 38955.000000
39.980679 116.327758 38957.000000
39.980671 116.327746 38959.000000
39.980659 116.327737 38961.000000
39.980650 116.327726 38963.000000
39.980644 116.327713 38965.000000
39.980639 116.327699 38967.000000
39.980631 116.327684 38969.000000
39.980628 116.327672 38971.000000
39.980619 116.327665 38973.000000
39.980614 116.327675 38975.000000
39.980613 116.327700 38977.000000
39.980618 116.327730 38979.000000
39.980624 116.327769 38981.000000
39.980627 116.327823 38983.000000
39.980631 116.327890 38985.000000
39.980647 116.327956 38987.000000
39.980657 116.328012 38989.000000
39.980670 116.328060 38991.000000
39.980677 116.328081 38993.000000
39.980698 116.328068 38995.000000
39.980700 116.328036 38997.000000
39.980702 116.327995 38999.000000
39.980715 116.327964 39001.000000
39.980725 116.327931 39003.000000
39.980725 116.327894 39005.000000
39.980727 116.327865 39007.000000
39.980740 116.327842 39009.000000
39.980749 116.327821 39011.000000
39.980755 116.327795 39013.000000
39.980761 116.327781 39015.000000
39.980761 116.327775 39017.000000
39.980762 116.327774 39019.000000
39.980766 116.327774 39021.000000
39.980764 116.327776 39023.000000
39.980764 116.327776 39025.000000
39.980762 116.327776 39027.000000
39.980760 116.327776 39029.000000
39.980770 116.327768 39031.000000
39.980774 116.327758 39033.000000
39.980784 116.327739 39035.000000
39.980789 116.327728 39037.000000
39.980789 116.327727 39039.000000
39.980789 116.327727 39041.000000
39.980790 116.327728 39043.000000
39.980789 116.327726 39045.000000
39.980786 116.327723 39047.000000
39.980783 116.327720 39049.000000
39.980781 116.327719 39051.000000
39.980779 116.327716 39053.000000
39.980775 116.327714 39055.000000
39.980772 116.327711 39057.000000
39.980769 116.327708 39059.000000
39.980769 116.327708 39061.000000
39.980771 116.327720 39063.000000
39.980768 116.327740 39065.000000
39.980759 116.327754 39067.000000
39.980752 116.327763 39069.000000
39.980754 116.327770 39071.000000
39.980757 116.327772 39073.000000
39.980758 116.327773 39075.000000
39.980760 116.327775 39077.000000
39.980761 116.327777 39079.000000
39.980763 116.327779 39081.000000
39.980766 116.327783 39083.000000
39.980769 116.327785 39085.000000
39.980771 116.327788 39087.000000
39.980775 116.327792 39089.000000
39.980784 116.327790 39091.000000
39.980786 116.327789 39093.000000
39.980802 116.327792 39095.000000
39.980813 116.327810 39097.000000
39.980825 116.327824 39099.000000
39.980823 116.327849 39101.000000
39.980823 116.327865 39103.000000
39.980826 116.327878 39105.000000
39.980838 116.327881 39107.000000
39.980841 116.327874 39109.000000
39.980838 116.327868 39111.000000
39.980835 116.327866 39113.000000
39.980835 116.327867 39115.000000
39.980838 116.327870 39117.000000
39.980830 116.327893 39119.000000
39.980824 116.327915 39121.000000
39.980819 116.327924 39123.000000
39.980808 116.327933 39125.000000
39.980793 116.327941 39127.000000
39.980784 116.327952 39129.000000
39.980775 116.327948 39131.000000
39.980764 116.327941 39133.000000
39.980765 116.327942 39135.000000
39.980765 116.327942 39137.000000
39.980765 116.327942 39139.000000
39.980765 116.327941 39141.000000
39.980764 116.327940 39143.000000
39.980764 116.327940 39145.000000
39.980768 116.327943 39147.000000
39.980770 116.327938 39149.000000
39.980775 116.327934 39151.000000
39.980781 116.327928 39153.000000
39.980788 116.327923 39155.000000
39.980793 116.327932 39157.000000
39.980804 116.327949 39159.000000
39.980829 116.327957 39161.000000
39.980843 116.327974 39163.000000
39.980852 116.327990 39165.000000
39.980856 116.328006 39167.000000
39.980863 116.328011 39169.000000
39.980871 116.328011 39171.000000
39.980871 116.328021 39173.000000
39.980869 116.328013 39175.000000
39.980864 116.328001 39177.000000
39.980860 116.327980 39179.000000
39.980858 116.327953 39181.000000
39.980865 116.327931 39183.000000
