39.977887 116.309542 31097.000000
39.977928 116.309472 31102.000000
39.977972 116.309425 31107.000000
39.978008 116.309333 31112.000000
39.978040 116.309260 31117.000000
39.978060 116.309168 31122.000000
39.978090 116.309067 31127.000000
39.978133 116.309035 31132.000000
39.978138 116.308972 31137.000000
39.978165 116.308922 31142.000000
39.978193 116.308857 31147.000000
39.978203 116.308767 31152.000000
39.978233 116.308692 31157.000000
39.978263 116.308588 31162.000000
39.978332 116.308548 31167.000000
39.978392 116.308523 31172.000000
39.978443 116.308450 31177.000000
39.978453 116.308333 31182.000000
39.978472 116.308235 31187.000000
39.978488 116.308160 31192.000000
39.978502 116.308062 31197.000000
39.978492 116.307927 31202.000000
39.978478 116.307838 31207.000000
39.978503 116.307750 31212.000000
39.978530 116.307655 31217.000000
39.978540 116.307555 31222.000000
39.978537 116.307483 31227.000000
39.978565 116.307402 31232.000000
39.978633 116.307337 31237.000000
39.978693 116.307255 31242.000000
39.978698 116.307142 31247.000000
39.978692 116.307108 31252.000000
39.978687 116.307050 31257.000000
39.978702 116.306973 31262.000000
39.978737 116.306860 31267.000000
39.978738 116.306818 31270.000000
39.978793 116.306725 31275.000000
39.978837 116.306628 31280.000000
39.978892 116.306585 31285.000000
39.978962 116.306560 31290.000000
39.979013 116.306543 31295.000000
39.979078 116.306542 31300.000000
39.979092 116.306535 31305.000000
39.979140 116.306538 31310.000000
39.979192 116.306500 31315.000000
39.979247 116.306455 31320.000000
39.979308 116.306443 31325.000000
39.979393 116.306467 31330.000000
39.979420 116.306397 31335.000000
39.979418 116.306305 31340.000000
39.979417 116.306247 31345.000000
39.979443 116.306115 31350.000000
39.979435 116.306013 31355.000000
39.979415 116.305942 31360.000000
