40.003328 116.332428 29314.000000
40.003355 116.332448 29315.000000
40.003427 116.332517 29318.000000
40.003495 116.332575 29321.000000
40.003577 116.332647 29324.000000
40.003648 116.332718 29327.000000
40.003720 116.332783 29330.000000
40.003777 116.332860 29333.000000
40.003853 116.332928 29336.000000
40.003932 116.332992 29339.000000
40.004003 116.333065 29342.000000
40.004078 116.333138 29345.000000
40.004202 116.333203 29348.000000
40.004260 116.333295 29351.000000
40.004305 116.333350 29354.000000
40.004363 116.333397 29357.000000
40.004450 116.333463 29360.000000
40.004507 116.333532 29363.000000
40.004582 116.333588 29366.000000
40.004643 116.333663 29369.000000
40.004732 116.333733 29372.000000
40.004860 116.333795 29375.000000
40.004992 116.333855 29378.000000
40.005032 116.333918 29381.000000
40.005078 116.333990 29384.000000
40.005137 116.334063 29387.000000
40.005263 116.334115 29390.000000
40.005388 116.334172 29393.000000
40.005483 116.334250 29396.000000
40.005537 116.334322 29399.000000
40.005682 116.334383 29402.000000
40.005778 116.334448 29405.000000
40.005790 116.334518 29408.000000
40.005792 116.334620 29411.000000
40.005812 116.334733 29414.000000
40.005870 116.334790 29417.000000
40.005932 116.334837 29420.000000
40.006012 116.334902 29423.000000
40.006092 116.334962 29426.000000
40.006152 116.335058 29429.000000
40.006215 116.335153 29432.000000
40.006298 116.335217 29435.000000
40.006355 116.335303 29438.000000
40.006440 116.335343 29441.000000
40.006530 116.335388 29444.000000
40.006610 116.335472 29447.000000
40.006687 116.335552 29450.000000
40.006773 116.335595 29453.000000
40.006862 116.335643 29456.000000
40.006937 116.335700 29459.000000
40.007025 116.335752 29462.000000
40.007088 116.335813 29465.000000
40.007168 116.335882 29468.000000
40.007248 116.335947 29471.000000
40.007342 116.336023 29474.000000
40.007442 116.336100 29477.000000
40.007533 116.336167 29480.000000
40.007633 116.336228 29483.000000
40.007725 116.336302 29486.000000
40.007808 116.336373 29489.000000
40.007873 116.336458 29492.000000
40.007908 116.336575 29495.000000
40.007982 116.336647 29498.000000
40.008078 116.336683 29501.000000
40.008173 116.336730 29504.000000
40.008277 116.336777 29507.000000
40.008342 116.336868 29510.000000
40.008423 116.336937 29513.000000
40.008517 116.336982 29516.000000
40.008610 116.337027 29519.000000
40.008653 116.337088 29522.000000
40.008687 116.337172 29525.000000
40.008738 116.337262 29528.000000
40.008735 116.337327 29531.000000
40.008745 116.337405 29534.000000
