40.030388 116.409093 37099.000000
40.030507 116.409218 37101.000000
40.030567 116.409328 37103.000000
40.030590 116.409385 37105.000000
40.030558 116.409387 37108.000000
40.030542 116.409413 37110.000000
40.030532 116.409463 37112.000000
40.030540 116.409550 37114.000000
40.030560 116.409632 37116.000000
40.030582 116.409692 37118.000000
40.030607 116.409732 37120.000000
40.030623 116.409742 37122.000000
40.030628 116.409732 37124.000000
40.030623 116.409682 37126.000000
40.030622 116.409607 37128.000000
40.030610 116.409467 37134.000000
40.030610 116.409462 37136.000000
40.030612 116.409450 37138.000000
40.030618 116.409433 37140.000000
40.030633 116.409408 37142.000000
40.030640 116.409378 37144.000000
