39.966167 116.346683 53473.000000
39.966200 116.355667 53541.000000
39.966550 116.371567 53629.000000
39.966250 116.372567 53640.000000
39.966217 116.373717 53652.000000
39.963383 116.373700 53678.000000
39.955500 116.372983 53728.000000
39.950600 116.373067 53768.000000
39.949217 116.372483 53785.000000
39.948333 116.372500 53796.000000
39.947833 116.372800 53803.000000
39.947267 116.372850 53810.000000
39.946983 116.373133 53815.000000
39.947167 116.373917 53823.000000
39.947267 116.376217 53849.000000
39.947350 116.380617 53884.000000
