39.911733 116.602750 7.000000
39.911267 116.595217 59.000000
39.911433 116.594517 67.000000
39.911583 116.593950 77.000000
39.911467 116.593500 86.000000
39.911117 116.593267 93.000000
39.910750 116.593467 100.000000
39.909950 116.594217 112.000000
39.909600 116.594317 121.000000
39.909350 116.594350 139.000000
39.909133 116.594367 147.000000
39.908817 116.594450 159.000000
39.908617 116.594550 167.000000
39.908417 116.594383 172.000000
39.908417 116.592100 221.000000
39.908417 116.591617 258.000000
39.908383 116.590967 343.000000
39.908383 116.590517 392.000000
39.908400 116.590333 407.000000
