40.069417 116.330438 3550.000000
40.069392 116.330387 3554.000000
40.069408 116.330332 3556.000000
40.069197 116.324822 3585.000000
40.069227 116.323417 3591.000000
40.069217 116.322127 3597.000000
40.069137 116.320985 3603.000000
40.069070 116.319875 3609.000000
40.069110 116.318705 3615.000000
40.069212 116.317575 3621.000000
40.069297 116.316392 3628.000000
40.069300 116.315652 3634.000000
40.068978 116.314780 3646.000000
40.069037 116.314560 3650.000000
40.069070 116.314412 3654.000000
40.069108 116.314302 3658.000000
40.069135 116.314240 3662.000000
40.069153 116.314220 3664.000000
40.069168 116.314195 3666.000000
40.069202 116.314157 3668.000000
40.069225 116.314142 3670.000000
40.069263 116.314120 3672.000000
40.069313 116.314085 3674.000000
40.069370 116.314035 3676.000000
40.069447 116.313970 3678.000000
40.069557 116.313893 3681.000000
40.069598 116.313867 3683.000000
40.069637 116.313865 3685.000000
40.069663 116.313892 3688.000000
40.069653 116.313920 3690.000000
40.069538 116.314043 3697.000000
40.069482 116.314012 3699.000000
40.069435 116.313983 3701.000000
40.069302 116.313842 3705.000000
40.069245 116.312570 3714.000000
40.069405 116.309787 3727.000000
40.069445 116.308457 3733.000000
40.069505 116.307165 3739.000000
40.069607 116.305888 3745.000000
40.069915 116.304645 3751.000000
40.070383 116.303492 3757.000000
40.070732 116.302335 3763.000000
40.070957 116.301195 3769.000000
40.061283 116.294903 3854.000000
40.060742 116.295410 3860.000000
40.060062 116.295870 3866.000000
40.059332 116.296277 3872.000000
40.058520 116.296695 3878.000000
40.057562 116.297182 3884.000000
40.056640 116.297687 3890.000000
40.055730 116.298182 3896.000000
40.054822 116.298660 3902.000000
40.053883 116.299162 3908.000000
40.053028 116.299657 3914.000000
40.052358 116.300005 3920.000000
40.051757 116.300313 3926.000000
40.051445 116.300457 3932.000000
40.051048 116.300668 3938.000000
40.050858 116.300777 3944.000000
40.050835 116.300798 3948.000000
40.050832 116.300808 3952.000000
40.050835 116.300810 3954.000000
40.050843 116.300815 3956.000000
40.050855 116.300817 3958.000000
40.050867 116.300800 3961.000000
40.050885 116.300803 3994.000000
40.050890 116.300808 3996.000000
40.050182 116.301148 4024.000000
40.048855 116.302003 4031.000000
40.047877 116.302618 4037.000000
40.046822 116.303392 4043.000000
40.046000 116.304030 4049.000000
40.045217 116.304653 4055.000000
40.044432 116.305280 4061.000000
40.043627 116.305912 4067.000000
40.042843 116.306508 4073.000000
40.041968 116.307058 4079.000000
40.041093 116.307513 4085.000000
40.040235 116.307963 4091.000000
40.039400 116.308487 4097.000000
40.038662 116.309212 4103.000000
40.037942 116.310077 4109.000000
40.037303 116.310812 4115.000000
40.036688 116.311408 4121.000000
40.036020 116.311932 4127.000000
40.035388 116.312322 4133.000000
40.034727 116.312750 4139.000000
40.034110 116.313115 4145.000000
40.033505 116.313428 4151.000000
40.033013 116.313642 4157.000000
40.032632 116.313815 4163.000000
40.032447 116.313898 4167.000000
40.032320 116.313957 4171.000000
40.032250 116.313995 4175.000000
40.032240 116.314003 4177.000000
40.032240 116.314003 4178.000000
40.032237 116.314007 4180.000000
40.032255 116.314008 4182.000000
40.032285 116.313987 4185.000000
40.032300 116.313997 4187.000000
40.032303 116.314000 4190.000000
40.032310 116.314005 4195.000000
40.032310 116.314005 4197.000000
40.032305 116.314013 4199.000000
40.032305 116.314030 4201.000000
40.032312 116.314022 4203.000000
40.032310 116.314023 4205.000000
40.032312 116.314042 4207.000000
40.032318 116.314063 4209.000000
40.032305 116.314067 4211.000000
40.032267 116.314040 4213.000000
40.032183 116.314005 4215.000000
40.032018 116.314005 4219.000000
40.031807 116.314005 4223.000000
40.031285 116.314272 4227.000000
40.030297 116.314712 4233.000000
40.029333 116.315125 4239.000000
40.028353 116.315517 4245.000000
40.027387 116.315912 4251.000000
40.026428 116.316285 4257.000000
40.025488 116.316658 4263.000000
40.024548 116.317030 4269.000000
40.023630 116.317385 4275.000000
40.022697 116.317740 4281.000000
40.021773 116.318107 4287.000000
40.020888 116.318452 4293.000000
40.019962 116.318818 4299.000000
40.019062 116.319183 4305.000000
40.018223 116.319517 4311.000000
40.017377 116.320023 4317.000000
40.016612 116.320717 4323.000000
40.015888 116.321550 4329.000000
40.015173 116.322373 4335.000000
40.014450 116.323195 4341.000000
40.013740 116.324023 4347.000000
40.013058 116.324828 4353.000000
40.012342 116.325637 4359.000000
40.011615 116.326412 4365.000000
40.010903 116.327197 4371.000000
40.010202 116.327963 4377.000000
40.009520 116.328708 4383.000000
40.008873 116.329422 4389.000000
40.008108 116.330093 4395.000000
40.007237 116.330602 4401.000000
40.006348 116.330948 4407.000000
40.005433 116.331120 4413.000000
40.004535 116.331160 4419.000000
40.003618 116.331192 4425.000000
40.002732 116.331248 4431.000000
40.001785 116.331288 4437.000000
40.000870 116.331345 4443.000000
39.999935 116.331398 4449.000000
39.998987 116.331408 4455.000000
39.997993 116.331465 4461.000000
39.996985 116.331603 4467.000000
39.996028 116.331670 4473.000000
39.995108 116.331690 4479.000000
39.994303 116.331695 4485.000000
39.993652 116.331713 4491.000000
39.993110 116.331732 4497.000000
39.992648 116.331758 4503.000000
39.992370 116.331747 4509.000000
39.992242 116.331753 4513.000000
39.992153 116.331765 4517.000000
39.992162 116.331752 4521.000000
39.992175 116.331755 4523.000000
39.992160 116.331758 4525.000000
39.992155 116.331757 4527.000000
39.992173 116.331738 4529.000000
39.992157 116.331735 4531.000000
39.992205 116.331698 4533.000000
39.992195 116.331645 4535.000000
39.992055 116.331605 4540.000000
39.992025 116.331503 4543.000000
39.992022 116.331493 4545.000000
39.992045 116.331483 4547.000000
39.992047 116.331483 4549.000000
39.992048 116.331490 4551.000000
39.992053 116.331495 4553.000000
39.992053 116.331495 4563.000000
39.992053 116.331493 4565.000000
39.992040 116.331480 4567.000000
39.992010 116.331455 4569.000000
39.991960 116.331425 4571.000000
39.988967 116.331907 4590.000000
39.987815 116.331920 4596.000000
39.986760 116.331897 4602.000000
39.985772 116.331905 4608.000000
39.984800 116.332032 4614.000000
39.983825 116.332167 4620.000000
39.982843 116.332313 4626.000000
39.981923 116.332463 4632.000000
39.981002 116.332592 4638.000000
39.980100 116.332713 4644.000000
39.979180 116.332852 4650.000000
39.978307 116.333003 4656.000000
39.977588 116.333153 4662.000000
39.976980 116.333313 4668.000000
39.976473 116.333435 4674.000000
39.976103 116.333508 4680.000000
39.975933 116.333545 4684.000000
39.975823 116.333553 4688.000000
39.975785 116.333575 4692.000000
39.975763 116.333582 4694.000000
39.975745 116.333590 4696.000000
39.975767 116.333593 4698.000000
39.975762 116.333555 4700.000000
39.975790 116.333512 4702.000000
39.975778 116.333490 4704.000000
39.975743 116.333493 4706.000000
39.975708 116.333495 4708.000000
39.975652 116.333517 4710.000000
39.975630 116.333557 4712.000000
39.975608 116.333575 4714.000000
39.975580 116.333575 4716.000000
39.975557 116.333560 4718.000000
39.975528 116.333558 4720.000000
39.975532 116.333563 4722.000000
39.975570 116.333577 4726.000000
39.975570 116.333577 4738.000000
39.975570 116.333577 4740.000000
39.975545 116.333222 4766.000000
39.975588 116.333215 4768.000000
39.975595 116.333243 4771.000000
39.975575 116.333260 4773.000000
39.975550 116.333278 4775.000000
39.975522 116.333375 4777.000000
39.975478 116.333422 4779.000000
39.975440 116.333433 4781.000000
39.975433 116.333425 4783.000000
39.975412 116.333412 4785.000000
39.975402 116.333393 4787.000000
39.975402 116.333365 4789.000000
39.975383 116.333352 4791.000000
39.975357 116.333342 4793.000000
39.975340 116.333320 4795.000000
39.975343 116.333278 4797.000000
39.975342 116.333245 4799.000000
39.975342 116.333208 4801.000000
39.975335 116.333182 4803.000000
39.975323 116.333160 4805.000000
39.975320 116.333127 4807.000000
39.975318 116.333088 4809.000000
39.975317 116.333053 4811.000000
39.975318 116.333015 4813.000000
39.975313 116.332988 4815.000000
39.975305 116.332972 4817.000000
39.975292 116.332948 4819.000000
39.975287 116.332920 4821.000000
39.975285 116.332887 4823.000000
39.975297 116.332835 4825.000000
39.975285 116.332810 4827.000000
39.975293 116.332733 4829.000000
39.975292 116.332712 4831.000000
39.975283 116.332695 4833.000000
39.975305 116.332633 4835.000000
39.975303 116.332600 4837.000000
39.975308 116.332562 4839.000000
39.975308 116.332527 4841.000000
39.975310 116.332492 4843.000000
39.975307 116.332463 4845.000000
39.975300 116.332433 4847.000000
39.975300 116.332400 4849.000000
39.975283 116.332383 4851.000000
39.975282 116.332348 4853.000000
39.975290 116.332313 4855.000000
39.975298 116.332277 4857.000000
39.975297 116.332243 4859.000000
39.975292 116.332218 4861.000000
39.975293 116.332185 4863.000000
39.975303 116.332152 4865.000000
39.975352 116.332090 4867.000000
39.975405 116.332017 4869.000000
39.975433 116.331960 4873.000000
39.975432 116.331935 4875.000000
39.975442 116.331903 4877.000000
39.975458 116.331880 4879.000000
39.975470 116.331862 4881.000000
39.975482 116.331848 4883.000000
39.975492 116.331852 4885.000000
39.975508 116.331837 4887.000000
39.975530 116.331825 4889.000000
39.975557 116.331812 4891.000000
39.975587 116.331787 4893.000000
39.975602 116.331765 4895.000000
39.975613 116.331750 4897.000000
39.975610 116.331737 4899.000000
39.975612 116.331717 4901.000000
39.975628 116.331682 4903.000000
39.975625 116.331662 4905.000000
39.975613 116.331655 4907.000000
39.975602 116.331642 4909.000000
39.975653 116.331565 4911.000000
39.975657 116.331527 4913.000000
39.975652 116.331495 4915.000000
39.975705 116.331423 4917.000000
39.975712 116.331377 4919.000000
39.975705 116.331350 4921.000000
39.975713 116.331312 4923.000000
39.975708 116.331287 4925.000000
39.975712 116.331250 4927.000000
39.975707 116.331217 4929.000000
39.975695 116.331182 4931.000000
39.975692 116.331142 4933.000000
39.975698 116.331068 4937.000000
39.975705 116.331032 4939.000000
39.975710 116.330997 4941.000000
