39.975680 116.333878 48488.000000
39.975680 116.333878 48490.000000
39.975680 116.333873 48492.000000
39.975677 116.333863 48500.000000
39.975663 116.333877 48503.000000
39.975657 116.333888 48505.000000
39.975595 116.333907 48507.000000
39.975593 116.333872 48509.000000
39.975640 116.333827 48512.000000
39.975662 116.333807 48514.000000
39.975670 116.333813 48518.000000
39.975667 116.333820 48520.000000
39.975640 116.333858 48522.000000
39.975615 116.333880 48524.000000
39.975545 116.333945 48526.000000
39.975468 116.333962 48528.000000
39.975352 116.333995 48530.000000
39.975247 116.334048 48532.000000
39.975160 116.334118 48534.000000
39.975060 116.334202 48536.000000
39.975265 116.334045 48538.000000
39.975432 116.333893 48540.000000
39.975508 116.333813 48542.000000
39.975548 116.333798 48562.000000
39.975548 116.333798 48575.000000
39.975542 116.333802 48577.000000
39.975507 116.333790 48579.000000
39.975468 116.333773 48581.000000
39.975447 116.333772 48584.000000
39.975510 116.333773 48586.000000
39.975582 116.333775 48588.000000
39.975657 116.333785 48590.000000
39.975685 116.333772 48592.000000
39.975683 116.333743 48595.000000
39.975675 116.333732 48649.000000
39.975688 116.333707 48653.000000
39.975688 116.333707 48727.000000
39.975683 116.333708 48729.000000
39.975682 116.333693 48731.000000
39.975668 116.333712 48735.000000
39.975653 116.333735 48737.000000
39.975622 116.333765 48739.000000
39.975590 116.333782 48741.000000
39.975577 116.333788 48743.000000
39.975577 116.333788 48746.000000
39.975572 116.333792 48748.000000
39.975577 116.333782 48750.000000
39.975568 116.333788 48752.000000
39.975573 116.333805 48754.000000
39.975625 116.333862 48756.000000
39.975743 116.333827 48760.000000
39.976147 116.333813 48764.000000
39.976928 116.333692 48770.000000
39.977905 116.333555 48776.000000
39.978898 116.333307 48782.000000
39.979892 116.333063 48788.000000
39.980828 116.332897 48794.000000
39.981730 116.332735 48800.000000
39.982670 116.332565 48806.000000
39.983647 116.332405 48812.000000
39.984587 116.332270 48818.000000
39.985508 116.332115 48824.000000
39.986405 116.332005 48830.000000
39.987270 116.332000 48836.000000
39.988152 116.331982 48842.000000
39.989112 116.331932 48848.000000
39.990038 116.331853 48854.000000
39.990892 116.331767 48860.000000
39.992330 116.331455 48924.000000
39.992413 116.331488 48926.000000
39.992898 116.331662 48930.000000
39.993402 116.331643 48936.000000
39.994320 116.331602 48942.000000
39.995345 116.331603 48948.000000
39.996373 116.331628 48954.000000
40.001013 116.331152 48979.000000
40.002103 116.331055 48985.000000
40.003085 116.331045 48991.000000
40.004062 116.331065 48997.000000
40.005055 116.331040 49003.000000
40.006037 116.331035 49009.000000
40.006968 116.330880 49015.000000
40.007890 116.330542 49021.000000
40.008737 116.329998 49027.000000
40.009520 116.329265 49033.000000
40.010233 116.328418 49039.000000
40.010945 116.327558 49045.000000
40.011645 116.326713 49051.000000
40.012343 116.325885 49057.000000
40.013067 116.325077 49063.000000
40.013808 116.324247 49069.000000
40.014563 116.323422 49075.000000
40.015322 116.322588 49081.000000
40.016383 116.321365 49090.000000
40.017098 116.320553 49096.000000
40.017813 116.319935 49102.000000
40.018547 116.319448 49108.000000
40.019278 116.319060 49114.000000
40.020073 116.318788 49120.000000
40.020935 116.318498 49126.000000
40.021790 116.318197 49132.000000
40.022667 116.317855 49138.000000
40.023515 116.317543 49144.000000
40.024368 116.317220 49150.000000
40.025218 116.316902 49156.000000
40.026000 116.316593 49162.000000
40.026768 116.316258 49168.000000
40.027498 116.315960 49174.000000
40.028270 116.315668 49180.000000
40.028988 116.315388 49186.000000
40.029705 116.315130 49192.000000
40.030353 116.314832 49198.000000
40.031018 116.314557 49204.000000
40.031550 116.314372 49210.000000
40.031788 116.314318 49216.000000
40.031837 116.314318 49220.000000
40.031858 116.314313 49224.000000
40.031912 116.314290 49228.000000
40.032008 116.314243 49232.000000
40.032097 116.314192 49236.000000
40.032138 116.314137 49240.000000
40.032193 116.314077 49244.000000
40.032220 116.314048 49246.000000
40.032235 116.313987 49248.000000
40.032252 116.313930 49251.000000
40.032193 116.313893 49258.000000
40.032185 116.313892 49260.000000
40.032153 116.313890 49262.000000
40.032173 116.313872 49264.000000
40.032160 116.313890 49266.000000
40.032207 116.313923 49268.000000
40.032310 116.313905 49270.000000
40.032622 116.313845 49274.000000
40.033157 116.313667 49278.000000
40.034068 116.313213 49284.000000
40.035102 116.312687 49290.000000
40.036102 116.311970 49296.000000
40.037028 116.311215 49302.000000
40.037938 116.310347 49308.000000
40.038723 116.309467 49314.000000
40.039377 116.308647 49320.000000
40.040155 116.307987 49326.000000
40.040980 116.307477 49332.000000
40.041867 116.307013 49338.000000
40.042738 116.306542 49344.000000
40.043595 116.305962 49350.000000
40.044417 116.305315 49356.000000
40.045280 116.304657 49362.000000
40.046148 116.304005 49368.000000
40.046895 116.303448 49374.000000
40.047600 116.302918 49380.000000
40.048273 116.302452 49386.000000
40.049000 116.302013 49392.000000
40.049647 116.301642 49398.000000
40.050208 116.301320 49404.000000
40.057050 116.297528 49503.000000
40.057935 116.297022 49509.000000
40.058818 116.296537 49515.000000
40.059748 116.296038 49521.000000
40.060625 116.295523 49527.000000
40.061435 116.294842 49533.000000
40.062198 116.294187 49539.000000
