39.983162 116.303507 26758.000000
39.983138 116.303233 26762.000000
39.983117 116.303205 26764.000000
39.983095 116.303200 26766.000000
39.983090 116.303237 26768.000000
39.983090 116.303198 26770.000000
39.982730 116.303180 26774.000000
39.982328 116.303213 26778.000000
39.981862 116.303357 26784.000000
39.981620 116.303348 26788.000000
39.981327 116.303492 26792.000000
39.980865 116.304170 26798.000000
39.981008 116.303507 26805.000000
39.981742 116.302528 26809.000000
39.981823 116.302223 26813.000000
39.981213 116.302145 26817.000000
39.981035 116.302020 26821.000000
39.980965 116.301853 26825.000000
39.980957 116.301757 26829.000000
39.980983 116.301788 26831.000000
39.980952 116.301813 26835.000000
39.980913 116.301602 26839.000000
39.981317 116.300295 26854.000000
39.981312 116.300093 26858.000000
39.981323 116.299915 26862.000000
39.981115 116.299705 26866.000000
39.981172 116.299600 26870.000000
39.981450 116.299560 26874.000000
39.981867 116.299538 26880.000000
39.982363 116.299450 26886.000000
39.982723 116.299410 26892.000000
39.982783 116.299408 26897.000000
39.982792 116.299413 26902.000000
39.982795 116.299418 26932.000000
39.982797 116.299420 26934.000000
39.982767 116.299440 26968.000000
39.982755 116.299477 26991.000000
39.982807 116.299477 26993.000000
39.983033 116.299457 26997.000000
39.983557 116.299370 27003.000000
39.984042 116.299242 27009.000000
39.983998 116.298730 27015.000000
39.984145 116.297972 27021.000000
39.984287 116.297047 27027.000000
39.984492 116.296083 27033.000000
39.984537 116.295535 27039.000000
39.984563 116.295307 27043.000000
39.984558 116.295263 27047.000000
39.984567 116.295258 27049.000000
39.984588 116.295252 27051.000000
39.984605 116.295255 27053.000000
39.984613 116.295238 27055.000000
39.984605 116.295235 27057.000000
39.984602 116.295225 27059.000000
39.984602 116.295225 27071.000000
39.984595 116.295230 27073.000000
39.984593 116.295203 27075.000000
39.984585 116.295160 27077.000000
39.984522 116.294982 27081.000000
39.984425 116.294752 27085.000000
39.984298 116.294547 27089.000000
39.984167 116.294337 27093.000000
39.984058 116.294013 27097.000000
39.983952 116.293408 27103.000000
39.983913 116.292562 27109.000000
39.983835 116.291937 27115.000000
39.983530 116.291252 27121.000000
39.983107 116.290553 27127.000000
39.982768 116.289765 27133.000000
39.982358 116.289047 27139.000000
39.981840 116.288132 27145.000000
39.981195 116.287153 27151.000000
39.980380 116.286197 27157.000000
39.979482 116.285227 27163.000000
39.978593 116.284290 27169.000000
39.977767 116.283433 27175.000000
39.977048 116.282670 27181.000000
39.976438 116.281967 27187.000000
39.975825 116.281270 27193.000000
39.975323 116.280580 27199.000000
39.974773 116.279855 27205.000000
39.974712 116.279315 27211.000000
39.975170 116.278828 27217.000000
39.975538 116.278177 27223.000000
39.975687 116.277278 27229.000000
39.976120 116.276658 27235.000000
39.976705 116.276302 27241.000000
39.977273 116.276098 27247.000000
39.977450 116.276300 27253.000000
39.977452 116.276623 27257.000000
39.977412 116.277002 27263.000000
39.977282 116.276985 27267.000000
39.977188 116.276935 27271.000000
39.977132 116.276867 27275.000000
