39.993000 116.420800 40394.000000
39.992975 116.420710 40396.000000
39.992973 116.420712 40398.000000
39.992977 116.420712 40400.000000
39.992968 116.420723 40402.000000
39.992983 116.420728 40494.000000
39.992977 116.420730 40496.000000
39.992972 116.420728 40498.000000
39.992972 116.420728 40520.000000
39.992972 116.420735 40522.000000
39.992987 116.421092 40579.000000
39.992975 116.421123 40583.000000
39.992980 116.421137 40585.000000
39.992985 116.421135 40587.000000
39.992993 116.421128 40589.000000
39.992998 116.421110 40591.000000
39.992988 116.421097 40593.000000
39.992982 116.421092 40595.000000
39.992982 116.421092 40596.000000
39.992980 116.421090 40598.000000
39.992997 116.421082 40600.000000
39.993015 116.421050 40602.000000
39.993027 116.421010 40639.000000
39.993015 116.421023 40641.000000
39.993015 116.421028 40643.000000
39.993020 116.421033 40645.000000
39.993030 116.421035 40647.000000
39.993067 116.420965 40689.000000
39.993132 116.420915 40698.000000
39.993152 116.420905 40700.000000
39.993150 116.420888 40703.000000
39.993185 116.421272 40727.000000
39.993192 116.421260 40729.000000
39.993187 116.421243 40731.000000
39.993190 116.421220 40733.000000
39.993193 116.421208 40735.000000
39.993198 116.421195 40737.000000
39.993200 116.421188 40739.000000
39.993202 116.421177 40741.000000
