40.076058 116.327252 5861.000000
40.076110 116.327210 5863.000000
40.076153 116.327193 5865.000000
40.076195 116.327180 5867.000000
40.076215 116.327205 5869.000000
40.076213 116.327220 5871.000000
40.076225 116.327223 5873.000000
40.076225 116.327263 5875.000000
40.076163 116.327333 5877.000000
40.076182 116.327363 5885.000000
40.076192 116.327315 5887.000000
40.076198 116.327292 5891.000000
40.076200 116.327292 5903.000000
40.076195 116.327300 5905.000000
40.076197 116.327312 5919.000000
40.076202 116.327332 5921.000000
40.076213 116.327357 5923.000000
40.076235 116.327392 5925.000000
40.076473 116.327382 5927.000000
40.076512 116.327427 5931.000000
40.076633 116.327415 5933.000000
40.076760 116.327370 5935.000000
40.076765 116.327395 5937.000000
40.076762 116.327448 5939.000000
40.076747 116.327505 5941.000000
40.076805 116.327562 5943.000000
40.076913 116.327567 5945.000000
40.076958 116.327565 5947.000000
40.077040 116.327520 5949.000000
40.077115 116.327420 5951.000000
40.077063 116.327143 5955.000000
40.076963 116.326850 5959.000000
40.076747 116.326363 5965.000000
40.076747 116.325655 5971.000000
40.076498 116.325003 5977.000000
40.076345 116.324273 5983.000000
40.076322 116.323887 5989.000000
40.076423 116.323647 5993.000000
40.076410 116.323417 5997.000000
40.076532 116.323347 6001.000000
40.076548 116.323370 6003.000000
40.076597 116.323328 6005.000000
40.076600 116.323358 6009.000000
40.076460 116.323337 6011.000000
40.076365 116.323313 6013.000000
40.076315 116.323297 6015.000000
40.076278 116.323282 6017.000000
40.076207 116.323243 6029.000000
40.076238 116.323230 6031.000000
40.076373 116.323143 6035.000000
40.076527 116.322942 6039.000000
40.076550 116.322585 6043.000000
40.076352 116.321948 6049.000000
40.076083 116.321103 6055.000000
40.075783 116.320165 6061.000000
40.075538 116.319368 6067.000000
40.075407 116.318925 6073.000000
40.075403 116.318900 6075.000000
40.075397 116.318865 6077.000000
40.075362 116.318717 6081.000000
40.075323 116.318508 6085.000000
40.075257 116.318258 6089.000000
40.075182 116.318002 6093.000000
40.075082 116.317672 6097.000000
40.074915 116.317073 6103.000000
40.074698 116.316335 6109.000000
40.074457 116.315435 6115.000000
40.074132 116.314460 6121.000000
40.073853 116.313540 6127.000000
40.073682 116.312993 6133.000000
40.073633 116.312842 6137.000000
40.073592 116.312713 6141.000000
40.073570 116.312647 6145.000000
40.073557 116.312632 6147.000000
40.073553 116.312615 6149.000000
40.073538 116.312567 6151.000000
40.073498 116.312437 6155.000000
40.073468 116.312272 6159.000000
40.073442 116.312130 6163.000000
40.073405 116.311993 6167.000000
40.073345 116.311850 6171.000000
40.073292 116.311590 6175.000000
40.073235 116.311375 6179.000000
40.073167 116.311158 6183.000000
40.073088 116.310920 6187.000000
40.073027 116.310685 6191.000000
40.072953 116.310413 6195.000000
40.072908 116.310268 6199.000000
40.072862 116.310128 6203.000000
40.072813 116.309927 6207.000000
40.072762 116.309768 6211.000000
40.072703 116.309605 6215.000000
40.072637 116.309375 6219.000000
40.072565 116.309152 6223.000000
40.072510 116.308967 6227.000000
40.072462 116.308777 6231.000000
40.072383 116.308518 6235.000000
40.072295 116.308227 6239.000000
40.072213 116.307902 6243.000000
40.072260 116.307570 6247.000000
40.072643 116.307192 6253.000000
40.073053 116.306893 6259.000000
40.073230 116.306765 6263.000000
40.073387 116.306660 6267.000000
40.073538 116.306558 6271.000000
40.073727 116.306422 6275.000000
40.073948 116.306268 6279.000000
40.074188 116.306273 6283.000000
40.074320 116.306493 6287.000000
40.074263 116.306727 6291.000000
40.074017 116.306960 6295.000000
40.073370 116.307522 6301.000000
40.072545 116.308165 6307.000000
40.071638 116.308828 6313.000000
40.070730 116.309465 6319.000000
40.070222 116.309867 6325.000000
40.070072 116.309985 6329.000000
40.070037 116.310010 6333.000000
40.070005 116.309995 6335.000000
40.069957 116.310010 6337.000000
40.069745 116.310222 6341.000000
40.069317 116.310637 6347.000000
40.068623 116.311275 6353.000000
40.067725 116.312008 6359.000000
40.066715 116.312800 6365.000000
40.064715 116.314407 6375.000000
40.062638 116.315978 6385.000000
40.060440 116.317615 6395.000000
40.058240 116.319378 6405.000000
40.056133 116.320942 6415.000000
40.054480 116.322227 6425.000000
40.053433 116.322990 6431.000000
40.052423 116.323822 6437.000000
40.050427 116.325370 6447.000000
40.048625 116.326712 6457.000000
40.046777 116.328122 6467.000000
40.044722 116.329748 6477.000000
40.042547 116.331363 6487.000000
40.040925 116.332630 6497.000000
40.040017 116.333303 6503.000000
40.039072 116.334048 6509.000000
40.038087 116.334790 6515.000000
40.037123 116.335532 6521.000000
40.035997 116.336323 6527.000000
40.033772 116.338007 6537.000000
40.031570 116.339743 6547.000000
40.030550 116.340555 6557.000000
40.030103 116.340910 6563.000000
40.029627 116.341292 6569.000000
40.029385 116.341480 6575.000000
40.029280 116.341563 6579.000000
40.029173 116.341647 6583.000000
40.029058 116.341740 6587.000000
40.028917 116.341862 6591.000000
40.028833 116.341928 6595.000000
40.028755 116.341992 6599.000000
40.028675 116.342060 6603.000000
40.028568 116.342140 6607.000000
40.028437 116.342240 6611.000000
40.028280 116.342360 6615.000000
40.028092 116.342497 6619.000000
40.027600 116.342855 6625.000000
40.027043 116.343267 6631.000000
40.026600 116.343630 6637.000000
40.026215 116.343912 6643.000000
40.026125 116.343978 6647.000000
40.025947 116.344123 6651.000000
40.025755 116.344285 6655.000000
40.025460 116.344522 6659.000000
40.025122 116.344773 6665.000000
40.024592 116.345175 6671.000000
40.023875 116.345710 6677.000000
40.022988 116.346385 6683.000000
40.022203 116.347032 6689.000000
40.021258 116.347732 6695.000000
40.020120 116.348597 6701.000000
40.018355 116.349953 6711.000000
40.017200 116.350845 6718.000000
40.016312 116.351533 6723.000000
40.014368 116.353075 6734.000000
40.012687 116.354320 6744.000000
40.011757 116.354718 6750.000000
40.011342 116.355002 6756.000000
40.011293 116.355045 6760.000000
40.011288 116.355048 6762.000000
40.011283 116.355052 6767.000000
40.011290 116.355057 6769.000000
40.011272 116.355077 6771.000000
40.011250 116.355110 6773.000000
40.011088 116.355282 6777.000000
40.010868 116.355582 6781.000000
40.010345 116.356100 6787.000000
40.009663 116.356608 6793.000000
40.009202 116.356982 6799.000000
40.008727 116.357325 6805.000000
40.008022 116.357845 6811.000000
40.007297 116.358365 6817.000000
40.006483 116.358930 6823.000000
40.005913 116.359345 6829.000000
40.005637 116.359578 6835.000000
40.005443 116.359737 6839.000000
40.005202 116.359915 6843.000000
40.004752 116.360252 6849.000000
40.004177 116.360672 6855.000000
40.003617 116.361095 6861.000000
40.003003 116.361540 6867.000000
40.002330 116.362030 6873.000000
40.001600 116.362565 6879.000000
40.000887 116.363090 6885.000000
40.000197 116.363603 6891.000000
39.999612 116.364078 6897.000000
39.999072 116.364490 6903.000000
39.998585 116.364812 6909.000000
39.998233 116.365078 6915.000000
39.997993 116.365267 6919.000000
39.997607 116.365563 6925.000000
39.997103 116.365930 6931.000000
39.996523 116.366335 6937.000000
39.996182 116.366628 6943.000000
39.995920 116.366840 6949.000000
39.995793 116.366955 6953.000000
39.995623 116.367108 6957.000000
39.995455 116.367235 6961.000000
39.995263 116.367385 6965.000000
39.995018 116.367567 6969.000000
39.994655 116.367835 6975.000000
39.994272 116.368132 6981.000000
39.993863 116.368422 6987.000000
39.993283 116.368743 6993.000000
39.992568 116.369255 6999.000000
39.991825 116.369847 7005.000000
39.991205 116.370298 7011.000000
39.990955 116.370435 7017.000000
39.990753 116.370555 7021.000000
39.990563 116.370670 7025.000000
39.990305 116.370770 7029.000000
39.989823 116.370927 7035.000000
39.989585 116.370998 7041.000000
39.989475 116.371028 7045.000000
39.989405 116.371047 7049.000000
39.989392 116.371052 7051.000000
39.989392 116.371052 7063.000000
39.989390 116.371055 7065.000000
39.989347 116.371062 7067.000000
39.989195 116.371070 7071.000000
39.989040 116.371075 7075.000000
39.988930 116.371065 7079.000000
39.988762 116.371035 7083.000000
39.988547 116.370973 7087.000000
39.988288 116.370863 7091.000000
39.987893 116.370643 7097.000000
39.987662 116.370498 7101.000000
39.987260 116.370248 7107.000000
39.986837 116.369963 7113.000000
39.986603 116.369758 7119.000000
39.986508 116.369627 7123.000000
39.986440 116.369483 7127.000000
39.986415 116.369318 7131.000000
39.986393 116.369138 7135.000000
39.986387 116.368958 7139.000000
39.986372 116.368752 7143.000000
39.986365 116.368535 7147.000000
39.986372 116.368335 7151.000000
39.986362 116.368100 7155.000000
39.986357 116.367890 7159.000000
39.986353 116.367703 7163.000000
39.986342 116.367523 7167.000000
39.986323 116.367310 7171.000000
39.986320 116.367095 7175.000000
39.986322 116.366953 7179.000000
39.986317 116.366773 7183.000000
39.986308 116.366637 7187.000000
39.986307 116.366570 7191.000000
39.986303 116.366468 7195.000000
39.986298 116.366305 7199.000000
39.986288 116.366072 7203.000000
39.986273 116.365818 7207.000000
39.986258 116.365620 7211.000000
39.986248 116.365455 7215.000000
39.986238 116.365187 7219.000000
39.986235 116.364838 7223.000000
39.986233 116.364317 7229.000000
39.986218 116.363717 7235.000000
39.986205 116.363053 7241.000000
39.986187 116.362400 7247.000000
39.986153 116.361728 7253.000000
39.986102 116.360855 7259.000000
39.986063 116.360003 7265.000000
39.986023 116.359165 7271.000000
39.985977 116.358370 7277.000000
39.985930 116.357503 7283.000000
39.985917 116.356592 7289.000000
39.985892 116.355923 7295.000000
39.985853 116.355200 7301.000000
39.985825 116.354372 7307.000000
39.985795 116.353538 7313.000000
39.985772 116.352817 7319.000000
39.985752 116.352072 7325.000000
39.985745 116.351388 7331.000000
39.985777 116.350663 7337.000000
39.985757 116.349638 7343.000000
39.985727 116.348633 7349.000000
39.985697 116.347700 7355.000000
39.985675 116.346858 7361.000000
39.985637 116.346055 7367.000000
39.985607 116.345223 7373.000000
39.985563 116.344215 7379.000000
39.985523 116.343115 7385.000000
39.985502 116.342325 7391.000000
39.985493 116.341682 7397.000000
39.985463 116.340880 7403.000000
39.985460 116.340158 7409.000000
39.985478 116.339372 7415.000000
39.985450 116.338723 7421.000000
39.985452 116.338245 7427.000000
39.985452 116.337845 7431.000000
39.985417 116.336983 7437.000000
39.985387 116.335867 7443.000000
39.985340 116.334883 7449.000000
39.985278 116.334067 7455.000000
39.985212 116.333108 7461.000000
39.985178 116.332423 7467.000000
39.985187 116.332313 7471.000000
39.985177 116.332288 7473.000000
39.985182 116.332258 7475.000000
39.985172 116.332043 7479.000000
39.985263 116.331925 7483.000000
39.985255 116.331910 7485.000000
39.985252 116.331885 7487.000000
39.985257 116.331842 7489.000000
39.985245 116.331813 7491.000000
39.985222 116.331807 7493.000000
39.985207 116.331798 7495.000000
39.985202 116.331787 7497.000000
39.985198 116.331775 7499.000000
39.985202 116.331757 7514.000000
39.985198 116.331738 7516.000000
39.985200 116.331723 7518.000000
39.985200 116.331713 7530.000000
39.985197 116.331672 7532.000000
39.985200 116.331585 7536.000000
39.985212 116.331430 7540.000000
39.985212 116.331268 7544.000000
39.985203 116.331042 7548.000000
39.985180 116.330625 7552.000000
39.985148 116.329933 7558.000000
39.985133 116.329198 7564.000000
39.985113 116.328705 7570.000000
39.985107 116.328637 7574.000000
39.985107 116.328633 7576.000000
39.985107 116.328633 7620.000000
39.985110 116.328630 7622.000000
39.985103 116.328565 7624.000000
39.985078 116.328330 7628.000000
39.985062 116.327928 7632.000000
39.985037 116.327608 7638.000000
39.985023 116.327487 7642.000000
39.985015 116.327382 7646.000000
39.984982 116.327220 7650.000000
39.984795 116.327077 7654.000000
39.984535 116.326983 7658.000000
39.983882 116.326998 7664.000000
39.983068 116.327177 7670.000000
39.982345 116.327218 7676.000000
39.981630 116.327225 7682.000000
39.980830 116.327252 7688.000000
39.980367 116.327238 7694.000000
39.980257 116.327255 7698.000000
39.980218 116.327255 7702.000000
39.980208 116.327253 7704.000000
39.980200 116.327257 7706.000000
39.980187 116.327260 7708.000000
39.980163 116.327257 7710.000000
39.980013 116.327263 7714.000000
39.979718 116.327290 7718.000000
39.979090 116.327322 7724.000000
39.978430 116.327342 7730.000000
39.977728 116.327368 7736.000000
39.977193 116.327352 7742.000000
39.977052 116.327367 7746.000000
39.977023 116.327378 7748.000000
39.977008 116.327383 7750.000000
39.976993 116.327392 7752.000000
39.976993 116.327392 7768.000000
39.976985 116.327397 7770.000000
39.976842 116.327400 7774.000000
39.976583 116.327405 7778.000000
39.976112 116.327427 7784.000000
39.975982 116.327440 7790.000000
39.975975 116.327430 7792.000000
39.975967 116.327422 7794.000000
39.975957 116.327413 7796.000000
39.975957 116.327400 7815.000000
39.975907 116.327403 7817.000000
39.975778 116.327412 7821.000000
39.975640 116.327427 7825.000000
39.975575 116.327525 7829.000000
39.975702 116.327552 7833.000000
39.975933 116.327563 7837.000000
39.976220 116.327565 7841.000000
39.976287 116.327587 7845.000000
39.976297 116.327595 7847.000000
39.976315 116.327605 7849.000000
39.976337 116.327627 7864.000000
39.976370 116.327623 7866.000000
39.976480 116.327620 7870.000000
39.976585 116.327618 7874.000000
39.976662 116.327613 7878.000000
39.976682 116.327610 7880.000000
39.976708 116.327607 7882.000000
39.976740 116.327615 7884.000000
39.976765 116.327630 7886.000000
39.976788 116.327668 7888.000000
39.976815 116.327875 7892.000000
39.976823 116.328158 7896.000000
39.976825 116.328407 7900.000000
39.976782 116.328612 7904.000000
39.976767 116.328792 7908.000000
39.976803 116.328910 7912.000000
39.976837 116.329102 7916.000000
39.976852 116.329468 7920.000000
39.976968 116.330005 7926.000000
39.977045 116.330463 7932.000000
39.977107 116.330750 7936.000000
39.977152 116.331118 7940.000000
39.977102 116.331605 7946.000000
39.976900 116.331713 7950.000000
39.976652 116.331735 7954.000000
39.976178 116.331738 7958.000000
39.975662 116.331722 7964.000000
39.975650 116.331175 7970.000000
39.975598 116.330237 7985.000000
39.975563 116.330350 7987.000000
