40.101908 116.405885 10313.000000
40.101890 116.405845 10314.000000
40.101775 116.405658 10318.000000
40.101712 116.405563 10320.000000
40.101633 116.405368 10324.000000
40.101583 116.405097 10328.000000
40.101585 116.405020 10332.000000
40.101615 116.405040 10334.000000
40.101742 116.405125 10336.000000
40.101868 116.405183 10338.000000
40.102247 116.405275 10342.000000
40.102698 116.405367 10346.000000
40.102810 116.405088 10350.000000
40.102860 116.404468 10356.000000
40.102787 116.403533 10363.000000
40.102722 116.402597 10369.000000
40.102593 116.401612 10375.000000
40.102533 116.400528 10381.000000
40.102423 116.399260 10387.000000
40.102350 116.398067 10393.000000
40.102237 116.396983 10399.000000
40.102157 116.395940 10405.000000
40.102102 116.394863 10411.000000
40.102003 116.393653 10417.000000
40.101903 116.392308 10423.000000
40.101807 116.391075 10429.000000
40.101707 116.389837 10435.000000
40.101602 116.388687 10441.000000
40.101530 116.387488 10447.000000
40.101425 116.386333 10453.000000
40.101328 116.385258 10459.000000
40.101253 116.384403 10465.000000
40.101182 116.383367 10471.000000
40.101090 116.382333 10477.000000
40.101020 116.381607 10483.000000
40.100950 116.380760 10489.000000
40.100830 116.379537 10495.000000
40.100718 116.378345 10501.000000
40.100562 116.377227 10507.000000
40.100403 116.376043 10513.000000
40.100242 116.374777 10519.000000
40.100048 116.373625 10525.000000
40.100045 116.373117 10531.000000
40.100207 116.373038 10535.000000
40.100475 116.372943 10539.000000
40.101107 116.372788 10545.000000
40.101960 116.372615 10551.000000
40.102865 116.372432 10557.000000
40.103828 116.372258 10563.000000
40.104912 116.372078 10569.000000
40.106085 116.371847 10575.000000
40.107252 116.371615 10581.000000
40.108487 116.371380 10587.000000
40.110387 116.371028 10597.000000
40.111328 116.370857 10603.000000
40.111897 116.370782 10609.000000
40.111898 116.370697 10613.000000
40.111820 116.370762 10617.000000
40.111643 116.370808 10621.000000
40.111323 116.370847 10625.000000
40.110842 116.370882 10631.000000
40.110560 116.370953 10635.000000
40.110405 116.370823 10639.000000
40.110382 116.370548 10643.000000
40.110295 116.369877 10649.000000
40.110227 116.369107 10655.000000
40.110178 116.368260 10661.000000
40.110103 116.367418 10667.000000
40.110013 116.366595 10673.000000
40.110062 116.365935 10679.000000
40.110240 116.365590 10685.000000
40.110333 116.365488 10689.000000
40.110410 116.365450 10693.000000
40.110410 116.365450 10699.000000
40.110417 116.365443 10701.000000
40.110435 116.365432 10703.000000
40.110583 116.365407 10707.000000
40.110740 116.365368 10711.000000
40.110902 116.365325 10715.000000
40.111083 116.365295 10719.000000
40.111245 116.365258 10723.000000
40.111372 116.365215 10727.000000
40.111450 116.365235 10731.000000
40.111458 116.365267 10733.000000
40.111482 116.365312 10735.000000
40.111490 116.365337 10737.000000
40.111490 116.365350 10758.000000
40.111493 116.365363 10760.000000
40.111495 116.365322 10762.000000
40.111490 116.365295 10764.000000
40.111475 116.365265 10766.000000
40.111463 116.365248 10768.000000
40.111450 116.365265 10770.000000
40.111437 116.365260 10773.000000
40.111437 116.365260 10776.000000
40.111437 116.365260 10778.000000
40.111438 116.365245 10780.000000
40.111445 116.365227 10782.000000
40.111455 116.365203 10784.000000
40.111472 116.365205 10786.000000
40.111495 116.365213 10788.000000
40.111518 116.365198 10790.000000
40.111552 116.365208 10792.000000
40.111587 116.365228 10794.000000
40.111603 116.365245 10796.000000
40.111620 116.365248 10798.000000
40.111658 116.365268 10800.000000
40.111698 116.365278 10802.000000
40.111775 116.365313 10804.000000
40.111790 116.365302 10806.000000
40.111800 116.365285 10808.000000
40.111812 116.365263 10810.000000
40.111830 116.365250 10812.000000
40.111833 116.365245 10814.000000
40.111853 116.365255 10816.000000
40.111855 116.365253 10818.000000
40.111858 116.365258 10820.000000
40.111857 116.365253 10822.000000
40.111858 116.365252 10824.000000
40.111865 116.365240 10826.000000
40.111863 116.365247 10828.000000
40.111862 116.365258 10830.000000
40.111847 116.365265 10832.000000
40.111847 116.365265 10835.000000
40.111847 116.365273 10837.000000
40.111848 116.365300 10839.000000
40.111855 116.365313 10841.000000
40.111857 116.365460 10843.000000
40.111947 116.366670 10847.000000
