39.974477 116.330018 6966.000000
39.974475 116.330015 6968.000000
39.974460 116.330003 6970.000000
39.974453 116.329997 6972.000000
39.974458 116.329993 6974.000000
39.974477 116.329997 6977.000000
39.974485 116.330000 6979.000000
39.974497 116.330003 6981.000000
39.974515 116.330012 6983.000000
39.974535 116.330023 6985.000000
39.974558 116.330037 6987.000000
39.974575 116.330050 6989.000000
39.974587 116.330067 6991.000000
39.974595 116.330083 6993.000000
39.974600 116.330100 6995.000000
39.974620 116.330125 6997.000000
39.974647 116.330153 6999.000000
39.974672 116.330180 7001.000000
39.974698 116.330210 7003.000000
39.974732 116.330240 7005.000000
39.974748 116.330267 7007.000000
39.974763 116.330290 7009.000000
39.974767 116.330312 7011.000000
39.974727 116.330323 7013.000000
39.974722 116.330343 7015.000000
39.974723 116.330368 7017.000000
39.974715 116.330387 7019.000000
39.974700 116.330400 7021.000000
39.974657 116.330412 7023.000000
39.974642 116.330425 7025.000000
39.974640 116.330435 7027.000000
39.974608 116.330445 7029.000000
39.974580 116.330457 7031.000000
39.974587 116.330468 7033.000000
39.974595 116.330482 7035.000000
39.974603 116.330497 7037.000000
39.974583 116.330512 7039.000000
39.974560 116.330527 7041.000000
