40.075955 116.323183 6814.000000
40.075958 116.323203 6816.000000
40.075958 116.323235 6818.000000
40.075960 116.323268 6820.000000
40.075960 116.323268 6824.000000
40.075962 116.323277 6826.000000
40.075940 116.323263 6828.000000
40.075827 116.323270 6832.000000
40.075698 116.323282 6836.000000
40.075650 116.323215 6840.000000
40.075642 116.323165 6850.000000
40.075637 116.323125 6852.000000
40.075665 116.323003 6856.000000
40.075827 116.322928 6860.000000
40.076062 116.322883 6864.000000
40.076487 116.322728 6870.000000
40.076588 116.322448 6874.000000
40.076403 116.321803 6880.000000
40.076088 116.320848 6886.000000
40.075718 116.319672 6892.000000
40.075408 116.318632 6898.000000
40.075223 116.318013 6904.000000
40.075158 116.317795 6923.000000
40.075145 116.317743 6925.000000
40.075075 116.317498 6929.000000
40.075005 116.317168 6933.000000
40.074813 116.316507 6939.000000
40.074542 116.315575 6945.000000
40.074270 116.314648 6951.000000
40.074057 116.313945 6957.000000
40.073947 116.313577 6963.000000
40.073898 116.313407 6967.000000
40.073865 116.313293 6971.000000
40.073828 116.313173 6975.000000
40.073783 116.313020 6979.000000
40.073738 116.312870 6983.000000
40.073697 116.312742 6987.000000
40.073662 116.312625 6991.000000
40.073632 116.312528 6995.000000
40.073608 116.312457 6999.000000
40.073597 116.312425 7001.000000
40.073582 116.312385 7003.000000
40.073527 116.312235 7007.000000
40.073467 116.312083 7011.000000
40.073427 116.311982 7015.000000
40.073398 116.311907 7019.000000
40.073348 116.311788 7023.000000
40.073310 116.311668 7027.000000
40.073265 116.311513 7031.000000
40.073217 116.311343 7035.000000
40.073170 116.311185 7039.000000
40.073123 116.311040 7043.000000
40.073080 116.310892 7047.000000
40.073045 116.310773 7051.000000
40.073013 116.310665 7055.000000
40.072988 116.310580 7059.000000
40.072978 116.310542 7061.000000
40.072957 116.310467 7065.000000
40.072935 116.310392 7069.000000
40.072908 116.310295 7073.000000
40.072880 116.310187 7077.000000
40.072845 116.310063 7081.000000
40.072797 116.309905 7085.000000
40.072758 116.309767 7089.000000
40.072718 116.309625 7093.000000
40.072687 116.309512 7097.000000
40.072678 116.309480 7099.000000
40.072670 116.309445 7101.000000
40.072640 116.309340 7105.000000
40.072618 116.309268 7109.000000
40.072618 116.309258 7113.000000
40.072610 116.309232 7115.000000
40.072575 116.309118 7119.000000
40.072538 116.308978 7123.000000
40.072532 116.308952 7125.000000
40.072527 116.308928 7127.000000
40.072518 116.308895 7129.000000
40.072508 116.308863 7131.000000
40.072497 116.308822 7133.000000
40.072465 116.308720 7137.000000
40.072435 116.308617 7141.000000
40.072407 116.308513 7145.000000
40.072375 116.308397 7149.000000
40.072332 116.308247 7153.000000
40.072288 116.308103 7157.000000
40.072250 116.307947 7161.000000
40.072232 116.307832 7165.000000
40.072237 116.307720 7169.000000
40.072267 116.307610 7173.000000
40.072290 116.307550 7177.000000
40.072300 116.307535 7179.000000
40.072307 116.307522 7181.000000
40.072313 116.307512 7183.000000
40.072323 116.307500 7185.000000
40.072335 116.307485 7187.000000
40.072358 116.307460 7189.000000
40.072450 116.307377 7193.000000
40.072605 116.307248 7197.000000
40.072813 116.307088 7201.000000
40.073118 116.306863 7205.000000
40.073642 116.306450 7211.000000
40.074128 116.306218 7217.000000
40.074288 116.306562 7223.000000
40.074175 116.306765 7227.000000
40.073913 116.307012 7231.000000
40.073265 116.307572 7237.000000
40.072445 116.308208 7243.000000
40.071533 116.308892 7249.000000
40.070670 116.309493 7255.000000
40.070055 116.309902 7261.000000
40.069970 116.309940 7265.000000
40.069965 116.309892 7267.000000
40.069923 116.309845 7269.000000
40.069808 116.310013 7273.000000
40.069683 116.310183 7277.000000
40.069513 116.310425 7281.000000
40.069078 116.310858 7287.000000
40.068367 116.311450 7293.000000
40.067525 116.312133 7299.000000
40.066595 116.312862 7305.000000
40.065562 116.313663 7311.000000
40.063485 116.315252 7321.000000
40.061043 116.317163 7331.000000
40.058440 116.319162 7341.000000
40.055897 116.321160 7351.000000
40.053520 116.322998 7361.000000
40.051533 116.324542 7371.000000
40.049615 116.326030 7381.000000
40.047567 116.327617 7391.000000
40.045373 116.329290 7401.000000
40.043425 116.330770 7411.000000
40.041158 116.332455 7421.000000
40.039115 116.333987 7431.000000
40.036950 116.335643 7441.000000
40.034642 116.337438 7451.000000
40.032243 116.339310 7461.000000
40.029948 116.341145 7471.000000
40.027732 116.342833 7481.000000
40.025440 116.344555 7491.000000
40.023167 116.346317 7501.000000
40.020855 116.348072 7511.000000
40.018705 116.349763 7521.000000
40.016288 116.351682 7531.000000
40.013847 116.353533 7541.000000
40.011892 116.355057 7551.000000
40.011450 116.355472 7557.000000
40.011405 116.355528 7561.000000
40.011393 116.355535 7563.000000
40.011373 116.355537 7565.000000
40.011362 116.355540 7573.000000
40.011265 116.355585 7577.000000
40.011070 116.355717 7581.000000
40.010810 116.355865 7585.000000
40.010322 116.356227 7591.000000
40.009695 116.356705 7597.000000
40.008857 116.357328 7603.000000
40.008065 116.357910 7609.000000
40.007265 116.358500 7615.000000
40.006332 116.359188 7621.000000
40.005337 116.359928 7627.000000
40.004347 116.360653 7633.000000
40.003353 116.361385 7639.000000
40.002443 116.362053 7645.000000
40.001580 116.362687 7651.000000
40.000730 116.363312 7657.000000
39.999830 116.363940 7663.000000
39.998787 116.364728 7669.000000
39.996888 116.366225 7679.000000
39.995152 116.367568 7689.000000
39.994180 116.368320 7695.000000
39.993175 116.369098 7701.000000
39.992188 116.369857 7707.000000
39.991155 116.370565 7713.000000
39.990153 116.370962 7719.000000
39.989285 116.371147 7725.000000
39.988585 116.371098 7731.000000
39.987885 116.370763 7737.000000
39.987225 116.370320 7743.000000
39.986662 116.369892 7749.000000
39.986317 116.369173 7755.000000
39.986277 116.368143 7761.000000
39.986228 116.366968 7767.000000
39.986145 116.365705 7773.000000
39.986113 116.364253 7779.000000
39.986073 116.362757 7785.000000
39.986037 116.361185 7791.000000
39.985952 116.358625 7801.000000
39.985897 116.357178 7807.000000
39.985840 116.355515 7813.000000
39.985758 116.352367 7823.000000
39.985663 116.349758 7833.000000
39.985642 116.348300 7839.000000
39.985598 116.346902 7845.000000
39.985568 116.345702 7851.000000
39.985537 116.344450 7857.000000
39.985515 116.343092 7863.000000
39.985502 116.341795 7869.000000
39.985467 116.340618 7875.000000
39.985450 116.339442 7881.000000
39.985482 116.338320 7887.000000
39.985473 116.337262 7893.000000
39.985437 116.335970 7899.000000
39.985383 116.334547 7905.000000
39.985287 116.332910 7911.000000
39.985197 116.330465 7921.000000
39.985113 116.329128 7927.000000
39.985027 116.327907 7933.000000
39.984928 116.327195 7939.000000
39.984715 116.327070 7943.000000
39.984145 116.327013 7949.000000
39.983415 116.327058 7955.000000
39.982562 116.327145 7961.000000
39.981540 116.327173 7967.000000
39.980567 116.327235 7973.000000
39.979990 116.327265 7979.000000
39.979840 116.327277 7983.000000
39.979672 116.327280 7987.000000
39.979455 116.327305 7991.000000
39.979137 116.327330 7995.000000
39.978535 116.327367 8001.000000
39.977828 116.327415 8007.000000
39.977148 116.327443 8013.000000
39.976518 116.327478 8019.000000
39.976103 116.327507 8025.000000
39.975965 116.327517 8029.000000
39.975883 116.327525 8033.000000
39.975872 116.327528 8035.000000
39.975867 116.327532 8037.000000
39.975867 116.327532 8064.000000
39.975863 116.327533 8066.000000
39.975832 116.327533 8068.000000
39.975790 116.327535 8072.000000
39.975782 116.327535 8074.000000
39.975782 116.327535 8109.000000
39.975773 116.327535 8111.000000
39.975737 116.327538 8113.000000
39.975648 116.327540 8117.000000
39.975532 116.327548 8121.000000
39.975512 116.327640 8125.000000
39.975648 116.327655 8129.000000
39.975903 116.327648 8133.000000
39.976357 116.327607 8139.000000
39.976730 116.327613 8145.000000
39.976862 116.327730 8149.000000
39.976877 116.327990 8153.000000
39.976870 116.328345 8157.000000
39.976878 116.328798 8163.000000
39.976917 116.328962 8167.000000
39.976955 116.329177 8171.000000
39.976957 116.329542 8175.000000
39.977020 116.330138 8181.000000
39.977048 116.330742 8187.000000
39.977077 116.330987 8191.000000
39.977082 116.331205 8195.000000
39.977090 116.331433 8199.000000
39.977075 116.331583 8203.000000
39.977080 116.331618 8205.000000
39.977082 116.331660 8207.000000
39.977057 116.331788 8211.000000
39.976855 116.331828 8215.000000
39.976573 116.331812 8219.000000
39.976153 116.331793 8225.000000
39.975813 116.331732 8231.000000
39.975730 116.331558 8235.000000
39.975702 116.331292 8239.000000
39.975648 116.331035 8243.000000
39.975608 116.330745 8247.000000
39.975630 116.330332 8253.000000
39.975567 116.330253 8257.000000
39.975560 116.330250 8259.000000
39.975510 116.330225 8261.000000
39.975460 116.330237 8263.000000
39.975433 116.330440 8267.000000
39.975445 116.330610 8271.000000
