39.984517 116.347483 48683.000000
39.988033 116.347333 48721.000000
39.988833 116.347283 48732.000000
39.989183 116.347267 48760.000000
39.993900 116.346917 48832.000000
39.998633 116.346750 48891.000000
39.998817 116.346733 48894.000000
39.999083 116.346733 48944.000000
40.000600 116.346600 48984.000000
40.006583 116.346317 49096.000000
40.019550 116.345617 49213.000000
40.020283 116.345583 49230.000000
40.020650 116.345567 49236.000000
40.021133 116.346083 49244.000000
40.021450 116.348383 49271.000000
40.021400 116.349917 49297.000000
40.021350 116.350367 49407.000000
40.022133 116.350350 49419.000000
40.022767 116.349667 49425.000000
40.024117 116.346133 49448.000000
40.026483 116.344100 49475.000000
40.027083 116.343650 49502.000000
40.029333 116.341917 49528.000000
40.031433 116.340317 49553.000000
40.032717 116.339617 49564.000000
40.034217 116.338417 49578.000000
40.035233 116.337350 49591.000000
40.043100 116.331450 49688.000000
40.044333 116.330817 49700.000000
40.050550 116.325983 49763.000000
40.051200 116.325183 49770.000000
40.053133 116.323717 49793.000000
40.053533 116.323383 49880.000000
40.054650 116.322500 49898.000000
