39.975788 116.333758 49049.000000
39.975968 116.333708 49051.000000
39.976303 116.333707 49055.000000
39.977053 116.333520 49061.000000
39.978005 116.333260 49067.000000
39.978997 116.333077 49073.000000
39.980012 116.332893 49079.000000
39.980950 116.332755 49085.000000
39.981845 116.332592 49091.000000
39.982763 116.332425 49097.000000
39.983687 116.332247 49103.000000
39.984568 116.332090 49109.000000
39.985423 116.331947 49115.000000
39.986248 116.331845 49121.000000
39.987097 116.331772 49127.000000
39.987925 116.331712 49133.000000
39.988775 116.331682 49139.000000
39.989630 116.331677 49145.000000
39.990360 116.331692 49151.000000
39.991013 116.331702 49157.000000
39.991587 116.331648 49163.000000
39.991728 116.331710 49169.000000
39.991803 116.331685 49173.000000
39.991822 116.331658 49177.000000
39.991847 116.331665 49184.000000
39.991848 116.331625 49186.000000
39.991827 116.331607 49188.000000
39.991825 116.331585 49190.000000
39.991797 116.331553 49192.000000
39.991798 116.331517 49194.000000
39.991815 116.331485 49196.000000
39.991810 116.331475 49198.000000
39.991952 116.331490 49203.000000
39.991967 116.331503 49206.000000
39.992005 116.331507 49208.000000
39.992058 116.331490 49212.000000
39.992057 116.331488 49214.000000
39.992092 116.331502 49218.000000
39.992318 116.331437 49220.000000
39.992720 116.331500 49224.000000
39.993550 116.331512 49230.000000
39.994495 116.331522 49236.000000
39.995463 116.331502 49242.000000
39.996440 116.331462 49248.000000
39.997402 116.331432 49254.000000
39.998352 116.331400 49260.000000
39.999273 116.331583 49266.000000
40.000203 116.331623 49272.000000
40.001145 116.331572 49278.000000
40.002063 116.331460 49284.000000
40.003027 116.331350 49290.000000
40.004028 116.331257 49296.000000
40.005048 116.331160 49302.000000
40.006070 116.331033 49308.000000
40.007093 116.330675 49314.000000
40.008055 116.330108 49320.000000
40.008920 116.329358 49326.000000
40.009710 116.328513 49332.000000
40.010458 116.327610 49338.000000
40.011252 116.326692 49344.000000
40.012040 116.325803 49350.000000
40.012855 116.324895 49356.000000
40.013663 116.324030 49362.000000
40.014450 116.323178 49368.000000
40.015207 116.322340 49374.000000
40.015965 116.321427 49380.000000
40.016705 116.320575 49386.000000
40.017475 116.319832 49392.000000
40.018320 116.319267 49398.000000
40.028708 116.315325 49465.000000
40.029625 116.314985 49471.000000
40.030392 116.314665 49477.000000
