40.076400 116.327112 5185.000000
40.076392 116.327110 5186.000000
40.076370 116.327105 5188.000000
40.076343 116.327110 5190.000000
40.076287 116.327088 5194.000000
40.076242 116.327060 5198.000000
40.076222 116.327072 5200.000000
40.076203 116.327080 5202.000000
40.076182 116.327087 5204.000000
40.076155 116.327095 5206.000000
40.076130 116.327103 5208.000000
40.076102 116.327110 5210.000000
40.076070 116.327125 5212.000000
40.076047 116.327133 5214.000000
40.076028 116.327138 5216.000000
40.076005 116.327182 5218.000000
40.075985 116.327222 5220.000000
40.075970 116.327260 5222.000000
40.075962 116.327298 5224.000000
40.075947 116.327360 5226.000000
40.075940 116.327403 5228.000000
40.075930 116.327440 5230.000000
40.075915 116.327473 5232.000000
40.075910 116.327510 5234.000000
40.075900 116.327542 5236.000000
40.075885 116.327567 5238.000000
40.075865 116.327585 5240.000000
40.075843 116.327600 5242.000000
40.075822 116.327612 5244.000000
40.075800 116.327627 5246.000000
40.075780 116.327643 5248.000000
40.075757 116.327660 5250.000000
40.075735 116.327672 5252.000000
40.075712 116.327682 5254.000000
40.075692 116.327685 5256.000000
40.075670 116.327687 5258.000000
40.075653 116.327687 5260.000000
40.075635 116.327685 5262.000000
40.075613 116.327683 5264.000000
40.075588 116.327685 5266.000000
40.075558 116.327690 5268.000000
40.075528 116.327698 5270.000000
40.075505 116.327705 5272.000000
40.075473 116.327707 5274.000000
40.075445 116.327713 5276.000000
40.075417 116.327717 5278.000000
40.075392 116.327720 5280.000000
40.075363 116.327727 5282.000000
40.075335 116.327732 5284.000000
40.075308 116.327733 5286.000000
40.075282 116.327735 5288.000000
40.075257 116.327738 5290.000000
40.075233 116.327738 5292.000000
40.075207 116.327742 5294.000000
40.075182 116.327747 5296.000000
40.075162 116.327758 5298.000000
40.075145 116.327780 5300.000000
40.075127 116.327797 5302.000000
40.075103 116.327810 5304.000000
40.075082 116.327823 5306.000000
40.075060 116.327835 5308.000000
40.075035 116.327842 5310.000000
40.075010 116.327847 5312.000000
40.074985 116.327855 5314.000000
40.074958 116.327867 5316.000000
40.074930 116.327877 5318.000000
40.074905 116.327883 5320.000000
40.074882 116.327887 5322.000000
40.074857 116.327892 5324.000000
40.074832 116.327898 5326.000000
40.074805 116.327908 5328.000000
40.074780 116.327920 5330.000000
40.074755 116.327930 5332.000000
40.074730 116.327938 5334.000000
40.074702 116.327942 5336.000000
40.074675 116.327942 5338.000000
40.074647 116.327947 5340.000000
40.074622 116.327953 5342.000000
40.074595 116.327960 5344.000000
40.074568 116.327965 5346.000000
40.074545 116.327975 5348.000000
40.074528 116.328000 5350.000000
40.074518 116.328030 5352.000000
40.074512 116.328063 5354.000000
40.074505 116.328095 5356.000000
40.074497 116.328125 5358.000000
40.074488 116.328157 5360.000000
40.074477 116.328185 5362.000000
40.074462 116.328208 5364.000000
40.074440 116.328227 5366.000000
40.074415 116.328240 5368.000000
40.074393 116.328252 5370.000000
40.074368 116.328262 5372.000000
40.074345 116.328268 5374.000000
40.074318 116.328277 5376.000000
40.074293 116.328277 5378.000000
40.074268 116.328277 5380.000000
40.074243 116.328278 5382.000000
40.074217 116.328280 5384.000000
40.074188 116.328278 5386.000000
40.074160 116.328282 5388.000000
40.074133 116.328290 5390.000000
40.074107 116.328295 5392.000000
40.074088 116.328288 5394.000000
40.074065 116.328290 5396.000000
40.074043 116.328290 5398.000000
40.074022 116.328288 5400.000000
40.073997 116.328288 5402.000000
40.073975 116.328288 5404.000000
40.073950 116.328292 5406.000000
40.073925 116.328293 5408.000000
40.073902 116.328288 5410.000000
40.073877 116.328287 5412.000000
40.073853 116.328283 5414.000000
40.073828 116.328280 5416.000000
40.073803 116.328288 5418.000000
40.073780 116.328298 5420.000000
40.073757 116.328307 5422.000000
40.073732 116.328313 5424.000000
40.073708 116.328317 5426.000000
40.073682 116.328315 5428.000000
40.073658 116.328318 5430.000000
40.073633 116.328323 5432.000000
40.073608 116.328328 5434.000000
40.073582 116.328337 5436.000000
40.073557 116.328342 5438.000000
40.073532 116.328343 5440.000000
40.073507 116.328340 5442.000000
40.073480 116.328340 5444.000000
40.073453 116.328345 5446.000000
40.073427 116.328347 5448.000000
40.073398 116.328347 5450.000000
40.073373 116.328345 5452.000000
40.073348 116.328343 5454.000000
40.073322 116.328348 5456.000000
40.073297 116.328353 5458.000000
40.073272 116.328355 5460.000000
40.073247 116.328355 5462.000000
40.073220 116.328357 5464.000000
40.073193 116.328360 5466.000000
40.073172 116.328362 5468.000000
40.073147 116.328365 5470.000000
40.073122 116.328372 5472.000000
40.073097 116.328377 5474.000000
40.073072 116.328383 5476.000000
40.073047 116.328387 5478.000000
40.073022 116.328393 5480.000000
40.072995 116.328395 5482.000000
40.072968 116.328397 5484.000000
40.072943 116.328400 5486.000000
40.072918 116.328415 5488.000000
40.072893 116.328432 5490.000000
40.072867 116.328448 5492.000000
40.072842 116.328463 5494.000000
40.072820 116.328480 5496.000000
40.072800 116.328498 5498.000000
40.072778 116.328520 5500.000000
40.072758 116.328543 5502.000000
40.072738 116.328577 5504.000000
40.072718 116.328607 5506.000000
40.072697 116.328623 5508.000000
40.072673 116.328630 5510.000000
40.072648 116.328633 5512.000000
40.072623 116.328640 5514.000000
40.072598 116.328640 5516.000000
40.072578 116.328633 5518.000000
40.072555 116.328628 5520.000000
40.072530 116.328625 5522.000000
40.072500 116.328625 5524.000000
