40.005155 116.341278 82588.000000
40.005257 116.341503 82589.000000
40.005323 116.341673 82590.000000
40.005384 116.341809 82591.000000
40.005434 116.341906 82592.000000
40.005468 116.341996 82593.000000
40.005500 116.342055 82594.000000
40.005523 116.342113 82595.000000
40.005528 116.342163 82596.000000
40.005540 116.342206 82598.000000
40.005512 116.342206 82600.000000
40.005476 116.342223 82602.000000
40.005437 116.342293 82604.000000
40.005462 116.342508 82608.000000
40.005482 116.342623 82609.000000
40.005496 116.342706 82611.000000
40.005511 116.342816 82612.000000
40.005608 116.342793 82615.000000
40.005682 116.342775 82616.000000
40.005731 116.342754 82617.000000
40.005787 116.342736 82618.000000
40.005889 116.342825 82620.000000
40.005846 116.342844 82626.000000
40.005885 116.342810 82639.000000
40.005944 116.342832 82641.000000
40.006004 116.342859 82642.000000
40.006057 116.342877 82643.000000
40.006088 116.342935 82646.000000
40.006102 116.342986 82651.000000
40.006061 116.343003 82665.000000
40.006025 116.343059 82671.000000
40.005985 116.343088 82674.000000
40.005932 116.343139 82677.000000
40.005860 116.343326 82680.000000
40.005832 116.343251 82686.000000
40.005816 116.343151 82688.000000
40.005799 116.343066 82691.000000
40.005753 116.343109 82697.000000
40.005752 116.343037 82703.000000
40.005769 116.342975 82720.000000
40.005766 116.342906 82722.000000
40.005751 116.342836 82726.000000
40.005719 116.342783 82732.000000
40.005702 116.342720 82734.000000
40.005701 116.342649 82738.000000
40.005719 116.342588 82741.000000
