40.080783 116.332267 60730.000000
40.080857 116.332223 60732.000000
40.080907 116.332151 60733.000000
40.080946 116.332113 60735.000000
40.080971 116.332163 60738.000000
40.081043 116.332097 60741.000000
40.081082 116.332037 60743.000000
40.081100 116.331977 60749.000000
40.081132 116.331923 60750.000000
40.081183 116.331833 60752.000000
40.081213 116.331775 60757.000000
40.081256 116.331724 60761.000000
40.081191 116.331787 60763.000000
40.081117 116.331916 60766.000000
40.081094 116.331980 60768.000000
40.081012 116.332047 60771.000000
40.080951 116.332112 60773.000000
40.080955 116.332040 60781.000000
40.080888 116.332111 60784.000000
40.080855 116.332152 60785.000000
40.080851 116.332211 60794.000000
40.080781 116.332283 60796.000000
40.080731 116.332358 60799.000000
40.080694 116.332401 60802.000000
40.080667 116.332453 60804.000000
40.080727 116.332454 60808.000000
40.080689 116.332531 60809.000000
40.080688 116.332603 60814.000000
40.080680 116.332540 60820.000000
40.080630 116.332581 60822.000000
40.080666 116.332515 60827.000000
40.080700 116.332472 60830.000000
40.080739 116.332419 60832.000000
40.080787 116.332378 60835.000000
40.080747 116.332428 60842.000000
40.080708 116.332482 60843.000000
40.080649 116.332475 60846.000000
40.080583 116.332503 60848.000000
40.080527 116.332491 60850.000000
40.080475 116.332490 60852.000000
40.080427 116.332496 60856.000000
40.080376 116.332471 60860.000000
40.080331 116.332499 60864.000000
40.080284 116.332503 60870.000000
40.080215 116.332536 60872.000000
40.080162 116.332585 60873.000000
40.080121 116.332624 60875.000000
40.080041 116.332713 60876.000000
40.079963 116.332813 60879.000000
40.079936 116.332861 60880.000000
40.079891 116.332967 60882.000000
40.079937 116.332984 60885.000000
40.079889 116.333024 60889.000000
40.079958 116.333029 60893.000000
40.080013 116.333046 60894.000000
40.080076 116.333024 60895.000000
40.080190 116.333015 60896.000000
40.080302 116.333002 60897.000000
40.080405 116.332991 60898.000000
40.080515 116.332958 60899.000000
40.080568 116.332976 60900.000000
40.080683 116.332927 60901.000000
40.080757 116.332908 60902.000000
40.080866 116.332908 60904.000000
40.080976 116.332864 60905.000000
40.081100 116.332795 60906.000000
40.081197 116.332739 60907.000000
40.081292 116.332690 60908.000000
40.081405 116.332617 60909.000000
40.081507 116.332555 60910.000000
40.081415 116.332598 60911.000000
40.081330 116.332624 60912.000000
40.081175 116.332658 60913.000000
40.081101 116.332692 60916.000000
40.081033 116.332765 60917.000000
40.080957 116.332814 60918.000000
40.081021 116.332726 60923.000000
40.080974 116.332750 60925.000000
40.080927 116.332769 60929.000000
40.080961 116.332704 60931.000000
40.080998 116.332626 60935.000000
40.080970 116.332661 60939.000000
40.080914 116.332697 60942.000000
40.080824 116.332726 60944.000000
40.080772 116.332747 60945.000000
40.080665 116.332788 60947.000000
40.080612 116.332795 60949.000000
40.080642 116.332729 60950.000000
40.080683 116.332657 60951.000000
40.080727 116.332612 60952.000000
40.080774 116.332566 60953.000000
40.080852 116.332519 60955.000000
40.081064 116.332344 60961.000000
40.081191 116.332244 60963.000000
40.081234 116.332229 60966.000000
40.081327 116.332175 60967.000000
40.081356 116.332225 60972.000000
40.081417 116.332231 60974.000000
40.081488 116.332215 60978.000000
40.081540 116.332201 60981.000000
40.081589 116.332188 60984.000000
40.081640 116.332158 60987.000000
40.081705 116.332093 60989.000000
40.081772 116.332038 60991.000000
40.081828 116.331971 60993.000000
40.081872 116.331917 60995.000000
40.081923 116.331887 60997.000000
40.081961 116.331844 61000.000000
40.082012 116.331811 61004.000000
40.082043 116.331768 61010.000000
40.082087 116.331801 61014.000000
40.082128 116.331836 61018.000000
40.082164 116.331794 61022.000000
40.082181 116.331705 61026.000000
40.082191 116.331638 61028.000000
40.082239 116.331651 61033.000000
40.082222 116.331722 61051.000000
40.082211 116.331779 61056.000000
40.082199 116.331837 61062.000000
40.082169 116.331880 61066.000000
40.082211 116.331822 61071.000000
40.082200 116.331767 61074.000000
40.082186 116.331714 61079.000000
40.082156 116.331655 61081.000000
40.082141 116.331707 61087.000000
40.082167 116.331754 61091.000000
40.082149 116.331819 61095.000000
40.082138 116.331757 61102.000000
40.082128 116.331695 61112.000000
40.082187 116.331680 61115.000000
40.082212 116.331629 61121.000000
40.082183 116.331662 61132.000000
40.082151 116.331671 61141.000000
40.082132 116.331704 61152.000000
40.082186 116.331708 61157.000000
40.082227 116.331737 61165.000000
40.082279 116.331723 61182.000000
40.082316 116.331668 61188.000000
40.082360 116.331651 61191.000000
40.082320 116.331626 61200.000000
40.082274 116.331659 61205.000000
40.082303 116.331606 61211.000000
40.082342 116.331566 61214.000000
40.082380 116.331525 61218.000000
40.082414 116.331455 61221.000000
40.082424 116.331390 61225.000000
40.082449 116.331333 61227.000000
40.082476 116.331286 61231.000000
40.082517 116.331242 61241.000000
40.082567 116.331262 61249.000000
40.082605 116.331221 61254.000000
40.082626 116.331157 61258.000000
40.082646 116.331086 61260.000000
40.082584 116.330964 61261.000000
40.082561 116.330850 61262.000000
40.082533 116.330791 61263.000000
40.082522 116.330737 61264.000000
40.082535 116.330661 61265.000000
40.082553 116.330602 61266.000000
40.082584 116.330543 61267.000000
40.082627 116.330468 61268.000000
40.082642 116.330408 61271.000000
40.082697 116.330300 61273.000000
40.082726 116.330241 61274.000000
40.082766 116.330178 61275.000000
40.082800 116.330117 61276.000000
40.082758 116.330160 61278.000000
40.082696 116.330229 61280.000000
40.082640 116.330282 61282.000000
40.082662 116.330210 61287.000000
40.082697 116.330155 61288.000000
40.082633 116.330246 61293.000000
40.082559 116.330340 61295.000000
40.082511 116.330405 61296.000000
40.082458 116.330472 61297.000000
40.082394 116.330568 61299.000000
40.082344 116.330659 61300.000000
40.082302 116.330733 61301.000000
40.082254 116.330809 61302.000000
40.082135 116.330959 61304.000000
40.082043 116.331085 61305.000000
40.082002 116.331152 61306.000000
40.081958 116.331224 61307.000000
40.081927 116.331276 61308.000000
40.081822 116.331451 61309.000000
40.081738 116.331597 61310.000000
40.081713 116.331659 61311.000000
40.081640 116.331796 61312.000000
40.081581 116.331902 61313.000000
40.081439 116.332198 61314.000000
40.081300 116.332484 61315.000000
40.081160 116.332770 61316.000000
40.081129 116.332850 61319.000000
40.081154 116.332762 61322.000000
40.081202 116.332700 61324.000000
40.081247 116.332623 61327.000000
40.081287 116.332569 61328.000000
40.081343 116.332481 61329.000000
40.081429 116.332337 61330.000000
40.081504 116.332220 61331.000000
40.081563 116.332130 61332.000000
40.081596 116.332050 61334.000000
40.081549 116.332089 61337.000000
40.081570 116.332035 61340.000000
40.081597 116.331978 61344.000000
40.081556 116.332012 61346.000000
40.081499 116.332018 61348.000000
40.081448 116.332048 61350.000000
40.081380 116.332055 61353.000000
40.081344 116.332094 61354.000000
40.081347 116.332032 61359.000000
40.081506 116.331797 61364.000000
40.081598 116.331655 61365.000000
40.081733 116.331446 61367.000000
40.081779 116.331428 61374.000000
40.081824 116.331456 61378.000000
40.081911 116.331387 61380.000000
40.081976 116.331365 61382.000000
40.082098 116.331250 61384.000000
40.082156 116.331191 61386.000000
40.082213 116.331164 61388.000000
40.082223 116.331228 61393.000000
40.082195 116.331280 61401.000000
40.082161 116.331330 61411.000000
40.082124 116.331370 61417.000000
40.082083 116.331343 61425.000000
40.082119 116.331299 61430.000000
40.082028 116.331235 61439.000000
40.081978 116.331208 61440.000000
40.081940 116.331196 61441.000000
40.081906 116.331180 61442.000000
40.081947 116.331176 61450.000000
40.081994 116.331168 61455.000000
40.082030 116.331216 61460.000000
40.082074 116.331209 61465.000000
40.082115 116.331226 61475.000000
40.082142 116.331274 61479.000000
40.082169 116.331321 61483.000000
40.082218 116.331294 61486.000000
40.082244 116.331239 61489.000000
40.082239 116.331175 61491.000000
40.082283 116.331088 61494.000000
40.082319 116.331050 61496.000000
40.082340 116.330993 61497.000000
40.082284 116.330980 61503.000000
40.082338 116.330972 61505.000000
40.082365 116.331022 61510.000000
40.082331 116.331098 61515.000000
40.082366 116.331025 61521.000000
40.082407 116.330958 61522.000000
40.082440 116.330911 61523.000000
40.082426 116.330967 61525.000000
40.082451 116.330891 61529.000000
40.082499 116.330772 61532.000000
40.082455 116.330748 61538.000000
40.082405 116.330796 61539.000000
40.082374 116.330748 61541.000000
40.082270 116.330870 61542.000000
40.082279 116.330799 61544.000000
40.082296 116.330741 61546.000000
40.082358 116.330721 61552.000000
40.082402 116.330687 61554.000000
40.082448 116.330676 61556.000000
40.082475 116.330624 61559.000000
40.082457 116.330687 61561.000000
40.082483 116.330720 61563.000000
40.082509 116.330752 61569.000000
40.082534 116.330704 61572.000000
40.082548 116.330639 61574.000000
40.082586 116.330608 61577.000000
40.082633 116.330617 61582.000000
40.082583 116.330679 61585.000000
40.082627 116.330610 61589.000000
40.082675 116.330551 61592.000000
40.082688 116.330471 61595.000000
40.082731 116.330441 61601.000000
40.081950 116.331525 61611.000000
40.081916 116.331538 61616.000000
40.081967 116.331545 61621.000000
40.081920 116.331602 61632.000000
40.081876 116.331621 61636.000000
40.081845 116.331583 61640.000000
40.081856 116.331610 61645.000000
40.081877 116.331665 61649.000000
40.081906 116.331623 61655.000000
40.081930 116.331540 61660.000000
40.081958 116.331482 61662.000000
40.081994 116.331409 61664.000000
40.082023 116.331325 61666.000000
40.082043 116.331247 61668.000000
40.082024 116.331236 61677.000000
40.082049 116.331179 61685.000000
40.082061 116.331115 61687.000000
40.082073 116.331057 61689.000000
40.082107 116.330976 61692.000000
40.082148 116.330895 61694.000000
40.082188 116.330793 61697.000000
40.082239 116.330705 61699.000000
40.082257 116.330628 61703.000000
40.082259 116.330554 61705.000000
40.082213 116.330525 61708.000000
40.082113 116.330579 61710.000000
40.082018 116.330617 61712.000000
40.081941 116.330673 61713.000000
40.081915 116.330649 61716.000000
40.081882 116.330661 61718.000000
40.081812 116.330720 61720.000000
40.081778 116.330832 61722.000000
40.081770 116.330884 61723.000000
40.081808 116.330952 61725.000000
40.081829 116.330982 61726.000000
40.081854 116.330991 61727.000000
40.081839 116.331046 61728.000000
40.081777 116.331150 61729.000000
40.081712 116.331278 61730.000000
40.081731 116.331306 61732.000000
40.081777 116.331274 61733.000000
40.081817 116.331326 61735.000000
40.081888 116.331253 61736.000000
40.081930 116.331214 61737.000000
40.082002 116.331134 61738.000000
40.082045 116.331103 61739.000000
40.082139 116.331005 61740.000000
40.082248 116.330868 61741.000000
40.082352 116.330753 61742.000000
40.082454 116.330640 61743.000000
40.082497 116.330591 61744.000000
40.082625 116.330402 61746.000000
40.082758 116.330208 61747.000000
40.082380 116.330760 61748.000000
40.082135 116.331111 61749.000000
40.081952 116.331385 61750.000000
40.081827 116.331587 61751.000000
40.081752 116.331702 61752.000000
40.081675 116.331819 61753.000000
40.081659 116.331865 61754.000000
40.081724 116.331813 61757.000000
40.081792 116.331754 61759.000000
40.081870 116.331668 61760.000000
40.081911 116.331647 61762.000000
40.081956 116.331621 61764.000000
40.081998 116.331574 61765.000000
40.082070 116.331498 61767.000000
40.082118 116.331443 61768.000000
40.082181 116.331354 61771.000000
40.082214 116.331300 61772.000000
40.082279 116.331231 61774.000000
40.082369 116.331087 61775.000000
40.082425 116.331031 61777.000000
40.082539 116.330917 61780.000000
40.082616 116.330849 61781.000000
40.082728 116.330783 61783.000000
40.082771 116.330739 61784.000000
