39.932030 116.453320 46912.000000
39.932035 116.453320 46913.000000
39.932055 116.453340 46915.000000
39.932122 116.453237 46920.000000
39.932142 116.453210 46922.000000
39.932158 116.453200 46924.000000
39.932177 116.453180 46926.000000
39.932243 116.453077 46931.000000
39.932243 116.453077 46936.000000
39.932243 116.453077 46941.000000
39.932243 116.453077 46946.000000
39.932243 116.453077 46951.000000
39.932243 116.453077 46956.000000
39.932243 116.453077 46961.000000
39.932243 116.453077 46966.000000
39.932243 116.453077 46969.000000
39.932243 116.453077 46971.000000
39.932260 116.453120 46976.000000
39.932270 116.453170 46978.000000
39.932272 116.453222 46980.000000
39.932263 116.453287 46982.000000
39.932267 116.453338 46984.000000
39.932273 116.453373 46986.000000
39.932277 116.453390 46988.000000
39.932275 116.453403 46993.000000
39.932285 116.453430 46998.000000
39.932295 116.453462 47000.000000
39.932305 116.453517 47002.000000
39.932323 116.453598 47004.000000
39.932345 116.453703 47006.000000
39.932363 116.453823 47008.000000
39.932378 116.453965 47010.000000
39.932385 116.454123 47012.000000
39.932390 116.454293 47014.000000
39.932392 116.454468 47016.000000
39.932393 116.454638 47018.000000
39.932392 116.454787 47020.000000
