39.975552 116.327700 23995.000000
39.975877 116.326882 23997.000000
39.976005 116.326947 23999.000000
39.976038 116.326960 24001.000000
39.976072 116.327008 24003.000000
39.976132 116.326983 24005.000000
39.976222 116.326967 24007.000000
39.976327 116.326952 24009.000000
39.976430 116.326935 24011.000000
39.976545 116.326912 24013.000000
39.976657 116.326898 24015.000000
39.976750 116.326895 24017.000000
39.976813 116.326890 24019.000000
39.976858 116.326887 24021.000000
39.976882 116.326885 24023.000000
39.976875 116.326875 24025.000000
39.976870 116.326873 24027.000000
39.976940 116.326882 24032.000000
39.977000 116.326892 24034.000000
39.977063 116.326905 24036.000000
39.977133 116.326908 24038.000000
39.977158 116.326977 24040.000000
39.977177 116.327062 24042.000000
39.977192 116.327123 24044.000000
39.977190 116.327203 24046.000000
39.977193 116.327280 24048.000000
39.977197 116.327415 24050.000000
39.977198 116.327522 24052.000000
39.977190 116.327625 24054.000000
39.977168 116.327737 24056.000000
39.977153 116.327818 24058.000000
39.977133 116.327908 24060.000000
39.977163 116.327997 24062.000000
39.977168 116.328145 24064.000000
39.977167 116.328285 24066.000000
39.977193 116.328477 24068.000000
39.977188 116.328665 24070.000000
39.977220 116.328815 24072.000000
39.977268 116.328930 24074.000000
39.977283 116.329030 24076.000000
39.977293 116.329123 24078.000000
39.977290 116.329222 24080.000000
39.977288 116.329308 24082.000000
39.977283 116.329397 24084.000000
39.977285 116.329445 24086.000000
39.977270 116.329488 24088.000000
39.977280 116.329518 24090.000000
39.977277 116.329565 24092.000000
39.977263 116.329617 24094.000000
39.977235 116.329658 24096.000000
39.977213 116.329707 24098.000000
39.977200 116.329778 24100.000000
39.977192 116.329848 24102.000000
39.977182 116.329943 24104.000000
39.977163 116.330062 24106.000000
39.977157 116.330198 24108.000000
39.977133 116.330345 24110.000000
39.977122 116.330512 24112.000000
39.977112 116.330673 24114.000000
39.977103 116.330822 24116.000000
39.977077 116.330930 24118.000000
39.977050 116.330958 24120.000000
39.977018 116.330993 24122.000000
39.976962 116.331030 24124.000000
39.976892 116.331065 24126.000000
39.976800 116.331103 24128.000000
39.976695 116.331127 24130.000000
39.976558 116.331142 24132.000000
39.976425 116.331150 24134.000000
39.976292 116.331165 24136.000000
39.976157 116.331193 24138.000000
39.976032 116.331225 24140.000000
39.975928 116.331285 24142.000000
39.975867 116.331315 24144.000000
39.975825 116.331330 24146.000000
39.975798 116.331313 24148.000000
39.975780 116.331248 24150.000000
39.975765 116.331158 24152.000000
39.975748 116.331040 24154.000000
39.975722 116.330913 24156.000000
39.975702 116.330788 24158.000000
39.975692 116.330682 24160.000000
39.975687 116.330582 24162.000000
39.975687 116.330497 24164.000000
39.975685 116.330403 24166.000000
39.975690 116.330312 24168.000000
39.975697 116.330228 24170.000000
39.975698 116.330153 24172.000000
39.975687 116.330115 24174.000000
39.975668 116.330103 24176.000000
39.975632 116.330117 24178.000000
39.975597 116.330147 24180.000000
39.975572 116.330202 24182.000000
39.975557 116.330293 24184.000000
39.975552 116.330388 24186.000000
39.975553 116.330472 24188.000000
39.975560 116.330545 24190.000000
39.975587 116.330605 24192.000000
39.975622 116.330630 24194.000000
39.975685 116.330623 24196.000000
39.975785 116.330590 24198.000000
39.975897 116.330550 24200.000000
39.976008 116.330498 24202.000000
39.976162 116.330495 24204.000000
39.976368 116.330543 24206.000000
39.976648 116.330608 24208.000000
39.977222 116.330723 24211.000000
39.977695 116.330863 24213.000000
