39.946221 116.265783 36799.000000
39.946225 116.265782 36801.000000
39.946227 116.265782 36803.000000
39.946229 116.265782 36805.000000
39.946230 116.265781 36807.000000
39.946230 116.265781 36809.000000
39.946232 116.265781 36811.000000
39.946233 116.265780 36813.000000
39.946232 116.265780 36815.000000
39.946229 116.265779 36817.000000
39.946225 116.265779 36819.000000
39.946223 116.265778 36821.000000
39.946221 116.265778 36823.000000
39.946222 116.265778 36825.000000
39.946224 116.265778 36827.000000
39.946224 116.265777 36829.000000
39.946223 116.265777 36831.000000
39.946224 116.265776 36833.000000
39.946227 116.265776 36835.000000
39.946230 116.265776 36837.000000
39.946234 116.265776 36839.000000
39.946237 116.265775 36841.000000
39.946239 116.265775 36843.000000
39.946240 116.265774 36845.000000
39.946240 116.265774 36847.000000
39.946241 116.265774 36849.000000
39.946240 116.265774 36851.000000
39.946240 116.265775 36853.000000
39.946239 116.265774 36855.000000
39.946240 116.265774 36857.000000
39.946237 116.265773 36859.000000
39.946233 116.265773 36861.000000
39.946229 116.265773 36863.000000
39.946227 116.265773 36865.000000
39.946225 116.265773 36867.000000
39.946222 116.265773 36869.000000
39.946220 116.265774 36871.000000
39.946220 116.265774 36873.000000
39.946221 116.265774 36875.000000
39.946223 116.265774 36877.000000
39.946228 116.265774 36879.000000
39.946228 116.265778 36881.000000
39.946247 116.265769 36883.000000
39.946260 116.265780 36885.000000
39.946263 116.265781 36887.000000
39.946267 116.265781 36889.000000
39.946271 116.265781 36891.000000
39.946327 116.265821 36893.000000
39.946354 116.265846 36895.000000
39.946337 116.265822 36897.000000
39.946309 116.265814 36899.000000
39.946305 116.265814 36901.000000
39.946231 116.265807 36903.000000
39.946187 116.265808 36905.000000
39.946177 116.265815 36907.000000
39.946157 116.265798 36909.000000
39.946147 116.265792 36911.000000
39.946131 116.265794 36913.000000
39.946125 116.265795 36915.000000
39.946122 116.265795 36917.000000
39.946123 116.265796 36919.000000
39.946126 116.265796 36921.000000
39.946127 116.265796 36923.000000
39.946126 116.265796 36925.000000
39.946126 116.265796 36927.000000
39.946126 116.265795 36929.000000
39.946128 116.265795 36931.000000
39.946130 116.265794 36933.000000
39.946133 116.265793 36935.000000
39.946135 116.265793 36937.000000
39.946136 116.265792 36939.000000
39.946136 116.265791 36941.000000
39.946136 116.265791 36943.000000
39.946137 116.265790 36945.000000
39.946139 116.265789 36947.000000
39.946143 116.265789 36949.000000
39.946147 116.265788 36951.000000
39.946151 116.265787 36953.000000
39.946154 116.265787 36955.000000
39.946156 116.265787 36957.000000
39.946158 116.265786 36959.000000
39.946161 116.265786 36961.000000
39.946164 116.265786 36963.000000
39.946165 116.265786 36965.000000
39.946165 116.265786 36967.000000
39.946164 116.265786 36969.000000
39.946163 116.265786 36971.000000
39.946162 116.265787 36973.000000
39.946162 116.265787 36975.000000
39.946161 116.265786 36977.000000
39.946161 116.265786 36979.000000
39.946161 116.265786 36981.000000
39.946159 116.265786 36983.000000
39.946160 116.265786 36985.000000
39.946162 116.265786 36987.000000
39.946164 116.265785 36989.000000
39.946167 116.265785 36991.000000
39.946167 116.265785 36993.000000
39.946167 116.265784 36995.000000
39.946167 116.265784 36997.000000
39.946167 116.265783 36999.000000
39.946169 116.265783 37001.000000
39.946171 116.265782 37003.000000
39.946173 116.265782 37005.000000
39.946174 116.265781 37007.000000
39.946176 116.265781 37009.000000
39.946176 116.265781 37011.000000
39.946176 116.265781 37013.000000
39.946177 116.265781 37015.000000
39.946178 116.265781 37017.000000
39.946178 116.265781 37019.000000
39.946178 116.265781 37021.000000
39.946178 116.265781 37023.000000
39.946178 116.265781 37025.000000
39.946179 116.265780 37027.000000
39.946179 116.265780 37029.000000
39.946179 116.265780 37031.000000
39.946179 116.265779 37033.000000
39.946180 116.265779 37035.000000
39.946180 116.265778 37037.000000
39.946180 116.265778 37039.000000
39.946181 116.265778 37041.000000
39.946181 116.265777 37043.000000
39.946181 116.265776 37045.000000
39.946182 116.265775 37047.000000
39.946183 116.265774 37049.000000
39.946183 116.265774 37051.000000
39.946184 116.265774 37053.000000
39.946184 116.265773 37055.000000
39.946185 116.265773 37057.000000
39.946185 116.265773 37059.000000
39.946185 116.265773 37061.000000
39.946195 116.265745 37063.000000
39.946203 116.265693 37065.000000
39.946185 116.265641 37067.000000
39.946147 116.265605 37069.000000
39.946105 116.265564 37071.000000
39.946053 116.265530 37073.000000
39.946010 116.265498 37075.000000
