40.068783 116.363117 41278.000000
40.069150 116.359433 41296.000000
40.069350 116.353567 41403.000000
40.069517 116.341367 41465.000000
40.069333 116.339150 41476.000000
40.069567 116.330200 41551.000000
40.069767 116.329650 41655.000000
40.069683 116.330083 41688.000000
40.069717 116.330317 41704.000000
40.069783 116.330783 41759.000000
40.069867 116.333400 41800.000000
40.073983 116.333550 41865.000000
40.074200 116.333333 41872.000000
40.074283 116.328483 41938.000000
40.074617 116.328183 41973.000000
40.075550 116.327950 41987.000000
40.076967 116.327667 42008.000000
40.077517 116.327500 42017.000000
40.077767 116.327417 42023.000000
40.077933 116.327317 42066.000000
40.078100 116.327217 42074.000000
40.078267 116.326917 42086.000000
