39.994793 116.401342 32217.000000
39.994697 116.401338 32220.000000
39.994598 116.401335 32222.000000
39.994393 116.401323 32226.000000
39.994275 116.401317 32229.000000
39.994212 116.401315 32231.000000
39.994152 116.401315 32233.000000
39.994103 116.401315 32235.000000
39.994083 116.401315 32242.000000
39.994038 116.401312 32244.000000
39.994000 116.401312 32246.000000
39.993972 116.401310 32249.000000
39.993928 116.401310 32251.000000
39.993443 116.401303 32261.000000
39.993295 116.401297 32263.000000
39.993155 116.401293 32265.000000
39.993010 116.401298 32267.000000
39.992862 116.401292 32269.000000
39.992725 116.401287 32271.000000
39.992623 116.401285 32273.000000
39.992543 116.401285 32275.000000
39.992463 116.401283 32277.000000
39.992365 116.401283 32279.000000
39.992243 116.401282 32281.000000
39.992103 116.401278 32283.000000
39.991963 116.401277 32285.000000
39.991815 116.401277 32287.000000
39.991670 116.401272 32289.000000
39.991542 116.401262 32291.000000
39.991443 116.401253 32293.000000
39.991362 116.401245 32295.000000
39.991292 116.401245 32297.000000
39.991213 116.401245 32299.000000
39.991115 116.401238 32301.000000
39.991065 116.401233 32303.000000
39.991030 116.401230 32305.000000
39.990973 116.401222 32307.000000
39.990907 116.401203 32309.000000
39.990858 116.401172 32311.000000
39.990803 116.401147 32313.000000
39.990725 116.401145 32315.000000
39.990635 116.401142 32317.000000
39.990533 116.401128 32319.000000
39.990407 116.401110 32321.000000
39.990218 116.401082 32323.000000
39.990043 116.401058 32325.000000
39.989867 116.401058 32327.000000
39.989702 116.401052 32329.000000
39.989518 116.401038 32331.000000
39.989353 116.401023 32333.000000
39.989180 116.401010 32335.000000
39.988990 116.400993 32337.000000
39.988810 116.400983 32339.000000
39.988680 116.400963 32341.000000
39.988540 116.400952 32343.000000
39.988403 116.400943 32345.000000
39.988265 116.400978 32347.000000
39.988102 116.400968 32349.000000
39.987973 116.400953 32351.000000
39.987862 116.400912 32353.000000
39.987775 116.400843 32355.000000
39.987702 116.400745 32357.000000
39.987627 116.400630 32359.000000
39.987557 116.400512 32361.000000
39.987492 116.400397 32363.000000
39.987433 116.400287 32365.000000
39.987388 116.400190 32367.000000
39.987363 116.400125 32369.000000
39.987350 116.400092 32371.000000
39.987345 116.400073 32373.000000
39.987343 116.400052 32375.000000
39.987345 116.399972 32377.000000
39.987335 116.399868 32379.000000
39.987318 116.399672 32381.000000
39.987308 116.399498 32383.000000
39.987302 116.399263 32385.000000
39.987295 116.399027 32387.000000
39.987292 116.398770 32389.000000
39.987278 116.398505 32391.000000
39.987272 116.398273 32393.000000
39.987268 116.398132 32395.000000
39.987270 116.398083 32397.000000
39.987272 116.398050 32399.000000
39.987275 116.398020 32401.000000
39.987275 116.398020 32405.000000
39.987278 116.398015 32407.000000
39.987280 116.397990 32409.000000
39.987282 116.397970 32418.000000
39.987283 116.397953 32420.000000
39.987285 116.397943 32422.000000
39.987285 116.397930 32424.000000
39.987285 116.397897 32426.000000
39.987283 116.397840 32428.000000
39.987283 116.397778 32430.000000
39.987277 116.397717 32432.000000
39.987267 116.397657 32434.000000
39.987260 116.397600 32436.000000
39.987255 116.397548 32438.000000
39.987250 116.397493 32440.000000
39.987245 116.397418 32442.000000
39.987242 116.397327 32444.000000
39.987238 116.397230 32446.000000
39.987237 116.397137 32448.000000
39.987235 116.397048 32450.000000
39.987232 116.396950 32452.000000
39.987225 116.396840 32454.000000
39.987220 116.396725 32456.000000
39.987212 116.396590 32458.000000
39.987205 116.396452 32460.000000
39.987203 116.396323 32462.000000
39.987203 116.396230 32464.000000
39.987203 116.396170 32466.000000
39.987203 116.396120 32468.000000
39.987202 116.396078 32470.000000
39.987198 116.396037 32472.000000
39.987193 116.395985 32474.000000
39.987188 116.395915 32476.000000
39.987183 116.395825 32478.000000
39.987180 116.395740 32480.000000
39.987180 116.395673 32482.000000
39.987178 116.395613 32484.000000
39.987177 116.395557 32486.000000
39.987175 116.395500 32488.000000
39.987168 116.395427 32490.000000
39.987173 116.395333 32492.000000
39.987190 116.395230 32494.000000
39.987198 116.395128 32496.000000
39.987195 116.395033 32498.000000
39.987187 116.394903 32500.000000
39.987175 116.394767 32502.000000
39.987167 116.394670 32504.000000
39.987160 116.394608 32506.000000
39.987157 116.394542 32508.000000
39.987148 116.394472 32510.000000
39.987147 116.394425 32512.000000
39.987148 116.394415 32517.000000
39.987145 116.394357 32519.000000
39.987142 116.394265 32521.000000
39.987148 116.394150 32523.000000
39.987155 116.394013 32525.000000
39.987157 116.393868 32527.000000
39.987153 116.393708 32529.000000
39.987148 116.393542 32531.000000
39.987142 116.393362 32533.000000
39.987135 116.393175 32535.000000
39.987127 116.392982 32537.000000
39.987125 116.392797 32539.000000
39.987122 116.392625 32541.000000
39.987117 116.392457 32543.000000
39.987112 116.392285 32545.000000
39.987108 116.392117 32547.000000
39.987105 116.391958 32549.000000
39.987103 116.391798 32551.000000
39.987102 116.391635 32553.000000
39.987102 116.391472 32555.000000
39.987100 116.391308 32557.000000
39.987098 116.391152 32559.000000
39.987098 116.390998 32561.000000
39.987100 116.390842 32563.000000
39.987100 116.390685 32565.000000
39.987098 116.390545 32567.000000
39.987100 116.390433 32569.000000
39.987102 116.390338 32571.000000
39.987103 116.390250 32573.000000
39.987105 116.390160 32575.000000
39.987107 116.390068 32577.000000
39.987108 116.389965 32579.000000
39.987112 116.389843 32581.000000
39.987118 116.389705 32583.000000
39.987125 116.389572 32585.000000
39.987127 116.389447 32587.000000
39.987105 116.389380 32589.000000
39.987082 116.389335 32591.000000
39.987068 116.389280 32593.000000
39.987063 116.389218 32595.000000
39.987062 116.389178 32597.000000
39.987058 116.389142 32599.000000
39.987058 116.389107 32601.000000
39.987055 116.389058 32603.000000
39.987052 116.388978 32605.000000
39.987045 116.388873 32607.000000
39.987035 116.388768 32609.000000
39.987027 116.388680 32611.000000
39.987017 116.388598 32613.000000
39.987005 116.388525 32615.000000
39.987000 116.388488 32617.000000
39.986997 116.388477 32619.000000
39.986993 116.388460 32621.000000
39.986990 116.388443 32623.000000
39.986987 116.388425 32625.000000
39.986987 116.388407 32627.000000
39.986985 116.388392 32629.000000
39.986985 116.388392 32631.000000
39.986987 116.388388 32633.000000
39.986973 116.388345 32635.000000
39.986967 116.388313 32637.000000
39.986960 116.388293 32639.000000
39.986942 116.388255 32641.000000
39.986930 116.388207 32643.000000
39.986918 116.388157 32645.000000
39.986910 116.388098 32647.000000
39.986908 116.388063 32649.000000
39.986908 116.388063 32655.000000
39.986910 116.388057 32657.000000
39.986902 116.388017 32659.000000
39.986893 116.387977 32661.000000
39.986890 116.387947 32663.000000
39.986887 116.387930 32665.000000
39.986885 116.387917 32667.000000
39.986890 116.387890 32669.000000
39.986902 116.387880 32671.000000
39.986912 116.387865 32673.000000
39.986908 116.387882 32675.000000
39.986910 116.387900 32677.000000
39.986900 116.387895 32679.000000
39.986893 116.387882 32681.000000
39.986895 116.387877 32683.000000
39.986912 116.387847 32685.000000
39.986912 116.387813 32687.000000
39.986963 116.387752 32689.000000
39.986965 116.387733 32691.000000
39.986932 116.387713 32693.000000
39.986918 116.387690 32695.000000
39.986908 116.387678 32697.000000
39.986942 116.387682 32699.000000
39.986912 116.387680 32701.000000
39.986898 116.387687 32703.000000
39.986895 116.387670 32705.000000
39.986937 116.387645 32707.000000
39.986927 116.387608 32709.000000
39.986898 116.387597 32712.000000
39.986863 116.387585 32714.000000
39.986865 116.387565 32716.000000
39.986870 116.387550 32718.000000
39.986843 116.387523 32721.000000
39.986835 116.387472 32723.000000
39.986842 116.387427 32725.000000
39.986855 116.387417 32727.000000
39.986833 116.387395 32729.000000
39.986810 116.387358 32731.000000
39.986903 116.387255 32733.000000
39.986903 116.387180 32735.000000
39.986928 116.387068 32737.000000
39.986865 116.386905 32739.000000
39.986842 116.386838 32741.000000
39.986835 116.386797 32743.000000
39.986833 116.386762 32745.000000
39.986835 116.386717 32747.000000
39.986842 116.386678 32749.000000
39.986847 116.386647 32751.000000
39.986852 116.386613 32753.000000
39.986862 116.386572 32755.000000
39.986872 116.386523 32757.000000
39.986878 116.386482 32759.000000
39.986880 116.386445 32761.000000
39.986880 116.386410 32763.000000
39.986883 116.386372 32765.000000
39.986890 116.386333 32767.000000
39.986892 116.386315 32769.000000
39.986897 116.386300 32771.000000
39.986908 116.386255 32773.000000
39.986918 116.386200 32775.000000
39.986927 116.386153 32777.000000
39.986935 116.386107 32779.000000
39.986942 116.386063 32781.000000
39.986947 116.386022 32783.000000
39.986950 116.385980 32785.000000
39.986950 116.385953 32787.000000
39.986950 116.385942 32789.000000
39.986952 116.385910 32791.000000
39.986953 116.385865 32793.000000
39.986953 116.385808 32795.000000
39.986950 116.385732 32797.000000
39.986947 116.385663 32799.000000
39.986942 116.385605 32801.000000
39.986935 116.385542 32803.000000
39.986930 116.385488 32805.000000
39.986922 116.385428 32807.000000
39.986913 116.385360 32809.000000
39.986903 116.385285 32811.000000
39.986893 116.385205 32813.000000
39.986883 116.385117 32815.000000
39.986875 116.385027 32817.000000
39.986872 116.384963 32819.000000
39.986868 116.384913 32821.000000
39.986865 116.384855 32823.000000
39.986857 116.384772 32825.000000
39.986850 116.384672 32827.000000
39.986843 116.384580 32829.000000
39.986837 116.384482 32831.000000
39.986828 116.384383 32833.000000
39.986815 116.384270 32835.000000
39.986802 116.384162 32837.000000
39.986782 116.384055 32839.000000
39.986762 116.383917 32841.000000
39.986752 116.383775 32843.000000
39.986747 116.383690 32845.000000
39.986747 116.383658 32847.000000
39.986745 116.383627 32849.000000
39.986742 116.383587 32851.000000
39.986735 116.383505 32853.000000
39.986728 116.383437 32855.000000
39.986725 116.383360 32857.000000
39.986712 116.383227 32859.000000
39.986697 116.383070 32861.000000
39.986690 116.382880 32863.000000
39.986682 116.382653 32865.000000
39.986677 116.382392 32867.000000
39.986677 116.381942 32870.000000
39.986688 116.381442 32873.000000
39.986687 116.380918 32876.000000
39.986677 116.380355 32879.000000
39.986662 116.379805 32882.000000
39.986637 116.379308 32885.000000
39.986617 116.378828 32888.000000
39.986592 116.378315 32891.000000
39.986557 116.377773 32894.000000
39.986525 116.377213 32897.000000
39.986507 116.376615 32900.000000
39.986482 116.375558 32905.000000
39.986452 116.374568 32910.000000
39.986458 116.374027 32913.000000
39.986465 116.373522 32916.000000
39.986457 116.373033 32919.000000
39.986443 116.372520 32922.000000
39.986428 116.371988 32925.000000
39.986413 116.371470 32928.000000
39.986418 116.370995 32931.000000
39.986513 116.370622 32934.000000
39.986643 116.370447 32936.000000
39.986812 116.370350 32938.000000
39.986995 116.370342 32940.000000
39.987175 116.370423 32942.000000
39.987323 116.370588 32944.000000
39.987413 116.370823 32946.000000
39.987427 116.371093 32948.000000
39.987365 116.371350 32950.000000
39.987242 116.371563 32952.000000
39.987072 116.371723 32954.000000
39.986758 116.371882 32957.000000
39.986428 116.371990 32960.000000
39.986205 116.372073 32963.000000
39.985737 116.372168 32965.000000
39.985305 116.372285 32968.000000
39.984887 116.372422 32971.000000
39.984505 116.372557 32974.000000
39.984122 116.372682 32977.000000
39.983730 116.372802 32980.000000
39.983307 116.372928 32983.000000
39.982850 116.373082 32986.000000
39.981992 116.373360 32991.000000
39.981077 116.373618 32996.000000
39.980210 116.373872 33001.000000
39.979385 116.374110 33006.000000
39.978547 116.374368 33011.000000
39.977647 116.374615 33016.000000
39.976828 116.374832 33021.000000
39.976058 116.375020 33026.000000
39.975332 116.375093 33031.000000
39.974938 116.375093 33034.000000
39.974655 116.375080 33037.000000
39.974483 116.375067 33039.000000
39.974308 116.375052 33041.000000
39.974110 116.375030 33043.000000
39.973797 116.374993 33046.000000
39.973602 116.374967 33048.000000
39.973425 116.374942 33050.000000
39.973278 116.374922 33052.000000
39.973137 116.374902 33054.000000
39.973002 116.374882 33056.000000
39.972867 116.374862 33058.000000
39.972732 116.374842 33060.000000
39.972573 116.374820 33062.000000
39.972392 116.374795 33064.000000
39.972205 116.374772 33066.000000
39.972015 116.374745 33068.000000
39.971823 116.374720 33070.000000
39.971633 116.374697 33072.000000
39.971425 116.374665 33074.000000
39.971103 116.374625 33077.000000
39.970757 116.374587 33080.000000
39.970412 116.374548 33083.000000
39.970065 116.374507 33086.000000
39.969702 116.374462 33089.000000
39.969307 116.374417 33092.000000
39.968890 116.374368 33095.000000
39.968437 116.374313 33098.000000
39.967633 116.374215 33103.000000
39.966822 116.374112 33108.000000
39.966018 116.374028 33113.000000
39.965225 116.373938 33118.000000
39.964418 116.373842 33123.000000
39.963603 116.373752 33128.000000
39.962797 116.373667 33133.000000
39.962053 116.373570 33138.000000
39.961608 116.373517 33141.000000
39.961150 116.373458 33144.000000
39.960698 116.373400 33147.000000
39.960242 116.373338 33150.000000
39.959467 116.373257 33155.000000
39.958692 116.373158 33160.000000
39.958073 116.373088 33165.000000
39.957907 116.373075 33167.000000
39.957782 116.373068 33169.000000
39.957692 116.373063 33171.000000
39.957632 116.373062 33173.000000
39.957605 116.373062 33175.000000
39.957605 116.373062 33188.000000
39.957600 116.373065 33190.000000
39.957585 116.373063 33192.000000
39.957563 116.373063 33194.000000
39.957550 116.373062 33196.000000
39.957540 116.373062 33199.000000
39.957535 116.373062 33201.000000
39.957535 116.373062 33208.000000
39.957527 116.373060 33210.000000
39.957472 116.373058 33212.000000
39.957428 116.373057 33214.000000
39.957388 116.373055 33216.000000
39.957353 116.373055 33218.000000
39.957327 116.373053 33220.000000
39.957305 116.373053 33222.000000
39.957288 116.373053 33224.000000
39.957273 116.373053 33226.000000
39.957263 116.373055 33228.000000
39.957263 116.373055 33241.000000
39.957262 116.373055 33243.000000
39.957230 116.373055 33245.000000
39.957177 116.373052 33247.000000
39.957102 116.373050 33249.000000
39.957017 116.373047 33251.000000
39.956943 116.373045 33253.000000
39.956882 116.373045 33255.000000
39.956835 116.373043 33257.000000
39.956805 116.373043 33259.000000
39.956788 116.373043 33261.000000
39.956788 116.373043 33264.000000
39.956785 116.373043 33266.000000
39.956727 116.373043 33268.000000
39.956647 116.373042 33270.000000
39.956560 116.373040 33272.000000
39.956480 116.373038 33274.000000
39.956425 116.373038 33276.000000
39.956388 116.373038 33278.000000
39.956355 116.373038 33280.000000
39.956322 116.373038 33282.000000
39.956293 116.373038 33284.000000
39.956267 116.373033 33286.000000
39.956243 116.373033 33288.000000
39.956225 116.373032 33290.000000
39.956225 116.373032 33301.000000
39.956220 116.373025 33303.000000
39.956193 116.373025 33305.000000
39.956183 116.373023 33307.000000
39.956183 116.373023 33322.000000
39.956177 116.373022 33324.000000
39.956162 116.373020 33326.000000
39.956120 116.373018 33328.000000
39.956058 116.373015 33330.000000
39.955990 116.373013 33332.000000
39.955922 116.373015 33334.000000
39.955882 116.373013 33336.000000
39.955868 116.373008 33349.000000
39.955812 116.373010 33351.000000
39.955730 116.373013 33353.000000
39.955672 116.373015 33355.000000
39.955643 116.373013 33357.000000
39.955633 116.373012 33364.000000
39.955590 116.373013 33366.000000
39.955528 116.373017 33368.000000
39.955502 116.373018 33370.000000
39.955490 116.373020 33372.000000
39.955490 116.373020 33415.000000
39.955483 116.373018 33417.000000
39.955440 116.373018 33419.000000
39.955402 116.373018 33421.000000
39.955373 116.373018 33423.000000
39.955347 116.373018 33425.000000
39.955313 116.373018 33427.000000
39.955282 116.373020 33429.000000
39.955252 116.373022 33431.000000
39.955227 116.373022 33433.000000
39.955215 116.373022 33435.000000
39.955215 116.373022 33443.000000
39.955212 116.373022 33445.000000
39.955182 116.373022 33447.000000
39.955138 116.373022 33449.000000
39.955077 116.373022 33451.000000
39.955022 116.373023 33453.000000
39.954987 116.373023 33455.000000
39.954958 116.373025 33457.000000
39.954945 116.373025 33464.000000
39.954932 116.373025 33466.000000
39.954923 116.373025 33468.000000
39.954923 116.373025 33479.000000
39.954918 116.373023 33481.000000
39.954908 116.373027 33494.000000
39.954867 116.373052 33496.000000
39.954810 116.373078 33498.000000
39.954763 116.373102 33500.000000
39.954727 116.373110 33502.000000
39.954673 116.373098 33504.000000
39.954610 116.373085 33506.000000
39.954575 116.373093 33508.000000
39.954528 116.373073 33510.000000
39.954483 116.373052 33512.000000
39.954442 116.373027 33514.000000
39.954425 116.373025 33516.000000
39.954413 116.373022 33518.000000
39.954418 116.373037 33522.000000
39.954393 116.373042 33524.000000
39.954358 116.373043 33526.000000
39.954325 116.373045 33528.000000
39.954298 116.373052 33530.000000
39.954285 116.373055 33532.000000
39.954275 116.373055 33541.000000
39.954257 116.373055 33543.000000
39.954247 116.373055 33549.000000
39.954213 116.373053 33551.000000
39.954188 116.373053 33553.000000
39.954167 116.373053 33555.000000
39.954152 116.373053 33557.000000
39.954152 116.373053 33569.000000
39.954147 116.373053 33571.000000
39.954117 116.373053 33573.000000
39.954093 116.373053 33575.000000
39.954068 116.373053 33577.000000
39.954042 116.373052 33579.000000
39.954022 116.373052 33581.000000
39.954012 116.373052 33613.000000
39.953963 116.373053 33615.000000
39.953922 116.373053 33617.000000
39.953863 116.373053 33619.000000
39.953803 116.373053 33621.000000
39.953765 116.373053 33623.000000
39.953730 116.373055 33625.000000
39.953698 116.373055 33627.000000
39.953660 116.373053 33629.000000
39.953627 116.373053 33631.000000
39.953592 116.373058 33633.000000
39.953565 116.373062 33635.000000
39.953545 116.373063 33637.000000
39.953527 116.373065 33639.000000
39.953517 116.373063 33641.000000
39.953497 116.373063 33643.000000
39.953460 116.373065 33645.000000
39.953417 116.373065 33647.000000
39.953397 116.373063 33649.000000
39.953397 116.373063 33682.000000
39.953393 116.373065 33684.000000
39.953338 116.373072 33686.000000
39.953288 116.373075 33688.000000
39.953245 116.373073 33690.000000
39.953207 116.373072 33692.000000
39.953177 116.373070 33694.000000
39.953155 116.373070 33696.000000
39.953143 116.373068 33716.000000
39.953095 116.373070 33718.000000
39.953047 116.373072 33720.000000
39.953005 116.373072 33722.000000
39.952960 116.373073 33724.000000
39.952920 116.373073 33726.000000
39.952887 116.373075 33728.000000
39.952855 116.373077 33730.000000
39.952827 116.373077 33732.000000
39.952793 116.373075 33734.000000
39.952753 116.373075 33736.000000
39.952707 116.373073 33738.000000
39.952648 116.373075 33740.000000
39.952615 116.373073 33742.000000
39.952595 116.373073 33744.000000
39.952580 116.373073 33746.000000
39.952570 116.373072 33748.000000
39.952558 116.373072 33750.000000
39.952540 116.373070 33752.000000
39.952522 116.373068 33754.000000
39.952512 116.373068 33756.000000
39.952497 116.373067 33758.000000
39.952482 116.373067 33788.000000
39.952462 116.373067 33790.000000
39.952462 116.373067 33802.000000
39.952455 116.373067 33804.000000
39.952400 116.373068 33806.000000
39.952335 116.373070 33808.000000
39.952288 116.373072 33810.000000
39.952260 116.373072 33812.000000
39.952240 116.373072 33814.000000
39.952223 116.373072 33816.000000
39.952205 116.373072 33818.000000
39.952173 116.373072 33820.000000
39.952127 116.373073 33822.000000
39.952082 116.373073 33824.000000
39.952035 116.373075 33826.000000
39.951975 116.373077 33828.000000
39.951910 116.373080 33830.000000
39.951838 116.373085 33832.000000
39.951747 116.373087 33834.000000
39.951668 116.373088 33836.000000
39.951623 116.373088 33838.000000
39.951597 116.373088 33840.000000
39.951577 116.373088 33842.000000
39.951558 116.373088 33844.000000
39.951547 116.373090 33846.000000
39.951533 116.373090 33895.000000
39.951480 116.373092 33897.000000
39.951433 116.373093 33899.000000
39.951390 116.373093 33901.000000
39.951348 116.373095 33903.000000
39.951303 116.373093 33905.000000
39.951243 116.373093 33907.000000
39.951168 116.373093 33909.000000
39.951087 116.373092 33911.000000
39.951013 116.373085 33913.000000
39.950953 116.373078 33915.000000
39.950908 116.373073 33917.000000
39.950873 116.373067 33919.000000
39.950845 116.373063 33921.000000
39.950818 116.373060 33923.000000
39.950793 116.373055 33934.000000
39.950755 116.373042 33936.000000
39.950723 116.373030 33938.000000
39.950693 116.373022 33940.000000
39.950662 116.373013 33942.000000
39.950632 116.373005 33944.000000
39.950603 116.372998 33946.000000
39.950583 116.372993 33948.000000
39.950573 116.372993 33988.000000
39.950522 116.372978 33990.000000
39.950448 116.372957 33992.000000
39.950352 116.372922 33994.000000
39.950263 116.372882 33996.000000
39.950165 116.372823 33998.000000
39.950107 116.372790 34000.000000
39.950068 116.372768 34002.000000
39.950040 116.372750 34004.000000
39.950017 116.372737 34007.000000
39.949995 116.372725 34009.000000
39.949962 116.372705 34011.000000
39.949945 116.372697 34012.000000
39.949908 116.372677 34014.000000
39.949848 116.372643 34016.000000
39.949732 116.372575 34019.000000
39.949655 116.372542 34021.000000
39.949570 116.372510 34023.000000
39.949477 116.372487 34025.000000
39.949405 116.372473 34027.000000
39.949357 116.372463 34029.000000
39.949325 116.372462 34031.000000
39.949298 116.372472 34033.000000
39.949245 116.372485 34035.000000
39.949182 116.372497 34037.000000
39.949120 116.372502 34039.000000
39.949075 116.372507 34041.000000
39.949037 116.372505 34043.000000
39.949007 116.372502 34045.000000
39.948982 116.372498 34047.000000
39.948958 116.372497 34049.000000
39.948938 116.372495 34052.000000
39.948908 116.372495 34054.000000
39.948848 116.372493 34056.000000
39.948798 116.372492 34058.000000
39.948762 116.372488 34060.000000
39.948740 116.372483 34062.000000
39.948725 116.372478 34064.000000
39.948707 116.372475 34066.000000
39.948682 116.372462 34068.000000
39.948665 116.372460 34070.000000
39.948642 116.372460 34072.000000
39.948620 116.372462 34074.000000
39.948598 116.372457 34076.000000
39.948577 116.372453 34078.000000
39.948543 116.372452 34080.000000
39.948470 116.372452 34082.000000
39.948383 116.372457 34084.000000
39.948313 116.372463 34086.000000
39.948272 116.372472 34088.000000
39.948220 116.372488 34090.000000
39.948150 116.372523 34092.000000
39.948080 116.372577 34094.000000
39.948013 116.372633 34096.000000
39.947950 116.372687 34098.000000
39.947865 116.372743 34100.000000
39.947747 116.372788 34102.000000
39.947625 116.372808 34104.000000
39.947513 116.372815 34106.000000
39.947407 116.372820 34108.000000
39.947313 116.372823 34110.000000
39.947218 116.372830 34112.000000
39.947123 116.372868 34114.000000
39.947040 116.372947 34116.000000
39.946985 116.373050 34118.000000
39.946960 116.373177 34120.000000
39.946965 116.373322 34122.000000
39.946995 116.373447 34124.000000
39.947030 116.373538 34126.000000
39.947065 116.373610 34128.000000
39.947108 116.373693 34130.000000
39.947162 116.373805 34132.000000
39.947205 116.373958 34134.000000
39.947210 116.374172 34136.000000
39.947208 116.374432 34138.000000
39.947207 116.374690 34140.000000
39.947213 116.374955 34142.000000
39.947238 116.375347 34145.000000
39.947273 116.375573 34147.000000
39.947312 116.375788 34149.000000
39.947335 116.376027 34151.000000
39.947345 116.376303 34153.000000
39.947360 116.376797 34156.000000
39.947347 116.377350 34159.000000
39.947338 116.377903 34162.000000
39.947340 116.378420 34165.000000
39.947337 116.378923 34168.000000
39.947333 116.379345 34171.000000
39.947332 116.379600 34173.000000
39.947332 116.379842 34175.000000
39.947332 116.380078 34177.000000
39.947328 116.380307 34179.000000
39.947333 116.380525 34181.000000
39.947340 116.380750 34183.000000
39.947352 116.381010 34185.000000
39.947370 116.381455 34188.000000
39.947388 116.381890 34191.000000
39.947350 116.382402 34194.000000
39.947337 116.382983 34197.000000
39.947348 116.384048 34202.000000
39.947403 116.385067 34207.000000
39.947425 116.385647 34210.000000
39.947437 116.386182 34213.000000
39.947423 116.386675 34216.000000
39.947417 116.387082 34219.000000
39.947418 116.387263 34221.000000
39.947413 116.387403 34223.000000
39.947395 116.387508 34225.000000
39.947338 116.387575 34227.000000
39.947228 116.387592 34229.000000
39.947095 116.387587 34231.000000
39.946953 116.387582 34233.000000
39.946802 116.387580 34235.000000
39.946635 116.387600 34237.000000
39.946457 116.387608 34239.000000
39.946263 116.387612 34241.000000
39.946060 116.387613 34243.000000
39.945865 116.387617 34245.000000
39.945700 116.387623 34247.000000
39.945555 116.387628 34249.000000
39.945423 116.387633 34251.000000
39.945290 116.387637 34253.000000
39.945158 116.387637 34255.000000
39.945033 116.387638 34257.000000
39.944920 116.387642 34259.000000
39.944828 116.387642 34261.000000
39.944750 116.387643 34263.000000
39.944680 116.387642 34265.000000
39.944630 116.387642 34267.000000
39.944605 116.387640 34269.000000
39.944595 116.387638 34291.000000
39.944548 116.387640 34293.000000
39.944500 116.387643 34295.000000
39.944457 116.387645 34297.000000
39.944415 116.387647 34299.000000
39.944388 116.387647 34301.000000
39.944367 116.387648 34303.000000
39.944348 116.387648 34305.000000
39.944330 116.387650 34307.000000
39.944288 116.387652 34309.000000
39.944215 116.387653 34311.000000
39.944147 116.387655 34313.000000
39.944105 116.387657 34315.000000
39.944068 116.387658 34317.000000
39.944028 116.387660 34319.000000
39.943978 116.387662 34321.000000
39.943930 116.387663 34323.000000
39.943895 116.387665 34325.000000
39.943868 116.387665 34327.000000
39.943843 116.387665 34329.000000
39.943822 116.387665 34331.000000
39.943795 116.387667 34333.000000
39.943762 116.387667 34335.000000
39.943748 116.387665 34348.000000
39.943723 116.387665 34350.000000
39.943703 116.387665 34352.000000
39.943682 116.387665 34354.000000
39.943657 116.387665 34356.000000
39.943615 116.387663 34358.000000
39.943568 116.387663 34360.000000
39.943530 116.387665 34362.000000
39.943490 116.387665 34364.000000
39.943440 116.387667 34366.000000
39.943388 116.387667 34368.000000
39.943342 116.387668 34370.000000
39.943327 116.387667 34376.000000
39.943298 116.387668 34378.000000
39.943263 116.387670 34380.000000
39.943230 116.387672 34382.000000
39.943210 116.387672 34384.000000
39.943192 116.387673 34386.000000
39.943150 116.387675 34388.000000
39.943097 116.387675 34390.000000
39.943055 116.387677 34392.000000
39.943043 116.387675 34451.000000
39.943030 116.387675 34453.000000
39.943013 116.387677 34455.000000
39.942998 116.387678 34457.000000
39.942998 116.387678 34463.000000
39.942990 116.387678 34465.000000
39.942963 116.387680 34467.000000
39.942930 116.387682 34469.000000
39.942900 116.387683 34471.000000
39.942877 116.387683 34473.000000
39.942862 116.387683 34475.000000
39.942848 116.387683 34477.000000
39.942827 116.387683 34479.000000
39.942805 116.387683 34481.000000
39.942795 116.387685 34483.000000
39.942795 116.387685 34486.000000
39.942788 116.387685 34488.000000
39.942760 116.387687 34490.000000
39.942740 116.387687 34493.000000
39.942718 116.387687 34495.000000
39.942700 116.387688 34497.000000
39.942700 116.387688 34514.000000
39.942695 116.387688 34516.000000
39.942673 116.387685 34518.000000
39.942623 116.387685 34520.000000
39.942570 116.387685 34522.000000
39.942538 116.387685 34524.000000
39.942527 116.387687 34526.000000
39.942527 116.387687 34548.000000
39.942522 116.387687 34550.000000
39.942505 116.387688 34552.000000
39.942493 116.387688 34554.000000
39.942483 116.387688 34564.000000
39.942443 116.387690 34566.000000
39.942388 116.387692 34568.000000
39.942342 116.387697 34570.000000
39.942300 116.387700 34572.000000
39.942255 116.387702 34574.000000
39.942223 116.387705 34576.000000
39.942185 116.387707 34578.000000
39.942155 116.387710 34580.000000
39.942125 116.387710 34582.000000
39.942095 116.387712 34584.000000
39.942063 116.387715 34586.000000
39.942048 116.387715 34588.000000
39.942033 116.387715 34590.000000
39.942020 116.387715 34592.000000
39.942020 116.387715 34624.000000
39.942017 116.387713 34626.000000
39.941977 116.387712 34628.000000
39.941922 116.387712 34630.000000
39.941877 116.387712 34632.000000
39.941852 116.387712 34634.000000
39.941837 116.387712 34636.000000
39.941837 116.387712 34678.000000
39.941828 116.387712 34680.000000
39.941793 116.387713 34682.000000
39.941747 116.387715 34684.000000
39.941678 116.387718 34686.000000
39.941603 116.387722 34688.000000
39.941530 116.387723 34690.000000
39.941468 116.387723 34692.000000
39.941410 116.387725 34694.000000
39.941357 116.387727 34696.000000
39.941307 116.387728 34698.000000
39.941260 116.387730 34700.000000
39.941225 116.387732 34702.000000
39.941195 116.387732 34704.000000
39.941165 116.387733 34706.000000
39.941135 116.387733 34708.000000
39.941110 116.387733 34710.000000
39.941090 116.387732 34712.000000
39.941075 116.387730 34714.000000
39.941065 116.387728 34716.000000
39.941053 116.387728 34718.000000
39.941045 116.387728 34720.000000
39.941045 116.387728 34773.000000
39.941040 116.387730 34775.000000
39.940998 116.387733 34777.000000
39.940937 116.387737 34779.000000
39.940855 116.387742 34781.000000
39.940775 116.387743 34783.000000
39.940725 116.387745 34785.000000
39.940705 116.387743 34787.000000
39.940698 116.387742 34789.000000
39.940690 116.387740 34791.000000
39.940678 116.387737 34793.000000
39.940655 116.387733 34795.000000
39.940613 116.387728 34797.000000
39.940570 116.387725 34799.000000
39.940538 116.387722 34801.000000
39.940522 116.387718 34803.000000
39.940513 116.387712 34893.000000
39.940513 116.387712 34908.000000
39.940507 116.387712 34910.000000
39.940475 116.387713 34912.000000
39.940433 116.387715 34914.000000
39.940390 116.387717 34916.000000
39.940335 116.387718 34918.000000
39.940273 116.387722 34920.000000
39.940248 116.387725 34922.000000
39.940235 116.387727 34924.000000
39.940200 116.387730 34926.000000
39.940157 116.387733 34928.000000
39.940128 116.387733 34930.000000
39.940117 116.387735 35022.000000
39.940032 116.387737 35024.000000
39.939938 116.387738 35026.000000
39.939875 116.387742 35028.000000
39.939835 116.387743 35030.000000
39.939803 116.387745 35032.000000
39.939777 116.387747 35034.000000
39.939755 116.387747 35036.000000
39.939733 116.387747 35038.000000
39.939718 116.387748 35040.000000
39.939708 116.387748 35042.000000
39.939708 116.387748 35145.000000
39.939703 116.387752 35147.000000
39.939653 116.387752 35149.000000
39.939597 116.387753 35151.000000
39.939540 116.387758 35153.000000
39.939495 116.387767 35155.000000
39.939475 116.387783 35157.000000
39.939475 116.387783 35166.000000
39.939468 116.387792 35168.000000
39.939462 116.387810 35170.000000
39.939452 116.387845 35172.000000
39.939445 116.387882 35174.000000
39.939440 116.387902 35176.000000
39.939440 116.387902 35180.000000
39.939438 116.387910 35182.000000
39.939437 116.387925 35220.000000
39.939435 116.387938 35222.000000
39.939428 116.387987 35224.000000
39.939422 116.388050 35226.000000
39.939417 116.388122 35228.000000
39.939413 116.388193 35230.000000
39.939412 116.388267 35232.000000
39.939415 116.388342 35234.000000
39.939415 116.388405 35236.000000
39.939408 116.388452 35238.000000
39.939403 116.388490 35240.000000
39.939395 116.388547 35242.000000
39.939387 116.388602 35244.000000
39.939380 116.388633 35246.000000
39.939370 116.388680 35248.000000
39.939362 116.388712 35250.000000
39.939355 116.388738 35252.000000
39.939347 116.388758 35254.000000
39.939342 116.388767 35261.000000
39.939338 116.388775 35263.000000
39.939335 116.388785 35272.000000
39.939322 116.388818 35274.000000
39.939313 116.388838 35329.000000
39.939288 116.388890 35331.000000
39.939247 116.388972 35333.000000
39.939197 116.389062 35335.000000
39.939155 116.389135 35337.000000
39.939125 116.389182 35339.000000
39.939117 116.389193 35448.000000
39.939088 116.389238 35450.000000
39.939052 116.389307 35452.000000
39.939023 116.389382 35454.000000
39.939008 116.389455 35456.000000
39.939008 116.389542 35458.000000
39.939028 116.389643 35460.000000
39.939073 116.389753 35462.000000
39.939135 116.389868 35464.000000
39.939207 116.389980 35466.000000
39.939278 116.390087 35468.000000
39.939345 116.390185 35470.000000
39.939398 116.390263 35472.000000
39.939425 116.390298 35474.000000
39.939440 116.390317 35476.000000
39.939455 116.390332 35478.000000
39.939463 116.390342 35481.000000
39.939470 116.390347 35483.000000
39.939482 116.390353 35485.000000
39.939505 116.390360 35487.000000
39.939513 116.390363 35489.000000
39.939517 116.390365 35491.000000
39.939523 116.390367 35493.000000
39.939523 116.390367 35499.000000
39.939527 116.390368 35501.000000
39.939545 116.390358 35503.000000
39.939562 116.390347 35505.000000
39.939578 116.390328 35507.000000
39.939590 116.390317 35509.000000
39.939590 116.390317 35510.000000
39.939597 116.390308 35512.000000
39.939615 116.390288 35514.000000
39.939630 116.390262 35516.000000
39.939630 116.390262 35534.000000
39.939633 116.390257 35536.000000
39.939650 116.390230 35538.000000
39.939667 116.390205 35540.000000
39.939678 116.390187 35542.000000
39.939692 116.390167 35544.000000
39.939708 116.390135 35546.000000
39.939727 116.390100 35548.000000
39.939747 116.390070 35550.000000
39.939763 116.390043 35552.000000
39.939778 116.390017 35554.000000
39.939797 116.389990 35556.000000
39.939818 116.389957 35558.000000
39.939837 116.389920 35560.000000
39.939857 116.389888 35562.000000
39.939875 116.389865 35564.000000
39.939887 116.389847 35566.000000
39.939900 116.389818 35568.000000
39.939912 116.389785 35570.000000
39.939920 116.389763 35572.000000
39.939923 116.389750 35574.000000
39.939927 116.389737 35576.000000
39.939932 116.389723 35578.000000
39.939932 116.389723 35590.000000
39.939932 116.389720 35592.000000
39.939923 116.389735 35594.000000
39.939913 116.389742 35596.000000
39.939913 116.389742 35611.000000
39.939905 116.389743 35613.000000
39.939910 116.389718 35615.000000
