39.927093 116.471988 36708.000000
39.927164 116.471854 36713.000000
39.927214 116.471799 36718.000000
39.927196 116.471624 36723.000000
39.927145 116.471447 36728.000000
39.927107 116.471307 36733.000000
39.927076 116.471213 36738.000000
39.927054 116.471112 36743.000000
39.927070 116.471037 36748.000000
39.927079 116.471001 36753.000000
39.927157 116.470986 36758.000000
39.927210 116.471000 36763.000000
39.927281 116.471040 36768.000000
39.927334 116.471053 36773.000000
39.927352 116.470998 36778.000000
39.927386 116.470961 36783.000000
39.927386 116.470961 36786.000000
39.927390 116.470959 36788.000000
39.927394 116.470975 36793.000000
39.927404 116.470981 36798.000000
39.927408 116.470980 36803.000000
39.927412 116.470981 36808.000000
39.927419 116.470977 36813.000000
39.927419 116.470977 36816.000000
39.927424 116.470973 36818.000000
39.927435 116.470969 36823.000000
39.927446 116.470964 36828.000000
39.927457 116.470960 36833.000000
39.927507 116.470903 36838.000000
39.927510 116.470903 36843.000000
39.927508 116.470903 36848.000000
39.927512 116.470903 36853.000000
39.927512 116.470903 36856.000000
39.927515 116.470902 36858.000000
39.927506 116.470905 36863.000000
39.927506 116.470905 36866.000000
39.927505 116.470913 36868.000000
39.927501 116.470922 36873.000000
39.927499 116.470921 36878.000000
39.927499 116.470921 36881.000000
39.927501 116.470915 36883.000000
39.927505 116.470901 36888.000000
39.927504 116.470891 36893.000000
39.927505 116.470882 36898.000000
39.927522 116.470864 36903.000000
39.927539 116.470841 36908.000000
39.927592 116.470840 36913.000000
39.927602 116.470868 36918.000000
39.927583 116.470910 36923.000000
39.927585 116.470916 36928.000000
39.927582 116.470917 36933.000000
39.927582 116.470917 36936.000000
39.927580 116.470912 36938.000000
39.927576 116.470903 36943.000000
39.927575 116.470904 36948.000000
39.927577 116.470909 36953.000000
39.927577 116.470909 36956.000000
39.927585 116.470915 36958.000000
39.927595 116.470916 36963.000000
39.927595 116.470916 36966.000000
39.927600 116.470913 36968.000000
39.927598 116.470902 36973.000000
39.927632 116.470911 36978.000000
39.927773 116.471004 36983.000000
39.927749 116.470978 36988.000000
39.927749 116.470978 36991.000000
39.927752 116.470970 36993.000000
39.927754 116.470961 36998.000000
39.927753 116.470948 37003.000000
39.927705 116.470892 37008.000000
39.927631 116.470849 37013.000000
39.927599 116.470848 37018.000000
39.927588 116.470859 37023.000000
39.927581 116.470863 37028.000000
39.927577 116.470868 37033.000000
39.927579 116.470868 37038.000000
39.927584 116.470865 37043.000000
39.927584 116.470865 37046.000000
39.927587 116.470860 37048.000000
39.927587 116.470851 37053.000000
39.927587 116.470845 37058.000000
39.927587 116.470842 37063.000000
39.927587 116.470842 37066.000000
39.927595 116.470846 37068.000000
39.927671 116.470876 37073.000000
39.927710 116.470892 37078.000000
39.927724 116.470917 37083.000000
39.927734 116.470938 37088.000000
39.927736 116.470931 37093.000000
39.927736 116.470931 37096.000000
39.927734 116.470927 37098.000000
39.927714 116.470893 37103.000000
39.927674 116.470852 37108.000000
39.927674 116.470852 37111.000000
39.927681 116.470849 37113.000000
39.927672 116.470848 37118.000000
39.927658 116.470848 37123.000000
39.927648 116.470849 37128.000000
39.927638 116.470854 37133.000000
