39.987560 116.474695 53632.000000
39.987590 116.476155 53635.000000
39.987595 116.475995 53636.000000
39.988390 116.473423 53674.000000
39.988290 116.474024 53675.000000
39.988335 116.473913 53677.000000
39.988366 116.473724 53678.000000
39.988370 116.473679 53679.000000
39.988373 116.473649 53680.000000
39.988372 116.473636 53681.000000
39.988385 116.473570 53683.000000
39.988422 116.473533 53687.000000
39.988482 116.473453 53690.000000
39.988556 116.473187 53692.000000
39.988580 116.473045 53694.000000
39.988542 116.472898 53696.000000
39.988465 116.472748 53698.000000
39.988401 116.472664 53699.000000
39.988319 116.472587 53700.000000
39.988234 116.472495 53701.000000
39.988146 116.472405 53702.000000
39.988045 116.472329 53703.000000
39.987947 116.472247 53704.000000
39.987851 116.472160 53705.000000
39.987769 116.472074 53706.000000
39.987687 116.471985 53707.000000
39.987609 116.471900 53708.000000
39.987530 116.471813 53709.000000
39.987458 116.471731 53710.000000
39.987384 116.471651 53711.000000
39.987312 116.471572 53712.000000
39.987179 116.471443 53714.000000
39.987075 116.471322 53716.000000
39.987019 116.471212 53718.000000
39.987012 116.471050 53720.000000
39.987006 116.470929 53722.000000
39.987037 116.470803 53724.000000
39.987124 116.470664 53726.000000
39.987215 116.470512 53728.000000
39.987327 116.470328 53730.000000
39.987391 116.470229 53731.000000
39.987462 116.470118 53732.000000
39.987534 116.470002 53733.000000
39.987605 116.469882 53734.000000
39.987675 116.469759 53735.000000
39.987755 116.469631 53736.000000
39.987841 116.469505 53737.000000
39.987930 116.469389 53738.000000
39.988023 116.469270 53739.000000
39.988116 116.469149 53740.000000
39.988207 116.469021 53741.000000
39.988301 116.468892 53742.000000
39.988396 116.468759 53743.000000
39.988490 116.468628 53744.000000
39.988581 116.468495 53745.000000
39.988675 116.468365 53746.000000
39.988764 116.468235 53747.000000
39.988853 116.468112 53748.000000
39.988936 116.468000 53749.000000
39.989001 116.467900 53750.000000
39.989092 116.467742 53752.000000
39.989150 116.467634 53754.000000
39.989162 116.467549 53759.000000
39.989086 116.467490 53762.000000
39.988960 116.467522 53765.000000
39.988871 116.467568 53767.000000
39.988788 116.467650 53769.000000
39.988699 116.467780 53771.000000
39.988602 116.467936 53773.000000
39.988502 116.468095 53775.000000
39.988391 116.468260 53777.000000
39.988291 116.468426 53779.000000
39.988195 116.468578 53781.000000
39.988110 116.468711 53783.000000
39.988053 116.468807 53786.000000
39.987992 116.468782 53791.000000
39.987952 116.468826 53796.000000
39.987945 116.468851 53801.000000
39.987942 116.468872 53806.000000
39.987948 116.468894 53811.000000
39.987952 116.468915 53816.000000
39.987957 116.468937 53821.000000
39.987960 116.468968 53826.000000
39.987951 116.469004 53831.000000
39.987936 116.469034 53836.000000
