39.957580 116.461682 14584.000000
39.958552 116.460302 14622.000000
39.958617 116.460146 14624.000000
39.958647 116.460038 14628.000000
39.958730 116.460026 14633.000000
39.958822 116.460063 14636.000000
39.958927 116.460132 14639.000000
39.959004 116.460227 14641.000000
39.959103 116.460350 14643.000000
39.959223 116.460469 14645.000000
39.959357 116.460602 14647.000000
39.959447 116.460685 14648.000000
39.959586 116.460824 14650.000000
39.959729 116.460974 14652.000000
39.959800 116.461053 14653.000000
39.959873 116.461136 14654.000000
39.959947 116.461215 14655.000000
39.960020 116.461299 14656.000000
39.960095 116.461380 14657.000000
39.960165 116.461464 14658.000000
39.960246 116.461546 14659.000000
39.960328 116.461632 14660.000000
39.960407 116.461721 14661.000000
39.960488 116.461812 14662.000000
39.960566 116.461903 14663.000000
39.960653 116.461996 14664.000000
39.960738 116.462092 14665.000000
39.960826 116.462186 14666.000000
39.960916 116.462282 14667.000000
39.961002 116.462380 14668.000000
39.961090 116.462480 14669.000000
39.961180 116.462575 14670.000000
39.961269 116.462671 14671.000000
39.961359 116.462763 14672.000000
39.961445 116.462855 14673.000000
39.961533 116.462944 14674.000000
39.961622 116.463022 14675.000000
39.961706 116.463104 14676.000000
39.961791 116.463180 14677.000000
39.961878 116.463257 14678.000000
39.961962 116.463332 14679.000000
39.962047 116.463406 14680.000000
39.962136 116.463474 14681.000000
39.962224 116.463544 14682.000000
39.962318 116.463609 14683.000000
39.962411 116.463674 14684.000000
39.962507 116.463741 14685.000000
39.962603 116.463807 14686.000000
39.962700 116.463877 14687.000000
39.962802 116.463948 14688.000000
39.962906 116.464017 14689.000000
39.963009 116.464089 14690.000000
39.963114 116.464161 14691.000000
39.963211 116.464225 14692.000000
39.963318 116.464300 14693.000000
39.963425 116.464375 14694.000000
39.963532 116.464455 14695.000000
39.963638 116.464530 14696.000000
39.963740 116.464603 14697.000000
39.963840 116.464680 14698.000000
39.963940 116.464759 14699.000000
39.964030 116.464841 14700.000000
39.964123 116.464920 14701.000000
39.964212 116.464999 14702.000000
39.964297 116.465077 14703.000000
39.964381 116.465163 14704.000000
39.964475 116.465257 14705.000000
39.964557 116.465351 14706.000000
39.964637 116.465450 14707.000000
39.964720 116.465549 14708.000000
39.964800 116.465645 14709.000000
39.964878 116.465750 14710.000000
39.964945 116.465865 14711.000000
39.965020 116.465971 14712.000000
39.965097 116.466079 14713.000000
39.965171 116.466182 14714.000000
39.965241 116.466291 14715.000000
39.965312 116.466407 14716.000000
39.965388 116.466526 14717.000000
39.965459 116.466651 14718.000000
39.965532 116.466776 14719.000000
39.965604 116.466903 14720.000000
39.965681 116.467035 14721.000000
39.965755 116.467161 14722.000000
39.965832 116.467286 14723.000000
39.965912 116.467414 14724.000000
39.965983 116.467536 14725.000000
39.966057 116.467657 14726.000000
39.966121 116.467769 14727.000000
39.966176 116.467873 14728.000000
39.966279 116.468052 14730.000000
39.966363 116.468188 14732.000000
39.966448 116.468301 14734.000000
39.966542 116.468399 14736.000000
39.966630 116.468489 14738.000000
39.966708 116.468568 14740.000000
39.966799 116.468613 14742.000000
39.966896 116.468578 14745.000000
39.966969 116.468510 14747.000000
39.967059 116.468432 14749.000000
39.967135 116.468327 14751.000000
39.967218 116.468203 14753.000000
39.967287 116.468072 14755.000000
39.967355 116.467948 14757.000000
39.967420 116.467820 14759.000000
39.967516 116.467661 14761.000000
39.967618 116.467499 14763.000000
39.967715 116.467330 14765.000000
39.967817 116.467156 14767.000000
39.967922 116.466992 14769.000000
39.968042 116.466830 14771.000000
39.968116 116.466751 14772.000000
39.968193 116.466682 14773.000000
39.968268 116.466604 14774.000000
39.968349 116.466532 14775.000000
39.968428 116.466461 14776.000000
39.968511 116.466383 14777.000000
39.968598 116.466313 14778.000000
39.968688 116.466241 14779.000000
39.968778 116.466175 14780.000000
39.968869 116.466112 14781.000000
39.968957 116.466053 14782.000000
39.969047 116.465998 14783.000000
39.969138 116.465947 14784.000000
39.969231 116.465897 14785.000000
39.969326 116.465850 14786.000000
39.969420 116.465811 14787.000000
39.969516 116.465775 14788.000000
39.969611 116.465739 14789.000000
39.969703 116.465714 14790.000000
39.969858 116.465677 14792.000000
39.970016 116.465643 14794.000000
39.970164 116.465622 14796.000000
39.970289 116.465617 14798.000000
39.970391 116.465610 14800.000000
39.970485 116.465548 14803.000000
39.970549 116.465433 14805.000000
39.970633 116.465291 14807.000000
39.970736 116.465127 14809.000000
39.970838 116.464948 14811.000000
39.970943 116.464760 14813.000000
39.971052 116.464568 14815.000000
39.971130 116.464498 14816.000000
39.971242 116.464327 14818.000000
39.971354 116.464155 14820.000000
39.971470 116.464004 14822.000000
39.971564 116.463835 14824.000000
39.971658 116.463669 14826.000000
39.971732 116.463544 14828.000000
39.971804 116.463423 14832.000000
39.971877 116.463288 14836.000000
39.971933 116.463164 14838.000000
39.972031 116.462966 14840.000000
39.972090 116.462779 14842.000000
39.972130 116.462588 14844.000000
39.972195 116.462350 14846.000000
39.972168 116.462208 14848.000000
39.972122 116.462100 14850.000000
39.972068 116.461984 14852.000000
39.971993 116.461897 14854.000000
39.971932 116.461796 14856.000000
39.971869 116.461691 14857.000000
39.971850 116.461529 14859.000000
39.971874 116.461365 14861.000000
39.971922 116.461265 14863.000000
39.971992 116.461140 14865.000000
39.972080 116.460985 14867.000000
39.972201 116.460827 14869.000000
39.972296 116.460718 14870.000000
39.972407 116.460527 14872.000000
39.972471 116.460416 14873.000000
39.972538 116.460302 14874.000000
39.972605 116.460198 14875.000000
39.972670 116.460089 14876.000000
39.972731 116.459980 14877.000000
39.972793 116.459867 14878.000000
39.972862 116.459711 14879.000000
39.972924 116.459607 14880.000000
39.972989 116.459490 14881.000000
39.973051 116.459384 14882.000000
39.973114 116.459275 14883.000000
39.973173 116.459172 14884.000000
39.973235 116.459071 14885.000000
39.973346 116.458880 14887.000000
39.973403 116.458784 14888.000000
39.973461 116.458686 14889.000000
39.973521 116.458592 14890.000000
39.973577 116.458494 14891.000000
39.973687 116.458307 14893.000000
39.973747 116.458207 14894.000000
39.973852 116.458033 14896.000000
39.973964 116.457884 14898.000000
39.974055 116.457768 14900.000000
39.974136 116.457643 14902.000000
39.974219 116.457511 14904.000000
39.974301 116.457373 14906.000000
39.974384 116.457238 14908.000000
39.974431 116.457071 14910.000000
39.974518 116.456981 14913.000000
39.974584 116.456888 14917.000000
39.974655 116.456785 14919.000000
39.974700 116.456682 14921.000000
39.974786 116.456545 14923.000000
39.974882 116.456374 14925.000000
39.974971 116.456219 14927.000000
39.975030 116.456123 14928.000000
39.975137 116.455957 14930.000000
39.975249 116.455772 14932.000000
39.975312 116.455674 14933.000000
39.975375 116.455576 14934.000000
39.975441 116.455472 14935.000000
39.975513 116.455364 14936.000000
39.975586 116.455260 14937.000000
39.975658 116.455148 14938.000000
39.975730 116.455038 14939.000000
39.975799 116.454929 14940.000000
39.975865 116.454819 14941.000000
39.975934 116.454713 14942.000000
39.976003 116.454609 14943.000000
39.976069 116.454505 14944.000000
39.976136 116.454398 14945.000000
39.976202 116.454296 14946.000000
39.976268 116.454195 14947.000000
39.976332 116.454100 14948.000000
39.976393 116.454006 14949.000000
39.976454 116.453910 14950.000000
39.976514 116.453816 14951.000000
39.976579 116.453727 14952.000000
39.976642 116.453635 14953.000000
39.976705 116.453545 14954.000000
39.976772 116.453452 14955.000000
39.976835 116.453358 14956.000000
39.976903 116.453262 14957.000000
39.976967 116.453159 14958.000000
39.977030 116.453054 14959.000000
39.977108 116.452942 14960.000000
39.977172 116.452832 14961.000000
39.977230 116.452726 14962.000000
39.977297 116.452618 14963.000000
39.977361 116.452514 14964.000000
39.977430 116.452410 14965.000000
39.977500 116.452306 14966.000000
39.977567 116.452205 14967.000000
39.977634 116.452104 14968.000000
39.977699 116.452010 14969.000000
39.977773 116.451910 14970.000000
39.977843 116.451811 14971.000000
39.977912 116.451709 14972.000000
39.977980 116.451607 14973.000000
39.978049 116.451505 14974.000000
39.978117 116.451407 14975.000000
39.978220 116.451287 14976.000000
39.978284 116.451196 14977.000000
39.978346 116.451106 14978.000000
39.978461 116.450938 14980.000000
39.978556 116.450787 14982.000000
39.978647 116.450647 14984.000000
39.978731 116.450513 14986.000000
39.978809 116.450389 14988.000000
39.978883 116.450280 14990.000000
39.978953 116.450175 14992.000000
39.979021 116.450069 14994.000000
39.979088 116.449977 14996.000000
39.979177 116.449845 14999.000000
39.979269 116.449734 15002.000000
39.979331 116.449649 15004.000000
39.979402 116.449545 15008.000000
39.979459 116.449443 15011.000000
39.979546 116.449324 15014.000000
39.979653 116.449254 15017.000000
39.979795 116.449290 15020.000000
39.979908 116.449331 15022.000000
39.980011 116.449394 15024.000000
39.980124 116.449469 15026.000000
39.980245 116.449551 15028.000000
39.980356 116.449617 15030.000000
39.980502 116.449699 15032.000000
39.980657 116.449803 15034.000000
39.980817 116.449907 15036.000000
39.980901 116.449964 15037.000000
39.980986 116.450026 15038.000000
39.981077 116.450090 15039.000000
39.981173 116.450155 15040.000000
39.981266 116.450216 15041.000000
39.981358 116.450278 15042.000000
39.981449 116.450334 15043.000000
39.981538 116.450392 15044.000000
39.981625 116.450449 15045.000000
39.981706 116.450504 15046.000000
39.981883 116.450601 15048.000000
39.982026 116.450669 15050.000000
39.982156 116.450741 15052.000000
39.982283 116.450813 15054.000000
39.982389 116.450866 15056.000000
39.982405 116.450851 15061.000000
39.982404 116.450851 15066.000000
39.982403 116.450850 15071.000000
39.982402 116.450849 15076.000000
39.982399 116.450847 15081.000000
39.982398 116.450846 15086.000000
39.982401 116.450847 15091.000000
39.982401 116.450847 15094.000000
39.982409 116.450852 15096.000000
39.982446 116.450858 15101.000000
39.982544 116.450878 15104.000000
39.982639 116.450889 15106.000000
39.982765 116.450907 15108.000000
39.982899 116.450920 15110.000000
39.983030 116.450928 15112.000000
39.983154 116.450937 15114.000000
39.983282 116.450956 15116.000000
39.983405 116.450958 15118.000000
39.983527 116.450966 15120.000000
39.983652 116.450967 15122.000000
39.983774 116.450956 15124.000000
39.983910 116.450945 15126.000000
39.984044 116.450937 15128.000000
39.984180 116.450916 15130.000000
39.984320 116.450910 15132.000000
39.984463 116.450919 15134.000000
39.984607 116.450913 15136.000000
39.984749 116.450904 15138.000000
39.984882 116.450895 15140.000000
39.985004 116.450885 15142.000000
39.985100 116.450877 15144.000000
39.985218 116.450821 15147.000000
39.985297 116.450704 15150.000000
39.985343 116.450599 15153.000000
39.985481 116.450399 15156.000000
39.985557 116.450295 15158.000000
39.985631 116.450185 15161.000000
39.985723 116.450045 15164.000000
39.985792 116.449948 15166.000000
39.985859 116.449842 15168.000000
39.985937 116.449719 15171.000000
39.986011 116.449607 15173.000000
39.986090 116.449472 15175.000000
39.986156 116.449382 15177.000000
39.986220 116.449269 15180.000000
39.986278 116.449180 15182.000000
39.986332 116.449086 15184.000000
39.986399 116.448953 15187.000000
39.986461 116.448839 15190.000000
39.986537 116.448714 15193.000000
39.986603 116.448607 15195.000000
39.986651 116.448487 15199.000000
39.986713 116.448397 15202.000000
39.986795 116.448308 15205.000000
39.986872 116.448229 15209.000000
39.986944 116.448146 15213.000000
39.987010 116.448032 15217.000000
39.987072 116.447940 15219.000000
39.987154 116.447834 15221.000000
39.987237 116.447722 15224.000000
39.987317 116.447582 15227.000000
39.987400 116.447450 15230.000000
39.987478 116.447356 15232.000000
39.987536 116.447252 15236.000000
39.987552 116.447196 15241.000000
39.987628 116.447212 15246.000000
39.987647 116.447210 15251.000000
39.987646 116.447213 15256.000000
39.987644 116.447216 15261.000000
39.987644 116.447216 15264.000000
39.987650 116.447210 15266.000000
39.987706 116.447215 15271.000000
39.987771 116.447310 15274.000000
39.987833 116.447400 15277.000000
39.987905 116.447480 15279.000000
39.987978 116.447556 15281.000000
39.988057 116.447646 15284.000000
39.988132 116.447714 15287.000000
39.988212 116.447802 15291.000000
39.988240 116.447934 15295.000000
39.988175 116.448030 15300.000000
39.988092 116.448142 15304.000000
39.988000 116.448246 15307.000000
39.987938 116.448348 15310.000000
39.987887 116.448458 15313.000000
39.987841 116.448585 15317.000000
39.987760 116.448651 15320.000000
39.987662 116.448793 15322.000000
39.987594 116.448891 15324.000000
39.987528 116.448986 15327.000000
39.987461 116.449080 15331.000000
