39.931937 116.472814 20641.000000
39.942512 116.474508 20651.000000
39.942476 116.474461 20656.000000
39.942137 116.474364 20661.000000
39.942574 116.474497 20666.000000
39.942405 116.474670 20671.000000
39.942136 116.474718 20676.000000
39.942059 116.474713 20681.000000
39.942055 116.474723 20686.000000
39.942090 116.474727 20691.000000
39.942209 116.474698 20696.000000
39.942152 116.474647 20701.000000
39.942024 116.474615 20706.000000
39.942081 116.474550 20711.000000
39.941967 116.474492 20716.000000
39.941841 116.474406 20721.000000
39.941947 116.474399 20726.000000
39.941865 116.474358 20731.000000
39.941722 116.474106 20736.000000
39.941623 116.473917 20741.000000
39.941405 116.473780 20746.000000
39.941435 116.473834 20751.000000
39.941336 116.473769 20756.000000
39.941228 116.473766 20761.000000
39.941323 116.473832 20766.000000
39.941313 116.473839 20771.000000
39.941204 116.473840 20776.000000
39.941257 116.473888 20781.000000
39.940525 116.473689 20786.000000
39.940726 116.473796 20791.000000
39.940789 116.474065 20796.000000
39.940645 116.474104 20801.000000
39.940754 116.474161 20806.000000
39.940679 116.474153 20811.000000
39.940668 116.474144 20816.000000
39.940673 116.474098 20821.000000
39.940715 116.474029 20826.000000
39.940822 116.473996 20831.000000
39.941040 116.473960 20836.000000
39.941714 116.474084 20841.000000
39.942183 116.474109 20846.000000
39.942658 116.474153 20851.000000
39.943095 116.474254 20856.000000
39.931974 116.470474 20866.000000
39.932036 116.471965 20871.000000
39.932019 116.472217 20876.000000
39.931998 116.472283 20881.000000
39.931979 116.472371 20886.000000
39.931978 116.472387 20891.000000
39.931980 116.472377 20896.000000
39.931980 116.472377 20899.000000
39.931983 116.472369 20901.000000
39.931985 116.472354 20906.000000
39.932048 116.472352 20911.000000
39.932284 116.472316 20916.000000
39.932545 116.472094 20921.000000
39.932616 116.471692 20926.000000
39.932637 116.471492 20931.000000
39.932642 116.471487 20936.000000
39.932642 116.471487 20939.000000
39.932643 116.471486 20941.000000
39.932585 116.471384 20946.000000
39.932568 116.470993 20951.000000
39.932551 116.470408 20956.000000
39.932513 116.469740 20961.000000
39.932507 116.468992 20966.000000
39.932537 116.468197 20971.000000
39.932580 116.467438 20976.000000
39.932600 116.466904 20981.000000
39.932643 116.466658 20986.000000
39.932817 116.466576 20991.000000
39.933215 116.466543 20996.000000
39.933722 116.466638 21001.000000
39.934195 116.467001 21006.000000
39.934644 116.467519 21011.000000
39.934989 116.467921 21016.000000
39.935213 116.468182 21021.000000
39.935503 116.468399 21026.000000
39.935850 116.468592 21031.000000
39.936095 116.468657 21036.000000
39.936245 116.468679 21041.000000
39.936348 116.468675 21046.000000
39.936508 116.468723 21051.000000
39.936734 116.468684 21056.000000
39.937119 116.468694 21061.000000
39.937580 116.468666 21066.000000
39.938085 116.468623 21071.000000
39.938644 116.468586 21076.000000
39.939162 116.468533 21081.000000
39.939435 116.468503 21086.000000
39.939473 116.468488 21091.000000
39.939510 116.468483 21096.000000
39.939746 116.468432 21101.000000
39.940134 116.468379 21106.000000
39.940610 116.468312 21111.000000
39.941150 116.468301 21116.000000
39.941614 116.468293 21121.000000
39.942091 116.468254 21126.000000
39.942530 116.468172 21131.000000
39.942794 116.468181 21136.000000
39.942815 116.468229 21141.000000
39.942815 116.468229 21144.000000
39.942814 116.468229 21146.000000
39.942843 116.468235 21151.000000
39.943071 116.468213 21156.000000
39.943368 116.468154 21161.000000
39.943657 116.468094 21166.000000
39.943819 116.468074 21171.000000
39.943835 116.468076 21176.000000
39.943835 116.468074 21181.000000
39.943830 116.468070 21186.000000
39.943830 116.468070 21189.000000
39.943834 116.468071 21191.000000
39.944007 116.468037 21196.000000
39.944371 116.467929 21201.000000
39.944853 116.467814 21206.000000
39.945379 116.467645 21211.000000
39.945949 116.467473 21216.000000
39.946544 116.467308 21221.000000
39.947015 116.467099 21226.000000
39.947391 116.466805 21231.000000
39.947664 116.466591 21236.000000
39.947710 116.466561 21241.000000
39.947690 116.466504 21246.000000
39.947679 116.466497 21251.000000
39.947672 116.466493 21256.000000
39.947672 116.466493 21259.000000
39.947665 116.466488 21261.000000
39.947729 116.466405 21266.000000
39.947829 116.466289 21271.000000
39.948086 116.466105 21276.000000
39.948258 116.465993 21281.000000
39.948305 116.465994 21286.000000
39.948397 116.465968 21291.000000
39.948538 116.465886 21296.000000
39.948740 116.465827 21301.000000
39.949116 116.465729 21306.000000
39.949591 116.465579 21311.000000
39.950067 116.465441 21316.000000
39.950543 116.465321 21321.000000
39.950878 116.465204 21326.000000
39.951121 116.465391 21331.000000
39.951291 116.465938 21336.000000
39.951472 116.466586 21341.000000
39.951653 116.467160 21346.000000
39.951682 116.467349 21351.000000
39.951687 116.467349 21356.000000
39.951687 116.467349 21359.000000
39.951691 116.467351 21361.000000
39.951759 116.467492 21366.000000
39.951914 116.467858 21371.000000
39.952109 116.468408 21376.000000
39.952361 116.469025 21381.000000
39.952590 116.469566 21386.000000
39.952724 116.470028 21391.000000
39.952633 116.470219 21396.000000
39.952620 116.470249 21401.000000
39.952620 116.470249 21404.000000
39.952623 116.470256 21406.000000
39.952619 116.470245 21411.000000
39.952616 116.470238 21416.000000
39.952614 116.470232 21421.000000
39.952614 116.470232 21424.000000
39.952610 116.470224 21426.000000
39.952605 116.470211 21431.000000
39.952612 116.470273 21436.000000
39.952708 116.470546 21441.000000
39.952859 116.471021 21446.000000
39.953045 116.471649 21451.000000
39.953276 116.472352 21456.000000
39.953501 116.473081 21461.000000
39.953726 116.473792 21466.000000
39.953939 116.474488 21471.000000
39.954186 116.475191 21476.000000
39.954418 116.475878 21481.000000
39.954587 116.476414 21486.000000
39.954687 116.476688 21491.000000
39.954678 116.476704 21496.000000
39.954678 116.476704 21499.000000
39.954671 116.476702 21501.000000
39.954724 116.476858 21506.000000
39.954850 116.477250 21511.000000
39.955027 116.477773 21516.000000
39.955225 116.478312 21521.000000
39.955352 116.478616 21526.000000
39.955472 116.478867 21531.000000
39.955509 116.478940 21536.000000
39.955517 116.478980 21541.000000
39.955659 116.479290 21546.000000
39.955866 116.479788 21551.000000
39.956119 116.480409 21556.000000
39.956363 116.481006 21561.000000
39.956534 116.481371 21566.000000
39.956674 116.481571 21571.000000
39.956687 116.481721 21576.000000
39.956776 116.481732 21581.000000
39.956877 116.481998 21586.000000
39.957039 116.482305 21591.000000
39.957187 116.482670 21596.000000
39.957328 116.482978 21601.000000
39.957519 116.483338 21606.000000
39.957653 116.483655 21611.000000
39.957785 116.483940 21616.000000
39.957910 116.484246 21621.000000
39.957917 116.484330 21626.000000
39.957897 116.484325 21631.000000
39.958005 116.484491 21636.000000
39.958175 116.484906 21641.000000
39.958407 116.485429 21646.000000
39.958722 116.485975 21651.000000
39.959115 116.486394 21656.000000
39.959340 116.486651 21661.000000
39.959382 116.486699 21666.000000
39.959463 116.486797 21671.000000
39.959503 116.486823 21676.000000
39.959492 116.486822 21681.000000
39.959492 116.486822 21684.000000
39.959492 116.486824 21686.000000
39.959549 116.486852 21691.000000
39.959777 116.487022 21696.000000
39.959959 116.487189 21701.000000
39.960092 116.487318 21706.000000
39.960295 116.487517 21711.000000
39.960451 116.487738 21716.000000
39.960584 116.487940 21721.000000
39.960784 116.488176 21726.000000
39.961015 116.488455 21731.000000
39.961018 116.488612 21736.000000
39.960996 116.488625 21741.000000
39.960995 116.488624 21746.000000
39.960995 116.488626 21751.000000
39.960997 116.488630 21756.000000
39.961000 116.488638 21761.000000
39.961000 116.488638 21764.000000
39.961001 116.488641 21766.000000
39.961006 116.488655 21771.000000
39.961062 116.488767 21776.000000
39.961093 116.488758 21781.000000
39.961083 116.488831 21786.000000
39.961140 116.488861 21791.000000
39.961261 116.488942 21796.000000
39.961393 116.489015 21801.000000
39.961511 116.489041 21806.000000
39.961653 116.488986 21811.000000
39.961786 116.488906 21816.000000
39.962012 116.488599 21821.000000
39.962203 116.488263 21826.000000
39.962405 116.487980 21831.000000
39.962485 116.487851 21836.000000
39.962527 116.487845 21841.000000
39.962550 116.487845 21846.000000
39.962550 116.487845 21849.000000
39.962549 116.487844 21851.000000
39.962572 116.487782 21856.000000
39.962674 116.487602 21861.000000
39.962828 116.487319 21866.000000
39.963013 116.487064 21871.000000
39.963073 116.486963 21876.000000
39.963058 116.486974 21881.000000
39.963059 116.486977 21886.000000
39.963059 116.486978 21891.000000
39.963059 116.486978 21894.000000
39.963059 116.486979 21896.000000
39.963109 116.486873 21901.000000
39.963224 116.486646 21906.000000
39.963401 116.486314 21911.000000
39.963697 116.485897 21916.000000
39.963965 116.485526 21921.000000
39.964167 116.485189 21926.000000
39.964404 116.484824 21931.000000
39.964728 116.484447 21936.000000
39.964977 116.484173 21941.000000
39.965154 116.483978 21946.000000
39.965319 116.483879 21951.000000
39.965392 116.483877 21956.000000
39.965404 116.483875 21961.000000
39.965404 116.483875 21964.000000
39.965408 116.483883 21966.000000
39.965417 116.483881 21971.000000
39.965417 116.483881 21974.000000
39.965417 116.483878 21976.000000
39.965449 116.483875 21981.000000
39.965615 116.483882 21986.000000
39.965773 116.483871 21991.000000
39.965951 116.483831 21996.000000
39.966174 116.483808 22001.000000
39.966328 116.483800 22006.000000
39.966529 116.483752 22011.000000
39.966638 116.483747 22016.000000
39.966731 116.483751 22021.000000
39.966881 116.483767 22026.000000
39.966963 116.483774 22031.000000
39.966978 116.483778 22036.000000
39.966982 116.483778 22041.000000
39.966990 116.483777 22046.000000
39.966994 116.483778 22051.000000
39.966994 116.483778 22054.000000
39.966993 116.483779 22056.000000
39.967033 116.483787 22061.000000
39.967219 116.483835 22066.000000
39.967558 116.483843 22071.000000
39.968045 116.483837 22076.000000
39.968583 116.483848 22081.000000
39.969166 116.483833 22086.000000
39.969634 116.483809 22091.000000
39.969959 116.483804 22096.000000
39.970150 116.483811 22101.000000
39.970237 116.483828 22106.000000
39.970342 116.483727 22111.000000
39.970572 116.483739 22116.000000
39.970912 116.483831 22121.000000
39.971393 116.483833 22126.000000
39.971789 116.483855 22131.000000
39.972038 116.483874 22136.000000
39.972090 116.483875 22141.000000
39.972088 116.483879 22146.000000
39.972091 116.483879 22151.000000
39.972091 116.483879 22154.000000
39.972093 116.483879 22156.000000
39.972104 116.483879 22161.000000
39.972244 116.483879 22166.000000
39.972525 116.483918 22171.000000
39.972956 116.483901 22176.000000
39.973357 116.483868 22181.000000
39.973699 116.483855 22186.000000
39.974076 116.483840 22191.000000
39.974291 116.483873 22196.000000
39.974438 116.483916 22201.000000
39.974404 116.483940 22206.000000
39.974420 116.483939 22211.000000
39.974434 116.483938 22216.000000
39.974442 116.483938 22221.000000
39.974440 116.483939 22226.000000
39.974440 116.483939 22229.000000
39.974436 116.483939 22231.000000
39.974427 116.483940 22236.000000
39.974427 116.483940 22239.000000
39.974422 116.483940 22241.000000
39.974443 116.483965 22246.000000
39.974600 116.483964 22251.000000
39.974707 116.483993 22256.000000
39.974727 116.483991 22261.000000
39.974735 116.483990 22266.000000
39.974739 116.483988 22271.000000
39.974737 116.483986 22276.000000
39.974737 116.483986 22279.000000
39.974743 116.483987 22281.000000
39.974925 116.483876 22286.000000
39.975123 116.483817 22291.000000
39.975374 116.483860 22296.000000
39.975788 116.483843 22301.000000
39.976269 116.483849 22306.000000
39.976825 116.483858 22311.000000
39.977385 116.483804 22316.000000
39.977801 116.483795 22321.000000
39.978227 116.483790 22326.000000
39.978531 116.483848 22331.000000
39.978580 116.483800 22336.000000
39.978585 116.483787 22341.000000
39.978585 116.483787 22344.000000
39.978585 116.483787 22346.000000
39.978615 116.483799 22351.000000
39.978828 116.483810 22356.000000
39.978978 116.483739 22361.000000
39.978991 116.483714 22366.000000
39.978993 116.483712 22371.000000
39.978990 116.483713 22376.000000
39.978987 116.483713 22381.000000
39.978994 116.483710 22386.000000
39.978995 116.483710 22391.000000
39.978995 116.483710 22394.000000
39.978999 116.483703 22396.000000
39.979073 116.483449 22401.000000
39.979083 116.483053 22406.000000
39.979144 116.482632 22411.000000
39.979381 116.482167 22416.000000
39.979705 116.481629 22421.000000
39.980129 116.481058 22426.000000
39.980510 116.480463 22431.000000
39.980850 116.480042 22436.000000
39.980941 116.479885 22441.000000
39.980908 116.479909 22446.000000
39.980909 116.479903 22451.000000
39.980909 116.479903 22454.000000
39.980909 116.479902 22456.000000
39.980907 116.479911 22461.000000
39.980907 116.479911 22464.000000
39.980908 116.479909 22466.000000
39.980953 116.479794 22471.000000
39.981139 116.479563 22476.000000
39.981426 116.479183 22481.000000
39.981745 116.478721 22486.000000
39.981996 116.478293 22491.000000
39.982251 116.477860 22496.000000
39.982574 116.477358 22501.000000
39.982800 116.477045 22506.000000
39.982886 116.477029 22511.000000
39.982865 116.477046 22516.000000
39.982861 116.477064 22521.000000
39.982861 116.477064 22524.000000
39.982860 116.477070 22526.000000
39.982863 116.477057 22531.000000
39.982866 116.477043 22536.000000
39.982870 116.477027 22541.000000
39.982873 116.477017 22546.000000
39.982874 116.477015 22551.000000
39.982874 116.477015 22554.000000
39.982873 116.477019 22556.000000
39.982882 116.476962 22561.000000
39.983008 116.476689 22566.000000
39.983304 116.476263 22571.000000
39.983589 116.475863 22576.000000
39.983793 116.475612 22581.000000
39.984006 116.475324 22586.000000
39.984307 116.474900 22591.000000
39.984588 116.474508 22596.000000
39.984747 116.474307 22601.000000
39.984801 116.474303 22606.000000
39.984852 116.474322 22611.000000
39.984835 116.474255 22616.000000
39.984940 116.474114 22621.000000
39.985164 116.473654 22626.000000
39.985513 116.473128 22631.000000
39.985837 116.472543 22636.000000
39.986224 116.472030 22641.000000
39.986440 116.471765 22646.000000
39.986502 116.471801 22651.000000
39.986537 116.471790 22656.000000
39.986568 116.471789 22661.000000
39.986568 116.471789 22664.000000
39.986568 116.471782 22666.000000
39.986572 116.471766 22671.000000
39.986572 116.471766 22674.000000
39.986572 116.471770 22676.000000
39.986568 116.471784 22681.000000
39.986566 116.471797 22686.000000
39.986574 116.471735 22691.000000
39.986695 116.471500 22696.000000
39.987048 116.470957 22701.000000
39.987428 116.470408 22706.000000
39.987829 116.469810 22711.000000
39.988226 116.469216 22716.000000
39.988514 116.468732 22721.000000
39.988588 116.468584 22726.000000
39.988594 116.468621 22731.000000
39.988636 116.468527 22736.000000
39.988838 116.468258 22741.000000
39.989024 116.467992 22746.000000
39.989253 116.467625 22751.000000
39.989556 116.467132 22756.000000
39.989910 116.466587 22761.000000
39.990269 116.466039 22766.000000
39.990562 116.465582 22771.000000
39.990788 116.465264 22776.000000
39.990937 116.465099 22781.000000
39.990990 116.465017 22786.000000
39.990980 116.465020 22791.000000
39.990980 116.465020 22794.000000
39.990974 116.465027 22796.000000
39.990969 116.465040 22801.000000
39.990958 116.465052 22806.000000
39.991053 116.464823 22811.000000
39.991190 116.464602 22816.000000
39.991424 116.464432 22821.000000
39.991748 116.464598 22826.000000
39.992117 116.465011 22831.000000
39.992528 116.465434 22836.000000
39.992850 116.465776 22841.000000
39.992980 116.465971 22846.000000
39.993073 116.465971 22851.000000
39.993073 116.465971 22854.000000
39.993079 116.465967 22856.000000
39.993159 116.466090 22861.000000
39.993354 116.466357 22866.000000
39.993645 116.466785 22871.000000
39.994064 116.467180 22876.000000
39.994381 116.467586 22881.000000
39.994572 116.467757 22886.000000
39.994565 116.467783 22891.000000
39.994577 116.467781 22896.000000
39.994571 116.467793 22901.000000
39.994571 116.467793 22904.000000
39.994579 116.467795 22906.000000
39.994709 116.467880 22911.000000
39.994940 116.468012 22916.000000
39.995222 116.468280 22921.000000
39.995382 116.468476 22926.000000
39.995378 116.468502 22931.000000
39.995289 116.468629 22936.000000
39.995176 116.468829 22941.000000
39.994954 116.469010 22946.000000
39.994876 116.469170 22951.000000
39.995012 116.469285 22956.000000
39.995383 116.469310 22961.000000
39.995569 116.469259 22966.000000
39.995579 116.469087 22971.000000
39.996611 116.468073 22981.000000
39.997338 116.466973 22986.000000
39.997407 116.466894 22991.000000
39.997418 116.466870 22996.000000
39.997396 116.466800 23001.000000
39.997470 116.466625 23006.000000
39.997741 116.466182 23011.000000
39.998037 116.465760 23016.000000
39.998499 116.465546 23021.000000
39.998959 116.465829 23026.000000
39.999412 116.466286 23031.000000
39.999766 116.466692 23036.000000
39.999880 116.466838 23041.000000
39.999909 116.466832 23046.000000
39.999909 116.466832 23049.000000
39.999912 116.466826 23051.000000
39.999913 116.466845 23056.000000
39.999983 116.466946 23061.000000
40.000028 116.467076 23066.000000
39.999970 116.467118 23071.000000
40.000413 116.467064 23076.000000
40.000827 116.467120 23081.000000
40.001348 116.467129 23086.000000
40.001911 116.467104 23091.000000
40.002311 116.467045 23096.000000
40.002595 116.467104 23101.000000
40.002791 116.467115 23106.000000
40.002846 116.467121 23111.000000
40.002848 116.467135 23116.000000
40.002857 116.467128 23121.000000
40.002996 116.467068 23126.000000
40.003264 116.467016 23131.000000
40.003723 116.467058 23136.000000
40.004193 116.467089 23141.000000
40.004615 116.467073 23146.000000
40.004847 116.467043 23151.000000
40.004889 116.467058 23156.000000
40.004888 116.467080 23161.000000
40.004867 116.467103 23166.000000
40.004942 116.467094 23171.000000
40.005265 116.467056 23176.000000
40.005701 116.467015 23181.000000
40.006107 116.467034 23186.000000
40.006551 116.467083 23191.000000
40.006812 116.467078 23196.000000
40.006866 116.467061 23201.000000
40.006866 116.467061 23204.000000
40.006867 116.467067 23206.000000
40.007037 116.467040 23211.000000
40.007258 116.466954 23216.000000
40.007807 116.466909 23221.000000
40.008314 116.466925 23226.000000
40.008782 116.466918 23231.000000
40.009145 116.466904 23236.000000
40.009238 116.466906 23241.000000
40.009372 116.466884 23246.000000
40.009577 116.466862 23251.000000
40.010009 116.466837 23256.000000
40.010207 116.466479 23261.000000
40.010256 116.465953 23266.000000
40.010241 116.465561 23271.000000
40.010210 116.465534 23276.000000
40.010209 116.465536 23281.000000
40.010209 116.465536 23284.000000
40.010212 116.465534 23286.000000
40.010194 116.465551 23291.000000
40.010165 116.465559 23296.000000
40.010017 116.465475 23301.000000
40.009965 116.465343 23306.000000
40.009901 116.465233 23311.000000
40.009872 116.465139 23316.000000
40.009976 116.464961 23321.000000
40.009976 116.464913 23326.000000
40.009966 116.464911 23331.000000
40.009915 116.464845 23336.000000
40.009861 116.464694 23341.000000
40.009830 116.464432 23346.000000
40.009870 116.464091 23351.000000
40.009996 116.463766 23356.000000
40.010099 116.463480 23361.000000
40.010110 116.463226 23366.000000
40.010052 116.462944 23371.000000
40.009954 116.462683 23376.000000
40.009888 116.462460 23381.000000
40.009793 116.462259 23386.000000
40.009731 116.462056 23391.000000
40.009712 116.461998 23396.000000
40.009675 116.462012 23401.000000
40.009689 116.461907 23406.000000
40.009637 116.461806 23411.000000
40.009799 116.461679 23416.000000
40.009856 116.461609 23421.000000
40.010014 116.461528 23426.000000
40.010212 116.461511 23431.000000
40.010760 116.461410 23436.000000
40.011083 116.461344 23441.000000
40.011223 116.461327 23446.000000
40.011233 116.461326 23451.000000
40.011234 116.461326 23456.000000
40.011234 116.461326 23459.000000
40.011229 116.461332 23461.000000
40.011071 116.461251 23466.000000
40.011082 116.461278 23471.000000
40.011220 116.461239 23476.000000
40.011396 116.461204 23481.000000
40.011529 116.461180 23486.000000
40.011646 116.461197 23491.000000
40.011706 116.461192 23496.000000
40.011732 116.461179 23501.000000
40.011735 116.461177 23506.000000
40.011733 116.461180 23511.000000
40.011733 116.461180 23514.000000
40.011733 116.461184 23516.000000
40.011849 116.461198 23521.000000
40.012012 116.461286 23526.000000
40.012063 116.461317 23531.000000
40.012074 116.461306 23536.000000
40.012078 116.461298 23541.000000
40.012081 116.461294 23546.000000
40.012079 116.461298 23551.000000
40.012079 116.461298 23554.000000
40.012080 116.461296 23556.000000
40.012226 116.461307 23561.000000
40.012427 116.461294 23566.000000
40.012652 116.461278 23571.000000
40.012879 116.461233 23576.000000
40.013022 116.461195 23581.000000
40.013102 116.461159 23586.000000
40.013141 116.461160 23591.000000
40.013213 116.461174 23596.000000
40.013440 116.461151 23601.000000
40.013811 116.461121 23606.000000
40.014236 116.461099 23611.000000
40.014476 116.461073 23616.000000
40.014470 116.461055 23621.000000
40.014470 116.461055 23624.000000
40.014466 116.461056 23626.000000
40.014449 116.461058 23631.000000
40.014448 116.461058 23636.000000
40.014448 116.461057 23641.000000
40.014454 116.461056 23646.000000
40.014454 116.461056 23649.000000
40.014450 116.461056 23651.000000
40.014441 116.461057 23656.000000
40.014441 116.461057 23659.000000
40.014436 116.461057 23661.000000
40.014544 116.461060 23666.000000
40.014762 116.461044 23671.000000
40.015023 116.461042 23676.000000
40.015343 116.461012 23681.000000
40.015719 116.460965 23686.000000
40.016108 116.460924 23691.000000
40.016431 116.460968 23696.000000
40.016837 116.460941 23701.000000
40.017188 116.460929 23706.000000
40.017501 116.460936 23711.000000
40.017869 116.460900 23716.000000
40.018212 116.460902 23721.000000
40.018522 116.460877 23726.000000
40.018707 116.460883 23731.000000
40.018753 116.460896 23736.000000
40.018765 116.460900 23741.000000
40.018780 116.460896 23746.000000
40.018793 116.460906 23751.000000
40.018792 116.460907 23756.000000
40.018792 116.460907 23759.000000
40.018791 116.460907 23761.000000
40.018802 116.460905 23766.000000
40.018811 116.460904 23771.000000
40.018920 116.460891 23776.000000
40.019078 116.460852 23781.000000
40.019188 116.460793 23786.000000
40.019222 116.460781 23791.000000
40.019251 116.460770 23796.000000
40.019270 116.460764 23801.000000
40.019273 116.460650 23806.000000
40.019266 116.460326 23811.000000
40.019240 116.459796 23816.000000
40.019237 116.459200 23821.000000
40.019297 116.458737 23826.000000
40.019329 116.458688 23831.000000
40.019306 116.458718 23836.000000
40.019320 116.458718 23841.000000
40.019320 116.458718 23844.000000
40.019325 116.458711 23846.000000
40.019295 116.458490 23851.000000
40.019259 116.458064 23856.000000
40.019247 116.457598 23861.000000
40.019246 116.457113 23866.000000
40.019278 116.456628 23871.000000
40.019298 116.456243 23876.000000
40.019299 116.455950 23881.000000
40.019236 116.455954 23886.000000
40.019230 116.455932 23891.000000
40.019248 116.455660 23896.000000
40.019272 116.455147 23901.000000
40.019270 116.454467 23906.000000
40.019278 116.453712 23911.000000
40.019312 116.452998 23916.000000
40.019392 116.452295 23921.000000
40.019424 116.451539 23926.000000
40.019418 116.450787 23931.000000
40.019396 116.450032 23936.000000
40.019434 116.449237 23941.000000
40.019455 116.448511 23946.000000
40.019500 116.447961 23951.000000
40.019545 116.447417 23956.000000
40.019561 116.446815 23961.000000
40.019483 116.446312 23966.000000
40.019531 116.445824 23971.000000
40.019624 116.445583 23976.000000
40.019662 116.445561 23981.000000
40.019647 116.445413 23986.000000
40.019640 116.445002 23991.000000
40.019704 116.444419 23996.000000
40.019809 116.443673 24001.000000
40.019857 116.443028 24006.000000
40.019881 116.442694 24011.000000
40.019976 116.442591 24016.000000
40.020277 116.442574 24021.000000
40.020717 116.442564 24026.000000
40.021182 116.442573 24031.000000
40.021668 116.442554 24036.000000
40.022250 116.442499 24041.000000
40.022793 116.442439 24046.000000
40.023323 116.442403 24051.000000
40.023878 116.442337 24056.000000
40.024452 116.442292 24061.000000
40.025004 116.442239 24066.000000
40.025575 116.442186 24071.000000
40.026081 116.442172 24076.000000
40.026595 116.442148 24081.000000
40.027083 116.442124 24086.000000
40.027601 116.442095 24091.000000
40.028146 116.442060 24096.000000
40.028689 116.442057 24101.000000
40.029278 116.442035 24106.000000
40.029845 116.442004 24111.000000
40.030386 116.441993 24116.000000
40.030816 116.441977 24121.000000
40.030928 116.441851 24126.000000
40.030993 116.441397 24131.000000
40.030992 116.441325 24136.000000
40.030988 116.441338 24141.000000
40.030969 116.441231 24146.000000
40.030985 116.440801 24151.000000
40.031030 116.440195 24156.000000
40.031004 116.439439 24161.000000
40.031020 116.438646 24166.000000
40.031020 116.437913 24171.000000
40.031010 116.437210 24176.000000
40.030974 116.436525 24181.000000
40.030976 116.435971 24186.000000
40.031019 116.435399 24191.000000
40.031087 116.434822 24196.000000
40.031190 116.434283 24201.000000
40.031234 116.434069 24206.000000
40.031227 116.434073 24211.000000
40.031227 116.434073 24214.000000
40.031229 116.434078 24216.000000
40.031232 116.434202 24221.000000
40.031260 116.434277 24226.000000
40.031214 116.434247 24231.000000
40.031194 116.434219 24236.000000
40.031201 116.434188 24241.000000
40.031182 116.434185 24246.000000
40.031087 116.434077 24251.000000
40.031033 116.433983 24256.000000
40.030987 116.433950 24261.000000
40.031001 116.433959 24266.000000
40.031011 116.433960 24271.000000
40.031034 116.433966 24276.000000
40.031034 116.433966 24279.000000
40.031026 116.433962 24281.000000
40.030998 116.433942 24286.000000
40.030969 116.433924 24291.000000
40.030989 116.433911 24296.000000
40.030997 116.433873 24301.000000
40.031004 116.433796 24306.000000
40.031023 116.433768 24311.000000
40.030987 116.433707 24316.000000
40.031002 116.433671 24321.000000
40.031013 116.433626 24326.000000
40.031001 116.433565 24331.000000
40.030990 116.433489 24336.000000
40.030961 116.433389 24341.000000
40.030946 116.433337 24346.000000
40.030957 116.433270 24351.000000
40.030904 116.433174 24356.000000
40.030877 116.433152 24361.000000
40.030840 116.433129 24366.000000
40.030743 116.433112 24371.000000
40.030639 116.433100 24376.000000
40.030522 116.433098 24381.000000
40.030405 116.433066 24386.000000
40.030416 116.432907 24391.000000
40.030416 116.432907 24394.000000
40.030409 116.432906 24396.000000
40.030335 116.432882 24401.000000
40.030209 116.432886 24406.000000
40.030147 116.432909 24411.000000
40.030124 116.432916 24416.000000
40.030090 116.432915 24421.000000
40.030046 116.432876 24426.000000
40.029996 116.432881 24431.000000
40.029870 116.432882 24436.000000
40.029816 116.432886 24441.000000
40.029804 116.432899 24446.000000
40.029766 116.432897 24451.000000
40.029714 116.432880 24456.000000
40.029629 116.432883 24461.000000
40.029580 116.432898 24466.000000
40.029510 116.432908 24471.000000
40.029469 116.432893 24476.000000
40.029428 116.432873 24481.000000
40.029370 116.432857 24486.000000
40.029218 116.432858 24491.000000
40.029140 116.432881 24496.000000
40.029106 116.432905 24501.000000
40.029113 116.432934 24506.000000
40.029035 116.432881 24511.000000
40.028972 116.432873 24516.000000
40.028823 116.432866 24521.000000
40.028765 116.432866 24526.000000
40.028724 116.432866 24531.000000
40.028654 116.432885 24536.000000
40.028599 116.432905 24541.000000
40.028551 116.432885 24546.000000
40.028459 116.432845 24551.000000
40.028426 116.432840 24556.000000
40.028361 116.432834 24561.000000
40.028305 116.432821 24566.000000
40.028258 116.432814 24571.000000
40.028182 116.432826 24576.000000
40.028153 116.432875 24581.000000
40.028115 116.432928 24586.000000
40.028048 116.432958 24591.000000
40.028014 116.433021 24596.000000
40.027995 116.433092 24601.000000
40.027947 116.433131 24606.000000
40.027965 116.433172 24611.000000
40.027963 116.433228 24616.000000
40.027975 116.433253 24621.000000
40.028033 116.433324 24626.000000
40.028083 116.433405 24631.000000
40.028116 116.433483 24636.000000
40.028102 116.433562 24641.000000
40.027992 116.433703 24646.000000
40.027947 116.433751 24651.000000
40.027896 116.433786 24656.000000
40.027859 116.433816 24661.000000
40.027856 116.433806 24666.000000
40.027856 116.433806 24669.000000
40.027861 116.433799 24671.000000
40.027881 116.433814 24676.000000
40.027881 116.433814 24679.000000
40.027887 116.433815 24681.000000
40.027904 116.433795 24686.000000
40.027882 116.433765 24691.000000
40.027884 116.433741 24696.000000
40.027866 116.433693 24701.000000
40.027876 116.433614 24706.000000
40.027881 116.433587 24711.000000
40.027885 116.433570 24716.000000
