39.985967 116.449610 32134.000000
39.985891 116.449657 32135.000000
39.985865 116.449765 32137.000000
39.985805 116.449845 32139.000000
39.985737 116.449982 32141.000000
39.985663 116.450106 32143.000000
39.985583 116.450245 32145.000000
39.985498 116.450372 32147.000000
39.985397 116.450492 32149.000000
39.985311 116.450618 32151.000000
39.985219 116.450713 32153.000000
39.985100 116.450747 32155.000000
39.984973 116.450752 32157.000000
39.984827 116.450764 32159.000000
39.984668 116.450778 32161.000000
39.984494 116.450780 32163.000000
39.984402 116.450774 32164.000000
39.984307 116.450777 32165.000000
39.984213 116.450779 32166.000000
39.984122 116.450782 32167.000000
39.984021 116.450803 32168.000000
39.983850 116.450812 32170.000000
39.983698 116.450793 32172.000000
39.983566 116.450787 32174.000000
39.983458 116.450774 32177.000000
39.983431 116.450790 32182.000000
39.983431 116.450790 32185.000000
39.983432 116.450789 32187.000000
39.983436 116.450804 32192.000000
39.983435 116.450804 32197.000000
39.983434 116.450805 32202.000000
39.983435 116.450805 32207.000000
39.983437 116.450804 32212.000000
39.983437 116.450804 32217.000000
39.983437 116.450804 32220.000000
39.983436 116.450806 32222.000000
39.983322 116.450825 32227.000000
39.983204 116.450821 32229.000000
39.983068 116.450812 32231.000000
39.982903 116.450782 32233.000000
39.982808 116.450763 32234.000000
39.982708 116.450739 32235.000000
39.982598 116.450715 32236.000000
39.982488 116.450682 32237.000000
39.982379 116.450643 32238.000000
39.982274 116.450603 32239.000000
39.982171 116.450565 32240.000000
39.982074 116.450523 32241.000000
39.981981 116.450481 32242.000000
39.981891 116.450436 32243.000000
39.981806 116.450392 32244.000000
39.981644 116.450316 32246.000000
39.981503 116.450248 32248.000000
39.981398 116.450195 32250.000000
39.981312 116.450149 32253.000000
