39.915156 116.455979 32074.000000
39.915020 116.456021 32076.000000
39.914894 116.455997 32079.000000
39.914769 116.456009 32081.000000
39.914624 116.456011 32083.000000
39.914474 116.456023 32085.000000
39.914319 116.456035 32087.000000
39.914151 116.456039 32089.000000
39.914056 116.456038 32090.000000
39.913958 116.456024 32091.000000
39.913860 116.455998 32092.000000
39.913749 116.455989 32093.000000
39.913624 116.455980 32094.000000
39.913487 116.455964 32095.000000
39.913338 116.455952 32096.000000
39.913160 116.456055 32097.000000
39.912998 116.456080 32098.000000
39.912840 116.456122 32099.000000
39.912697 116.456120 32100.000000
39.912561 116.456128 32101.000000
39.912432 116.456144 32102.000000
39.912312 116.456143 32103.000000
39.912189 116.456162 32104.000000
39.912078 116.456164 32105.000000
39.911955 116.456172 32106.000000
39.911837 116.456158 32107.000000
39.911719 116.456157 32108.000000
39.911589 116.456153 32109.000000
39.911455 116.456153 32110.000000
39.911309 116.456156 32111.000000
39.911163 116.456155 32112.000000
39.911016 116.456145 32113.000000
39.910874 116.456127 32114.000000
39.910719 116.456117 32115.000000
39.910563 116.456100 32116.000000
39.910407 116.456080 32117.000000
39.910242 116.456071 32118.000000
39.910069 116.456069 32119.000000
39.909898 116.456061 32120.000000
39.909726 116.456049 32121.000000
39.909556 116.456043 32122.000000
39.909436 116.455837 32123.000000
39.909318 116.455663 32124.000000
39.909132 116.455706 32125.000000
39.908980 116.455696 32126.000000
39.908839 116.455697 32127.000000
39.908671 116.455861 32128.000000
39.908529 116.455930 32129.000000
39.908399 116.455961 32130.000000
39.908289 116.455979 32131.000000
39.908165 116.455993 32132.000000
39.908043 116.455991 32133.000000
39.907934 116.455984 32134.000000
39.907825 116.455979 32135.000000
39.907723 116.455977 32136.000000
39.907620 116.455969 32137.000000
39.907515 116.455960 32138.000000
39.907415 116.455948 32139.000000
39.907315 116.455955 32140.000000
39.907219 116.455955 32141.000000
39.907113 116.455954 32142.000000
39.907008 116.455963 32143.000000
39.906901 116.455967 32144.000000
39.906803 116.455964 32145.000000
39.906700 116.455956 32146.000000
39.906604 116.455954 32147.000000
39.906509 116.455948 32148.000000
39.906419 116.455948 32149.000000
39.906246 116.455942 32151.000000
39.906073 116.455939 32153.000000
39.905902 116.455945 32155.000000
39.905767 116.455796 32157.000000
39.905754 116.455470 32158.000000
39.905143 116.455419 32164.000000
39.905035 116.455425 32165.000000
39.904895 116.455652 32166.000000
39.904790 116.455714 32167.000000
39.904680 116.455715 32168.000000
39.904522 116.455680 32170.000000
39.904390 116.455540 32172.000000
39.904241 116.455549 32174.000000
39.904113 116.455540 32176.000000
39.903948 116.455554 32178.000000
39.903853 116.455538 32179.000000
39.903759 116.455527 32180.000000
39.903666 116.455492 32181.000000
39.903567 116.455464 32182.000000
39.903433 116.455570 32183.000000
39.903334 116.455666 32184.000000
39.903212 116.455697 32185.000000
39.903085 116.455813 32186.000000
39.902973 116.455807 32187.000000
39.902860 116.455796 32188.000000
39.902755 116.455810 32189.000000
39.902645 116.455798 32190.000000
39.902542 116.455799 32191.000000
39.902373 116.455817 32193.000000
39.902263 116.455836 32195.000000
39.902152 116.455847 32198.000000
39.902035 116.455824 32201.000000
39.901894 116.455823 32203.000000
39.901725 116.455815 32205.000000
39.901634 116.455806 32206.000000
39.901534 116.455802 32207.000000
39.901430 116.455798 32208.000000
39.901325 116.455796 32209.000000
39.901221 116.455792 32210.000000
39.901116 116.455786 32211.000000
39.901163 116.455298 32213.000000
39.901056 116.455312 32214.000000
39.900957 116.455324 32215.000000
39.900850 116.455316 32217.000000
39.900753 116.455330 32220.000000
39.900677 116.455338 32225.000000
39.900614 116.455355 32230.000000
39.900567 116.455342 32235.000000
39.900516 116.455337 32240.000000
39.900438 116.455318 32245.000000
39.900345 116.455306 32250.000000
39.900325 116.455309 32255.000000
39.900325 116.455309 32258.000000
39.900322 116.455302 32260.000000
39.900313 116.455298 32265.000000
39.900276 116.455304 32270.000000
39.900269 116.455307 32275.000000
39.900269 116.455307 32278.000000
39.900269 116.455304 32280.000000
39.900215 116.455292 32285.000000
39.900145 116.455299 32290.000000
39.900048 116.455306 32294.000000
39.899920 116.455298 32297.000000
39.899782 116.455295 32299.000000
39.899636 116.455278 32301.000000
39.899493 116.455269 32303.000000
39.899339 116.455267 32305.000000
39.899167 116.455258 32307.000000
39.898992 116.455258 32309.000000
39.898806 116.455267 32311.000000
39.898629 116.455261 32313.000000
39.898459 116.455256 32315.000000
39.898296 116.455240 32317.000000
39.898142 116.455243 32319.000000
39.898003 116.455242 32321.000000
39.897862 116.455240 32323.000000
39.897736 116.455242 32325.000000
39.897628 116.455252 32327.000000
39.897536 116.455264 32329.000000
39.897441 116.455214 32333.000000
39.897395 116.455241 32338.000000
39.897305 116.455251 32342.000000
39.897210 116.455251 32346.000000
39.897117 116.455255 32349.000000
39.897016 116.455258 32352.000000
39.896889 116.455198 32355.000000
39.896833 116.455097 32358.000000
39.896606 116.455022 32362.000000
39.896544 116.454903 32363.000000
39.896377 116.454995 32365.000000
39.896258 116.455069 32366.000000
39.896077 116.455074 32368.000000
39.895978 116.455082 32369.000000
39.895879 116.455105 32370.000000
39.895776 116.455132 32371.000000
39.895613 116.455197 32373.000000
39.895500 116.455216 32375.000000
39.895387 116.455241 32377.000000
39.895255 116.455262 32379.000000
39.895088 116.455239 32381.000000
39.894993 116.455213 32382.000000
39.894815 116.455183 32384.000000
39.894638 116.455158 32386.000000
39.894473 116.455143 32388.000000
39.894386 116.455068 32390.000000
39.894302 116.455011 32392.000000
39.894155 116.455001 32394.000000
39.894025 116.455005 32396.000000
39.893922 116.454989 32398.000000
39.893803 116.455009 32400.000000
39.893643 116.455078 32402.000000
39.893508 116.455087 32404.000000
39.893389 116.455115 32407.000000
39.893242 116.455121 32410.000000
39.893113 116.455113 32412.000000
39.893002 116.455103 32414.000000
39.892876 116.455093 32416.000000
39.892739 116.455094 32418.000000
39.892636 116.455097 32420.000000
39.892539 116.455097 32423.000000
39.892438 116.455109 32427.000000
39.892327 116.455129 32431.000000
39.892259 116.455121 32436.000000
39.892231 116.455105 32441.000000
39.892207 116.455080 32446.000000
39.892249 116.454943 32450.000000
39.892275 116.454763 32452.000000
39.892324 116.454548 32454.000000
39.892341 116.454427 32455.000000
39.892355 116.454305 32456.000000
39.892379 116.454081 32458.000000
39.892393 116.453849 32460.000000
39.892402 116.453622 32462.000000
39.892418 116.453420 32464.000000
39.892444 116.453251 32466.000000
39.892476 116.453129 32468.000000
39.892485 116.452990 32470.000000
39.892490 116.452858 32472.000000
39.892477 116.452731 32474.000000
39.892491 116.452619 32476.000000
39.892501 116.452480 32478.000000
39.892510 116.452344 32480.000000
39.892533 116.452212 32483.000000
39.892547 116.452124 32488.000000
39.892639 116.452101 32491.000000
39.892777 116.452071 32493.000000
39.892930 116.452064 32495.000000
39.893088 116.452070 32497.000000
39.893243 116.452072 32499.000000
39.893388 116.452077 32501.000000
39.893520 116.452079 32503.000000
39.893649 116.452101 32505.000000
39.893766 116.452102 32507.000000
39.893887 116.452100 32509.000000
39.893995 116.452092 32511.000000
39.894115 116.452088 32513.000000
39.894244 116.452095 32515.000000
39.894386 116.452097 32517.000000
39.894539 116.452105 32519.000000
39.894692 116.452124 32521.000000
39.894847 116.452105 32523.000000
39.894990 116.452101 32525.000000
39.895113 116.452100 32527.000000
39.895228 116.452103 32530.000000
39.895324 116.452112 32533.000000
39.895452 116.452125 32536.000000
39.895547 116.452141 32538.000000
39.895647 116.452139 32540.000000
39.895739 116.452123 32542.000000
39.895856 116.452115 32545.000000
39.895915 116.452136 32550.000000
39.895922 116.452255 32553.000000
39.895888 116.452413 32555.000000
39.895858 116.452602 32557.000000
39.895831 116.452819 32559.000000
39.895826 116.452937 32560.000000
39.895832 116.453055 32561.000000
39.895832 116.453175 32562.000000
39.895822 116.453395 32564.000000
39.895811 116.453599 32566.000000
39.895822 116.453763 32568.000000
39.895888 116.453848 32569.000000
