39.994297 116.445603 70132.000000
39.994294 116.445606 70134.000000
39.994272 116.445621 70139.000000
39.994246 116.445637 70144.000000
39.994274 116.445663 70149.000000
39.994306 116.445593 70154.000000
39.994350 116.445556 70159.000000
39.994350 116.445556 70162.000000
39.994358 116.445553 70164.000000
39.994395 116.445555 70169.000000
39.994476 116.445507 70174.000000
39.994519 116.445471 70179.000000
39.994574 116.445436 70184.000000
39.994598 116.445424 70189.000000
39.994642 116.445403 70194.000000
39.994647 116.445412 70199.000000
39.994637 116.445408 70204.000000
39.994639 116.445409 70209.000000
39.994645 116.445408 70214.000000
39.994651 116.445406 70219.000000
39.994651 116.445406 70222.000000
39.994658 116.445403 70224.000000
39.994669 116.445389 70229.000000
39.994679 116.445382 70234.000000
39.994681 116.445374 70239.000000
39.994673 116.445376 70244.000000
39.994667 116.445380 70249.000000
39.994661 116.445387 70254.000000
39.994661 116.445387 70257.000000
39.994668 116.445392 70259.000000
39.994674 116.445402 70264.000000
39.994674 116.445402 70267.000000
39.994672 116.445408 70269.000000
39.994683 116.445404 70274.000000
39.994686 116.445397 70279.000000
39.994693 116.445394 70284.000000
39.994699 116.445388 70289.000000
39.994699 116.445388 70292.000000
39.994707 116.445382 70294.000000
39.994722 116.445417 70299.000000
39.994730 116.445439 70304.000000
39.994733 116.445453 70309.000000
39.994637 116.445521 70319.000000
39.994668 116.445487 70324.000000
39.994672 116.445467 70329.000000
39.994665 116.445466 70334.000000
39.994665 116.445466 70337.000000
39.994660 116.445466 70339.000000
39.994604 116.445485 70344.000000
39.994553 116.445499 70349.000000
39.994516 116.445489 70354.000000
39.994507 116.445477 70359.000000
39.994456 116.445476 70364.000000
39.994449 116.445480 70369.000000
39.994447 116.445481 70374.000000
39.994446 116.445482 70379.000000
39.994441 116.445484 70384.000000
39.994437 116.445486 70389.000000
39.994438 116.445485 70394.000000
39.994438 116.445485 70397.000000
39.994441 116.445483 70399.000000
39.994442 116.445499 70404.000000
39.994426 116.445535 70409.000000
39.994412 116.445585 70414.000000
39.994419 116.445574 70419.000000
39.994423 116.445568 70424.000000
39.994423 116.445568 70427.000000
39.994427 116.445567 70429.000000
39.994408 116.445572 70434.000000
39.994411 116.445573 70439.000000
39.994415 116.445573 70444.000000
39.994415 116.445573 70447.000000
39.994409 116.445575 70449.000000
39.994360 116.445567 70454.000000
39.994340 116.445546 70459.000000
39.994338 116.445544 70464.000000
39.994334 116.445545 70469.000000
39.994334 116.445544 70474.000000
39.994332 116.445539 70479.000000
39.994327 116.445540 70484.000000
39.994325 116.445542 70489.000000
39.994327 116.445542 70494.000000
39.994330 116.445539 70499.000000
39.994330 116.445539 70502.000000
39.994329 116.445540 70504.000000
39.994331 116.445559 70509.000000
39.994342 116.445682 70514.000000
39.994509 116.445625 70519.000000
39.994565 116.445752 70524.000000
39.994658 116.446145 70529.000000
39.994721 116.446498 70534.000000
39.994722 116.446748 70539.000000
39.994498 116.446823 70544.000000
39.994204 116.446795 70549.000000
39.993895 116.446782 70554.000000
39.993608 116.446783 70559.000000
39.993396 116.446792 70564.000000
39.993228 116.446829 70569.000000
39.993024 116.446972 70574.000000
39.992724 116.447038 70579.000000
39.992340 116.447111 70584.000000
39.991930 116.447175 70589.000000
39.991540 116.447270 70594.000000
39.991176 116.447347 70599.000000
39.990762 116.447444 70604.000000
39.990271 116.447553 70609.000000
39.989802 116.447574 70614.000000
39.989407 116.447730 70619.000000
39.989310 116.447967 70624.000000
39.989359 116.448381 70629.000000
39.989412 116.448909 70634.000000
39.989473 116.449406 70639.000000
39.989503 116.449661 70644.000000
39.989479 116.449764 70649.000000
39.989494 116.449908 70654.000000
39.989627 116.450234 70659.000000
39.989660 116.450486 70664.000000
39.989685 116.450730 70669.000000
39.989625 116.450946 70674.000000
39.989414 116.451029 70679.000000
39.989017 116.451051 70684.000000
39.988662 116.451083 70689.000000
39.988357 116.451108 70694.000000
39.988135 116.451102 70699.000000
39.987959 116.451103 70704.000000
39.987755 116.451003 70709.000000
39.987711 116.450993 70714.000000
39.987637 116.450973 70719.000000
39.987286 116.450923 70724.000000
39.986801 116.450915 70729.000000
39.986344 116.450914 70734.000000
39.985824 116.450889 70739.000000
39.985403 116.450895 70744.000000
39.985279 116.450793 70749.000000
39.985360 116.450598 70754.000000
39.985420 116.450509 70759.000000
39.985458 116.450451 70764.000000
39.985465 116.450439 70769.000000
39.985464 116.450438 70774.000000
39.985461 116.450434 70779.000000
39.985462 116.450436 70784.000000
39.985467 116.450432 70789.000000
39.985469 116.450431 70794.000000
39.985471 116.450432 70799.000000
39.985471 116.450427 70804.000000
39.985471 116.450427 70807.000000
39.985473 116.450426 70809.000000
39.985452 116.450407 70814.000000
39.985433 116.450439 70819.000000
39.985416 116.450478 70824.000000
39.985415 116.450513 70829.000000
39.985433 116.450569 70834.000000
39.985454 116.450611 70839.000000
39.985457 116.450628 70844.000000
39.985457 116.450628 70847.000000
39.985460 116.450633 70849.000000
39.985468 116.450644 70854.000000
39.985466 116.450683 70859.000000
39.985494 116.450744 70864.000000
39.985519 116.450803 70869.000000
39.985559 116.450835 70874.000000
39.985564 116.450967 70879.000000
39.985571 116.451054 70884.000000
39.985642 116.451098 70889.000000
39.985676 116.451165 70894.000000
39.985690 116.451182 70899.000000
39.985739 116.451192 70904.000000
39.985749 116.451206 70909.000000
39.985789 116.451232 70914.000000
39.985811 116.451261 70919.000000
39.985841 116.451312 70924.000000
39.985866 116.451393 70929.000000
39.985884 116.451484 70934.000000
