39.991215 116.328790 29295.000000
39.991233 116.328775 29296.000000
39.991257 116.328758 29297.000000
39.991273 116.328753 29298.000000
39.991287 116.328752 29299.000000
39.991308 116.328750 29300.000000
39.991322 116.328738 29301.000000
39.991337 116.328722 29302.000000
39.991365 116.328708 29303.000000
39.991385 116.328693 29304.000000
39.991402 116.328680 29305.000000
39.991412 116.328668 29306.000000
39.991427 116.328657 29307.000000
39.991445 116.328637 29308.000000
39.991453 116.328632 29309.000000
39.991460 116.328637 29310.000000
39.991460 116.328637 29311.000000
39.991460 116.328640 29312.000000
39.991462 116.328638 29313.000000
39.991463 116.328638 29314.000000
39.991465 116.328638 29315.000000
39.991465 116.328637 29316.000000
39.991467 116.328637 29317.000000
39.991468 116.328635 29318.000000
39.991470 116.328633 29319.000000
39.991473 116.328633 29320.000000
39.991475 116.328632 29321.000000
39.991477 116.328630 29322.000000
39.991478 116.328627 29323.000000
39.991478 116.328620 29324.000000
39.991480 116.328627 29325.000000
39.991477 116.328632 29326.000000
39.991475 116.328637 29327.000000
39.991477 116.328635 29328.000000
39.991477 116.328635 29329.000000
39.991478 116.328635 29330.000000
39.991478 116.328635 29331.000000
39.991478 116.328635 29332.000000
39.991478 116.328635 29333.000000
39.991478 116.328635 29334.000000
39.991478 116.328635 29335.000000
39.991478 116.328635 29336.000000
39.991478 116.328635 29337.000000
39.991478 116.328635 29338.000000
39.991478 116.328635 29339.000000
39.991478 116.328637 29340.000000
39.991478 116.328637 29341.000000
39.991478 116.328638 29342.000000
39.991477 116.328640 29343.000000
39.991477 116.328642 29344.000000
39.991477 116.328642 29345.000000
39.991475 116.328643 29346.000000
39.991473 116.328645 29347.000000
39.991473 116.328647 29348.000000
39.991472 116.328647 29349.000000
39.991472 116.328650 29350.000000
39.991472 116.328652 29351.000000
39.991472 116.328653 29352.000000
39.991472 116.328655 29353.000000
39.991472 116.328655 29354.000000
39.991473 116.328657 29355.000000
39.991475 116.328657 29356.000000
39.991475 116.328658 29357.000000
39.991477 116.328658 29358.000000
39.991480 116.328658 29359.000000
39.991482 116.328657 29360.000000
39.991483 116.328657 29361.000000
39.991487 116.328655 29362.000000
39.991488 116.328655 29363.000000
39.991497 116.328650 29364.000000
39.991517 116.328637 29365.000000
39.991528 116.328637 29366.000000
39.991535 116.328635 29367.000000
39.991543 116.328640 29368.000000
39.991545 116.328630 29369.000000
39.991548 116.328625 29370.000000
39.991558 116.328605 29371.000000
39.991540 116.328612 29372.000000
39.991528 116.328617 29373.000000
39.991515 116.328622 29374.000000
39.991502 116.328623 29375.000000
39.991502 116.328623 29376.000000
39.991500 116.328623 29377.000000
39.991500 116.328623 29378.000000
39.991500 116.328623 29379.000000
39.991500 116.328622 29380.000000
39.991500 116.328622 29381.000000
39.991500 116.328620 29382.000000
39.991500 116.328620 29383.000000
39.991500 116.328618 29384.000000
39.991500 116.328618 29385.000000
39.991500 116.328617 29386.000000
39.991500 116.328617 29387.000000
39.991500 116.328617 29388.000000
39.991500 116.328615 29389.000000
39.991500 116.328615 29390.000000
39.991502 116.328615 29391.000000
39.991502 116.328615 29392.000000
39.991502 116.328617 29393.000000
39.991502 116.328617 29394.000000
39.991502 116.328618 29395.000000
39.991500 116.328618 29396.000000
39.991500 116.328620 29397.000000
39.991498 116.328620 29398.000000
39.991497 116.328620 29399.000000
39.991497 116.328620 29400.000000
39.991495 116.328622 29401.000000
39.991493 116.328622 29402.000000
39.991492 116.328622 29403.000000
39.991490 116.328623 29404.000000
39.991488 116.328625 29405.000000
39.991488 116.328625 29406.000000
39.991487 116.328627 29407.000000
39.991487 116.328627 29408.000000
39.991487 116.328628 29409.000000
39.991487 116.328630 29410.000000
39.991487 116.328632 29411.000000
39.991487 116.328635 29412.000000
39.991487 116.328637 29413.000000
39.991485 116.328638 29414.000000
39.991485 116.328640 29415.000000
39.991483 116.328642 29416.000000
39.991483 116.328643 29417.000000
39.991482 116.328647 29418.000000
39.991480 116.328648 29419.000000
39.991478 116.328648 29420.000000
39.991478 116.328650 29421.000000
39.991478 116.328652 29422.000000
39.991478 116.328653 29423.000000
39.991480 116.328653 29424.000000
39.991480 116.328655 29425.000000
39.991480 116.328657 29426.000000
39.991482 116.328657 29427.000000
39.991482 116.328658 29428.000000
39.991483 116.328660 29429.000000
39.991485 116.328660 29430.000000
39.991487 116.328660 29431.000000
