39.991471 116.326455 12387.000000
39.991443 116.326466 12388.000000
39.991421 116.326474 12389.000000
39.991394 116.326491 12390.000000
39.991368 116.326503 12391.000000
39.991337 116.326510 12392.000000
39.991297 116.326514 12393.000000
39.991262 116.326519 12394.000000
39.991231 116.326525 12395.000000
39.991198 116.326530 12396.000000
39.991168 116.326535 12397.000000
39.991126 116.326533 12398.000000
39.991096 116.326539 12399.000000
39.991051 116.326541 12400.000000
39.991005 116.326550 12401.000000
39.990961 116.326558 12402.000000
39.990917 116.326564 12403.000000
39.990869 116.326562 12404.000000
39.990828 116.326564 12405.000000
39.990787 116.326567 12406.000000
39.990745 116.326564 12407.000000
39.990698 116.326566 12408.000000
39.990656 116.326572 12409.000000
39.990617 116.326572 12410.000000
39.990574 116.326566 12411.000000
39.990534 116.326570 12412.000000
39.990489 116.326565 12413.000000
39.990453 116.326577 12414.000000
39.990413 116.326591 12415.000000
39.990372 116.326599 12416.000000
39.990331 116.326608 12417.000000
39.990290 116.326618 12418.000000
39.990238 116.326622 12419.000000
39.990195 116.326636 12420.000000
39.990151 116.326639 12421.000000
39.990113 116.326640 12422.000000
39.990079 116.326640 12423.000000
39.990031 116.326630 12424.000000
39.989995 116.326641 12425.000000
39.989959 116.326649 12426.000000
39.989920 116.326652 12427.000000
39.989887 116.326659 12428.000000
39.989850 116.326662 12429.000000
39.989812 116.326669 12430.000000
39.989779 116.326686 12431.000000
39.989739 116.326685 12432.000000
39.989700 116.326689 12433.000000
39.989662 116.326693 12434.000000
39.989620 116.326692 12435.000000
39.989588 116.326704 12436.000000
39.989546 116.326703 12437.000000
39.989508 116.326700 12438.000000
39.989462 116.326693 12439.000000
39.989417 116.326694 12440.000000
39.989372 116.326705 12441.000000
39.989328 116.326706 12442.000000
39.989292 116.326713 12443.000000
39.989245 116.326713 12444.000000
39.989203 116.326717 12445.000000
39.989155 116.326712 12446.000000
39.989113 116.326710 12447.000000
39.989070 116.326711 12448.000000
39.989026 116.326709 12449.000000
39.988997 116.326728 12450.000000
39.988966 116.326741 12451.000000
39.988917 116.326741 12452.000000
39.988880 116.326758 12453.000000
39.988838 116.326765 12454.000000
39.988796 116.326765 12455.000000
39.988758 116.326775 12456.000000
39.988724 116.326786 12457.000000
39.988688 116.326799 12458.000000
39.988651 116.326807 12459.000000
39.988608 116.326801 12460.000000
39.988568 116.326810 12461.000000
39.988525 116.326808 12462.000000
39.988480 116.326802 12463.000000
39.988432 116.326804 12464.000000
39.988382 116.326796 12465.000000
39.988352 116.326796 12466.000000
39.988313 116.326801 12467.000000
39.988280 116.326791 12468.000000
39.988242 116.326797 12469.000000
39.988198 116.326801 12470.000000
39.988156 116.326809 12471.000000
39.988119 116.326819 12472.000000
39.988074 116.326821 12473.000000
39.988038 116.326827 12474.000000
39.987995 116.326832 12475.000000
39.987951 116.326832 12476.000000
39.987897 116.326823 12477.000000
39.987852 116.326824 12478.000000
39.987814 116.326830 12479.000000
39.987771 116.326834 12480.000000
39.987740 116.326848 12481.000000
39.987698 116.326847 12482.000000
39.987646 116.326836 12483.000000
39.987610 116.326846 12484.000000
39.987577 116.326856 12485.000000
39.987546 116.326866 12486.000000
39.987514 116.326875 12487.000000
39.987484 116.326886 12488.000000
39.987448 116.326898 12489.000000
39.987405 116.326915 12490.000000
39.987359 116.326926 12491.000000
39.987322 116.326934 12492.000000
39.987284 116.326937 12493.000000
39.987254 116.326940 12494.000000
39.987219 116.326942 12495.000000
39.987187 116.326947 12496.000000
39.987155 116.326951 12497.000000
39.987123 116.326955 12498.000000
39.987066 116.326946 12499.000000
39.987005 116.326947 12500.000000
39.986956 116.326946 12501.000000
39.986894 116.326926 12502.000000
39.986838 116.326922 12503.000000
39.986793 116.326928 12504.000000
39.986745 116.326933 12505.000000
39.986700 116.326935 12506.000000
39.986626 116.326913 12507.000000
39.986560 116.326904 12508.000000
39.986491 116.326894 12509.000000
39.986452 116.326908 12510.000000
39.986415 116.326927 12511.000000
39.986376 116.326939 12512.000000
39.986342 116.326953 12513.000000
39.986308 116.326964 12514.000000
39.986269 116.326964 12515.000000
39.986201 116.326951 12516.000000
39.986156 116.326948 12517.000000
39.986097 116.326939 12518.000000
39.986050 116.326939 12519.000000
39.986006 116.326944 12520.000000
39.985957 116.326944 12521.000000
39.985898 116.326945 12522.000000
39.985849 116.326950 12523.000000
39.985812 116.326961 12524.000000
39.985764 116.326963 12525.000000
39.985718 116.326968 12526.000000
39.985681 116.326977 12527.000000
39.985638 116.326980 12528.000000
39.985590 116.326979 12529.000000
39.985538 116.326983 12530.000000
39.985492 116.326988 12531.000000
39.985449 116.326998 12532.000000
39.985412 116.327004 12533.000000
39.985373 116.327004 12534.000000
39.985335 116.327006 12535.000000
39.985297 116.327010 12536.000000
39.985261 116.327007 12537.000000
39.985230 116.327001 12538.000000
39.985219 116.326989 12539.000000
39.985192 116.326993 12540.000000
39.985175 116.326995 12541.000000
39.985160 116.326995 12542.000000
39.985145 116.326998 12543.000000
39.985141 116.326983 12544.000000
39.985135 116.326979 12545.000000
39.985135 116.326975 12546.000000
39.985141 116.326977 12547.000000
39.985150 116.326987 12548.000000
39.985137 116.326988 12549.000000
39.985129 116.326988 12553.000000
39.985126 116.326983 12554.000000
39.985123 116.326977 12555.000000
39.985119 116.326977 12556.000000
39.985114 116.326979 12557.000000
39.985110 116.326980 12558.000000
39.985102 116.326980 12562.000000
39.985098 116.326981 12563.000000
39.985074 116.326973 12564.000000
39.985057 116.326968 12565.000000
39.985023 116.326964 12566.000000
39.984999 116.326975 12567.000000
39.984969 116.326980 12568.000000
39.984915 116.326962 12569.000000
39.984876 116.326957 12570.000000
39.984850 116.326964 12571.000000
39.984814 116.326968 12572.000000
39.984773 116.326966 12573.000000
39.984738 116.326969 12574.000000
39.984699 116.326966 12575.000000
39.984663 116.326970 12576.000000
39.984635 116.326973 12577.000000
39.984600 116.326977 12578.000000
39.984563 116.326983 12579.000000
39.984517 116.326984 12580.000000
39.984474 116.326986 12581.000000
39.984423 116.326987 12582.000000
39.984380 116.326984 12583.000000
39.984350 116.326973 12584.000000
39.984304 116.326964 12585.000000
39.984263 116.326962 12586.000000
39.984222 116.326965 12587.000000
39.984172 116.326967 12588.000000
39.984132 116.326969 12589.000000
39.984089 116.326971 12590.000000
39.984051 116.326975 12591.000000
39.984012 116.326980 12592.000000
39.983972 116.326986 12593.000000
39.983931 116.326992 12594.000000
39.983881 116.326997 12595.000000
39.983831 116.326998 12596.000000
39.983784 116.326994 12597.000000
39.983743 116.326990 12598.000000
39.983693 116.326992 12599.000000
39.983633 116.326997 12600.000000
39.983579 116.326999 12601.000000
39.983519 116.327001 12602.000000
39.983465 116.327000 12603.000000
39.983403 116.326984 12604.000000
39.983338 116.326969 12605.000000
39.983286 116.326976 12606.000000
39.983224 116.326980 12607.000000
39.983171 116.326987 12608.000000
39.983129 116.326997 12609.000000
39.983089 116.327015 12610.000000
39.983058 116.327035 12611.000000
39.983030 116.327062 12612.000000
39.983010 116.327091 12613.000000
39.982985 116.327105 12614.000000
39.982953 116.327105 12615.000000
39.982877 116.327078 12616.000000
39.982801 116.327123 12617.000000
39.982755 116.327123 12618.000000
39.982697 116.327108 12619.000000
39.982660 116.327115 12620.000000
39.982601 116.327094 12621.000000
39.982569 116.327102 12622.000000
39.982533 116.327111 12623.000000
39.982477 116.327100 12624.000000
39.982421 116.327096 12625.000000
39.982384 116.327096 12626.000000
39.982347 116.327112 12627.000000
39.982307 116.327126 12628.000000
39.982264 116.327136 12629.000000
39.982204 116.327165 12630.000000
39.982148 116.327156 12631.000000
39.982107 116.327148 12632.000000
39.982067 116.327135 12633.000000
39.982036 116.327129 12634.000000
39.982014 116.327125 12635.000000
39.981997 116.327129 12636.000000
39.981983 116.327131 12637.000000
39.981972 116.327121 12638.000000
39.981971 116.327121 12639.000000
39.981960 116.327117 12640.000000
39.981962 116.327116 12641.000000
39.981960 116.327089 12642.000000
39.981944 116.327080 12643.000000
39.981927 116.327080 12644.000000
39.981895 116.327066 12645.000000
39.981879 116.327067 12646.000000
39.981865 116.327074 12647.000000
39.981828 116.327048 12648.000000
39.981811 116.327040 12649.000000
39.981800 116.327044 12650.000000
39.981777 116.327030 12651.000000
39.981752 116.327028 12652.000000
39.981741 116.327037 12653.000000
39.981729 116.327039 12654.000000
39.981716 116.327046 12655.000000
39.981685 116.327047 12656.000000
39.981652 116.327047 12657.000000
39.981616 116.327046 12658.000000
39.981580 116.327042 12659.000000
39.981544 116.327054 12660.000000
39.981504 116.327061 12661.000000
39.981466 116.327061 12662.000000
39.981424 116.327064 12663.000000
39.981390 116.327061 12664.000000
39.981355 116.327051 12665.000000
39.981328 116.327049 12666.000000
39.981298 116.327046 12667.000000
39.981276 116.327051 12668.000000
39.981269 116.327042 12669.000000
39.981254 116.327030 12670.000000
39.981241 116.327036 12671.000000
39.981216 116.327034 12672.000000
39.981182 116.327024 12673.000000
39.981159 116.327026 12674.000000
39.981128 116.327018 12675.000000
39.981103 116.327022 12676.000000
39.981072 116.327018 12677.000000
39.981047 116.327019 12678.000000
39.981010 116.327016 12679.000000
39.980980 116.327018 12680.000000
39.980945 116.327016 12681.000000
39.980903 116.327016 12682.000000
39.980868 116.327014 12683.000000
39.980829 116.327014 12684.000000
39.980789 116.327011 12685.000000
39.980749 116.327012 12686.000000
39.980710 116.327014 12687.000000
39.980668 116.327012 12688.000000
39.980628 116.327011 12689.000000
39.980592 116.327019 12690.000000
39.980555 116.327018 12691.000000
39.980514 116.327017 12692.000000
39.980477 116.327017 12693.000000
39.980435 116.327013 12694.000000
39.980392 116.327009 12695.000000
39.980352 116.327006 12696.000000
39.980313 116.327007 12697.000000
39.980269 116.327003 12698.000000
39.980233 116.327002 12699.000000
39.980195 116.327003 12700.000000
39.980161 116.326998 12701.000000
39.980123 116.326996 12702.000000
39.980095 116.327004 12703.000000
39.980065 116.327008 12704.000000
39.980033 116.327010 12705.000000
39.980009 116.327012 12706.000000
39.979981 116.327024 12707.000000
39.979961 116.327036 12708.000000
39.979940 116.327043 12709.000000
39.979920 116.327042 12710.000000
39.979902 116.327034 12711.000000
39.979885 116.327034 12712.000000
39.979877 116.327032 12713.000000
39.979870 116.327031 12714.000000
39.979864 116.327039 12715.000000
39.979849 116.327039 12716.000000
39.979840 116.327054 12717.000000
39.979818 116.327060 12718.000000
39.979791 116.327066 12719.000000
39.979762 116.327073 12720.000000
39.979738 116.327087 12721.000000
39.979706 116.327100 12722.000000
39.979685 116.327158 12723.000000
39.979646 116.327165 12724.000000
39.979612 116.327171 12725.000000
39.979570 116.327169 12726.000000
39.979518 116.327159 12727.000000
39.979475 116.327159 12728.000000
39.979433 116.327163 12729.000000
39.979393 116.327168 12730.000000
39.979344 116.327149 12731.000000
39.979303 116.327155 12732.000000
39.979262 116.327164 12733.000000
39.979221 116.327167 12734.000000
39.979171 116.327145 12735.000000
39.979130 116.327150 12736.000000
39.979080 116.327149 12737.000000
39.979034 116.327150 12738.000000
39.978989 116.327157 12739.000000
39.978947 116.327157 12740.000000
39.978906 116.327158 12741.000000
39.978852 116.327140 12742.000000
39.978803 116.327138 12743.000000
39.978758 116.327145 12744.000000
39.978721 116.327152 12745.000000
39.978687 116.327159 12746.000000
39.978661 116.327164 12747.000000
39.978620 116.327171 12748.000000
39.978587 116.327179 12749.000000
39.978544 116.327176 12750.000000
39.978499 116.327178 12751.000000
39.978463 116.327183 12752.000000
39.978427 116.327196 12753.000000
39.978400 116.327203 12754.000000
39.978362 116.327204 12755.000000
39.978324 116.327202 12756.000000
39.978287 116.327194 12757.000000
39.978245 116.327187 12758.000000
39.978205 116.327182 12759.000000
39.978168 116.327192 12760.000000
39.978123 116.327184 12761.000000
39.978063 116.327161 12762.000000
39.978021 116.327168 12763.000000
39.977976 116.327173 12764.000000
39.977936 116.327181 12765.000000
39.977873 116.327144 12766.000000
39.977808 116.327112 12767.000000
39.977764 116.327111 12768.000000
39.977721 116.327109 12769.000000
39.977660 116.327088 12770.000000
39.977607 116.327070 12771.000000
39.977566 116.327086 12772.000000
39.977524 116.327093 12773.000000
39.977480 116.327104 12774.000000
39.977439 116.327111 12775.000000
39.977394 116.327116 12776.000000
39.977366 116.327131 12777.000000
39.977320 116.327137 12778.000000
39.977281 116.327143 12779.000000
39.977241 116.327158 12780.000000
39.977201 116.327167 12781.000000
39.977161 116.327173 12782.000000
39.977123 116.327190 12783.000000
39.977094 116.327203 12784.000000
39.977053 116.327212 12785.000000
39.977011 116.327210 12786.000000
39.976972 116.327213 12787.000000
39.976931 116.327212 12788.000000
39.976889 116.327211 12789.000000
39.976850 116.327211 12790.000000
39.976806 116.327208 12791.000000
39.976760 116.327206 12792.000000
39.976719 116.327208 12793.000000
39.976679 116.327213 12794.000000
39.976638 116.327217 12795.000000
39.976597 116.327217 12796.000000
39.976553 116.327216 12797.000000
39.976513 116.327216 12798.000000
39.976476 116.327222 12799.000000
39.976433 116.327227 12800.000000
39.976398 116.327230 12801.000000
39.976360 116.327225 12802.000000
39.976320 116.327219 12803.000000
39.976278 116.327207 12804.000000
39.976239 116.327197 12805.000000
39.976199 116.327193 12806.000000
39.976159 116.327194 12807.000000
39.976120 116.327201 12808.000000
39.976078 116.327205 12809.000000
39.976040 116.327204 12810.000000
39.976007 116.327212 12811.000000
39.975966 116.327212 12812.000000
39.975926 116.327210 12813.000000
39.975885 116.327207 12814.000000
39.975845 116.327207 12815.000000
39.975805 116.327214 12816.000000
39.975775 116.327228 12817.000000
39.975735 116.327240 12818.000000
39.975695 116.327249 12819.000000
39.975658 116.327238 12820.000000
39.975608 116.327227 12821.000000
39.975574 116.327229 12822.000000
39.975541 116.327235 12823.000000
39.975510 116.327246 12824.000000
39.975484 116.327255 12825.000000
39.975461 116.327267 12826.000000
39.975440 116.327279 12827.000000
39.975423 116.327291 12828.000000
39.975417 116.327308 12829.000000
39.975413 116.327341 12830.000000
39.975417 116.327381 12831.000000
39.975410 116.327413 12832.000000
39.975408 116.327455 12833.000000
39.975409 116.327505 12834.000000
39.975398 116.327541 12835.000000
39.975383 116.327580 12836.000000
39.975358 116.327612 12837.000000
39.975331 116.327639 12838.000000
39.975295 116.327664 12839.000000
39.975261 116.327680 12840.000000
39.975224 116.327703 12841.000000
39.975190 116.327727 12842.000000
39.975165 116.327754 12843.000000
39.975138 116.327780 12844.000000
39.975119 116.327828 12845.000000
39.975107 116.327874 12846.000000
39.975093 116.327918 12847.000000
39.975084 116.327969 12848.000000
39.975077 116.328021 12849.000000
39.975071 116.328079 12850.000000
39.975067 116.328134 12851.000000
39.975070 116.328190 12852.000000
39.975070 116.328240 12853.000000
39.975071 116.328289 12854.000000
39.975074 116.328338 12855.000000
39.975070 116.328385 12856.000000
39.975069 116.328430 12857.000000
39.975070 116.328473 12858.000000
39.975071 116.328518 12859.000000
39.975065 116.328567 12860.000000
39.975060 116.328617 12861.000000
39.975051 116.328663 12862.000000
39.975037 116.328705 12863.000000
39.975026 116.328753 12864.000000
39.975013 116.328803 12865.000000
39.975009 116.328852 12866.000000
39.975007 116.328904 12867.000000
39.975006 116.328948 12868.000000
39.975002 116.328990 12869.000000
39.974996 116.329029 12870.000000
39.974991 116.329064 12871.000000
39.974987 116.329107 12872.000000
39.974975 116.329152 12873.000000
39.974953 116.329206 12874.000000
39.974937 116.329249 12875.000000
39.974938 116.329293 12876.000000
39.974934 116.329314 12877.000000
39.974935 116.329338 12878.000000
39.974934 116.329363 12879.000000
39.974926 116.329384 12880.000000
39.974926 116.329412 12881.000000
39.974910 116.329425 12882.000000
39.974905 116.329446 12883.000000
39.974910 116.329459 12884.000000
39.974919 116.329459 12885.000000
39.974927 116.329484 12886.000000
39.974930 116.329488 12887.000000
39.974933 116.329486 12888.000000
39.974934 116.329495 12893.000000
39.974935 116.329488 12898.000000
39.974934 116.329493 12903.000000
39.974934 116.329496 12906.000000
39.974933 116.329503 12907.000000
39.974932 116.329511 12908.000000
39.974931 116.329517 12909.000000
39.974933 116.329523 12910.000000
39.974934 116.329527 12911.000000
39.974934 116.329532 12912.000000
39.974935 116.329536 12913.000000
39.974935 116.329541 12914.000000
39.974936 116.329546 12915.000000
39.974936 116.329552 12916.000000
39.974936 116.329556 12917.000000
39.974932 116.329561 12918.000000
