39.999808 116.325367 2557.000000
39.999805 116.325217 2560.000000
39.999788 116.325070 2563.000000
39.999753 116.324950 2566.000000
39.999747 116.324807 2569.000000
39.999752 116.324652 2572.000000
39.999755 116.324495 2575.000000
39.999760 116.324328 2578.000000
39.999775 116.324163 2581.000000
39.999783 116.323993 2584.000000
39.999763 116.323830 2587.000000
39.999738 116.323657 2590.000000
39.999728 116.323493 2593.000000
39.999703 116.323337 2596.000000
39.999697 116.323167 2599.000000
39.999702 116.323028 2602.000000
39.999695 116.322877 2605.000000
39.999683 116.322722 2608.000000
39.999703 116.322562 2611.000000
39.999690 116.322437 2614.000000
39.999697 116.322282 2617.000000
39.999708 116.322087 2620.000000
39.999758 116.321947 2623.000000
39.999855 116.321882 2626.000000
39.999983 116.321862 2629.000000
40.000117 116.321850 2632.000000
40.000257 116.321842 2635.000000
40.000433 116.321810 2638.000000
40.000590 116.321790 2641.000000
40.000675 116.321773 2644.000000
40.000805 116.321762 2647.000000
40.000942 116.321753 2650.000000
40.001067 116.321750 2653.000000
40.001202 116.321750 2656.000000
40.001310 116.321718 2659.000000
40.001460 116.321720 2662.000000
40.001558 116.321713 2665.000000
40.001693 116.321727 2668.000000
40.001823 116.321698 2671.000000
40.001948 116.321675 2674.000000
40.002062 116.321662 2677.000000
40.002180 116.321628 2680.000000
40.002282 116.321613 2683.000000
40.002417 116.321580 2686.000000
40.002570 116.321545 2689.000000
40.002698 116.321545 2692.000000
40.002820 116.321548 2695.000000
40.002937 116.321543 2698.000000
40.003075 116.321527 2701.000000
40.003217 116.321525 2704.000000
40.003342 116.321503 2707.000000
40.003485 116.321498 2710.000000
40.003580 116.321487 2713.000000
40.003685 116.321492 2716.000000
40.003802 116.321458 2719.000000
40.003927 116.321435 2722.000000
40.004003 116.321445 2725.000000
40.004087 116.321483 2728.000000
40.004187 116.321523 2731.000000
40.004300 116.321510 2734.000000
40.004435 116.321477 2737.000000
40.004587 116.321443 2740.000000
40.004728 116.321397 2743.000000
40.004897 116.321375 2746.000000
40.005027 116.321368 2749.000000
40.005138 116.321342 2752.000000
40.005250 116.321298 2755.000000
40.005370 116.321288 2758.000000
40.005505 116.321318 2761.000000
40.005660 116.321348 2764.000000
40.005772 116.321327 2767.000000
40.005863 116.321255 2770.000000
40.005978 116.321245 2773.000000
40.006102 116.321258 2776.000000
40.006182 116.321230 2779.000000
40.006262 116.321118 2782.000000
40.006282 116.320990 2785.000000
40.006255 116.320888 2788.000000
40.006273 116.320740 2791.000000
40.006263 116.320590 2794.000000
40.006260 116.320478 2797.000000
40.006273 116.320378 2800.000000
40.006253 116.320262 2803.000000
