40.009768 116.320255 11563.000000
40.009768 116.320269 11565.000000
40.009827 116.320256 11568.000000
40.009860 116.320267 11570.000000
40.009891 116.320273 11572.000000
40.009911 116.320163 11573.000000
40.009888 116.320197 11576.000000
40.009860 116.320198 11578.000000
40.009833 116.320233 11580.000000
40.009777 116.320250 11582.000000
40.009722 116.320267 11584.000000
40.009674 116.320296 11586.000000
40.009645 116.320345 11588.000000
40.009629 116.320361 11590.000000
40.009623 116.320388 11592.000000
40.009555 116.320376 11594.000000
40.009483 116.320384 11596.000000
40.009455 116.320421 11598.000000
40.009398 116.320464 11600.000000
40.009316 116.320592 11602.000000
40.009231 116.320690 11604.000000
40.009168 116.320778 11606.000000
40.009115 116.320872 11608.000000
40.009057 116.320956 11610.000000
40.008961 116.321069 11612.000000
40.008890 116.321091 11614.000000
40.008816 116.321083 11616.000000
40.008740 116.321031 11618.000000
40.008675 116.320995 11620.000000
40.008573 116.320983 11622.000000
40.008487 116.320999 11624.000000
40.008407 116.321011 11626.000000
40.008322 116.321022 11628.000000
40.008239 116.321033 11630.000000
40.008164 116.321050 11632.000000
40.008089 116.321065 11634.000000
40.008014 116.321070 11636.000000
40.007954 116.321088 11638.000000
40.007900 116.321102 11640.000000
40.007837 116.321108 11642.000000
40.007759 116.321107 11644.000000
40.007662 116.321118 11646.000000
40.007573 116.321133 11648.000000
40.007499 116.321152 11650.000000
40.007420 116.321171 11652.000000
40.007336 116.321166 11654.000000
40.007248 116.321183 11656.000000
40.007171 116.321181 11658.000000
40.007082 116.321187 11660.000000
40.007007 116.321188 11662.000000
40.006921 116.321199 11664.000000
40.006846 116.321209 11666.000000
40.006762 116.321215 11668.000000
40.006672 116.321223 11670.000000
40.006582 116.321219 11672.000000
40.006515 116.321213 11674.000000
40.006442 116.321229 11676.000000
40.006353 116.321224 11678.000000
40.006259 116.321210 11680.000000
40.006185 116.321216 11682.000000
40.006112 116.321210 11684.000000
40.006043 116.321220 11686.000000
40.005987 116.321229 11688.000000
40.005920 116.321241 11690.000000
40.005835 116.321233 11692.000000
40.005752 116.321230 11694.000000
40.005668 116.321246 11696.000000
40.005588 116.321258 11698.000000
40.005519 116.321265 11700.000000
40.005432 116.321286 11702.000000
40.005351 116.321288 11704.000000
40.005287 116.321290 11706.000000
40.005220 116.321295 11708.000000
40.005153 116.321321 11710.000000
40.005097 116.321334 11712.000000
40.005058 116.321338 11714.000000
40.005034 116.321310 11716.000000
40.005029 116.321277 11718.000000
40.004992 116.321224 11720.000000
40.004996 116.321177 11722.000000
40.005010 116.321151 11724.000000
40.005016 116.321149 11726.000000
40.005017 116.321146 11728.000000
40.005018 116.321145 11730.000000
40.005020 116.321145 11732.000000
40.005021 116.321144 11734.000000
40.005020 116.321145 11736.000000
40.005020 116.321144 11738.000000
40.005021 116.321144 11740.000000
40.005020 116.321144 11742.000000
40.005021 116.321144 11744.000000
40.005023 116.321143 11746.000000
40.005023 116.321143 11748.000000
40.005022 116.321143 11750.000000
40.005021 116.321144 11752.000000
40.005020 116.321143 11754.000000
40.005012 116.321148 11756.000000
40.004997 116.321107 11758.000000
40.004963 116.321103 11760.000000
40.004959 116.321147 11762.000000
40.004942 116.321190 11764.000000
40.004932 116.321228 11766.000000
40.004919 116.321262 11768.000000
40.004872 116.321279 11770.000000
40.004812 116.321312 11772.000000
40.004754 116.321316 11774.000000
40.004679 116.321332 11776.000000
40.004599 116.321343 11778.000000
40.004511 116.321367 11780.000000
40.004440 116.321364 11782.000000
40.004375 116.321390 11784.000000
40.004302 116.321398 11786.000000
40.004234 116.321385 11788.000000
40.004177 116.321389 11790.000000
40.004103 116.321382 11792.000000
40.004027 116.321388 11794.000000
40.003943 116.321397 11796.000000
40.003879 116.321411 11798.000000
40.003816 116.321418 11800.000000
40.003760 116.321419 11802.000000
40.003699 116.321424 11804.000000
40.003619 116.321433 11806.000000
40.003536 116.321457 11808.000000
40.003470 116.321476 11810.000000
40.003415 116.321486 11812.000000
40.003334 116.321500 11814.000000
40.003252 116.321492 11816.000000
40.003173 116.321508 11818.000000
40.003099 116.321508 11820.000000
40.003031 116.321510 11822.000000
40.002955 116.321507 11824.000000
40.002890 116.321524 11826.000000
40.002816 116.321530 11828.000000
40.002732 116.321536 11830.000000
40.002652 116.321554 11832.000000
40.002586 116.321565 11834.000000
40.002532 116.321579 11836.000000
40.002474 116.321606 11838.000000
40.002413 116.321630 11840.000000
40.002303 116.321667 11842.000000
40.002228 116.321671 11844.000000
40.002126 116.321646 11846.000000
40.002049 116.321644 11848.000000
40.001969 116.321663 11850.000000
40.001876 116.321677 11852.000000
40.001780 116.321699 11854.000000
40.001696 116.321718 11856.000000
40.001621 116.321693 11858.000000
40.001551 116.321702 11860.000000
40.001471 116.321712 11862.000000
40.001398 116.321726 11864.000000
40.001321 116.321719 11866.000000
40.001231 116.321720 11868.000000
40.001144 116.321709 11870.000000
40.001059 116.321693 11872.000000
40.000975 116.321698 11874.000000
40.000899 116.321719 11876.000000
40.000830 116.321731 11878.000000
40.000708 116.321743 11880.000000
40.000608 116.321759 11882.000000
40.000518 116.321777 11884.000000
40.000426 116.321778 11886.000000
40.000344 116.321798 11888.000000
40.000264 116.321806 11890.000000
40.000179 116.321824 11892.000000
40.000100 116.321836 11894.000000
40.000018 116.321848 11896.000000
39.999942 116.321874 11898.000000
39.999868 116.321885 11900.000000
39.999822 116.321960 11902.000000
39.999781 116.322041 11904.000000
39.999752 116.322117 11906.000000
39.999743 116.322195 11908.000000
39.999743 116.322253 11910.000000
39.999754 116.322328 11912.000000
39.999771 116.322402 11914.000000
39.999771 116.322497 11916.000000
39.999794 116.322590 11918.000000
39.999820 116.322688 11920.000000
39.999808 116.322815 11922.000000
39.999812 116.322888 11924.000000
39.999832 116.322957 11926.000000
39.999867 116.322981 11928.000000
39.999888 116.323012 11930.000000
39.999894 116.323071 11932.000000
