39.984263 116.327412 14994.000000
39.984288 116.327414 14996.000000
39.984373 116.327363 14998.000000
39.984404 116.327366 15000.000000
39.984433 116.327368 15002.000000
39.984448 116.327373 15004.000000
39.984450 116.327389 15006.000000
39.984452 116.327420 15008.000000
39.984446 116.327452 15010.000000
39.984426 116.327433 15012.000000
39.984422 116.327428 15014.000000
39.984428 116.327420 15016.000000
39.984426 116.327423 15018.000000
39.984437 116.327415 15020.000000
39.984461 116.327394 15022.000000
39.984493 116.327371 15024.000000
39.984551 116.327369 15026.000000
39.984604 116.327365 15028.000000
39.984672 116.327354 15030.000000
39.984755 116.327349 15032.000000
39.984809 116.327358 15034.000000
39.984842 116.327358 15036.000000
39.984895 116.327369 15038.000000
39.984948 116.327371 15040.000000
39.985018 116.327342 15042.000000
39.985086 116.327328 15044.000000
39.985155 116.327361 15046.000000
39.985234 116.327426 15048.000000
39.985309 116.327472 15050.000000
39.985406 116.327530 15052.000000
39.985465 116.327556 15054.000000
39.985558 116.327584 15056.000000
39.985639 116.327557 15058.000000
39.985714 116.327532 15060.000000
39.985820 116.327536 15062.000000
39.985891 116.327472 15064.000000
39.985996 116.327467 15066.000000
39.986076 116.327462 15068.000000
39.986153 116.327430 15070.000000
39.986205 116.327410 15072.000000
39.986269 116.327389 15074.000000
39.986325 116.327326 15076.000000
39.986362 116.327267 15078.000000
39.986435 116.327194 15080.000000
39.986502 116.327175 15082.000000
39.986535 116.327152 15084.000000
39.986575 116.327124 15086.000000
39.986624 116.327157 15088.000000
39.986665 116.327089 15090.000000
39.986700 116.327045 15092.000000
39.986757 116.326960 15094.000000
39.986838 116.326827 15096.000000
39.986956 116.326875 15098.000000
39.987069 116.326877 15100.000000
39.987170 116.326847 15102.000000
39.987281 116.326877 15104.000000
39.987395 116.326886 15106.000000
39.987510 116.326882 15108.000000
39.987616 116.326865 15110.000000
39.987714 116.326861 15112.000000
39.987824 116.326864 15114.000000
39.987936 116.326858 15116.000000
39.988045 116.326860 15118.000000
39.988146 116.326863 15120.000000
39.988245 116.326856 15122.000000
39.988336 116.326849 15124.000000
39.988429 116.326827 15126.000000
39.988530 116.326818 15128.000000
39.988638 116.326828 15130.000000
39.988740 116.326846 15132.000000
39.988842 116.326855 15134.000000
39.988951 116.326858 15136.000000
39.989056 116.326850 15138.000000
39.989153 116.326850 15140.000000
39.989257 116.326868 15142.000000
39.989348 116.326887 15144.000000
39.989438 116.326897 15146.000000
39.989528 116.326901 15148.000000
39.989617 116.326899 15150.000000
39.989699 116.326892 15152.000000
39.989781 116.326892 15154.000000
39.989873 116.326890 15156.000000
39.989969 116.326889 15158.000000
39.990048 116.326885 15160.000000
39.990149 116.326885 15162.000000
39.990256 116.326900 15164.000000
39.990349 116.326896 15166.000000
39.990439 116.326881 15168.000000
39.990536 116.326894 15170.000000
39.990611 116.326901 15172.000000
39.990700 116.326881 15174.000000
39.990787 116.326873 15176.000000
39.990884 116.326901 15178.000000
39.990965 116.326928 15180.000000
39.991040 116.326949 15182.000000
39.991107 116.326958 15184.000000
39.991175 116.326966 15186.000000
39.991263 116.326951 15188.000000
39.991354 116.326928 15190.000000
39.991434 116.326939 15192.000000
39.991520 116.326924 15194.000000
39.991629 116.326908 15196.000000
39.991729 116.326894 15198.000000
39.991828 116.326885 15200.000000
39.991920 116.326858 15202.000000
39.991996 116.326848 15204.000000
39.992054 116.326845 15206.000000
39.992111 116.326807 15208.000000
39.992194 116.326779 15210.000000
39.992281 116.326715 15212.000000
39.992344 116.326661 15214.000000
39.992402 116.326663 15216.000000
39.992454 116.326650 15218.000000
39.992515 116.326654 15220.000000
39.992579 116.326659 15222.000000
39.992653 116.326669 15224.000000
39.992730 116.326685 15226.000000
39.992817 116.326704 15228.000000
39.992900 116.326727 15230.000000
39.992989 116.326721 15232.000000
39.993086 116.326716 15234.000000
39.993173 116.326710 15236.000000
39.993245 116.326723 15238.000000
39.993325 116.326734 15240.000000
39.993402 116.326732 15242.000000
39.993487 116.326740 15244.000000
39.993573 116.326726 15246.000000
39.993653 116.326721 15248.000000
39.993733 116.326725 15250.000000
39.993823 116.326730 15252.000000
39.993901 116.326754 15254.000000
39.993958 116.326782 15256.000000
39.994005 116.326798 15258.000000
39.994020 116.326802 15260.000000
39.994031 116.326810 15262.000000
39.994032 116.326811 15264.000000
39.994034 116.326811 15266.000000
39.994040 116.326811 15268.000000
39.994055 116.326814 15270.000000
39.994067 116.326821 15272.000000
39.994089 116.326823 15274.000000
39.994152 116.326810 15276.000000
39.994221 116.326796 15278.000000
39.994284 116.326792 15280.000000
39.994367 116.326787 15282.000000
39.994460 116.326772 15284.000000
39.994563 116.326748 15286.000000
39.994661 116.326721 15288.000000
39.994757 116.326706 15290.000000
39.994842 116.326696 15292.000000
39.994926 116.326691 15294.000000
39.995009 116.326675 15296.000000
39.995079 116.326658 15298.000000
39.995144 116.326657 15300.000000
39.995151 116.326643 15302.000000
39.995187 116.326619 15304.000000
39.995282 116.326606 15306.000000
39.995338 116.326584 15308.000000
39.995404 116.326558 15310.000000
39.995482 116.326529 15312.000000
39.995571 116.326496 15314.000000
39.995650 116.326460 15316.000000
39.995749 116.326416 15318.000000
39.995850 116.326366 15320.000000
39.995953 116.326365 15322.000000
39.996040 116.326340 15324.000000
39.996124 116.326307 15326.000000
39.996180 116.326238 15328.000000
39.996216 116.326198 15330.000000
39.996242 116.326181 15332.000000
39.996263 116.326127 15334.000000
39.996289 116.326104 15336.000000
39.996333 116.326085 15338.000000
39.996375 116.326081 15340.000000
39.996424 116.326076 15342.000000
39.996470 116.326070 15344.000000
39.996522 116.326065 15346.000000
39.996574 116.326042 15348.000000
39.996620 116.326032 15350.000000
39.996663 116.326035 15352.000000
39.996711 116.326061 15354.000000
39.996770 116.326096 15356.000000
39.996822 116.326156 15358.000000
39.996874 116.326207 15360.000000
39.996933 116.326231 15362.000000
39.997008 116.326228 15364.000000
39.997108 116.326234 15366.000000
39.997205 116.326208 15368.000000
39.997295 116.326209 15370.000000
39.997392 116.326191 15372.000000
39.997472 116.326192 15374.000000
39.997555 116.326181 15376.000000
39.997633 116.326182 15378.000000
39.997714 116.326177 15380.000000
39.997789 116.326179 15382.000000
39.997860 116.326176 15384.000000
39.997930 116.326178 15386.000000
39.998005 116.326151 15388.000000
39.998067 116.326139 15390.000000
39.998124 116.326132 15392.000000
39.998183 116.326126 15394.000000
39.998237 116.326118 15396.000000
39.998300 116.326119 15398.000000
39.998330 116.326127 15399.000000
39.998391 116.326142 15401.000000
39.998447 116.326153 15403.000000
39.998516 116.326158 15405.000000
39.998579 116.326162 15407.000000
39.998646 116.326155 15409.000000
39.998711 116.326160 15411.000000
39.998790 116.326150 15413.000000
39.998862 116.326142 15415.000000
39.998934 116.326142 15417.000000
39.999003 116.326133 15419.000000
39.999066 116.326126 15421.000000
39.999122 116.326161 15423.000000
39.999173 116.326219 15425.000000
39.999230 116.326232 15427.000000
39.999289 116.326219 15429.000000
39.999340 116.326202 15431.000000
39.999381 116.326216 15433.000000
39.999405 116.326228 15435.000000
39.999425 116.326223 15437.000000
39.999469 116.326199 15439.000000
39.999507 116.326158 15441.000000
39.999548 116.326136 15443.000000
39.999558 116.326115 15445.000000
39.999563 116.326104 15447.000000
39.999571 116.326092 15449.000000
39.999588 116.326045 15451.000000
39.999598 116.326043 15453.000000
39.999610 116.326050 15455.000000
39.999631 116.326028 15457.000000
39.999712 116.325906 15459.000000
39.999736 116.325881 15461.000000
39.999760 116.325842 15463.000000
39.999757 116.325813 15465.000000
39.999755 116.325797 15467.000000
39.999756 116.325793 15469.000000
39.999725 116.325673 15471.000000
39.999727 116.325642 15473.000000
39.999739 116.325656 15475.000000
39.999761 116.325635 15477.000000
39.999770 116.325646 15479.000000
39.999862 116.325798 15481.000000
39.999895 116.325877 15483.000000
39.999984 116.325921 15485.000000
40.000040 116.326255 15577.000000
40.000051 116.326303 15579.000000
40.000061 116.326331 15581.000000
40.000050 116.326386 15583.000000
40.000040 116.326414 15585.000000
40.000044 116.326405 15587.000000
40.000038 116.326415 15589.000000
40.000036 116.326414 15591.000000
40.000037 116.326419 15593.000000
40.000038 116.326422 15595.000000
40.000038 116.326422 15597.000000
40.000039 116.326420 15599.000000
40.000037 116.326419 15601.000000
40.000039 116.326420 15603.000000
40.000038 116.326419 15605.000000
40.000038 116.326416 15607.000000
40.000044 116.326387 15609.000000
40.000047 116.326371 15611.000000
40.000046 116.326362 15613.000000
40.000026 116.326332 15615.000000
40.000019 116.326315 15617.000000
40.000019 116.326310 15619.000000
40.000018 116.326311 15621.000000
39.999991 116.326324 15623.000000
39.999965 116.326339 15625.000000
39.999950 116.326321 15627.000000
39.999964 116.326301 15629.000000
39.999968 116.326267 15631.000000
39.999960 116.326229 15633.000000
39.999963 116.326189 15635.000000
39.999962 116.326143 15637.000000
39.999959 116.326110 15639.000000
39.999970 116.326092 15641.000000
39.999971 116.326084 15643.000000
39.999971 116.326080 15645.000000
39.999971 116.326082 15647.000000
39.999980 116.326058 15649.000000
39.999978 116.326000 15651.000000
39.999966 116.325975 15653.000000
39.999965 116.325950 15655.000000
40.000000 116.325907 15657.000000
39.999997 116.325899 15659.000000
39.999996 116.325894 15661.000000
39.999987 116.325895 15663.000000
39.999995 116.325891 15665.000000
39.999995 116.325891 15667.000000
39.999995 116.325890 15669.000000
39.999886 116.325569 15789.000000
39.999880 116.325491 15791.000000
39.999864 116.325416 15793.000000
39.999854 116.325348 15795.000000
39.999837 116.325289 15797.000000
39.999826 116.325249 15799.000000
39.999842 116.325211 15801.000000
39.999850 116.325149 15803.000000
39.999842 116.325094 15805.000000
39.999849 116.325047 15807.000000
39.999844 116.325004 15809.000000
39.999837 116.324966 15811.000000
39.999837 116.324901 15813.000000
39.999833 116.324841 15815.000000
39.999836 116.324777 15817.000000
39.999849 116.324727 15819.000000
39.999862 116.324660 15821.000000
39.999865 116.324574 15823.000000
39.999858 116.324510 15825.000000
39.999859 116.324471 15827.000000
39.999867 116.324417 15829.000000
39.999866 116.324383 15831.000000
39.999864 116.324287 15833.000000
39.999861 116.324198 15835.000000
39.999851 116.324110 15837.000000
39.999827 116.323974 15839.000000
39.999812 116.323764 15841.000000
39.999789 116.323509 15843.000000
39.999779 116.323371 15845.000000
39.999767 116.323274 15847.000000
39.999757 116.323174 15849.000000
39.999755 116.323069 15851.000000
39.999743 116.322953 15853.000000
39.999734 116.322830 15855.000000
39.999733 116.322742 15857.000000
39.999723 116.322650 15859.000000
39.999734 116.322575 15861.000000
39.999764 116.322490 15863.000000
39.999808 116.322431 15865.000000
39.999862 116.322411 15867.000000
39.999921 116.322401 15869.000000
39.999973 116.322376 15871.000000
40.000030 116.322324 15873.000000
40.000100 116.322299 15875.000000
40.000162 116.322305 15877.000000
40.000218 116.322311 15879.000000
40.000298 116.322265 15881.000000
40.000346 116.322260 15883.000000
40.000434 116.322272 15885.000000
40.000486 116.322238 15887.000000
40.000556 116.322185 15889.000000
40.000644 116.322139 15891.000000
40.000721 116.322136 15893.000000
40.000777 116.322115 15895.000000
40.000859 116.322109 15897.000000
40.000939 116.322082 15899.000000
40.001025 116.322022 15901.000000
40.001085 116.322026 15903.000000
40.001160 116.322025 15905.000000
40.001243 116.322019 15907.000000
40.001322 116.321978 15909.000000
40.001388 116.321930 15911.000000
40.001463 116.321863 15913.000000
40.001527 116.321828 15915.000000
40.001603 116.321806 15917.000000
40.001672 116.321786 15919.000000
40.001732 116.321774 15921.000000
40.001784 116.321771 15923.000000
40.001848 116.321770 15925.000000
40.001919 116.321760 15927.000000
40.001976 116.321750 15929.000000
40.002028 116.321741 15931.000000
40.002060 116.321747 15933.000000
40.002094 116.321782 15935.000000
40.002159 116.321785 15937.000000
40.002244 116.321774 15939.000000
40.002311 116.321756 15941.000000
40.002371 116.321728 15943.000000
40.002424 116.321726 15945.000000
40.002512 116.321723 15947.000000
40.002578 116.321709 15949.000000
40.002644 116.321691 15951.000000
40.002691 116.321678 15953.000000
40.002745 116.321658 15955.000000
40.002817 116.321633 15957.000000
40.002880 116.321631 15959.000000
40.002955 116.321628 15961.000000
40.003007 116.321621 15963.000000
40.003061 116.321629 15965.000000
40.003141 116.321634 15967.000000
40.003213 116.321621 15969.000000
40.003277 116.321619 15971.000000
40.003321 116.321614 15973.000000
40.003389 116.321594 15975.000000
40.003445 116.321581 15977.000000
40.003520 116.321576 15979.000000
40.003579 116.321565 15981.000000
40.003635 116.321561 15983.000000
40.003694 116.321566 15985.000000
40.003755 116.321568 15987.000000
40.003814 116.321553 15989.000000
40.003883 116.321530 15991.000000
40.003946 116.321514 15993.000000
40.004000 116.321515 15995.000000
40.004054 116.321510 15997.000000
40.004091 116.321497 15999.000000
40.004124 116.321496 16001.000000
40.004164 116.321497 16003.000000
40.004225 116.321496 16005.000000
40.004288 116.321487 16007.000000
40.004333 116.321475 16009.000000
40.004378 116.321471 16011.000000
40.004435 116.321476 16013.000000
40.004480 116.321460 16015.000000
40.004515 116.321456 16017.000000
40.004555 116.321457 16019.000000
40.004603 116.321460 16021.000000
40.004663 116.321442 16023.000000
40.004709 116.321425 16025.000000
40.004738 116.321427 16027.000000
40.004759 116.321423 16029.000000
40.004768 116.321421 16031.000000
40.004773 116.321415 16033.000000
40.004775 116.321414 16035.000000
40.004777 116.321413 16037.000000
40.004780 116.321374 16039.000000
40.004793 116.321291 16041.000000
40.004807 116.321209 16043.000000
40.004822 116.321128 16045.000000
40.004840 116.321048 16047.000000
40.004851 116.320961 16049.000000
40.004854 116.320870 16051.000000
40.004853 116.320778 16053.000000
40.004886 116.320672 16055.000000
40.004877 116.320589 16057.000000
40.004881 116.320497 16059.000000
40.004872 116.320420 16061.000000
40.004869 116.320334 16063.000000
40.004868 116.320242 16065.000000
40.004872 116.320145 16067.000000
40.004869 116.320033 16069.000000
40.004875 116.319923 16071.000000
40.004871 116.319816 16073.000000
40.004867 116.319710 16075.000000
40.004874 116.319599 16077.000000
40.004862 116.319503 16079.000000
40.004857 116.319409 16081.000000
40.004851 116.319301 16083.000000
40.004835 116.319186 16085.000000
40.004827 116.319085 16087.000000
40.004821 116.318971 16089.000000
40.004808 116.318870 16091.000000
40.004806 116.318761 16093.000000
40.004803 116.318673 16095.000000
40.004804 116.318579 16097.000000
40.004788 116.318485 16099.000000
40.004742 116.318339 16101.000000
40.004746 116.318260 16103.000000
40.004746 116.318187 16105.000000
40.004744 116.318115 16107.000000
40.004741 116.318045 16109.000000
40.004754 116.317977 16111.000000
40.004770 116.317904 16113.000000
40.004807 116.317854 16115.000000
40.004857 116.317832 16117.000000
40.004923 116.317819 16119.000000
40.004997 116.317822 16121.000000
40.005069 116.317815 16123.000000
40.005142 116.317787 16125.000000
40.005208 116.317773 16127.000000
40.005268 116.317760 16129.000000
40.005322 116.317752 16131.000000
40.005353 116.317739 16133.000000
40.005377 116.317705 16135.000000
40.005379 116.317652 16137.000000
40.005383 116.317586 16139.000000
40.005388 116.317533 16141.000000
40.005380 116.317471 16143.000000
40.005380 116.317416 16145.000000
40.005376 116.317367 16147.000000
40.005372 116.317326 16149.000000
40.005377 116.317314 16151.000000
40.005378 116.317283 16153.000000
40.005382 116.317259 16155.000000
40.005378 116.317245 16157.000000
40.005380 116.317227 16159.000000
40.005378 116.317204 16161.000000
40.005379 116.317182 16163.000000
40.005383 116.317164 16165.000000
40.005388 116.317148 16167.000000
40.005391 116.317141 16169.000000
40.005400 116.317136 16171.000000
40.005413 116.317137 16173.000000
40.005414 116.317135 16175.000000
40.005415 116.317133 16177.000000
40.005416 116.317130 16179.000000
40.005415 116.317135 16181.000000
40.005414 116.317139 16183.000000
40.005415 116.317140 16185.000000
40.005416 116.317140 16187.000000
40.005416 116.317140 16189.000000
40.005416 116.317141 16191.000000
40.005421 116.317137 16193.000000
40.005423 116.317136 16195.000000
40.005423 116.317138 16197.000000
40.005429 116.317136 16199.000000
40.005444 116.317135 16201.000000
40.005456 116.317126 16203.000000
40.005496 116.317090 16205.000000
40.005522 116.317061 16207.000000
40.005525 116.317036 16209.000000
40.005534 116.317044 16211.000000
40.005535 116.317041 16213.000000
40.005535 116.317040 16215.000000
40.005536 116.317038 16217.000000
40.005536 116.317036 16219.000000
40.005537 116.317036 16221.000000
40.005549 116.317030 16223.000000
40.005549 116.317016 16225.000000
40.005567 116.316985 16227.000000
40.005570 116.316969 16229.000000
40.005572 116.316950 16231.000000
40.005583 116.316938 16233.000000
40.005591 116.316930 16235.000000
40.005599 116.316915 16237.000000
40.005600 116.316904 16239.000000
40.005602 116.316877 16241.000000
40.005597 116.316871 16243.000000
40.005592 116.316865 16245.000000
40.005598 116.316864 16247.000000
40.005598 116.316848 16249.000000
40.005588 116.316823 16251.000000
40.005579 116.316814 16253.000000
40.005570 116.316776 16255.000000
40.005565 116.316758 16257.000000
40.005536 116.316697 16259.000000
