40.051295 116.405869 44754.000000
40.051416 116.405874 44758.000000
40.051528 116.405873 44760.000000
40.051632 116.405883 44762.000000
40.051750 116.405926 44764.000000
40.051883 116.405889 44766.000000
40.052070 116.405864 44768.000000
40.052199 116.405898 44769.000000
40.052319 116.405917 44770.000000
40.052463 116.405942 44771.000000
40.052748 116.406429 44772.000000
40.053027 116.406602 44773.000000
40.053267 116.406648 44774.000000
40.053475 116.406752 44775.000000
40.053620 116.406785 44776.000000
40.053855 116.406884 44777.000000
40.054054 116.406923 44778.000000
40.054195 116.406922 44779.000000
40.054363 116.406942 44780.000000
40.054498 116.406940 44781.000000
40.054643 116.406936 44782.000000
40.054798 116.406931 44783.000000
40.054957 116.406938 44784.000000
40.055119 116.406939 44785.000000
40.055298 116.406974 44786.000000
40.055496 116.406999 44787.000000
40.055728 116.407033 44788.000000
40.055895 116.407019 44789.000000
40.056117 116.407003 44790.000000
40.056342 116.407006 44791.000000
40.056619 116.407048 44792.000000
40.056871 116.407080 44793.000000
40.057112 116.407102 44794.000000
40.057329 116.407076 44795.000000
40.057553 116.407044 44796.000000
40.057746 116.407038 44797.000000
40.057950 116.407044 44798.000000
40.058158 116.407029 44799.000000
40.058367 116.407020 44800.000000
40.058566 116.407006 44801.000000
40.058765 116.406998 44802.000000
40.058956 116.407002 44803.000000
40.059152 116.407001 44804.000000
40.059352 116.406982 44805.000000
40.059544 116.406961 44806.000000
40.059737 116.406935 44807.000000
40.059915 116.406926 44808.000000
40.060089 116.406910 44809.000000
40.060279 116.406884 44810.000000
40.060457 116.406869 44811.000000
40.060633 116.406858 44812.000000
40.060807 116.406837 44813.000000
40.060983 116.406818 44814.000000
40.061157 116.406798 44815.000000
40.061322 116.406779 44816.000000
40.061487 116.406763 44817.000000
40.061649 116.406746 44818.000000
40.061805 116.406728 44819.000000
40.061959 116.406712 44820.000000
40.062108 116.406697 44821.000000
40.062245 116.406684 44822.000000
40.062379 116.406663 44823.000000
40.062512 116.406656 44824.000000
40.062638 116.406653 44825.000000
40.062767 116.406642 44826.000000
40.062891 116.406635 44827.000000
40.063008 116.406621 44828.000000
40.063127 116.406608 44829.000000
40.063246 116.406595 44830.000000
40.063368 116.406586 44831.000000
40.063490 116.406576 44832.000000
40.063613 116.406564 44833.000000
40.063735 116.406559 44834.000000
40.063849 116.406548 44835.000000
40.063954 116.406545 44836.000000
40.064047 116.406537 44837.000000
40.064137 116.406531 44838.000000
40.064265 116.406561 44840.000000
40.064378 116.406564 44842.000000
40.064503 116.406549 44845.000000
40.064598 116.406537 44847.000000
40.064691 116.406522 44850.000000
40.064777 116.406490 44855.000000
40.064799 116.406469 44860.000000
40.064848 116.406450 44865.000000
40.064855 116.406458 44870.000000
40.064855 116.406458 44873.000000
40.064853 116.406460 44875.000000
40.064852 116.406450 44880.000000
40.064852 116.406450 44883.000000
40.064849 116.406451 44885.000000
40.064847 116.406460 44890.000000
40.064846 116.406587 44894.000000
40.064840 116.406611 44899.000000
40.064840 116.406609 44904.000000
40.064840 116.406609 44907.000000
40.064840 116.406612 44909.000000
40.064839 116.406627 44914.000000
40.064839 116.406636 44919.000000
40.064819 116.406661 44924.000000
40.064774 116.406691 44929.000000
40.064774 116.406691 44932.000000
40.064773 116.406696 44934.000000
40.064766 116.406664 44939.000000
40.064738 116.406646 44944.000000
40.064736 116.406634 44949.000000
40.064736 116.406634 44952.000000
40.064733 116.406630 44954.000000
40.064718 116.406628 44959.000000
40.064712 116.406639 44964.000000
40.064704 116.406624 44969.000000
40.064694 116.406472 44971.000000
40.064615 116.406408 44974.000000
40.064623 116.406295 44979.000000
40.064580 116.406239 44984.000000
40.064549 116.406184 44989.000000
40.064500 116.406177 44994.000000
40.064487 116.406156 44999.000000
40.064424 116.406120 45004.000000
40.064329 116.406084 45008.000000
40.064261 116.406103 45013.000000
40.064238 116.406114 45018.000000
40.064229 116.406111 45023.000000
40.064176 116.406133 45028.000000
40.064174 116.406142 45033.000000
40.064151 116.406145 45038.000000
40.064063 116.406194 45041.000000
40.063967 116.406214 45045.000000
40.063859 116.406320 45047.000000
40.063754 116.406407 45050.000000
40.063672 116.406457 45054.000000
40.063627 116.406441 45059.000000
40.063569 116.406426 45064.000000
40.063513 116.406435 45069.000000
40.063491 116.406375 45074.000000
40.063397 116.406372 45078.000000
40.063326 116.406390 45083.000000
40.063311 116.406284 45088.000000
40.063300 116.406264 45093.000000
40.063323 116.406174 45098.000000
40.063344 116.406107 45103.000000
40.063357 116.406065 45108.000000
40.063398 116.406033 45113.000000
40.063477 116.406012 45118.000000
40.063535 116.406009 45123.000000
40.063588 116.406042 45128.000000
40.063644 116.406092 45133.000000
40.063663 116.406089 45138.000000
40.063681 116.406068 45143.000000
40.063721 116.406096 45148.000000
40.063769 116.406117 45153.000000
40.063847 116.406135 45158.000000
40.063899 116.406129 45163.000000
40.063933 116.406038 45168.000000
40.064000 116.405989 45173.000000
40.064049 116.405968 45178.000000
40.064080 116.405978 45183.000000
40.064110 116.405987 45188.000000
40.064162 116.405910 45193.000000
40.064213 116.405864 45198.000000
40.064267 116.405870 45203.000000
40.064307 116.405866 45208.000000
40.064342 116.405872 45213.000000
40.064386 116.405887 45218.000000
40.064439 116.405882 45223.000000
40.064484 116.405888 45228.000000
40.064548 116.405898 45233.000000
40.064562 116.405907 45238.000000
40.064627 116.405968 45243.000000
40.064673 116.405972 45248.000000
40.064703 116.405993 45253.000000
40.064760 116.406046 45258.000000
40.064808 116.406081 45263.000000
40.064862 116.406115 45268.000000
40.064919 116.406125 45273.000000
40.064978 116.406159 45278.000000
40.065009 116.406153 45283.000000
40.065044 116.406140 45288.000000
40.065082 116.406084 45293.000000
40.065116 116.406044 45298.000000
40.065174 116.406033 45303.000000
40.065231 116.406044 45308.000000
40.065293 116.406020 45313.000000
40.065337 116.406018 45318.000000
40.065362 116.406007 45323.000000
40.065430 116.405996 45328.000000
40.065475 116.405845 45331.000000
40.065494 116.405770 45336.000000
40.065548 116.405753 45341.000000
40.065613 116.405762 45346.000000
40.065668 116.405771 45351.000000
40.065754 116.405759 45356.000000
40.065790 116.405707 45361.000000
40.065838 116.405645 45366.000000
40.065874 116.405578 45371.000000
40.065910 116.405505 45376.000000
40.065900 116.405484 45381.000000
40.065892 116.405466 45386.000000
40.065892 116.405437 45391.000000
40.065907 116.405358 45396.000000
40.065896 116.405247 45401.000000
40.065899 116.405136 45406.000000
40.065921 116.405012 45411.000000
40.065809 116.404855 45414.000000
40.065802 116.404725 45419.000000
