39.895032 116.166428 20304
39.894982 116.166513 20307
39.894935 116.166405 20317
39.894718 116.166282 20321
39.894585 116.166204 20324
39.894540 116.166178 20325
39.894385 116.166240 20329
39.894318 116.166517 20333
39.894207 116.167007 20338
39.894123 116.167509 20342
39.894102 116.167635 20343
39.893952 116.168160 20348
39.893857 116.168632 20353
39.893735 116.169090 20357
39.893705 116.169205 20358
39.893518 116.169950 20363
39.893342 116.170760 20368
39.893172 116.171570 20373
39.893003 116.172278 20378
39.892860 116.172905 20383
39.892791 116.173143 20385
39.892687 116.173500 20388
39.892480 116.173972 20393
39.892268 116.174395 20398
39.892172 116.174572 20400
39.892028 116.174837 20403
39.891788 116.175247 20408
39.891538 116.175607 20413
39.891500 116.175655 20414
39.891461 116.175702 20415
39.891385 116.175797 20417
39.891313 116.175879 20420
39.891265 116.175933 20422
39.891244 116.175953 20423
39.891182 116.176012 20426
39.891037 116.176240 20431
39.891026 116.176437 20433
39.891021 116.176536 20434
39.891010 116.176733 20436
39.890953 116.177187 20441
39.890645 116.177487 20446
39.890222 116.177862 20451
39.890137 116.178016 20453
39.890010 116.178248 20456
39.890003 116.178763 20461
39.889917 116.179453 20466
39.889768 116.180220 20471
39.889532 116.180970 20476
39.889210 116.181638 20481
39.889149 116.181739 20482
39.888905 116.182143 20486
39.888667 116.182523 20491
39.888362 116.183013 20496
39.888047 116.183608 20501
39.887795 116.184262 20506
39.887612 116.184933 20511
39.887515 116.185623 20516
39.887473 116.186440 20521
39.887475 116.187378 20526
39.887478 116.187590 20527
39.887492 116.188438 20531
39.887505 116.189607 20536
39.887511 116.190082 20538
39.887520 116.190795 20541
39.887527 116.191502 20544
39.887532 116.191973 20546
39.887535 116.192168 20547
39.887547 116.192948 20551
39.887556 116.193327 20555
39.887558 116.193422 20556
39.887563 116.193582 20558
39.887570 116.193823 20561
39.887572 116.194370 20566
39.887580 116.194947 20571
39.887588 116.195520 20576
39.887600 116.196118 20581
39.887604 116.196360 20583
39.887610 116.196723 20586
39.887627 116.197328 20591
39.887667 116.197811 20595
39.887677 116.197932 20596
39.887763 116.198417 20601
39.887813 116.198582 20604
39.887830 116.198637 20605
39.887998 116.198747 20610
39.888152 116.198788 20613
39.888203 116.198802 20614
39.888485 116.199078 20619
39.888775 116.199580 20624
39.888855 116.199708 20625
39.889175 116.200220 20629
39.889495 116.200673 20632
39.889601 116.200824 20633
39.889708 116.200975 20634
39.890357 116.201812 20639
39.891097 116.202738 20644
39.891405 116.203122 20646
39.891868 116.203698 20649
39.892525 116.204593 20654
39.892975 116.205412 20659
39.893212 116.206263 20664
39.893394 116.206529 20666
39.893667 116.206927 20669
39.894352 116.207005 20674
39.894893 116.206403 20679
39.895319 116.205825 20683
39.895425 116.205680 20684
39.896182 116.205265 20689
39.897037 116.205180 20694
39.897913 116.205145 20699
39.898820 116.205120 20704
39.899875 116.205070 20709
39.901047 116.205050 20714
39.902293 116.205047 20719
39.903603 116.205073 20724
39.904678 116.205065 20729
39.904844 116.205065 20730
39.905510 116.205063 20734
39.906472 116.205088 20739
39.907568 116.205082 20744
39.908697 116.205080 20749
39.909623 116.205068 20753
39.909855 116.205065 20754
39.910325 116.205070 20756
39.911030 116.205078 20759
39.912032 116.205115 20764
39.912903 116.205170 20769
39.913072 116.205184 20770
39.913750 116.205240 20774
39.914607 116.205317 20779
39.915400 116.205408 20784
39.916137 116.205507 20789
39.916427 116.205545 20791
39.916718 116.205583 20793
39.916863 116.205602 20794
39.917560 116.205693 20799
39.918098 116.205760 20803
39.918232 116.205777 20804
39.918888 116.205858 20809
39.919590 116.205973 20814
39.919739 116.205999 20815
39.920038 116.206050 20817
39.920188 116.206076 20818
39.920337 116.206102 20819
39.921030 116.206313 20824
39.921652 116.206685 20829
39.922183 116.207208 20834
39.922549 116.207730 20838
39.922640 116.207860 20839
39.922916 116.208474 20843
39.922985 116.208627 20844
39.923175 116.209307 20848
39.923223 116.209477 20849
39.923253 116.209835 20851
39.923298 116.210372 20854
39.923318 116.211432 20859
39.923320 116.211659 20860
39.923322 116.211885 20861
39.923328 116.212565 20864
39.923343 116.213790 20869
39.923350 116.215073 20874
39.923348 116.216423 20879
39.923362 116.217242 20882
39.923372 116.217788 20884
39.923384 116.218596 20887
39.923392 116.219135 20889
39.923400 116.219403 20890
39.923433 116.220477 20894
39.923493 116.221763 20899
