40.004200 116.320300 23139
40.004253 116.320300 23143
40.004325 116.320302 23147
40.004339 116.320299 23148
40.004352 116.320295 23149
40.004380 116.320288 23151
40.004467 116.320263 23155
40.004532 116.320250 23159
40.004568 116.320228 23163
40.004576 116.320225 23164
40.004598 116.320215 23167
40.004658 116.320215 23171
40.004708 116.320235 23175
40.004767 116.320257 23179
40.004775 116.320251 23180
40.004783 116.320245 23181
40.004792 116.320240 23182
40.004808 116.320228 23184
40.004858 116.320208 23188
40.004927 116.320283 23192
40.004913 116.320312 23194
40.004898 116.320342 23196
40.004895 116.320430 23200
40.004901 116.320496 23203
40.004903 116.320518 23204
40.004913 116.320582 23208
40.004927 116.320628 23212
40.004939 116.320662 23215
40.004943 116.320673 23216
40.004935 116.320723 23220
40.004952 116.320795 23224
40.004958 116.320853 23228
40.004962 116.320920 23232
40.004940 116.320992 23236
40.004913 116.321040 23240
40.004880 116.321065 23244
40.004857 116.321092 23246
40.004833 116.321120 23248
40.004797 116.321141 23250
40.004780 116.321152 23251
40.004762 116.321163 23252
40.004803 116.321243 23256
40.004865 116.321323 23260
40.004869 116.321327 23261
40.004880 116.321340 23264
40.004875 116.321315 23269
40.004972 116.321307 23273
40.005053 116.321275 23277
40.005122 116.321258 23281
40.005200 116.321258 23285
40.005270 116.321252 23289
40.005337 116.321258 23293
40.005400 116.321232 23297
40.005418 116.321233 23301
40.005400 116.321242 23303
40.005367 116.321258 23312
40.005413 116.321270 23316
40.005480 116.321277 23320
40.005527 116.321245 23324
40.005563 116.321222 23328
40.005608 116.321223 23332
40.005658 116.321228 23336
40.005713 116.321227 23340
40.005767 116.321202 23344
40.005773 116.321205 23345
40.005793 116.321213 23348
40.005837 116.321245 23352
40.005865 116.321222 23354
40.005893 116.321198 23356
40.005953 116.321147 23360
40.005964 116.321151 23361
40.005997 116.321163 23364
40.006037 116.321175 23368
40.006113 116.321210 23372
40.006173 116.321227 23376
40.006185 116.321225 23377
40.006210 116.321222 23379
40.006223 116.321220 23380
40.006288 116.321192 23384
40.006333 116.321175 23388
40.006380 116.321175 23392
40.006463 116.321148 23396
40.006545 116.321113 23400
40.006608 116.321120 23404
40.006665 116.321142 23408
40.006677 116.321150 23409
40.006712 116.321173 23412
40.006723 116.321176 23413
40.006735 116.321178 23414
40.006758 116.321183 23416
40.006803 116.321202 23420
40.006822 116.321218 23422
40.006842 116.321233 23424
40.006895 116.321237 23428
40.006943 116.321225 23432
40.006990 116.321208 23436
40.007014 116.321202 23438
40.007026 116.321198 23439
40.007038 116.321195 23440
40.007070 116.321208 23444
40.007105 116.321208 23448
40.007122 116.321185 23452
40.007135 116.321185 23453
40.007148 116.321184 23454
40.007160 116.321184 23455
40.007173 116.321183 23456
40.007213 116.321190 23460
40.007253 116.321185 23464
40.007260 116.321173 23465
40.007267 116.321162 23466
40.007282 116.321138 23468
40.007314 116.321117 23472
40.007322 116.321112 23473
40.007375 116.321112 23475
40.007401 116.321113 23476
40.007427 116.321113 23477
40.007477 116.321093 23481
40.007491 116.321076 23484
40.007495 116.321070 23485
40.007535 116.321063 23489
40.007578 116.321125 23493
40.007572 116.321122 23497
40.007585 116.321129 23498
40.007599 116.321137 23499
40.007612 116.321145 23500
40.007625 116.321152 23501
40.007657 116.321141 23503
40.007690 116.321130 23505
40.007745 116.321160 23509
40.007779 116.321164 23512
40.007790 116.321165 23513
40.007812 116.321162 23517
40.007835 116.321146 23519
40.007858 116.321130 23521
40.007898 116.321132 23524
40.007912 116.321133 23525
40.007962 116.321145 23529
40.008013 116.321130 23533
40.008068 116.321118 23537
40.008143 116.321155 23541
40.008167 116.321168 23543
40.008190 116.321182 23545
40.008233 116.321162 23549
40.008278 116.321162 23553
40.008345 116.321140 23557
40.008405 116.321100 23561
40.008413 116.321107 23562
40.008435 116.321130 23565
40.008464 116.321143 23568
40.008473 116.321148 23569
40.008510 116.321121 23572
40.008522 116.321112 23573
40.008546 116.321093 23575
40.008570 116.321075 23577
40.008595 116.321080 23581
40.008652 116.321062 23585
40.008664 116.321061 23586
40.008702 116.321057 23589
40.008722 116.321068 23590
40.008782 116.321102 23593
40.008822 116.321188 23597
40.008829 116.321217 23600
40.008832 116.321227 23601
40.008866 116.321273 23604
40.008877 116.321288 23605
40.008975 116.321343 23609
40.009047 116.321410 23613
40.009093 116.321452 23617
40.009130 116.321495 23621
40.009060 116.321623 23625
40.009025 116.321656 23626
40.008920 116.321755 23629
40.008895 116.321765 23633
40.008914 116.321793 23636
40.008920 116.321802 23637
40.008938 116.321806 23638
40.008975 116.321814 23640
40.008993 116.321818 23641
40.009047 116.321878 23645
40.009093 116.321953 23649
40.009127 116.322008 23653
40.009162 116.322053 23657
40.009132 116.322160 23661
40.009115 116.322242 23665
40.009135 116.322335 23669
40.009142 116.322351 23670
40.009156 116.322382 23672
40.009163 116.322398 23673
40.009087 116.322422 23677
40.009015 116.322478 23681
40.008962 116.322513 23685
40.008887 116.322508 23688
40.008862 116.322507 23689
40.008790 116.322507 23693
40.008773 116.322508 23694
40.008757 116.322509 23695
40.008723 116.322512 23697
40.008647 116.322520 23701
40.008631 116.322522 23702
40.008585 116.322530 23705
40.008520 116.322515 23709
40.008480 116.322527 23713
40.008447 116.322522 23717
40.008420 116.322492 23721
40.008413 116.322427 23725
40.008397 116.322338 23729
40.008313 116.322325 23734
40.008252 116.322335 23736
40.008186 116.322307 23738
40.008120 116.322280 23740
