39.966580 116.342733 24025
39.966596 116.342577 24030
39.966563 116.342260 24035
39.966542 116.341883 24040
39.966522 116.341629 24043
39.966509 116.341460 24045
39.966508 116.340933 24050
39.966521 116.340295 24055
39.966492 116.339609 24060
39.966489 116.339075 24064
39.966488 116.338941 24065
39.966478 116.338515 24070
39.966537 116.338585 24075
39.966540 116.338502 24079
39.966541 116.338481 24080
39.966532 116.338219 24085
39.966527 116.337877 24090
39.966514 116.337571 24095
39.966530 116.337265 24100
39.966558 116.336905 24105
39.966560 116.336712 24107
39.966562 116.336423 24110
39.966532 116.335825 24115
39.966514 116.335294 24120
39.966522 116.335105 24122
39.966534 116.334821 24125
39.966507 116.334428 24130
39.966471 116.334190 24135
39.966474 116.334179 24136
39.966481 116.334158 24138
39.966488 116.334137 24140
39.966488 116.334130 24143
39.966488 116.334126 24145
39.966484 116.334107 24146
39.966469 116.334033 24150
39.966482 116.333827 24155
39.966488 116.333696 24157
39.966491 116.333630 24158
39.966497 116.333499 24160
39.966505 116.333131 24165
39.966499 116.332699 24170
39.966477 116.332197 24175
39.966471 116.332022 24177
39.966462 116.331760 24180
39.966480 116.331535 24185
39.966505 116.331470 24190
39.966517 116.331492 24195
39.966517 116.331481 24200
39.966521 116.331334 24205
39.966515 116.331279 24206
39.966489 116.331060 24210
39.966463 116.330692 24215
39.966462 116.330294 24220
39.966464 116.329942 24225
39.966464 116.329768 24230
39.966445 116.329680 24235
39.966440 116.329676 24240
39.966439 116.329690 24245
39.966444 116.329613 24250
39.966445 116.329558 24251
39.966447 116.329336 24255
39.966444 116.328969 24260
39.966448 116.328773 24262
39.966454 116.328480 24265
39.966461 116.328207 24268
39.966466 116.328025 24270
39.966463 116.327946 24271
39.966452 116.327628 24275
39.966454 116.327367 24279
39.966454 116.327302 24280
39.966452 116.327158 24282
39.966450 116.326941 24285
39.966431 116.326715 24290
39.966410 116.326664 24295
39.966398 116.326655 24300
39.966409 116.326607 24305
39.966413 116.326523 24307
39.966418 116.326398 24310
39.966438 116.326256 24315
39.966424 116.326239 24319
39.966420 116.326235 24320
39.966408 116.326116 24325
39.966399 116.326068 24328
39.966393 116.326036 24330
39.966396 116.326045 24335
39.966396 116.326045 24336
39.966398 116.326044 24340
39.966396 116.326031 24345
39.966363 116.325909 24350
39.966357 116.325858 24351
39.966332 116.325652 24355
39.966339 116.325468 24358
39.966341 116.325406 24359
39.966343 116.325345 24360
39.966334 116.324927 24365
39.966324 116.324463 24370
39.966315 116.324259 24372
39.966302 116.323953 24375
39.966284 116.323408 24380
39.966321 116.322844 24385
39.966303 116.322350 24390
39.966292 116.322182 24392
39.966276 116.321931 24395
39.966262 116.321461 24400
39.966231 116.320933 24405
39.966228 116.320575 24409
39.966227 116.320485 24410
39.966293 116.320097 24415
39.966307 116.319666 24420
39.966263 116.319288 24425
39.966227 116.318904 24430
39.966147 116.318515 24435
39.966134 116.318214 24440
39.966156 116.317973 24445
39.966184 116.317794 24450
39.966144 116.317780 24455
39.966144 116.317780 24456
39.966143 116.317779 24460
39.966142 116.317775 24465
39.966142 116.317750 24470
39.966136 116.317611 24475
39.966109 116.317387 24479
39.966102 116.317331 24480
39.966081 116.317202 24482
39.966050 116.317008 24485
39.966016 116.316685 24490
39.965980 116.316298 24495
39.965979 116.316248 24496
39.965975 116.316046 24500
39.965999 116.316011 24505
39.965999 116.316007 24510
39.965999 116.316010 24515
39.965999 116.316012 24517
39.965999 116.316013 24519
39.965999 116.316014 24520
39.965999 116.316019 24525
39.965999 116.316017 24529
39.965999 116.316017 24530
39.965997 116.315999 24535
39.965985 116.315962 24540
39.965982 116.315956 24541
39.965977 116.315943 24543
39.965975 116.315937 24544
39.965972 116.315931 24545
39.965962 116.315912 24550
39.965962 116.315915 24555
39.965962 116.315916 24560
39.965961 116.315895 24564
39.965961 116.315890 24565
39.965959 116.315876 24569
39.965959 116.315872 24570
39.965958 116.315870 24574
39.965958 116.315870 24575
39.965958 116.315872 24577
39.965959 116.315875 24580
39.965958 116.315871 24585
39.965958 116.315870 24586
39.965958 116.315869 24587
39.965958 116.315865 24590
39.965957 116.315849 24595
39.965958 116.315856 24600
39.965958 116.315754 24605
39.965945 116.315624 24608
39.965937 116.315537 24610
39.965909 116.315358 24613
39.965890 116.315239 24615
39.965866 116.315145 24616
39.965769 116.314769 24620
39.965644 116.314280 24625
