39.999828 116.327247 35161
39.999924 116.327299 35166
39.999895 116.327265 35171
39.999876 116.327215 35176
39.999888 116.327195 35179
39.999896 116.327181 35181
39.999934 116.327109 35186
39.999985 116.327075 35191
39.999973 116.327008 35196
39.999983 116.327026 35200
39.999986 116.327031 35201
39.999987 116.327037 35206
39.999990 116.327032 35211
40.000008 116.327033 35215
40.000012 116.327033 35216
40.000045 116.327046 35221
40.000083 116.327044 35226
40.000169 116.327056 35231
40.000223 116.327127 35236
40.000476 116.327026 35241
40.000526 116.327011 35243
40.000600 116.326988 35246
40.000643 116.326975 35251
40.000782 116.326983 35256
40.000806 116.326979 35258
40.000842 116.326973 35261
40.000893 116.326952 35266
40.001004 116.326939 35271
40.001020 116.326930 35272
40.001051 116.326911 35274
40.001083 116.326892 35276
40.001152 116.326849 35279
40.001198 116.326820 35281
40.001169 116.326767 35282
40.001051 116.326557 35286
40.001095 116.326484 35291
40.001126 116.326441 35293
40.001141 116.326420 35294
40.001172 116.326377 35296
40.001184 116.326239 35301
40.001176 116.326113 35306
40.001195 116.326014 35311
40.001191 116.325953 35313
40.001186 116.325862 35316
40.001135 116.325705 35321
40.001125 116.325543 35326
40.001091 116.325403 35331
40.001076 116.325248 35336
40.001081 116.325116 35341
40.001075 116.325091 35342
40.001050 116.324990 35346
40.001046 116.324829 35351
40.001048 116.324649 35356
40.000964 116.324472 35361
40.001094 116.324420 35366
40.001186 116.324396 35371
40.001286 116.324370 35376
40.001395 116.324368 35381
40.001460 116.324407 35386
40.001477 116.324410 35387
40.001546 116.324420 35391
40.001653 116.324454 35396
40.001691 116.324466 35398
40.001747 116.324483 35401
40.001814 116.324480 35404
40.001859 116.324478 35406
40.001872 116.324476 35407
40.001926 116.324467 35411
40.002020 116.324457 35415
40.002043 116.324454 35416
40.002087 116.324448 35418
40.002152 116.324440 35421
40.002376 116.324416 35426
40.002531 116.324427 35431
40.002628 116.324415 35436
40.002854 116.324382 35441
40.002876 116.324396 35443
40.002910 116.324417 35446
40.003008 116.324387 35451
40.003208 116.324399 35455
40.003258 116.324402 35456
40.003335 116.324414 35461
40.003405 116.324448 35464
40.003451 116.324471 35466
40.003555 116.324477 35471
40.003596 116.324469 35472
40.003762 116.324438 35476
40.004049 116.324363 35481
40.004260 116.324319 35486
40.004301 116.324315 35487
40.004466 116.324301 35491
40.004566 116.324290 35494
40.004599 116.324286 35495
40.004632 116.324282 35496
40.004764 116.324271 35501
40.004832 116.324268 35506
40.004846 116.324265 35508
40.004867 116.324261 35511
40.004970 116.324250 35516
40.005075 116.324234 35521
40.005166 116.324197 35526
40.005188 116.324164 35528
40.005221 116.324115 35531
40.005373 116.324129 35536
40.005430 116.324208 35541
40.005587 116.324226 35545
40.005626 116.324231 35546
40.005841 116.324335 35551
40.006031 116.324328 35556
40.006211 116.324265 35561
40.006328 116.324283 35566
40.006502 116.324272 35571
40.006689 116.324258 35576
40.006883 116.324238 35581
40.007105 116.324220 35586
40.007318 116.324195 35591
40.007346 116.324188 35592
40.007458 116.324158 35596
40.007639 116.324096 35601
40.007818 116.324115 35606
40.007999 116.324107 35611
40.008129 116.324084 35615
40.008162 116.324078 35616
40.008230 116.324074 35618
40.008331 116.324067 35621
40.008479 116.324046 35626
40.008652 116.324038 35631
40.008680 116.324039 35632
40.008793 116.324043 35636
40.008934 116.324060 35641
40.009080 116.324049 35646
40.009222 116.324032 35651
40.009270 116.324022 35653
40.009319 116.324012 35655
40.009343 116.324007 35656
40.009468 116.323979 35661
40.009529 116.323888 35665
40.009544 116.323865 35666
40.009541 116.323717 35671
40.009537 116.323556 35676
40.009534 116.323520 35677
40.009527 116.323449 35679
40.009524 116.323414 35680
40.009521 116.323378 35681
40.009545 116.323249 35686
40.009565 116.323118 35691
40.009544 116.322995 35696
40.009557 116.322889 35700
40.009560 116.322862 35701
40.009590 116.322768 35705
40.009598 116.322745 35706
40.009614 116.322707 35710
40.009618 116.322698 35711
40.009617 116.322695 35713
40.009615 116.322690 35716
40.009601 116.322691 35721
40.009600 116.322691 35722
40.009599 116.322691 35723
40.009595 116.322691 35726
40.009602 116.322691 35731
40.009617 116.322690 35736
40.009650 116.322685 35741
40.009682 116.322677 35744
40.009703 116.322671 35746
40.009737 116.322633 35749
40.009759 116.322608 35751
40.009771 116.322598 35752
40.009819 116.322557 35756
40.009862 116.322490 35761
