39.976254 116.374970 1355
39.975951 116.375010 1359
39.975688 116.375031 1363
39.975428 116.375040 1367
39.975170 116.375048 1371
39.974934 116.375038 1375
39.974671 116.375016 1379
39.974395 116.375017 1383
39.974138 116.374995 1387
39.974013 116.374980 1389
39.973887 116.374966 1391
39.973827 116.374959 1392
39.973646 116.374937 1395
39.973531 116.374928 1397
39.973415 116.374919 1399
39.973200 116.374907 1403
39.973085 116.374895 1405
39.972971 116.374884 1407
39.972910 116.374877 1408
39.972726 116.374857 1411
39.972536 116.374874 1414
39.972472 116.374879 1415
39.972223 116.374877 1419
39.971975 116.374887 1423
39.971747 116.374885 1427
39.971520 116.374836 1431
39.971312 116.374787 1435
39.971263 116.374769 1436
39.971166 116.374732 1438
39.971117 116.374714 1439
39.970928 116.374662 1443
39.970763 116.374619 1447
39.970610 116.374611 1451
39.970579 116.374604 1455
39.970578 116.374606 1457
39.970577 116.374607 1459
39.970578 116.374607 1460
39.970578 116.374607 1461
39.970579 116.374608 1463
39.970580 116.374609 1467
39.970566 116.374609 1471
39.970512 116.374607 1475
39.970506 116.374610 1477
39.970500 116.374613 1479
39.970428 116.374617 1483
39.970341 116.374629 1485
39.970254 116.374642 1487
39.970211 116.374636 1488
39.970080 116.374619 1491
39.969935 116.374594 1495
39.969816 116.374550 1499
39.969766 116.374541 1501
39.969716 116.374533 1503
39.969690 116.374527 1504
39.969637 116.374516 1506
39.969610 116.374510 1507
39.969471 116.374478 1511
39.969433 116.374471 1513
39.969395 116.374463 1515
39.969373 116.374456 1518
39.969366 116.374454 1519
39.969300 116.374445 1523
39.969208 116.374394 1527
39.969168 116.374384 1528
39.969087 116.374365 1530
39.969046 116.374355 1531
39.968869 116.374332 1535
39.968756 116.374320 1539
39.968648 116.374341 1543
39.968501 116.374332 1547
39.968338 116.374290 1551
39.968271 116.374290 1555
39.968265 116.374256 1559
39.968262 116.374255 1563
39.968255 116.374251 1564
39.968232 116.374240 1567
39.968144 116.374227 1571
39.968116 116.374212 1575
39.968079 116.374215 1577
39.968042 116.374219 1579
39.967963 116.374237 1583
39.967949 116.374228 1586
39.967944 116.374225 1587
39.967943 116.374221 1591
39.967939 116.374217 1594
39.967938 116.374215 1595
39.967926 116.374204 1599
39.967920 116.374158 1603
39.967911 116.374156 1604
39.967882 116.374152 1607
39.967861 116.374157 1611
39.967845 116.374190 1615
39.967832 116.374188 1616
39.967794 116.374183 1619
39.967716 116.374165 1623
39.967672 116.374149 1626
39.967658 116.374143 1627
39.967626 116.374109 1631
39.967624 116.374105 1633
39.967623 116.374100 1635
39.967581 116.374063 1639
39.967515 116.374041 1643
39.967435 116.374045 1647
39.967344 116.374046 1652
39.967232 116.374054 1657
39.967105 116.374059 1661
39.966995 116.374028 1665
39.966864 116.373983 1669
39.966836 116.373982 1670
39.966808 116.373981 1671
39.966751 116.373979 1673
39.966727 116.373978 1674
39.966654 116.373976 1677
39.966556 116.373972 1681
39.966434 116.373966 1685
39.966314 116.373907 1689
39.966277 116.373796 1693
39.966253 116.373741 1697
39.966251 116.373736 1700
39.966251 116.373735 1701
39.966253 116.373734 1705
39.966251 116.373718 1706
39.966244 116.373671 1709
39.966239 116.373486 1713
39.966233 116.373410 1714
39.966226 116.373334 1715
39.966213 116.373182 1717
39.966210 116.373116 1718
39.966201 116.372918 1721
39.966357 116.372589 1725
39.966489 116.372597 1729
39.966541 116.372695 1733
39.966557 116.372757 1734
39.966605 116.372944 1737
39.966652 116.373320 1741
39.966666 116.373793 1745
39.966679 116.374236 1749
39.966707 116.374754 1753
39.966743 116.375305 1757
39.966791 116.375872 1761
39.966824 116.376455 1765
39.966825 116.376587 1766
39.966825 116.376720 1767
39.966826 116.376853 1768
39.966827 116.376985 1769
39.966843 116.377547 1773
39.966846 116.377776 1775
39.966848 116.377890 1776
39.966849 116.378004 1777
39.966859 116.378238 1780
39.966863 116.378316 1781
39.966865 116.378399 1782
39.966870 116.378648 1785
39.966866 116.379020 1789
39.966865 116.379405 1793
39.966875 116.379529 1794
39.966906 116.379899 1797
39.966906 116.380145 1799
39.966906 116.380391 1801
39.966910 116.380510 1802
39.966924 116.380868 1805
39.966969 116.381320 1809
39.966971 116.381837 1813
39.966952 116.382353 1817
39.966941 116.382906 1821
39.966899 116.383344 1825
39.966890 116.383784 1829
39.966885 116.384082 1831
39.966880 116.384379 1833
39.966902 116.385004 1837
39.966885 116.385595 1841
39.966759 116.386115 1845
39.966610 116.386627 1849
39.966575 116.387130 1853
39.966610 116.387616 1857
39.966615 116.388008 1861
39.966559 116.388249 1865
39.966464 116.388288 1867
39.966369 116.388327 1869
39.966066 116.388370 1873
39.965676 116.388479 1877
39.965245 116.388537 1881
39.964865 116.388561 1885
39.964481 116.388586 1889
39.964297 116.388593 1891
39.964205 116.388597 1892
39.964113 116.388601 1893
39.964022 116.388609 1894
39.963930 116.388617 1895
39.963838 116.388625 1896
39.963747 116.388633 1897
39.963463 116.388703 1901
39.963259 116.388680 1905
39.963127 116.388657 1908
39.963083 116.388650 1909
39.962909 116.388617 1913
39.962749 116.388614 1917
39.962645 116.388598 1920
39.962610 116.388592 1921
39.962559 116.388532 1925
39.962557 116.388359 1929
39.962546 116.388165 1933
39.962545 116.388010 1937
39.962542 116.387978 1940
39.962541 116.387967 1941
39.962540 116.387954 1945
39.962538 116.387952 1948
39.962537 116.387951 1949
39.962548 116.387948 1953
39.962549 116.387947 1954
39.962551 116.387946 1955
