39.958568 116.411573 33655
39.957565 116.411841 33660
39.957754 116.411795 33661
39.958321 116.411655 33664
39.958510 116.411609 33665
39.958597 116.411544 33669
39.958619 116.411528 33670
39.958425 116.411627 33686
39.958256 116.411713 33700
39.958124 116.411784 33705
39.958043 116.411834 33710
39.958037 116.411830 33715
39.958038 116.411831 33718
39.958039 116.411831 33720
39.958040 116.411827 33723
39.958041 116.411825 33725
39.958042 116.411819 33729
39.958042 116.411818 33730
39.958001 116.411855 33733
39.957974 116.411880 33735
39.957968 116.411965 33740
39.957947 116.412031 33745
39.957967 116.412100 33750
39.957963 116.412166 33754
39.957962 116.412183 33755
39.958008 116.412292 33760
39.958077 116.412410 33765
39.958209 116.412404 33770
39.958318 116.412407 33775
39.958372 116.412417 33777
39.958453 116.412433 33780
39.958600 116.412451 33785
39.958727 116.412444 33790
39.958847 116.412443 33795
39.958999 116.412397 33800
39.959062 116.412393 33802
39.959125 116.412388 33804
39.959156 116.412386 33805
39.959328 116.412380 33810
39.959360 116.412385 33811
39.959488 116.412403 33815
39.959640 116.412373 33820
39.959773 116.412347 33825
39.959838 116.412349 33827
39.959936 116.412352 33830
39.959965 116.412352 33831
39.959993 116.412352 33832
39.960079 116.412353 33835
39.960225 116.412363 33840
39.960403 116.412338 33845
39.960487 116.412324 33848
39.960543 116.412315 33850
39.960690 116.412325 33855
39.960773 116.412305 33858
39.960828 116.412292 33860
39.960947 116.412296 33865
39.961089 116.412287 33870
39.961116 116.412284 33871
39.961197 116.412277 33874
39.961224 116.412274 33875
39.961249 116.412274 33876
39.961350 116.412272 33880
39.961487 116.412286 33885
39.961583 116.412244 33889
39.961607 116.412233 33890
39.961662 116.412236 33893
39.961680 116.412237 33894
39.961698 116.412238 33895
39.961832 116.412273 33900
39.961952 116.412289 33905
39.962077 116.412272 33910
39.962201 116.412238 33915
39.962287 116.412222 33919
39.962309 116.412218 33920
39.962433 116.412195 33925
39.962584 116.412212 33930
39.962686 116.412205 33935
39.962819 116.412201 33940
39.962843 116.412195 33941
39.962939 116.412173 33945
39.963056 116.412187 33950
39.963101 116.412180 33953
39.963131 116.412175 33955
39.963151 116.412173 33956
39.963191 116.412170 33958
39.963231 116.412167 33960
39.963342 116.412154 33965
39.963467 116.412093 33970
39.963560 116.412086 33975
39.963581 116.412096 33976
39.963603 116.412107 33977
39.963667 116.412138 33980
39.963768 116.412124 33985
39.963817 116.412123 33987
39.963866 116.412122 33989
39.963891 116.412121 33990
39.964033 116.412143 33995
39.964175 116.412158 34000
39.964311 116.412135 34005
39.964448 116.412156 34010
39.964592 116.412181 34015
39.964723 116.412172 34020
39.964860 116.412135 34025
39.965012 116.412124 34030
39.965041 116.412125 34031
39.965156 116.412131 34035
39.965313 116.412103 34040
39.965458 116.412094 34045
39.965602 116.412137 34050
39.965729 116.412136 34055
39.965855 116.412153 34060
39.966001 116.412149 34065
39.966166 116.412108 34070
39.966283 116.412080 34075
39.966306 116.412075 34076
39.966399 116.412056 34080
39.966539 116.412058 34085
39.966569 116.412056 34086
39.966630 116.412051 34088
39.966691 116.412046 34090
39.966859 116.412033 34095
39.967004 116.412033 34100
39.967122 116.412055 34105
39.967250 116.412006 34110
39.967376 116.411999 34115
39.967501 116.412025 34120
39.967589 116.412121 34125
39.967626 116.412286 34130
39.967628 116.412323 34131
39.967631 116.412396 34133
39.967634 116.412469 34135
39.967648 116.412661 34140
39.967659 116.412783 34143
39.967667 116.412865 34145
39.967690 116.413080 34150
39.967722 116.413208 34153
39.967743 116.413293 34155
39.967796 116.413481 34160
39.967792 116.413645 34165
39.967797 116.413832 34170
39.967796 116.413864 34171
39.967791 116.413991 34175
39.967763 116.414164 34180
39.967741 116.414271 34183
39.967726 116.414342 34185
39.967711 116.414517 34190
39.967707 116.414594 34192
39.967700 116.414709 34195
39.967671 116.414832 34198
39.967651 116.414914 34200
39.967724 116.415128 34205
39.967720 116.415333 34210
39.967686 116.415577 34215
39.967662 116.415812 34220
39.967693 116.416033 34225
39.967701 116.416117 34227
39.967714 116.416243 34230
39.967757 116.416407 34235
39.967839 116.416575 34240
39.967908 116.416739 34245
39.967908 116.416957 34250
39.967807 116.417132 34255
