39.993968 116.476887 39359
39.993977 116.477024 39364
39.994038 116.477228 39369
39.993967 116.477454 39374
39.993852 116.477539 39377
39.993775 116.477595 39379
39.993494 116.477622 39384
39.993170 116.477555 39389
39.992794 116.477423 39394
39.992556 116.477279 39398
39.992497 116.477243 39399
39.992195 116.477091 39404
39.991920 116.476932 39409
39.991738 116.476820 39413
39.991692 116.476792 39414
39.991550 116.476646 39419
39.991497 116.476446 39424
39.991556 116.476345 39429
39.991305 116.476352 39434
39.991208 116.476502 39439
39.991136 116.476626 39441
39.991028 116.476812 39444
39.990802 116.477146 39449
39.990560 116.477421 39454
39.990478 116.477533 39456
39.990355 116.477700 39459
39.990187 116.477981 39464
39.990047 116.478193 39469
39.990022 116.478250 39470
39.989972 116.478364 39472
39.989922 116.478478 39474
39.989838 116.478666 39477
39.989782 116.478791 39479
39.989734 116.478869 39480
39.989541 116.479181 39484
39.989205 116.479638 39489
39.989090 116.479795 39491
39.989033 116.479873 39492
39.988918 116.480030 39494
39.988623 116.480357 39499
39.988323 116.480801 39504
39.988052 116.481220 39509
39.987970 116.481335 39511
39.987847 116.481508 39514
39.987736 116.481572 39519
39.987450 116.481371 39524
39.987091 116.480984 39529
39.986689 116.480529 39534
39.986287 116.480081 39539
39.986204 116.479988 39540
39.985874 116.479616 39544
39.985443 116.479154 39549
39.985054 116.478710 39554
39.984769 116.478328 39559
39.984540 116.478037 39564
39.984449 116.477940 39569
39.984438 116.477933 39574
39.984437 116.477933 39579
39.984436 116.477932 39584
39.984436 116.477932 39585
39.984437 116.477932 39589
39.984444 116.477932 39594
39.984409 116.477898 39596
39.984357 116.477848 39599
39.984229 116.477697 39602
39.984143 116.477597 39604
39.984073 116.477529 39605
39.983794 116.477256 39609
39.983469 116.476942 39613
39.983388 116.476863 39614
39.983229 116.476682 39616
39.982990 116.476411 39619
39.982549 116.475975 39624
39.982093 116.475489 39629
39.981579 116.474947 39634
39.981053 116.474366 39639
39.980865 116.474136 39641
39.980582 116.473791 39644
39.980067 116.473233 39649
39.979725 116.472836 39653
39.979639 116.472737 39654
39.979263 116.472296 39659
39.979014 116.472027 39662
39.978848 116.471848 39664
39.978334 116.471293 39669
39.978250 116.471190 39670
39.977913 116.470777 39674
39.977550 116.470410 39679
39.977190 116.470049 39684
39.977104 116.469956 39685
39.976758 116.469582 39689
39.976532 116.469339 39692
39.976456 116.469258 39693
39.976381 116.469177 39694
39.975989 116.468728 39699
39.975592 116.468278 39704
39.975439 116.468102 39706
39.975210 116.467838 39709
39.974827 116.467418 39714
39.974440 116.466994 39719
39.974090 116.466608 39724
39.973938 116.466417 39726
39.973711 116.466131 39729
39.973246 116.465617 39734
39.972827 116.465058 39739
39.972508 116.464469 39743
39.972428 116.464322 39744
39.972147 116.463425 39749
39.972015 116.462399 39754
39.972078 116.461340 39759
39.972328 116.460395 39764
39.972739 116.459570 39769
39.973277 116.458705 39774
39.973802 116.457864 39779
39.974293 116.457103 39784
39.974759 116.456444 39789
39.974805 116.456370 39790
39.974987 116.456076 39794
39.975186 116.455738 39799
39.975469 116.455312 39804
39.975791 116.454824 39809
39.976052 116.454486 39813
39.976117 116.454401 39814
39.976256 116.454198 39816
39.976464 116.453894 39819
39.976783 116.453381 39824
39.977086 116.452923 39829
39.977155 116.452812 39830
39.977433 116.452369 39834
39.977777 116.451832 39839
39.978127 116.451299 39844
39.978530 116.450674 39849
39.978683 116.450438 39851
39.978836 116.450201 39853
39.978912 116.450083 39854
39.979258 116.449621 39859
39.979312 116.449374 39863
39.979326 116.449312 39864
39.979300 116.449027 39869
39.979040 116.449308 39874
39.978963 116.449441 39875
39.978810 116.449707 39877
39.978734 116.449840 39878
39.978657 116.449973 39879
39.978189 116.450660 39884
39.977696 116.451285 39889
39.977263 116.451928 39894
39.976911 116.452422 39898
39.976823 116.452545 39899
39.976506 116.453011 39903
39.976427 116.453128 39904
39.976143 116.453577 39908
39.976072 116.453689 39909
39.975922 116.453927 39911
39.975698 116.454284 39914
39.975347 116.454861 39919
39.975295 116.454940 39920
39.975242 116.455018 39921
39.975085 116.455254 39924
39.974848 116.455647 39929
39.974498 116.456200 39934
39.974152 116.456745 39939
39.973969 116.457031 39942
39.973847 116.457221 39944
39.973650 116.457486 39947
39.973518 116.457663 39949
39.973460 116.457754 39950
39.973226 116.458116 39954
39.972786 116.458660 39959
