39.967117 116.345383 2192
39.967400 116.345383 2212
39.967600 116.345300 2220
39.967900 116.345183 2231
39.968000 116.345196 2234
39.968167 116.345217 2239
39.968433 116.345233 2248
39.968602 116.345554 2259
39.968617 116.345583 2260
39.968817 116.345633 2270
39.969167 116.345583 2281
39.969476 116.345560 2292
39.969617 116.345550 2297
39.969867 116.345517 2306
39.970167 116.345500 2316
39.970383 116.345450 2326
39.970600 116.345433 2338
39.970600 116.344917 2354
39.970833 116.344833 2363
39.970892 116.344833 2365
39.971067 116.344833 2371
39.971400 116.344767 2382
39.971507 116.344756 2386
39.971883 116.344717 2400
39.971986 116.343241 2439
39.972050 116.342333 2463
39.972077 116.342328 2464
39.972373 116.342272 2475
39.972400 116.342267 2476
39.972457 116.342267 2478
39.972683 116.342267 2486
39.973067 116.342250 2499
39.973433 116.342200 2513
39.974200 116.342183 2539
39.974230 116.342183 2540
39.974650 116.342183 2554
39.974850 116.342167 2576
39.974567 116.342033 2612
39.974383 116.342017 2625
39.974410 116.341377 2641
39.974417 116.341217 2645
39.974350 116.340967 2654
39.974338 116.340728 2659
39.974333 116.340633 2661
39.974350 116.339833 2678
39.974400 116.339533 2686
39.974450 116.339083 2696
39.974517 116.338733 2703
39.974517 116.338180 2717
39.974517 116.338022 2721
39.974517 116.337983 2722
39.974633 116.337633 2729
39.974650 116.336883 2746
39.974664 116.336759 2748
39.974700 116.336450 2753
39.974967 116.335550 2767
39.975002 116.334948 2778
39.975033 116.334400 2788
