39.993734 116.327630 40621
39.993647 116.327630 40626
39.993556 116.327581 40631
39.993466 116.327544 40636
39.993400 116.327539 40639
39.993356 116.327535 40641
39.993231 116.327547 40646
39.993098 116.327568 40651
39.992982 116.327594 40656
39.992904 116.327590 40660
39.992884 116.327589 40661
39.992756 116.327616 40666
39.992633 116.327591 40671
39.992536 116.327569 40675
39.992512 116.327564 40676
39.992400 116.327527 40681
39.992219 116.327486 40686
39.992082 116.327513 40691
39.992008 116.327527 40696
39.991997 116.327532 40701
39.991999 116.327530 40703
39.992003 116.327526 40706
39.992024 116.327522 40711
39.992027 116.327506 40716
39.992022 116.327498 40718
39.992015 116.327487 40721
39.992012 116.327487 40726
39.992007 116.327489 40731
39.992016 116.327492 40732
39.992033 116.327499 40734
39.992051 116.327506 40736
39.992048 116.327476 40739
39.992046 116.327456 40741
39.992031 116.327197 40742
39.991973 116.326159 40746
39.991911 116.326095 40751
39.991905 116.326095 40753
39.991902 116.326096 40754
39.991896 116.326096 40756
39.991888 116.326095 40761
39.991802 116.326108 40766
39.991797 116.326079 40771
39.991787 116.326013 40773
39.991772 116.325913 40776
39.991819 116.325577 40781
39.991847 116.325409 40786
39.991875 116.325274 40791
39.991864 116.325089 40796
39.991873 116.324982 40801
39.991876 116.324956 40802
39.991890 116.324854 40806
39.991886 116.324650 40811
39.991880 116.324462 40816
39.991867 116.324304 40821
39.991811 116.324132 40826
39.991795 116.324080 40831
39.991792 116.324015 40836
39.991798 116.324019 40841
39.991839 116.323608 40846
39.991841 116.323552 40847
39.991849 116.323330 40851
39.991855 116.323174 40856
39.991851 116.323130 40858
39.991846 116.323063 40861
39.991853 116.322992 40864
39.991857 116.322945 40866
39.991864 116.322885 40867
39.991890 116.322646 40871
39.991912 116.322496 40875
39.991918 116.322459 40876
39.991911 116.322390 40878
39.991901 116.322287 40881
39.991871 116.322103 40886
39.991884 116.321970 40891
39.991874 116.321824 40896
39.991855 116.321694 40901
39.991856 116.321610 40903
39.991858 116.321483 40906
39.991855 116.321234 40911
39.991877 116.321144 40915
39.991882 116.321121 40916
39.991875 116.321009 40921
39.991885 116.320888 40924
39.991892 116.320807 40926
39.991897 116.320512 40931
39.991890 116.320494 40932
39.991864 116.320424 40936
39.991895 116.320241 40941
39.991907 116.320076 40946
39.991905 116.320061 40947
39.991895 116.319999 40951
39.991876 116.319906 40954
39.991869 116.319875 40955
39.991863 116.319844 40956
39.991897 116.319521 40961
39.991911 116.319386 40966
39.991911 116.319326 40968
39.991910 116.319236 40971
39.991882 116.319146 40976
39.991888 116.319068 40981
39.991919 116.318761 40986
39.991926 116.318686 40988
39.991936 116.318573 40991
39.991892 116.318318 40996
39.991885 116.318164 41001
39.991887 116.318029 41005
39.991888 116.317995 41006
39.991896 116.317839 41011
39.991889 116.317680 41016
39.991873 116.317505 41021
39.991867 116.317400 41026
39.991867 116.317350 41031
39.991905 116.317240 41036
39.991893 116.317053 41041
39.991898 116.316897 41046
39.991902 116.316797 41051
39.991906 116.316766 41052
39.991922 116.316643 41056
39.991919 116.316462 41061
39.991921 116.316260 41066
39.991878 116.315942 41071
39.991877 116.315796 41075
39.991877 116.315759 41076
39.991872 116.315666 41078
39.991865 116.315527 41081
39.991869 116.315341 41086
39.991877 116.315141 41091
39.991875 116.315096 41092
39.991869 116.314917 41096
39.991880 116.314734 41101
39.991864 116.314490 41106
39.991859 116.314354 41111
39.991854 116.314288 41113
39.991849 116.314223 41115
39.991846 116.314190 41116
39.991819 116.313978 41121
39.991797 116.313783 41125
39.991791 116.313734 41126
39.991778 116.313508 41131
39.991775 116.313303 41136
39.991773 116.313257 41137
39.991768 116.313166 41139
39.991766 116.313120 41140
39.991764 116.313074 41141
39.991739 116.312788 41146
39.991730 116.312557 41151
39.991718 116.312345 41156
39.991696 116.312178 41160
39.991690 116.312136 41161
39.991670 116.311982 41165
39.991665 116.311943 41166
39.991651 116.311781 41170
39.991647 116.311740 41171
39.991639 116.311708 41173
39.991627 116.311661 41176
39.991628 116.311666 41181
39.991628 116.311666 41182
39.991628 116.311667 41183
39.991627 116.311668 41186
39.991626 116.311662 41191
39.991625 116.311656 41196
39.991624 116.311651 41201
39.991623 116.311649 41204
39.991623 116.311648 41206
39.991622 116.311644 41209
39.991622 116.311642 41211
39.991622 116.311644 41212
39.991623 116.311654 41216
39.991623 116.311651 41221
