39.957648 116.364208 25239
39.957662 116.364305 25268
39.957619 116.364350 25270
39.957598 116.364373 25271
39.957534 116.364379 25272
39.957405 116.364391 25274
39.957277 116.364403 25276
39.957003 116.364380 25280
39.956815 116.364343 25285
39.956790 116.364242 25288
39.956793 116.364018 25293
39.956880 116.363714 25297
39.956902 116.363638 25298
39.957000 116.363275 25303
39.957052 116.362760 25308
39.957048 116.362340 25311
39.957046 116.362200 25312
39.957045 116.362060 25313
39.957035 116.361538 25318
39.957130 116.360965 25323
39.957228 116.360245 25328
39.957413 116.359493 25333
39.957410 116.358442 25338
39.957378 116.357347 25343
39.957228 116.356458 25348
39.957105 116.356040 25352
39.956995 116.355802 25356
39.956920 116.355727 25357
39.956622 116.355427 25361
39.956609 116.355374 25363
39.956595 116.355320 25365
39.956650 116.355195 25368
39.956669 116.355154 25369
39.956687 116.355112 25370
39.956967 116.354998 25374
39.957312 116.354963 25379
39.957685 116.354945 25383
39.958232 116.354920 25388
39.958458 116.354917 25389
39.959363 116.354907 25393
39.960173 116.354895 25398
39.960683 116.354881 25402
39.960810 116.354878 25403
39.961398 116.354827 25408
39.962075 116.354778 25413
39.962850 116.354718 25418
39.963595 116.354680 25423
39.964288 116.354612 25428
39.964995 116.354550 25433
39.965406 116.354565 25436
39.965680 116.354575 25438
39.966048 116.354562 25442
39.966222 116.354635 25446
39.966307 116.354930 25451
39.966351 116.355328 25455
39.966362 116.355428 25456
39.966362 116.355513 25457
39.966362 116.355768 25460
39.966352 116.356270 25465
39.966347 116.356897 25470
39.966342 116.357247 25472
39.966335 116.357772 25475
39.966322 116.358655 25480
39.966317 116.359530 25485
39.966321 116.360140 25489
39.966322 116.360293 25490
39.966282 116.361157 25495
39.966277 116.362000 25500
39.966302 116.362762 25505
39.966335 116.363518 25510
39.966343 116.363665 25511
39.966410 116.364512 25517
39.966463 116.365277 25522
39.966507 116.368353 25541
39.966523 116.369240 25546
39.966535 116.370087 25551
39.966537 116.370616 25554
39.966538 116.370968 25556
39.966568 116.371790 25561
39.966600 116.372535 25566
39.966652 116.373260 25571
39.966795 116.373638 25574
39.966890 116.373890 25576
39.967280 116.374325 25581
39.967735 116.374603 25586
39.968315 116.374803 25591
39.968888 116.374972 25596
39.969485 116.375118 25601
39.970102 116.375150 25606
39.970625 116.375110 25611
39.971038 116.375172 25616
39.971211 116.375188 25618
39.971385 116.375203 25620
39.971560 116.375216 25622
39.971822 116.375235 25625
39.972335 116.375232 25630
39.972698 116.375276 25633
39.972940 116.375305 25635
39.973100 116.375279 25636
39.973738 116.375173 25640
39.974333 116.375205 25644
39.974482 116.375213 25645
39.975245 116.375232 25650
39.976033 116.375172 25655
39.976778 116.375028 25660
39.977522 116.374820 25665
39.978124 116.374646 25669
39.978275 116.374603 25670
39.979032 116.374355 25675
39.979565 116.374201 25679
39.979698 116.374163 25680
39.979831 116.374124 25681
39.980098 116.374046 25683
39.980365 116.373968 25685
39.980792 116.373844 25688
39.981077 116.373762 25690
39.981755 116.373560 25695
39.982029 116.373486 25697
39.982440 116.373375 25700
39.983118 116.373205 25705
39.983835 116.373005 25710
39.984628 116.372807 25715
39.985472 116.372580 25720
39.985973 116.372430 25723
39.986147 116.372374 25724
39.986321 116.372317 25725
39.986495 116.372261 25726
39.986843 116.372148 25728
39.987732 116.371898 25733
39.988050 116.371806 25735
39.988527 116.371667 25738
39.989222 116.371458 25743
39.989972 116.371233 25748
39.990753 116.370947 25753
39.991442 116.370577 25758
39.991585 116.370478 25759
39.992157 116.370083 25763
39.992890 116.369553 25768
39.993021 116.369451 25769
39.993151 116.369349 25770
39.993282 116.369247 25771
39.993543 116.369043 25773
39.993666 116.368946 25774
39.993790 116.368849 25775
39.994160 116.368557 25778
39.994283 116.368461 25779
39.994773 116.368078 25783
39.995350 116.367627 25788
39.995917 116.367173 25793
39.996263 116.366907 25796
39.996493 116.366730 25798
39.996836 116.366492 25801
39.996951 116.366412 25802
39.997065 116.366333 25803
39.997175 116.366254 25804
39.997615 116.365938 25808
39.998117 116.365583 25813
39.998535 116.365298 25818
