0.000000 0.000000
0.000000 0.000000
0.000000 0.000000
0.000000 0.000000
0.000000 0.000000
0.000000 0.000000
0.000000 0.000000
0.000000 0.000000
0.000000 0.000000
0.000000 0.000000
0.000000 0.000000
0.000000 0.000000
0.000000 0.000000
0.000000 0.000000
0.000000 0.000000
0.000000 0.000000
0.000000 0.000000
0.000000 0.000000
0.000000 0.000000
0.000000 0.000000
0.000000 0.000000
0.000000 0.000000
0.000000 0.000000
0.000000 0.000000
0.000000 0.000000
0.000000 0.000000
0.000000 0.000000
0.000000 0.000000
0.000000 0.000000
0.000000 0.000000
0.000000 0.000000
0.000000 0.000000
0.000000 0.000000
0.000000 0.000000
0.000000 0.000000
0.000000 0.000000
0.000000 0.000000
0.000000 0.000000
0.000000 0.000000
0.000000 0.000000
0.000000 0.000000
0.000000 0.000000
0.000000 0.000000
0.000000 0.000000
39.974900 116.317883
39.974879 116.317892
39.974876 116.317893
39.974868 116.318208
39.975096 116.318269
39.974835 116.318217
39.974837 116.318217
39.974840 116.318216
39.974838 116.318216
39.974838 116.318216
39.974836 116.318217
39.974828 116.318220
39.974815 116.318223
39.974821 116.318221
0.000000 0.000000
39.974820 116.318222
39.974627 116.318476
39.974946 116.318798
39.974767 116.319063
39.974978 116.319292
39.974861 116.319479
39.974864 116.319867
39.974931 116.320181
39.974956 116.320280
0.000000 0.000000
39.974826 116.320133
39.974954 116.320269
39.974953 116.320266
39.974952 116.320264
0.000000 0.000000
39.974954 116.320271
39.974965 116.320634
39.975133 116.320825
39.975249 116.321154
39.975053 116.321788
39.975111 116.322286
39.975133 116.322582
39.975412 116.322823
39.975225 116.323803
39.975045 116.324141
39.975223 116.324494
39.975197 116.325203
39.975209 116.325545
39.975228 116.326056
39.975244 116.326588
39.974826 116.327052
39.974836 116.327434
39.975014 116.327792
39.974934 116.328162
39.975310 116.328491
39.975316 116.328632
39.975316 116.328632
39.975179 116.328626
0.000000 0.000000
0.000000 0.000000
0.000000 0.000000
0.000000 0.000000
0.000000 0.000000
0.000000 0.000000
0.000000 0.000000
0.000000 0.000000
0.000000 0.000000
0.000000 0.000000
0.000000 0.000000
0.000000 0.000000
0.000000 0.000000
0.000000 0.000000
0.000000 0.000000
0.000000 0.000000
0.000000 0.000000
0.000000 0.000000
0.000000 0.000000
0.000000 0.000000
0.000000 0.000000
0.000000 0.000000
0.000000 0.000000
0.000000 0.000000
0.000000 0.000000
0.000000 0.000000
0.000000 0.000000
0.000000 0.000000
0.000000 0.000000
0.000000 0.000000
0.000000 0.000000
0.000000 0.000000
0.000000 0.000000
0.000000 0.000000
39.974941 116.331991
39.975141 116.331974
39.974635 116.332016
39.975141 116.331974
39.974903 116.331994
39.974841 116.331999
39.974786 116.332003
39.974785 116.332004
39.974731 116.332008
39.974691 116.332011
39.974654 116.332014
39.974635 116.332016
39.974660 116.332014
39.974614 116.332017
39.974558 116.332021
39.974391 116.332032
39.974319 116.332037
39.974246 116.332041
39.974201 116.332044
39.974156 116.332047
39.974153 116.332048
39.974139 116.332048
39.974129 116.332049
39.974095 116.332051
39.974095 116.332051
39.974103 116.332051
39.974076 116.332053
39.973990 116.332058
39.973897 116.332064
39.973710 116.332197
39.973709 116.332173
39.973705 116.332116
39.973702 116.332077
39.973702 116.332077
39.973702 116.332077
39.973025 116.331932
39.973025 116.331932
39.973025 116.331932
39.973035 116.332153
39.973036 116.332157
39.973070 116.332880
39.973420 116.333394
39.973087 116.333242
39.973274 116.333421
39.973228 116.333430
39.973090 116.333306
39.973087 116.333243
39.973087 116.333248
39.973088 116.333261
39.973088 116.333262
39.973086 116.333210
39.973086 116.333210
39.973085 116.333204
39.973085 116.333192
39.973084 116.333181
0.000000 0.000000
39.973084 116.333186
39.973151 116.333444
39.973194 116.333926
39.973112 116.333767
39.973264 116.333923
39.973295 116.333922
39.973336 116.333920
39.973332 116.333920
39.973377 116.333918
39.973444 116.333915
39.973451 116.333915
0.000000 0.000000
0.000000 0.000000
0.000000 0.000000
0.000000 0.000000
0.000000 0.000000
0.000000 0.000000
0.000000 0.000000
0.000000 0.000000
0.000000 0.000000
0.000000 0.000000
39.973291 116.333922
39.973321 116.333920
39.973313 116.333921
39.973285 116.333922
0.000000 0.000000
0.000000 0.000000
0.000000 0.000000
0.000000 0.000000
0.000000 0.000000
39.973504 116.333912
0.000000 0.000000
0.000000 0.000000
39.973587 116.333908
39.973551 116.333910
39.973484 116.333913
39.973488 116.333913
39.973554 116.333910
39.973575 116.333909
39.973575 116.333909
39.973577 116.333909
39.973543 116.333910
39.973481 116.333913
39.973443 116.333915
39.973419 116.333916
39.973419 116.333916
39.973423 116.333916
39.973496 116.333913
39.973553 116.333910
39.973553 116.333910
39.973628 116.333907
0.000000 0.000000
0.000000 0.000000
0.000000 0.000000
0.000000 0.000000
0.000000 0.000000
0.000000 0.000000
0.000000 0.000000
0.000000 0.000000
0.000000 0.000000
0.000000 0.000000
0.000000 0.000000
0.000000 0.000000
0.000000 0.000000
0.000000 0.000000
39.974062 116.334833
39.974062 116.334827
0.000000 0.000000
39.974062 116.334832
0.000000 0.000000
0.000000 0.000000
0.000000 0.000000
0.000000 0.000000
0.000000 0.000000
0.000000 0.000000
0.000000 0.000000
0.000000 0.000000
0.000000 0.000000
0.000000 0.000000
0.000000 0.000000
0.000000 0.000000
0.000000 0.000000
39.974063 116.334810
39.974063 116.334818
0.000000 0.000000
0.000000 0.000000
0.000000 0.000000
0.000000 0.000000
0.000000 0.000000
0.000000 0.000000
0.000000 0.000000
0.000000 0.000000
39.974047 116.335197
39.974058 116.334928
39.974057 116.334944
39.974057 116.334952
0.000000 0.000000
39.974047 116.335197
39.974059 116.334900
39.974060 116.334884
0.000000 0.000000
39.974047 116.335197
39.974063 116.334814
39.974047 116.335197
39.974047 116.335197
39.974065 116.334759
39.974047 116.335197
39.974065 116.334753
39.974064 116.334781
39.974064 116.334775
39.974064 116.334775
39.974065 116.334769
39.974064 116.334793
39.974063 116.334803
39.974064 116.334796
39.974064 116.334776
39.974047 116.335197
0.000000 0.000000
39.974047 116.335197
39.974062 116.334831
39.974061 116.334852
39.974047 116.335197
39.974061 116.334861
39.974047 116.335197
0.000000 0.000000
39.974047 116.335197
39.974047 116.335197
39.974061 116.334862
39.974061 116.334864
39.974061 116.334863
0.000000 0.000000
39.974047 116.335197
39.974060 116.334873
39.974060 116.334884
39.974047 116.335197
39.974062 116.334839
0.000000 0.000000
39.974047 116.335197
39.974064 116.334782
0.000000 0.000000
39.974064 116.334775
39.974066 116.334729
39.974068 116.334695
39.974068 116.334695
39.974068 116.334695
39.974067 116.334700
39.974066 116.334728
39.974066 116.334728
39.974066 116.334725
39.974068 116.334690
39.974068 116.334690
39.974068 116.334692
39.974068 116.334691
39.974068 116.334699
39.974068 116.334699
39.974068 116.334691
39.974068 116.334682
0.000000 0.000000
0.000000 0.000000
0.000000 0.000000
0.000000 0.000000
0.000000 0.000000
39.973579 116.333909
0.000000 0.000000
0.000000 0.000000
0.000000 0.000000
39.973573 116.333909
39.973586 116.333908
39.973588 116.333908
39.973585 116.333908
39.973585 116.333908
39.973590 116.333908
0.000000 0.000000
39.973591 116.333908
0.000000 0.000000
39.974071 116.334622
39.974072 116.334599
39.974073 116.334563
0.000000 0.000000
39.973590 116.333908
39.973599 116.333908
39.974074 116.334551
39.974074 116.334541
39.974074 116.334537
39.974075 116.334528
39.974073 116.334554
39.974073 116.334569
39.974074 116.334544
39.974074 116.334549
0.000000 0.000000
39.974074 116.334551
39.973607 116.333907
39.973603 116.333908
39.973608 116.333907
39.973598 116.333908
39.973605 116.333908
39.973611 116.333907
39.973602 116.333908
39.973594 116.333908
39.973588 116.333908
39.973589 116.333908
39.973589 116.333908
39.973597 116.333908
39.973631 116.333906
39.973656 116.333905
39.973671 116.333905
39.973671 116.333905
39.973666 116.333905
39.973620 116.333907
39.973592 116.333908
39.973589 116.333908
39.973596 116.333908
39.973596 116.333908
39.973588 116.333908
39.973581 116.333909
39.973576 116.333909
39.973569 116.333909
39.973569 116.333909
39.973573 116.333909
39.973597 116.333908
39.973597 116.333908
39.973591 116.333908
39.973590 116.333908
39.973550 116.333910
39.973550 116.333910
39.973553 116.333910
39.973585 116.333909
39.973575 116.333909
39.973581 116.333909
39.973570 116.333909
39.973554 116.333910
39.973546 116.333910
39.973546 116.333910
39.973543 116.333910
39.973489 116.333913
39.973483 116.333913
39.973492 116.333913
39.973477 116.333913
39.973496 116.333913
39.973496 116.333913
39.973501 116.333912
39.973497 116.333912
39.973496 116.333913
39.973496 116.333913
39.973496 116.333913
39.973495 116.333913
39.973516 116.333912
39.973514 116.333912
39.973514 116.333912
39.973521 116.333911
39.973536 116.333911
39.973524 116.333911
39.973520 116.333911
39.973526 116.333911
39.973524 116.333911
39.973524 116.333911
39.973522 116.333911
39.973506 116.333912
39.973490 116.333913
39.973492 116.333913
39.973492 116.333913
39.973499 116.333912
39.973535 116.333911
39.973554 116.333910
39.973545 116.333910
39.973549 116.333910
39.973549 116.333910
39.973544 116.333910
39.973558 116.333910
39.973565 116.333909
39.973570 116.333909
39.973570 116.333909
39.973563 116.333909
39.973530 116.333911
39.973523 116.333911
39.973532 116.333911
39.973506 116.333912
39.973524 116.333911
39.973567 116.333909
39.973613 116.333907
39.973607 116.333907
39.973594 116.333908
39.973572 116.333909
39.973581 116.333909
39.973596 116.333908
39.973574 116.333909
39.973598 116.333908
39.973581 116.333909
39.973575 116.333909
39.973575 116.333909
39.973569 116.333909
39.973546 116.333910
39.973523 116.333911
39.973522 116.333911
39.973521 116.333911
39.973506 116.333912
39.973506 116.333912
39.973506 116.333912
39.973507 116.333912
39.973514 116.333912
39.973567 116.333909
39.973581 116.333909
39.973585 116.333908
39.973561 116.333910
39.973516 116.333912
39.973508 116.333912
39.973531 116.333911
39.973538 116.333911
39.973538 116.333911
39.973545 116.333910
39.973578 116.333909
39.973571 116.333909
39.973554 116.333910
39.973554 116.333910
39.973557 116.333910
39.973559 116.333910
39.973559 116.333910
39.973560 116.333910
39.973564 116.333909
39.973564 116.333909
39.973566 116.333909
39.973600 116.333908
39.973592 116.333908
39.973581 116.333909
39.973579 116.333909
39.973579 116.333909
39.973571 116.333909
39.973538 116.333911
39.973550 116.333910
39.973505 116.333912
39.973461 116.333914
39.973479 116.333913
39.973480 116.333913
39.973508 116.333912
39.973545 116.333910
39.973545 116.333910
39.973552 116.333910
39.973569 116.333909
39.973566 116.333909
39.973569 116.333909
39.973567 116.333909
39.973567 116.333909
39.973559 116.333910
39.973542 116.333910
39.973542 116.333910
39.973543 116.333910
39.973533 116.333911
39.973522 116.333911
39.973522 116.333911
39.973530 116.333911
39.973529 116.333911
39.973529 116.333911
39.973534 116.333911
39.973536 116.333911
39.973527 116.333911
39.973530 116.333911
0.000000 0.000000
0.000000 0.000000
0.000000 0.000000
0.000000 0.000000
0.000000 0.000000
0.000000 0.000000
0.000000 0.000000
0.000000 0.000000
0.000000 0.000000
0.000000 0.000000
0.000000 0.000000
0.000000 0.000000
0.000000 0.000000
0.000000 0.000000
39.973593 116.333908
39.973572 116.333909
39.973588 116.333908
39.973626 116.333907
39.973660 116.333905
39.973674 116.333904
39.973656 116.333905
39.973660 116.333905
0.000000 0.000000
39.974083 116.334322
39.974082 116.334351
39.974083 116.334334
39.974084 116.334290
39.973644 116.333906
39.973614 116.333907
39.973614 116.333907
39.973610 116.333907
39.973624 116.333907
0.000000 0.000000
39.973631 116.333906
39.974089 116.334177
39.973642 116.333906
39.974088 116.334194
39.973625 116.333907
39.973627 116.333907
39.973627 116.333907
39.973630 116.333906
39.973583 116.333909
39.973588 116.333908
39.973616 116.333907
39.973600 116.333908
39.973599 116.333908
39.973599 116.333908
39.973599 116.333908
39.973603 116.333908
39.973613 116.333907
39.973620 116.333907
39.974079 116.334413
39.974077 116.334471
39.974074 116.334537
39.974069 116.334664
39.974066 116.334746
39.974065 116.334766
39.974064 116.334789
39.974064 116.334789
39.974064 116.334783
39.974065 116.334766
39.974066 116.334730
39.974068 116.334696
39.974070 116.334640
39.974072 116.334582
39.974072 116.334582
39.974072 116.334582
39.974074 116.334539
39.973609 116.333907
39.973586 116.333908
39.973573 116.333909
39.973586 116.333908
39.973603 116.333908
39.973596 116.333908
39.973568 116.333909
39.973535 116.333911
39.973519 116.333911
39.973526 116.333911
39.973526 116.333911
39.973529 116.333911
39.973540 116.333911
39.973547 116.333910
39.973534 116.333911
39.973514 116.333912
39.973520 116.333911
39.973527 116.333911
39.973527 116.333911
39.973534 116.333911
39.973547 116.333910
39.973537 116.333911
39.973536 116.333911
39.973548 116.333910
39.973580 116.333909
39.973567 116.333909
39.973538 116.333911
39.973538 116.333911
39.973543 116.333910
39.973541 116.333911
39.973541 116.333911
39.973537 116.333911
39.973568 116.333909
39.973599 116.333908
39.973589 116.333908
39.973599 116.333908
39.973614 116.333907
39.974078 116.334443
39.974077 116.334457
39.973623 116.333907
0.000000 0.000000
39.973619 116.333907
39.974079 116.334408
39.974081 116.334379
0.000000 0.000000
39.973631 116.333906
39.973606 116.333908
39.973573 116.333909
39.973568 116.333909
39.973568 116.333909
39.973571 116.333909
39.973566 116.333909
39.973555 116.333910
39.973572 116.333909
39.973587 116.333908
39.973603 116.333908
39.973601 116.333908
39.973619 116.333907
39.973628 116.333907
39.973619 116.333907
39.974085 116.334267
39.974084 116.334298
0.000000 0.000000
39.974084 116.334302
39.973611 116.333907
39.973609 116.333907
39.973596 116.333908
39.973619 116.333907
39.973606 116.333908
39.973572 116.333909
39.973553 116.333910
39.973565 116.333909
39.973565 116.333909
39.973565 116.333909
39.973558 116.333910
39.973560 116.333910
39.973560 116.333910
39.973558 116.333910
39.973586 116.333908
39.973575 116.333909
39.973575 116.333909
39.973575 116.333909
39.973585 116.333908
39.973575 116.333909
39.973550 116.333910
39.973552 116.333910
39.973552 116.333910
39.973558 116.333910
39.973612 116.333907
39.973613 116.333907
39.973613 116.333907
39.973608 116.333907
39.973614 116.333907
39.973613 116.333907
39.973608 116.333907
39.973625 116.333907
39.973629 116.333906
39.973586 116.333908
39.973573 116.333909
39.973587 116.333908
39.973563 116.333909
39.973532 116.333911
39.973502 116.333912
39.973522 116.333911
39.973552 116.333910
39.973544 116.333910
39.973544 116.333910
39.973543 116.333910
39.973531 116.333911
39.973522 116.333911
39.973522 116.333911
39.973528 116.333911
39.973533 116.333911
39.973557 116.333910
39.973566 116.333909
39.973566 116.333909
39.973571 116.333909
39.973606 116.333908
39.973620 116.333907
39.973607 116.333908
39.973554 116.333910
39.973522 116.333911
39.973480 116.333913
39.973480 116.333913
39.973496 116.333913
39.973528 116.333911
39.973493 116.333913
39.973466 116.333914
39.973460 116.333914
39.973481 116.333913
39.973469 116.333914
39.973440 116.333915
39.973426 116.333916
39.973437 116.333915
39.973464 116.333914
39.973396 116.333752
39.973388 116.333752
39.973417 116.333750
39.973422 116.333750
39.973422 116.333750
39.973426 116.333750
39.973430 116.333750
39.973430 116.333750
39.973430 116.333750
39.973423 116.333750
39.973413 116.333751
39.973395 116.333752
39.973395 116.333752
39.973390 116.333752
39.973394 116.333752
39.973382 116.333752
39.973382 116.333752
39.973382 116.333752
39.973388 116.333752
39.973394 116.333752
39.973404 116.333751
39.973404 116.333751
39.973408 116.333751
39.973413 116.333751
39.973413 116.333751
39.973406 116.333751
39.973401 116.333751
39.973446 116.333749
39.973451 116.333749
39.973436 116.333749
39.973430 116.333750
39.973428 116.333916
39.973412 116.333916
39.973403 116.333917
39.973389 116.333917
39.973391 116.333752
39.973402 116.333751
39.973402 116.333751
39.973395 116.333752
39.973395 116.333752
39.973411 116.333751
39.973411 116.333751
39.973418 116.333750
39.973410 116.333751
39.973431 116.333750
39.973440 116.333749
39.973457 116.333914
39.973469 116.333914
39.973446 116.333915
39.973444 116.333915
39.973452 116.333915
39.973465 116.333914
39.973112 116.333767
39.973481 116.333913
0.000000 0.000000
39.973472 116.333914
39.973463 116.333914
39.973461 116.333914
39.973461 116.333914
39.973465 116.333914
39.973446 116.333915
39.973473 116.333914
39.973472 116.333914
39.973472 116.333914
39.973476 116.333913
39.973469 116.333914
39.973459 116.333914
39.973467 116.333914
39.973488 116.333913
39.973471 116.333747
39.973450 116.333749
39.973434 116.333749
39.973445 116.333749
39.973459 116.333748
39.973460 116.333748
39.973463 116.333748
39.973463 116.333748
39.973467 116.333748
39.973467 116.333748
39.973468 116.333748
39.973463 116.333748
39.973458 116.333748
39.973458 116.333748
39.973454 116.333748
39.973456 116.333748
39.973450 116.333749
39.973450 116.333749
39.973457 116.333748
39.973454 116.333914
0.000000 0.000000
39.973447 116.333915
39.973436 116.333915
39.973438 116.333915
39.973448 116.333915
39.973491 116.333913
39.973517 116.333912
39.973528 116.333911
39.973528 116.333911
39.973532 116.333911
39.973534 116.333911
39.973533 116.333911
39.973528 116.333911
39.973497 116.333913
39.973491 116.333913
39.973491 116.333913
39.973485 116.333913
39.973479 116.333913
39.973484 116.333913
39.973520 116.333911
39.973535 116.333911
39.973538 116.333911
39.973538 116.333911
39.973540 116.333911
39.973523 116.333911
39.973512 116.333912
39.973577 116.333909
39.973610 116.333907
39.973615 116.333907
39.973616 116.333907
39.973614 116.333907
0.000000 0.000000
39.973603 116.333740
39.973609 116.333740
39.973614 116.333740
39.973612 116.333740
39.973612 116.333740
0.000000 0.000000
39.973611 116.333740
39.973575 116.333909
39.973545 116.333910
39.973540 116.333911
39.973549 116.333910
39.973543 116.333910
39.973543 116.333910
39.973544 116.333910
39.973546 116.333910
39.973548 116.333910
39.973537 116.333911
39.973497 116.333912
39.973526 116.333911
39.973526 116.333911
39.973529 116.333911
39.973517 116.333912
39.973518 116.333912
39.973518 116.333912
39.973514 116.333912
39.973502 116.333912
39.973501 116.333912
39.973498 116.333912
39.973493 116.333913
39.973493 116.333913
39.973496 116.333913
39.973519 116.333911
39.973533 116.333911
39.973533 116.333744
39.973528 116.333744
39.973508 116.333745
39.973516 116.333745
39.973490 116.333746
39.973467 116.333748
39.973470 116.333748
39.973466 116.333748
39.973459 116.333748
39.973449 116.333749
39.973439 116.333749
39.973450 116.333915
39.973456 116.333914
39.973451 116.333915
39.973451 116.333915
39.973454 116.333914
39.973450 116.333915
39.973427 116.333916
39.973427 116.333916
39.973431 116.333915
39.973415 116.333916
39.973416 116.333916
39.973451 116.333915
39.973425 116.333916
39.973379 116.333918
39.973487 116.333913
39.973490 116.333913
0.000000 0.000000
0.000000 0.000000
0.000000 0.000000
39.973519 116.333911
39.973519 116.333911
39.973521 116.333911
39.973521 116.333911
39.973517 116.333912
39.973488 116.333913
39.973508 116.333912
39.973514 116.333912
39.973514 116.333912
39.973514 116.333912
39.973511 116.333912
39.973519 116.333911
39.973519 116.333911
39.973525 116.333911
39.973521 116.333911
39.973512 116.333912
39.973501 116.333912
39.973494 116.333913
39.973489 116.333913
39.973489 116.333913
39.973485 116.333913
39.973480 116.333913
39.973478 116.333913
39.973478 116.333913
39.973471 116.333914
39.973462 116.333914
39.973452 116.333915
39.973466 116.333914
39.973469 116.333914
39.973469 116.333914
39.973469 116.333914
39.973477 116.333913
39.973473 116.333914
39.973473 116.333914
39.973471 116.333914
39.973466 116.333914
39.973436 116.333915
39.973414 116.333916
39.973409 116.333917
39.973408 116.333917
39.973401 116.333917
39.973386 116.333752
39.973381 116.333752
39.973376 116.333753
39.973388 116.333752
39.973374 116.333753
39.973374 116.333753
39.973373 116.333753
39.973390 116.333752
39.973399 116.333751
39.973406 116.333751
39.973396 116.333917
39.973388 116.333917
39.973388 116.333917
39.973371 116.333918
39.973375 116.333918
39.973373 116.333918
39.973354 116.333919
39.973364 116.333753
39.973364 116.333753
39.973351 116.333754
39.973385 116.333752
39.973383 116.333752
39.973361 116.333753
39.973361 116.333753
39.973369 116.333753
39.973377 116.333753
39.973377 116.333753
39.973377 116.333753
39.973385 116.333752
39.973394 116.333752
39.973394 116.333752
39.973402 116.333751
39.973442 116.333749
39.973442 116.333749
39.973438 116.333749
39.973408 116.333751
39.973432 116.333915
39.973437 116.333915
39.973439 116.333915
39.973429 116.333916
39.973467 116.333914
39.973458 116.333914
39.973454 116.333914
39.973464 116.333914
39.973474 116.333914
0.000000 0.000000
39.973520 116.333911
0.000000 0.000000
39.973530 116.333911
0.000000 0.000000
0.000000 0.000000
0.000000 0.000000
39.973483 116.333913
39.973435 116.333915
39.973425 116.333916
39.973419 116.333916
39.973428 116.333916
39.973437 116.333915
39.973439 116.333915
39.973439 116.333915
39.973443 116.333915
39.973458 116.333914
39.973478 116.333913
39.973474 116.333914
39.973464 116.333914
39.973416 116.333916
39.973365 116.333919
39.973363 116.333919
39.973354 116.333919
39.973356 116.333919
39.973349 116.333919
39.973358 116.333919
39.973355 116.333919
39.973355 116.333919
39.973356 116.333919
39.973401 116.333917
39.973421 116.333916
39.973421 116.333916
39.973416 116.333916
39.973411 116.333916
39.973112 116.333767
39.973112 116.333767
39.973409 116.333917
39.973112 116.333767
0.000000 0.000000
39.973417 116.333916
39.973408 116.333917
39.973405 116.333917
39.973406 116.333917
39.973419 116.333916
39.973413 116.333916
39.973407 116.333917
39.973404 116.333917
39.973414 116.333916
39.973421 116.333916
0.000000 0.000000
39.973418 116.333916
39.973112 116.333767
39.973401 116.333917
0.000000 0.000000
39.973399 116.333917
39.973390 116.333917
39.973112 116.333767
39.973384 116.333918
0.000000 0.000000
39.973112 116.333767
39.973387 116.333917
39.973112 116.333767
39.973112 116.333767
39.973381 116.333918
39.973392 116.333917
39.973112 116.333767
39.973112 116.333767
39.973390 116.333917
0.000000 0.000000
39.973391 116.333917
39.973112 116.333767
39.973385 116.333918
39.973382 116.333918
39.973381 116.333918
39.973384 116.333918
39.973385 116.333918
39.973390 116.333917
39.973390 116.333917
39.973398 116.333917
39.973410 116.333916
39.973112 116.333767
39.973409 116.333916
0.000000 0.000000
39.973405 116.333917
39.973405 116.333917
39.973402 116.333917
39.973402 116.333917
39.973404 116.333917
39.973403 116.333917
39.973112 116.333767
39.973401 116.333917
0.000000 0.000000
39.973399 116.333917
39.973400 116.333917
39.973395 116.333917
39.973410 116.333916
39.973414 116.333916
39.973409 116.333917
39.973393 116.333917
39.973389 116.333917
39.973389 116.333917
39.973394 116.333917
39.973389 116.333917
39.973112 116.333767
39.973112 116.333767
39.973374 116.333918
39.973355 116.333919
39.973358 116.333919
39.973357 116.333919
39.973369 116.333918
39.973361 116.333919
39.973372 116.333918
39.973372 116.333918
39.973373 116.333918
39.973364 116.333919
39.973362 116.333919
39.973341 116.333920
39.973339 116.333920
39.973355 116.333919
39.973368 116.333918
39.973367 116.333918
39.973368 116.333918
39.973368 116.333918
39.973364 116.333919
39.973355 116.333919
39.973328 116.333920
39.973112 116.333767
0.000000 0.000000
39.973112 116.333767
39.973112 116.333767
39.973332 116.333920
0.000000 0.000000
39.973325 116.333920
39.973320 116.333921
39.973338 116.333920
39.973112 116.333767
39.973112 116.333767
39.973112 116.333767
39.973112 116.333767
0.000000 0.000000
39.973346 116.333919
39.973112 116.333767
39.973361 116.333919
39.973373 116.333918
39.973363 116.333919
39.973363 116.333919
39.973365 116.333919
39.973363 116.333919
39.973363 116.333919
39.973361 116.333919
39.973374 116.333918
39.973386 116.333918
39.973383 116.333918
39.973378 116.333918
39.973380 116.333918
39.973380 116.333918
39.973380 116.333918
39.973362 116.333919
39.973362 116.333919
39.973355 116.333919
39.973354 116.333919
39.973349 116.333919
39.973339 116.333920
39.973351 116.333919
39.973340 116.333920
39.973329 116.333920
39.973330 116.333920
0.000000 0.000000
39.973332 116.333920
39.973112 116.333767
39.973339 116.333920
39.973331 116.333920
39.973297 116.333922
39.973282 116.333922
39.973307 116.333921
39.973317 116.333921
39.973318 116.333921
39.973314 116.333921
39.973329 116.333920
39.973334 116.333920
39.973311 116.333921
39.973294 116.333922
39.973306 116.333921
39.973354 116.333919
39.973385 116.333918
39.973385 116.333918
39.973373 116.333918
39.973385 116.333918
39.973371 116.333918
39.973362 116.333919
39.973379 116.333918
39.973384 116.333918
39.973377 116.333918
39.973377 116.333918
39.973377 116.333918
39.973371 116.333918
39.973366 116.333918
39.973369 116.333918
39.973378 116.333918
39.973373 116.333918
39.973366 116.333918
39.973371 116.333918
39.973383 116.333918
39.973383 116.333918
39.973371 116.333918
39.973354 116.333919
39.973352 116.333919
39.973352 116.333919
39.973354 116.333919
39.973373 116.333918
39.973365 116.333919
39.973358 116.333919
39.973338 116.333920
39.973335 116.333920
39.973344 116.333919
39.973352 116.333919
39.973369 116.333918
39.973410 116.333916
39.973416 116.333916
39.973401 116.333917
39.973407 116.333917
39.973399 116.333917
39.973446 116.333915
39.973463 116.333914
39.973471 116.333914
39.973484 116.333913
39.973479 116.333913
39.973479 116.333913
39.973482 116.333913
39.973457 116.333914
39.973447 116.333915
39.973412 116.333916
39.973389 116.333917
39.973374 116.333918
39.973377 116.333918
39.973376 116.333918
39.973376 116.333918
39.973375 116.333918
39.973428 116.333916
39.973454 116.333914
39.973454 116.333914
39.973461 116.333914
39.973481 116.333913
39.973513 116.333912
39.973519 116.333745
39.973542 116.333744
39.973516 116.333745
39.973553 116.333743
39.973576 116.333742
39.973555 116.333743
39.973548 116.333743
39.973547 116.333743
39.973547 116.333743
0.000000 0.000000
39.973550 116.333743
39.973500 116.333912
39.973458 116.333914
39.973450 116.333915
39.973451 116.333915
39.973449 116.333915
39.973449 116.333915
39.973446 116.333915
39.973442 116.333915
39.973411 116.333916
39.973469 116.333748
39.973470 116.333748
39.973477 116.333747
39.973488 116.333747
39.973517 116.333745
39.973522 116.333745
0.000000 0.000000
39.973519 116.333745
39.973512 116.333376
0.000000 0.000000
39.973770 116.333328
39.973525 116.333745
39.973506 116.333746
0.000000 0.000000
39.973500 116.333746
39.973500 116.333379
39.973560 116.333367
39.973577 116.333364
39.973559 116.333367
39.973536 116.333372
39.973502 116.333378
39.973475 116.333383
39.973462 116.333386
39.973434 116.333391
39.973425 116.333393
39.973433 116.333391
39.973466 116.333748
0.000000 0.000000
39.973472 116.333747
39.973480 116.333747
39.973511 116.333745
39.973490 116.333913
39.973451 116.333915
39.973417 116.333916
39.973396 116.333917
39.973358 116.333919
39.973348 116.333919
39.973355 116.333919
39.973352 116.333919
39.973366 116.333918
39.973371 116.333918
39.973384 116.333918
39.973451 116.333915
39.973469 116.333914
39.973487 116.333913
39.973527 116.333911
39.973537 116.333911
39.973531 116.333744
39.973512 116.333745
39.973489 116.333747
39.973475 116.333747
39.973475 116.333747
39.973480 116.333747
39.973498 116.333746
39.973502 116.333746
39.973488 116.333913
39.973475 116.333913
39.973464 116.333914
39.973478 116.333913
39.973468 116.333914
39.973468 116.333914
39.973467 116.333914
39.973458 116.333914
39.973448 116.333915
39.973432 116.333915
39.973409 116.333917
39.973409 116.333917
39.973414 116.333916
39.973396 116.333917
39.973384 116.333918
39.973376 116.333918
39.973383 116.333918
39.973112 116.333767
39.973400 116.333917
39.973112 116.333767
39.973112 116.333767
39.973418 116.333916
39.973412 116.333916
39.973430 116.333916
39.973435 116.333915
0.000000 0.000000
39.973428 116.333916
39.973112 116.333767
39.973419 116.333916
39.973316 116.333921
39.973308 116.333921
39.973318 116.333921
39.973387 116.333918
39.973418 116.333916
39.973467 116.333748
39.973453 116.333387
39.973494 116.333380
39.973597 116.333360
39.973604 116.333359
39.973588 116.333362
39.973588 116.333362
39.973590 116.333362
39.973595 116.333361
39.973595 116.333361
39.973590 116.333362
39.973581 116.333363
39.973524 116.333745
39.973518 116.333745
39.973495 116.333746
39.973495 116.333746
39.973496 116.333746
39.973492 116.333746
39.973495 116.333746
39.973499 116.333746
39.973502 116.333746
39.973502 116.333746
39.973504 116.333746
39.973518 116.333745
39.973523 116.333745
39.973523 116.333745
39.973517 116.333745
39.973509 116.333745
39.973487 116.333747
39.973471 116.333748
39.973455 116.333748
39.973459 116.333748
39.973459 116.333914
39.973410 116.333916
39.973452 116.333915
39.973452 116.333915
39.973450 116.333915
39.973425 116.333750
39.973432 116.333750
39.973450 116.333749
39.973448 116.333749
39.973448 116.333749
39.973449 116.333749
39.973445 116.333749
39.973447 116.333749
39.973442 116.333389
39.973458 116.333386
39.973458 116.333386
39.973452 116.333388
39.973435 116.333391
39.973440 116.333390
39.973454 116.333387
39.973490 116.333380
39.973540 116.333371
39.973552 116.333369
39.973543 116.333371
39.973517 116.333375
39.973495 116.333379
39.973492 116.333380
39.973489 116.333381
39.973490 116.333380
39.973494 116.333380
39.973494 116.333380
39.973500 116.333379
39.973509 116.333377
39.973509 116.333377
39.973513 116.333376
39.973531 116.333373
39.973531 116.333373
39.973536 116.333372
39.973496 116.333379
39.973472 116.333384
39.973472 116.333384
39.973480 116.333382
39.973480 116.333382
39.973477 116.333383
39.973493 116.333380
39.973547 116.333370
39.973539 116.333371
39.973772 116.333165
39.973759 116.332900
39.973755 116.332841
39.973748 116.332742
39.973746 116.332719
39.973744 116.332685
39.973744 116.332686
39.973745 116.332705
39.973741 116.332643
39.973735 116.332557
39.973738 116.332600
39.973744 116.332684
39.973745 116.332696
39.973746 116.332719
39.973746 116.332710
39.973745 116.332699
39.973745 116.332694
39.973744 116.332689
39.973744 116.332689
39.973744 116.332685
39.973740 116.332622
39.973737 116.332576
39.973738 116.332602
39.973750 116.332765
39.973758 116.332893
39.973761 116.332923
39.973773 116.333103
0.000000 0.000000
39.973773 116.333103
39.973758 116.332888
39.973760 116.332912
39.973773 116.333103
39.973773 116.333103
39.973773 116.333103
39.973762 116.332949
39.973773 116.333103
0.000000 0.000000
39.973773 116.333103
39.973768 116.333024
39.973772 116.333170
39.973772 116.333202
39.973551 116.333369
39.973570 116.333365
39.973564 116.333367
39.973585 116.333363
39.973595 116.333361
39.973603 116.333359
39.973603 116.333359
39.973603 116.333359
39.973603 116.333359
39.973611 116.333358
39.973599 116.333360
39.973770 116.333328
39.973630 116.333739
39.973631 116.333739
39.973614 116.333740
39.973583 116.333741
39.973578 116.333742
39.973572 116.333909
39.973512 116.333912
39.973500 116.333912
39.973478 116.333913
39.973478 116.333913
39.973429 116.333916
39.973411 116.333916
39.973405 116.333917
39.973393 116.333917
39.973361 116.333919
39.973373 116.333918
39.973423 116.333916
39.973481 116.333913
39.973519 116.333912
39.973521 116.333911
39.973548 116.333910
39.973549 116.333910
39.973549 116.333910
39.973547 116.333910
39.973492 116.333913
0.000000 0.000000
0.000000 0.000000
0.000000 0.000000
0.000000 0.000000
0.000000 0.000000
0.000000 0.000000
0.000000 0.000000
0.000000 0.000000
0.000000 0.000000
0.000000 0.000000
0.000000 0.000000
0.000000 0.000000
0.000000 0.000000
0.000000 0.000000
0.000000 0.000000
0.000000 0.000000
0.000000 0.000000
0.000000 0.000000
0.000000 0.000000
0.000000 0.000000
0.000000 0.000000
0.000000 0.000000
0.000000 0.000000
0.000000 0.000000
0.000000 0.000000
0.000000 0.000000
0.000000 0.000000
0.000000 0.000000
0.000000 0.000000
0.000000 0.000000
0.000000 0.000000
0.000000 0.000000
39.973488 116.333913
39.973496 116.333913
39.973496 116.333913
39.973503 116.333912
39.973503 116.333912
39.973499 116.333912
39.973515 116.333912
39.973489 116.333913
39.973474 116.333914
39.973462 116.333914
39.973463 116.333914
39.973463 116.333914
39.973465 116.333914
39.973471 116.333914
39.973498 116.333912
39.973489 116.333913
39.973476 116.333913
39.973500 116.333912
39.973517 116.333912
39.973532 116.333911
39.973529 116.333911
39.973524 116.333911
39.973548 116.333910
39.973544 116.333910
39.973505 116.333746
39.973503 116.333746
39.973521 116.333745
39.973518 116.333745
39.973499 116.333379
39.973505 116.333378
39.973544 116.333370
39.973557 116.333368
39.973555 116.333368
39.973562 116.333367
39.973772 116.333159
39.973503 116.333378
39.973498 116.333746
39.973491 116.333746
39.973461 116.333748
39.973454 116.333914
39.973442 116.333915
39.973451 116.333915
39.973455 116.333748
39.973467 116.333748
39.973471 116.333747
39.973471 116.333747
39.973468 116.333748
39.973455 116.333748
39.973447 116.333749
39.973455 116.333748
39.973461 116.333748
39.973461 116.333748
39.973458 116.333748
39.973503 116.333746
39.973523 116.333374
39.973569 116.333366
39.973586 116.333362
39.973561 116.333367
39.973518 116.333375
39.973470 116.333384
39.973477 116.333747
39.973493 116.333746
39.973502 116.333746
39.973502 116.333746
39.973501 116.333746
39.973502 116.333746
39.973500 116.333746
39.973504 116.333746
39.973526 116.333745
39.973555 116.333743
39.973552 116.333369
39.973770 116.333328
39.973556 116.333368
39.973564 116.333367
39.973564 116.333367
39.973565 116.333366
39.973557 116.333368
39.973563 116.333742
39.973531 116.333744
39.973528 116.333744
39.973514 116.333745
39.973505 116.333746
39.973516 116.333745
39.973524 116.333745
39.973520 116.333745
39.973519 116.333745
39.973502 116.333378
39.973559 116.333368
39.973563 116.333367
39.973569 116.333366
39.973569 116.333366
39.973564 116.333367
39.973567 116.333366
39.973536 116.333372
39.973530 116.333373
39.973515 116.333376
39.973516 116.333376
39.973511 116.333745
39.973494 116.333746
39.973493 116.333746
39.973451 116.333915
39.973433 116.333915
39.973455 116.333914
39.973448 116.333915
39.973448 116.333915
39.973445 116.333915
39.973432 116.333915
39.973398 116.333917
39.973367 116.333918
39.973260 116.333923
39.973360 116.333919
39.973381 116.333918
39.973371 116.333918
39.973361 116.333919
39.973112 116.333767
39.973112 116.333767
39.973411 116.333916
0.000000 0.000000
39.973403 116.333917
39.973412 116.333916
39.973422 116.333916
39.973419 116.333916
39.973413 116.333916
39.973413 116.333916
39.973416 116.333916
39.973412 116.333916
39.973417 116.333916
39.973404 116.333917
0.000000 0.000000
0.000000 0.000000
0.000000 0.000000
0.000000 0.000000
0.000000 0.000000
0.000000 0.000000
0.000000 0.000000
0.000000 0.000000
0.000000 0.000000
0.000000 0.000000
0.000000 0.000000
0.000000 0.000000
0.000000 0.000000
0.000000 0.000000
0.000000 0.000000
0.000000 0.000000
0.000000 0.000000
0.000000 0.000000
0.000000 0.000000
0.000000 0.000000
0.000000 0.000000
0.000000 0.000000
0.000000 0.000000
0.000000 0.000000
0.000000 0.000000
0.000000 0.000000
0.000000 0.000000
0.000000 0.000000
39.973328 116.333920
39.973349 116.333919
39.973334 116.333920
39.973332 116.333920
39.973324 116.333920
39.973326 116.333920
39.973326 116.333920
39.973328 116.333920
39.973338 116.333920
39.973324 116.333920
39.973326 116.333920
39.973340 116.333920
39.973112 116.333767
39.973112 116.333767
0.000000 0.000000
39.973347 116.333919
39.973112 116.333767
39.973112 116.333767
0.000000 0.000000
0.000000 0.000000
0.000000 0.000000
0.000000 0.000000
39.973295 116.333922
0.000000 0.000000
0.000000 0.000000
0.000000 0.000000
0.000000 0.000000
0.000000 0.000000
0.000000 0.000000
39.973319 116.333921
39.973376 116.333918
39.973359 116.333919
39.973347 116.333919
39.973331 116.333920
39.973331 116.333920
39.973324 116.333920
39.973345 116.333919
39.973112 116.333767
0.000000 0.000000
39.973352 116.333919
39.973341 116.333920
39.973346 116.333919
39.973355 116.333919
39.973355 116.333919
39.973360 116.333919
39.973385 116.333918
39.973445 116.333915
39.973500 116.333912
39.973454 116.333914
39.973439 116.333915
39.973431 116.333916
39.973427 116.333916
39.973427 116.333916
39.973423 116.333916
39.973385 116.333918
39.973301 116.333921
39.973218 116.333761
39.973208 116.333762
39.973263 116.333759
39.973279 116.333758
39.973282 116.333758
39.973291 116.333757
39.973310 116.333756
39.973305 116.333757
39.973300 116.333757
39.973300 116.333757
39.973299 116.333757
39.973312 116.333756
39.973305 116.333757
39.973305 116.333757
39.973301 116.333757
39.973296 116.333757
39.973295 116.333757
39.973295 116.333757
39.973303 116.333757
39.973310 116.333756
39.973310 116.333756
39.973312 116.333756
39.973312 116.333756
39.973309 116.333756
39.973309 116.333756
39.973311 116.333756
39.973311 116.333756
39.973311 116.333756
39.973314 116.333756
39.973309 116.333756
39.973304 116.333757
39.973308 116.333756
39.973311 116.333756
39.973314 116.333756
39.973319 116.333756
39.973322 116.333756
39.973328 116.333755
39.973328 116.333755
39.973331 116.333755
39.973335 116.333755
39.973340 116.333755
39.973340 116.333755
39.973337 116.333755
39.973372 116.333753
39.973372 116.333753
39.973379 116.333753
39.973382 116.333752
39.973379 116.333753
39.973381 116.333918
39.973379 116.333918
0.000000 0.000000
39.973379 116.333918
39.973380 116.333752
39.973382 116.333752
39.973380 116.333752
39.973374 116.333753
39.973368 116.333753
39.973364 116.333753
0.000000 0.000000
39.973360 116.333754
39.973362 116.333919
0.000000 0.000000
39.973425 116.333916
39.973457 116.333914
39.973434 116.333915
39.973421 116.333916
39.973423 116.333916
39.973459 116.333914
39.973497 116.333913
39.973514 116.333912
39.973514 116.333912
39.973509 116.333912
39.973499 116.333912
39.973493 116.333913
39.973503 116.333912
39.973467 116.333914
39.973438 116.333915
39.973428 116.333916
39.973428 116.333916
39.973427 116.333916
39.973431 116.333916
39.973449 116.333915
39.973464 116.333914
39.973454 116.333914
39.973429 116.333916
39.973427 116.333916
39.973451 116.333915
39.973490 116.333913
39.973483 116.333913
39.973475 116.333914
39.973452 116.333915
39.973453 116.333915
39.973458 116.333914
39.973458 116.333914
39.973461 116.333914
39.973444 116.333915
39.973417 116.333916
0.000000 0.000000
39.973414 116.333916
39.973411 116.333751
39.973442 116.333749
39.973467 116.333748
39.973465 116.333748
39.973461 116.333748
39.973466 116.333748
39.973482 116.333913
39.973473 116.333914
39.973457 116.333914
39.973448 116.333915
39.973434 116.333915
39.973432 116.333915
39.973429 116.333916
39.973419 116.333916
39.973402 116.333917
39.973432 116.333915
39.973552 116.333910
39.973599 116.333908
39.973586 116.333908
39.973554 116.333910
39.973499 116.333912
39.973463 116.333914
39.973426 116.333916
39.973422 116.333916
39.973436 116.333915
39.973428 116.333916
39.973431 116.333916
39.973455 116.333914
39.973539 116.333911
39.973623 116.333907
39.973639 116.333906
39.973626 116.333907
39.973580 116.333909
39.973550 116.333910
39.973521 116.333911
39.973490 116.333913
39.973468 116.333914
39.973427 116.333916
39.973408 116.333917
39.973425 116.333916
39.973425 116.333916
39.973422 116.333916
39.973423 116.333916
39.973441 116.333915
39.973463 116.333914
39.973458 116.333914
39.973484 116.333913
39.973520 116.333911
39.973522 116.333911
39.973509 116.333912
39.973511 116.333912
39.973443 116.333915
39.973394 116.333917
39.973356 116.333919
39.973329 116.333755
39.973387 116.333752
39.973417 116.333750
39.973445 116.333749
39.973490 116.333746
39.973563 116.333743
39.973617 116.333907
39.973592 116.333908
39.973600 116.333908
39.973598 116.333908
39.973598 116.333908
39.973603 116.333908
39.973586 116.333908
39.973564 116.333909
39.973575 116.333909
39.973520 116.333745
0.000000 0.000000
39.973514 116.333745
39.973526 116.333911
39.973491 116.333913
39.973451 116.333915
39.973445 116.333915
39.973451 116.333915
39.973457 116.333914
39.973459 116.333914
39.973446 116.333915
39.973427 116.333916
39.973394 116.333917
39.973354 116.333919
39.973362 116.333919
39.973362 116.333919
39.973366 116.333918
39.973375 116.333918
39.973379 116.333752
39.973354 116.333754
39.973320 116.333756
39.973298 116.333757
39.973293 116.333757
39.973297 116.333757
39.973332 116.333755
39.973386 116.333752
39.973386 116.333752
39.973379 116.333753
39.973358 116.333754
39.973328 116.333755
39.973285 116.333758
39.973268 116.333759
39.973296 116.333757
39.973104 116.333606
39.973230 116.333429
39.973224 116.333761
39.973222 116.333925
39.973228 116.333925
39.973238 116.333924
39.973259 116.333759
39.973296 116.333757
39.973277 116.333758
39.973255 116.333759
39.973238 116.333760
39.973247 116.333760
39.973249 116.333760
39.973249 116.333760
39.973246 116.333760
39.973243 116.333760
39.973269 116.333758
39.973300 116.333757
39.973351 116.333754
39.973368 116.333753
39.973397 116.333751
39.973409 116.333751
39.973415 116.333751
39.973440 116.333749
39.973450 116.333749
39.973490 116.333746
39.973487 116.333747
39.973492 116.333746
39.973487 116.333913
39.973466 116.333914
39.973414 116.333916
39.973427 116.333916
39.973431 116.333750
39.973404 116.333751
39.973358 116.333754
39.973314 116.333413
39.973345 116.333754
0.000000 0.000000
39.973344 116.333754
39.973353 116.333754
39.973411 116.333751
39.973435 116.333749
39.973410 116.333751
39.973253 116.333759
39.973206 116.333762
39.973207 116.333762
39.973256 116.333759
39.973346 116.333754
39.973380 116.333752
39.973402 116.333751
39.973402 116.333751
39.973404 116.333751
39.973341 116.333755
39.973287 116.333758
39.973254 116.333759
39.973229 116.333761
39.973199 116.333762
39.973190 116.333763
39.973190 116.333763
39.973269 116.333923
39.973331 116.333920
39.973352 116.333919
39.973362 116.333919
39.973352 116.333919
39.973327 116.333920
39.973275 116.333758
39.973247 116.333760
39.973228 116.333761
39.973232 116.333761
39.973232 116.333761
39.973234 116.333760
39.973199 116.333762
39.973106 116.333651
39.973106 116.333643
39.973106 116.333643
39.973106 116.333631
39.973193 116.333763
39.973206 116.333762
39.973218 116.333761
39.973281 116.333758
39.973349 116.333754
39.973402 116.333751
39.973453 116.333748
39.973507 116.333746
39.973487 116.333913
39.973418 116.333916
39.973432 116.333915
0.000000 0.000000
39.973429 116.333916
39.973384 116.333752
39.973378 116.333753
39.973396 116.333752
39.973387 116.333752
39.973372 116.333753
39.973394 116.333752
39.973437 116.333749
39.973460 116.333748
39.973469 116.333748
39.973484 116.333747
39.973395 116.333752
39.973330 116.333755
39.973339 116.333755
39.973385 116.333752
39.973387 116.333752
39.973384 116.333752
39.973378 116.333753
39.973377 116.333753
39.973595 116.333741
39.973648 116.333738
39.973632 116.333739
39.973607 116.333740
39.973596 116.333741
39.973589 116.333741
39.973589 116.333741
39.973598 116.333741
39.973660 116.333737
39.973737 116.333902
39.973806 116.333898
39.973814 116.333898
39.973820 116.333729
39.973818 116.333729
39.973818 116.333729
39.973818 116.333729
39.973843 116.333727
39.973878 116.333895
39.973908 116.333894
39.973908 116.333894
39.973909 116.333894
39.973887 116.333895
39.973877 116.333895
39.973820 116.333898
39.973739 116.333733
39.973640 116.333738
39.973569 116.333742
39.973512 116.333745
39.973460 116.333748
39.973417 116.333750
39.973401 116.333751
39.973404 116.333751
39.973346 116.333754
39.973251 116.333759
39.973267 116.333759
39.973272 116.333758
39.973287 116.333758
39.973270 116.333758
39.973229 116.333761
39.973106 116.333648
39.973108 116.333690
39.973110 116.333723
39.973110 116.333723
39.973110 116.333724
39.973109 116.333713
39.973156 116.333765
0.000000 0.000000
39.973109 116.333712
39.973189 116.333763
39.973205 116.333762
39.973203 116.333762
39.973261 116.333759
39.973251 116.333759
39.973244 116.333760
39.973244 116.333760
39.973248 116.333760
39.973258 116.333759
39.973321 116.333756
39.973393 116.333752
39.973395 116.333752
0.000000 0.000000
39.973393 116.333752
39.973424 116.333916
39.973460 116.333914
39.973407 116.333917
39.973439 116.333915
39.973457 116.333914
39.973485 116.333913
39.973532 116.333911
39.973577 116.333909
39.973577 116.333909
39.973578 116.333909
39.973572 116.333909
39.973576 116.333909
39.973543 116.333910
39.973494 116.333913
39.973423 116.333916
39.973333 116.333920
39.973315 116.333921
39.973315 116.333921
39.973313 116.333921
39.973280 116.333922
39.973264 116.333923
39.973241 116.333924
39.973199 116.333926
39.973112 116.333930
39.973016 116.333934
39.973050 116.333933
39.973171 116.333927
39.973199 116.333926
39.973208 116.333926
39.973224 116.333925
39.973247 116.333924
39.973268 116.333923
39.973272 116.333923
39.973230 116.333925
39.973197 116.333926
39.973112 116.333767
39.973112 116.333767
39.973245 116.333924
39.973261 116.333923
39.973274 116.333923
39.973279 116.333922
39.973303 116.333921
39.973317 116.333921
39.973369 116.333918
39.973427 116.333916
39.973448 116.333915
39.973464 116.333914
39.973476 116.333913
39.973486 116.333913
39.973491 116.333913
39.973498 116.333912
39.973538 116.333911
39.973579 116.333909
39.973526 116.333911
39.973531 116.333911
39.973545 116.333910
39.973617 116.333907
39.973451 116.333915
39.973466 116.333914
39.973495 116.333913
39.973553 116.333910
39.973619 116.333907
39.973667 116.333905
39.973583 116.333909
39.973538 116.333911
39.973588 116.333908
39.973590 116.333908
39.973597 116.333741
39.973577 116.333742
39.973575 116.333742
39.973598 116.333741
39.973630 116.333739
39.973678 116.333736
39.973663 116.333737
39.973624 116.333739
39.973616 116.333740
39.973612 116.333740
39.973612 116.333740
39.973616 116.333740
39.973546 116.333743
39.973463 116.333386
39.973460 116.333386
39.973429 116.333392
39.973440 116.333390
39.973506 116.333746
39.973506 116.333746
39.973495 116.333746
39.973553 116.333743
39.973568 116.333742
39.973602 116.333740
39.973643 116.333738
39.973556 116.333743
39.973560 116.333910
39.973619 116.333907
39.973644 116.333906
39.973517 116.333912
39.973455 116.333914
39.973468 116.333914
39.973553 116.333910
39.973560 116.333910
39.973567 116.333909
39.973542 116.333910
39.973517 116.333912
39.973519 116.333912
39.973494 116.333913
39.973390 116.333917
39.973342 116.333920
39.973342 116.333920
39.973348 116.333919
39.973350 116.333919
39.973350 116.333919
39.973353 116.333919
39.973371 116.333918
39.973376 116.333918
39.973353 116.333919
39.973313 116.333921
39.973301 116.333921
39.973298 116.333922
39.973338 116.333920
39.973379 116.333918
39.973413 116.333916
39.973428 116.333916
39.973433 116.333915
39.973477 116.333747
39.973520 116.333745
39.973489 116.333747
39.973469 116.333748
39.973460 116.333748
0.000000 0.000000
39.973456 116.333748
39.973511 116.333912
39.973573 116.333909
39.973622 116.333907
39.973624 116.333907
39.973624 116.333907
39.973628 116.333907
39.973632 116.333906
39.973627 116.333907
39.973612 116.333907
39.973458 116.333914
39.973328 116.333920
39.973232 116.333925
39.973226 116.333925
39.973236 116.333924
39.973220 116.333925
39.973213 116.333925
39.973253 116.333924
39.973293 116.333922
39.973313 116.333921
39.973310 116.333756
39.973293 116.333757
39.973291 116.333757
39.973334 116.333755
39.973349 116.333754
39.973349 116.333754
39.973352 116.333754
39.973380 116.333752
39.973409 116.333917
39.973452 116.333915
39.973488 116.333913
39.973475 116.333747
0.000000 0.000000
39.973481 116.333747
39.973485 116.333913
39.973466 116.333914
39.973464 116.333914
39.973479 116.333913
39.973487 116.333913
39.973482 116.333747
39.973494 116.333746
39.973519 116.333745
39.973556 116.333743
39.973501 116.333746
39.973388 116.333752
39.973315 116.333756
39.973250 116.333760
39.973240 116.333427
39.973303 116.333415
39.973327 116.333411
39.973360 116.333405
39.973364 116.333404
39.973357 116.333405
39.973335 116.333410
39.973294 116.333417
39.973329 116.333411
39.973379 116.333401
39.973388 116.333400
39.973386 116.333752
39.973409 116.333751
39.973397 116.333752
39.973397 116.333752
39.973394 116.333752
39.973374 116.333753
39.973375 116.333753
39.973266 116.333422
39.973290 116.333418
39.973382 116.333401
39.973393 116.333399
39.973420 116.333394
39.973444 116.333389
39.973444 116.333389
39.973449 116.333388
39.973466 116.333385
39.973498 116.333746
39.973526 116.333744
39.973526 116.333744
39.973525 116.333745
39.973533 116.333744
39.973533 116.333744
39.973536 116.333744
39.973511 116.333745
39.973519 116.333745
39.973506 116.333746
39.973514 116.333745
39.973512 116.333912
39.973480 116.333913
39.973490 116.333913
39.973571 116.333909
39.973631 116.333906
39.974084 116.334300
39.974081 116.334375
39.974086 116.334254
39.974084 116.334296
39.974088 116.334203
39.973675 116.333904
39.973665 116.333905
39.973756 116.333901
39.973853 116.333896
39.974092 116.334092
39.973921 116.333893
39.973942 116.333722
39.973920 116.333723
39.973976 116.333720
39.973917 116.333723
39.973869 116.333726
39.973831 116.333897
39.973725 116.333902
39.973646 116.333906
39.973599 116.333908
39.973551 116.333910
39.973573 116.333909
39.973601 116.333908
39.973591 116.333908
39.973616 116.333907
39.973594 116.333908
39.973594 116.333908
39.973592 116.333908
39.973589 116.333908
39.973562 116.333910
39.973522 116.333911
39.973495 116.333913
39.973487 116.333913
39.973486 116.333913
39.973496 116.333913
39.973512 116.333912
39.973524 116.333911
39.973573 116.333909
39.973598 116.333908
39.973575 116.333909
39.973559 116.333910
39.973578 116.333909
39.973591 116.333908
39.973587 116.333908
39.973585 116.333908
39.973616 116.333907
39.974071 116.334618
39.974065 116.334770
39.974062 116.334828
39.974063 116.334810
39.974065 116.334762
39.974067 116.334722
39.974065 116.334758
39.974069 116.334671
39.973534 116.333911
39.973496 116.333913
0.000000 0.000000
0.000000 0.000000
0.000000 0.000000
39.973487 116.333913
39.973453 116.333915
39.973406 116.333917
39.973347 116.333919
39.973323 116.333920
39.973297 116.333922
39.973319 116.333921
39.973316 116.333921
39.973289 116.333922
39.973213 116.333925
39.973239 116.333924
0.000000 0.000000
0.000000 0.000000
0.000000 0.000000
0.000000 0.000000
0.000000 0.000000
0.000000 0.000000
0.000000 0.000000
0.000000 0.000000
0.000000 0.000000
0.000000 0.000000
39.974061 116.334860
39.974061 116.334866
39.974055 116.335009
39.974052 116.335075
39.974055 116.335010
39.974047 116.335197
0.000000 0.000000
0.000000 0.000000
0.000000 0.000000
0.000000 0.000000
0.000000 0.000000
0.000000 0.000000
0.000000 0.000000
39.974069 116.334669
0.000000 0.000000
0.000000 0.000000
39.973574 116.333909
39.973556 116.333910
0.000000 0.000000
0.000000 0.000000
0.000000 0.000000
0.000000 0.000000
0.000000 0.000000
0.000000 0.000000
0.000000 0.000000
39.974070 116.334631
39.974074 116.334535
39.974074 116.334530
39.974073 116.334577
39.974072 116.334597
39.974076 116.334499
39.974084 116.334306
39.974082 116.334336
39.974076 116.334491
39.974075 116.334524
39.974080 116.334397
39.974088 116.334201
39.973801 116.333899
39.973772 116.333900
39.973747 116.333901
39.973722 116.333902
39.973691 116.333904
39.973584 116.333909
39.973654 116.333905
39.973751 116.333901
39.973801 116.333899
39.973777 116.333900
39.973791 116.333899
39.973762 116.333900
39.973743 116.333901
39.973754 116.333901
39.974089 116.334181
39.974084 116.334309
39.974084 116.334309
39.974083 116.334315
39.974079 116.334427
0.000000 0.000000
0.000000 0.000000
0.000000 0.000000
39.974069 116.334654
39.974071 116.334608
39.974079 116.334418
39.974088 116.334204
39.974098 116.333967
39.974294 116.333703
39.974413 116.333696
39.974404 116.333697
39.974523 116.333912
39.974089 116.334175
39.974083 116.334334
39.974084 116.334305
39.974083 116.334330
39.974081 116.334380
39.974084 116.334287
39.974091 116.334134
39.974087 116.334215
39.974072 116.334593
39.974069 116.334655
39.974063 116.334798
39.974051 116.335090
39.974042 116.335277
39.974051 116.335106
39.974238 116.335176
39.974212 116.335179
39.974212 116.335179
39.974216 116.335178
39.974206 116.335179
39.974117 116.335189
39.974047 116.335204
39.974053 116.335063
39.974391 116.335159
39.974786 116.335115
39.974744 116.335119
39.974675 116.335127
39.974656 116.335129
39.974690 116.335125
39.974047 116.335197
39.974047 116.335197
39.974047 116.335197
39.974059 116.334910
39.974063 116.334798
39.974064 116.334789
39.974065 116.334759
39.974067 116.334705
39.974075 116.334505
39.974086 116.334261
39.973899 116.333894
39.973953 116.333892
39.973976 116.333720
39.973897 116.333724
39.973883 116.333895
39.973958 116.333891
39.974086 116.334240
39.974072 116.334595
0.000000 0.000000
0.000000 0.000000
0.000000 0.000000
0.000000 0.000000
39.973544 116.333910
39.973574 116.333909
39.973603 116.333908
39.973436 116.333915
39.973349 116.333919
39.973112 116.333767
39.973384 116.333918
39.973392 116.333752
39.973376 116.333918
39.973112 116.333767
39.973253 116.333924
0.000000 0.000000
0.000000 0.000000
0.000000 0.000000
0.000000 0.000000
39.972863 116.336724
39.972826 116.336727
39.972793 116.336731
39.972894 116.336721
0.000000 0.000000
0.000000 0.000000
0.000000 0.000000
39.973374 116.333918
39.973459 116.333914
39.973542 116.333910
39.973629 116.333907
39.973622 116.333907
39.973485 116.333913
0.000000 0.000000
0.000000 0.000000
0.000000 0.000000
0.000000 0.000000
0.000000 0.000000
0.000000 0.000000
0.000000 0.000000
0.000000 0.000000
39.974075 116.334508
39.973827 116.333897
39.973919 116.333723
39.973780 116.333900
39.973721 116.333902
39.973678 116.333904
39.973629 116.333907
39.973642 116.333906
39.973657 116.333905
39.973611 116.333907
39.973573 116.333909
39.973560 116.333910
39.973550 116.333910
39.973601 116.333908
39.973591 116.333741
39.973578 116.333742
0.000000 0.000000
39.973573 116.333742
39.973533 116.333911
39.973529 116.333911
39.973540 116.333744
0.000000 0.000000
39.973538 116.333744
39.973518 116.333745
39.973508 116.333745
39.973507 116.333912
39.973515 116.333912
39.973532 116.333911
39.973542 116.333910
39.973537 116.333911
39.973590 116.333908
39.973602 116.333908
39.973611 116.333907
39.973603 116.333908
39.973609 116.333907
39.973637 116.333906
39.973662 116.333905
39.973703 116.333903
39.973692 116.333904
39.973671 116.333905
39.973692 116.333904
39.973745 116.333901
39.973694 116.333904
39.973657 116.333905
39.973601 116.333908
39.973623 116.333907
39.973625 116.333907
39.973597 116.333908
39.973532 116.333911
0.000000 0.000000
0.000000 0.000000
0.000000 0.000000
0.000000 0.000000
39.973433 116.333915
39.973463 116.333914
39.973510 116.333912
39.973590 116.333908
39.973680 116.333736
39.973650 116.333738
39.973710 116.333735
39.973828 116.333728
39.973904 116.333724
39.973992 116.333719
39.974055 116.333716
39.974130 116.333712
39.974199 116.333708
39.974213 116.333707
39.974213 116.333707
39.974211 116.333707
39.974230 116.333706
39.974206 116.333708
39.974041 116.333717
39.973779 116.333900
39.973478 116.333913
39.973306 116.333921
39.973225 116.333925
39.973333 116.333920
39.973481 116.333913
39.973584 116.333909
39.973720 116.333902
39.973709 116.333903
39.973609 116.333907
39.973617 116.333907
39.973617 116.333907
39.973616 116.333907
39.973577 116.333909
39.973540 116.333911
39.973487 116.333913
39.973471 116.333914
39.973508 116.333912
39.973554 116.333910
39.973522 116.333911
39.973480 116.333913
39.973445 116.333915
39.973439 116.333915
39.973396 116.333917
39.973294 116.333922
39.973323 116.333920
39.973112 116.333767
39.973112 116.333767
39.973261 116.333923
0.000000 0.000000
0.000000 0.000000
0.000000 0.000000
0.000000 0.000000
0.000000 0.000000
0.000000 0.000000
0.000000 0.000000
0.000000 0.000000
0.000000 0.000000
0.000000 0.000000
0.000000 0.000000
0.000000 0.000000
0.000000 0.000000
0.000000 0.000000
0.000000 0.000000
0.000000 0.000000
0.000000 0.000000
0.000000 0.000000
0.000000 0.000000
0.000000 0.000000
0.000000 0.000000
0.000000 0.000000
0.000000 0.000000
0.000000 0.000000
0.000000 0.000000
39.972941 116.336716
39.972907 116.336719
39.972848 116.336725
39.972805 116.336729
39.972865 116.336724
39.972894 116.336721
39.972885 116.336722
39.972889 116.336721
39.972921 116.336718
0.000000 0.000000
0.000000 0.000000
0.000000 0.000000
0.000000 0.000000
0.000000 0.000000
0.000000 0.000000
0.000000 0.000000
0.000000 0.000000
0.000000 0.000000
0.000000 0.000000
0.000000 0.000000
0.000000 0.000000
0.000000 0.000000
0.000000 0.000000
0.000000 0.000000
0.000000 0.000000
0.000000 0.000000
39.974087 116.334233
39.973696 116.333903
39.973728 116.333902
39.974080 116.334384
39.973607 116.333907
0.000000 0.000000
0.000000 0.000000
0.000000 0.000000
0.000000 0.000000
0.000000 0.000000
0.000000 0.000000
0.000000 0.000000
0.000000 0.000000
0.000000 0.000000
0.000000 0.000000
0.000000 0.000000
0.000000 0.000000
0.000000 0.000000
0.000000 0.000000
0.000000 0.000000
0.000000 0.000000
0.000000 0.000000
0.000000 0.000000
0.000000 0.000000
0.000000 0.000000
0.000000 0.000000
0.000000 0.000000
0.000000 0.000000
0.000000 0.000000
0.000000 0.000000
0.000000 0.000000
0.000000 0.000000
0.000000 0.000000
0.000000 0.000000
0.000000 0.000000
0.000000 0.000000
0.000000 0.000000
0.000000 0.000000
0.000000 0.000000
0.000000 0.000000
39.973289 116.333922
39.973112 116.333767
0.000000 0.000000
0.000000 0.000000
0.000000 0.000000
0.000000 0.000000
0.000000 0.000000
0.000000 0.000000
0.000000 0.000000
0.000000 0.000000
0.000000 0.000000
0.000000 0.000000
0.000000 0.000000
0.000000 0.000000
0.000000 0.000000
0.000000 0.000000
0.000000 0.000000
0.000000 0.000000
39.973346 116.333919
39.973344 116.333919
39.973345 116.333919
39.973344 116.333919
39.973353 116.333919
39.973353 116.333919
39.973345 116.333919
39.973368 116.333918
39.973380 116.333918
39.973379 116.333918
39.973400 116.333917
39.973391 116.333917
39.973396 116.333917
39.973401 116.333917
39.973401 116.333917
39.973406 116.333917
39.973392 116.333917
0.000000 0.000000
39.973388 116.333917
39.973112 116.333767
39.973362 116.333919
39.973361 116.333919
39.973361 116.333919
39.973359 116.333919
39.973359 116.333919
39.973362 116.333919
39.973367 116.333918
0.000000 0.000000
39.973374 116.333918
0.000000 0.000000
0.000000 0.000000
0.000000 0.000000
0.000000 0.000000
0.000000 0.000000
0.000000 0.000000
0.000000 0.000000
0.000000 0.000000
0.000000 0.000000
0.000000 0.000000
0.000000 0.000000
0.000000 0.000000
0.000000 0.000000
0.000000 0.000000
0.000000 0.000000
0.000000 0.000000
0.000000 0.000000
0.000000 0.000000
0.000000 0.000000
0.000000 0.000000
0.000000 0.000000
0.000000 0.000000
39.973398 116.333917
39.973423 116.333916
39.973372 116.333918
39.973360 116.333919
39.973357 116.333919
39.973408 116.333917
39.973470 116.333914
39.973534 116.333911
39.973573 116.333909
39.973585 116.333909
39.973587 116.333908
39.973587 116.333908
39.973583 116.333909
39.973566 116.333909
39.973527 116.333911
39.973477 116.333913
39.973454 116.333914
39.973434 116.333915
39.973432 116.333915
39.973432 116.333915
39.973461 116.333914
39.973435 116.333915
39.973441 116.333915
39.973441 116.333915
39.973441 116.333915
39.973448 116.333915
39.973464 116.333914
39.973449 116.333915
39.973448 116.333915
0.000000 0.000000
39.973446 116.333915
39.973112 116.333767
39.973399 116.333917
39.973418 116.333916
39.973418 116.333916
39.973408 116.333917
39.973408 116.333917
39.973395 116.333917
39.973395 116.333917
39.973395 116.333917
39.973400 116.333917
39.973456 116.333914
39.973503 116.333746
39.973552 116.333743
39.973581 116.333742
39.973574 116.333365
0.000000 0.000000
39.973568 116.333366
39.973579 116.333364
39.973562 116.333367
39.973770 116.333328
39.973569 116.333742
39.973577 116.333742
39.973580 116.333742
39.973590 116.333741
39.973618 116.333740
39.973641 116.333738
39.973635 116.333739
39.973609 116.333740
39.973596 116.333741
39.973581 116.333742
39.973558 116.333910
39.973552 116.333910
39.973550 116.333910
39.973545 116.333910
39.973553 116.333910
39.973553 116.333910
39.973552 116.333910
39.973542 116.333910
39.973540 116.333911
39.973541 116.333911
39.973543 116.333910
39.973543 116.333910
39.973546 116.333910
39.973560 116.333910
39.973565 116.333742
39.973591 116.333741
39.973589 116.333908
39.973603 116.333908
39.973601 116.333908
39.973625 116.333739
39.973646 116.333738
39.973688 116.333736
39.973716 116.333734
39.973766 116.333731
39.973787 116.333730
39.973763 116.333732
39.973746 116.333733
39.973742 116.333733
0.000000 0.000000
39.973738 116.333733
39.973742 116.333901
39.974089 116.334179
39.974085 116.334264
39.973688 116.333904
39.973645 116.333906
39.973605 116.333908
39.973585 116.333909
39.973557 116.333910
39.973516 116.333912
0.000000 0.000000
0.000000 0.000000
0.000000 0.000000
0.000000 0.000000
0.000000 0.000000
0.000000 0.000000
0.000000 0.000000
0.000000 0.000000
0.000000 0.000000
0.000000 0.000000
39.973494 116.333913
39.973505 116.333912
39.973526 116.333911
39.973567 116.333909
39.973592 116.333908
39.973601 116.333908
39.973597 116.333908
39.973580 116.333909
39.973552 116.333910
39.973511 116.333912
39.973501 116.333912
39.973510 116.333912
39.973558 116.333910
39.973581 116.333909
39.973601 116.333908
39.973486 116.333747
39.973486 116.333747
39.973498 116.333746
39.973489 116.333747
39.973480 116.333747
39.973480 116.333747
39.973521 116.333745
39.973551 116.333743
39.973555 116.333743
39.973557 116.333743
0.000000 0.000000
39.973558 116.333743
39.973489 116.333913
39.973469 116.333914
39.973469 116.333914
39.973464 116.333914
39.973465 116.333914
39.973453 116.333915
39.973442 116.333915
39.973449 116.333915
39.973451 116.333915
39.973444 116.333915
0.000000 0.000000
39.973446 116.333915
39.973112 116.333767
39.973455 116.333914
39.973467 116.333914
39.973440 116.333915
39.973390 116.333917
39.973417 116.333916
39.973430 116.333916
39.973473 116.333914
39.973519 116.333911
39.973539 116.333911
39.973550 116.333910
39.973545 116.333910
39.973564 116.333909
39.973528 116.333911
39.973512 116.333912
39.973487 116.333913
39.973466 116.333914
39.973451 116.333915
39.973460 116.333914
39.973455 116.333748
39.973452 116.333749
39.973467 116.333748
39.973491 116.333746
39.973512 116.333745
39.973494 116.333746
0.000000 0.000000
39.973502 116.333912
39.973517 116.333912
39.973535 116.333911
39.973541 116.333744
39.973579 116.333742
39.973579 116.333742
39.973579 116.333742
39.973579 116.333742
39.973579 116.333742
39.973574 116.333742
39.973584 116.333741
39.973575 116.333742
39.973566 116.333742
39.973517 116.333745
39.973455 116.333914
39.973407 116.333917
39.973415 116.333916
39.973414 116.333916
39.973417 116.333916
39.973417 116.333916
39.973420 116.333916
39.973420 116.333916
39.973426 116.333916
39.973409 116.333916
39.973409 116.333916
39.973407 116.333917
39.973418 116.333916
39.973436 116.333915
39.973438 116.333915
39.973438 116.333915
39.973435 116.333915
39.973438 116.333915
39.973438 116.333915
39.973433 116.333915
39.973433 116.333915
39.973433 116.333915
39.973440 116.333915
39.973459 116.333914
39.973452 116.333915
39.973406 116.333917
39.973369 116.333918
39.973394 116.333917
39.973446 116.333915
39.973464 116.333914
39.973464 116.333914
39.973468 116.333914
39.973453 116.333914
39.973432 116.333915
39.973420 116.333916
39.973429 116.333916
39.973435 116.333915
39.973452 116.333915
39.973466 116.333914
39.973466 116.333914
39.973470 116.333914
39.973489 116.333913
39.973500 116.333912
39.973481 116.333747
39.973481 116.333747
39.973482 116.333747
39.973499 116.333746
39.973464 116.333748
39.973465 116.333748
0.000000 0.000000
39.973459 116.333748
39.973476 116.333913
39.973450 116.333749
39.973429 116.333750
39.973380 116.333918
39.973362 116.333753
39.973384 116.333918
39.973421 116.333916
39.973112 116.333767
39.973417 116.333916
0.000000 0.000000
39.973421 116.333916
39.973421 116.333916
39.973439 116.333915
39.973426 116.333916
39.973372 116.333918
39.973381 116.333918
39.973374 116.333918
39.973374 116.333918
39.973368 116.333918
39.973371 116.333918
39.973368 116.333918
39.973383 116.333918
39.973365 116.333919
39.973297 116.333922
39.973323 116.333920
39.973353 116.333919
39.973407 116.333917
39.973408 116.333917
39.973396 116.333917
39.973384 116.333918
39.973349 116.333919
39.973322 116.333920
39.973344 116.333919
39.973383 116.333918
39.973384 116.333918
39.973372 116.333918
39.973374 116.333918
39.973382 116.333918
39.973383 116.333918
39.973371 116.333918
39.973364 116.333919
39.973381 116.333918
39.973387 116.333918
39.973387 116.333918
39.973396 116.333917
39.973393 116.333917
39.973112 116.333767
39.973112 116.333767
39.973382 116.333918
0.000000 0.000000
39.973376 116.333918
39.973112 116.333767
39.973352 116.333919
39.973112 116.333767
39.973112 116.333767
39.973112 116.333767
39.973324 116.333920
39.973112 116.333767
39.973349 116.333919
0.000000 0.000000
39.973346 116.333919
39.973354 116.333919
39.973388 116.333917
39.973112 116.333767
0.000000 0.000000
39.973398 116.333917
39.973393 116.333917
39.973382 116.333918
39.973112 116.333767
39.973373 116.333918
0.000000 0.000000
39.973376 116.333918
39.973112 116.333767
39.973343 116.333920
39.973331 116.333920
39.973344 116.333919
39.973373 116.333918
39.973371 116.333918
39.973384 116.333918
39.973378 116.333918
39.973363 116.333919
39.973357 116.333919
39.973340 116.333920
39.973378 116.333918
39.973420 116.333916
39.973438 116.333915
39.973450 116.333915
39.973445 116.333915
39.973422 116.333916
39.973406 116.333917
39.973374 116.333918
39.973363 116.333919
39.973358 116.333919
39.973364 116.333919
39.973112 116.333767
39.973112 116.333767
39.973374 116.333918
0.000000 0.000000
39.973112 116.333767
39.973112 116.333767
0.000000 0.000000
39.973379 116.333918
39.973112 116.333767
39.973112 116.333767
39.973397 116.333917
39.973402 116.333917
39.973407 116.333917
39.973407 116.333917
39.973405 116.333917
39.973390 116.333917
39.973112 116.333767
39.973392 116.333917
0.000000 0.000000
39.973386 116.333918
39.973402 116.333917
39.973407 116.333917
39.973427 116.333916
39.973428 116.333750
39.973438 116.333749
39.973404 116.333751
39.973393 116.333752
39.973390 116.333752
39.973391 116.333752
39.973391 116.333752
39.973384 116.333752
39.973415 116.333751
39.973453 116.333748
39.973453 116.333748
39.973453 116.333749
39.973436 116.333749
39.973436 116.333749
39.973435 116.333749
39.973441 116.333749
39.973414 116.333751
39.973388 116.333752
39.973389 116.333752
39.973388 116.333752
39.973382 116.333752
39.973389 116.333752
39.973417 116.333750
39.973453 116.333748
39.973465 116.333914
39.973461 116.333914
39.973428 116.333916
39.973397 116.333917
39.973369 116.333918
39.973360 116.333919
39.973112 116.333767
39.973414 116.333916
39.973112 116.333767
39.973409 116.333916
0.000000 0.000000
39.973414 116.333916
39.973403 116.333917
39.973384 116.333918
0.000000 0.000000
39.973383 116.333918
39.973112 116.333767
39.973409 116.333916
39.973421 116.333916
39.973385 116.333918
39.973382 116.333918
39.973382 116.333918
39.973386 116.333918
39.973402 116.333917
39.973402 116.333917
39.973397 116.333917
39.973406 116.333917
39.973430 116.333916
39.973421 116.333916
39.973436 116.333915
39.973455 116.333914
39.973479 116.333913
39.973487 116.333913
39.973462 116.333914
39.973452 116.333915
39.973439 116.333915
39.973443 116.333915
39.973450 116.333915
39.973455 116.333914
39.973462 116.333914
39.973465 116.333914
39.973469 116.333914
39.973469 116.333914
39.973474 116.333914
39.973483 116.333913
39.973483 116.333913
39.973485 116.333913
39.973468 116.333914
39.973444 116.333915
39.973444 116.333915
39.973439 116.333915
39.973439 116.333915
39.973446 116.333749
39.973451 116.333749
39.973443 116.333749
39.973463 116.333748
39.973418 116.333916
39.973399 116.333917
39.973384 116.333918
39.973405 116.333917
39.973403 116.333917
39.973404 116.333917
39.973398 116.333917
39.973398 116.333917
39.973394 116.333917
39.973390 116.333917
39.973394 116.333917
39.973394 116.333917
39.973399 116.333917
39.973421 116.333916
39.973421 116.333916
39.973421 116.333916
39.973422 116.333916
39.973419 116.333916
39.973419 116.333916
39.973411 116.333916
39.973412 116.333916
39.973428 116.333916
39.973446 116.333915
39.973439 116.333915
39.973422 116.333916
39.973418 116.333916
39.973389 116.333917
39.973376 116.333918
39.973386 116.333918
39.973416 116.333916
39.973437 116.333915
39.973440 116.333915
39.973458 116.333914
39.973479 116.333913
39.973437 116.333915
39.973403 116.333917
39.973392 116.333917
39.973399 116.333917
39.973435 116.333915
39.973468 116.333914
39.973499 116.333912
39.973496 116.333913
39.973496 116.333913
39.973502 116.333912
39.973519 116.333912
39.973533 116.333911
39.973496 116.333913
39.973507 116.333912
39.973516 116.333912
39.973518 116.333912
39.973511 116.333912
39.973540 116.333911
39.973557 116.333910
39.973558 116.333910
39.973558 116.333910
39.973556 116.333910
39.973561 116.333910
39.973561 116.333910
39.973568 116.333909
39.973573 116.333909
39.973584 116.333909
39.973543 116.333910
39.973509 116.333912
39.973486 116.333913
39.973484 116.333913
39.973463 116.333914
39.973447 116.333915
39.973432 116.333915
39.973417 116.333750
39.973420 116.333750
39.973418 116.333750
0.000000 0.000000
39.973418 116.333750
39.973410 116.333916
39.973414 116.333916
39.973418 116.333916
39.973418 116.333916
39.973423 116.333916
39.973435 116.333915
39.973445 116.333915
39.973458 116.333914
39.973467 116.333914
39.973467 116.333914
39.973467 116.333914
39.973460 116.333914
39.973458 116.333914
39.973462 116.333914
39.973460 116.333914
39.973466 116.333914
39.973466 116.333914
39.973474 116.333914
39.973487 116.333913
39.973488 116.333913
39.973488 116.333913
39.973487 116.333913
39.973483 116.333913
39.973469 116.333914
39.973469 116.333914
39.973472 116.333914
39.973457 116.333914
39.973460 116.333914
39.973464 116.333914
39.973472 116.333914
39.973466 116.333748
39.973447 116.333749
39.973407 116.333751
39.973391 116.333752
39.973367 116.333753
39.973392 116.333752
39.973414 116.333751
39.973483 116.333747
39.973517 116.333745
39.973517 116.333745
39.973488 116.333747
39.973488 116.333747
39.973489 116.333747
39.973489 116.333747
39.973548 116.333910
39.973537 116.333911
39.973537 116.333911
39.973596 116.333908
39.973625 116.333907
39.973632 116.333906
39.974085 116.334284
39.974078 116.334445
39.974075 116.334518
39.974070 116.334643
39.974071 116.334623
39.974070 116.334632
39.974070 116.334631
39.974074 116.334549
39.973614 116.333907
39.973573 116.333909
39.973550 116.333910
39.973525 116.333911
39.973500 116.333912
39.973510 116.333912
39.973526 116.333911
39.973561 116.333910
39.973563 116.333909
39.973432 116.333915
39.973413 116.333916
39.973402 116.333917
39.973383 116.333918
39.973383 116.333918
39.973380 116.333918
39.973377 116.333918
39.973386 116.333918
39.973388 116.333917
39.973421 116.333916
39.973450 116.333915
39.973453 116.333914
39.973459 116.333914
39.973459 116.333914
39.973466 116.333914
39.973477 116.333913
39.973491 116.333913
39.973491 116.333913
39.973496 116.333913
39.973487 116.333913
39.973505 116.333912
39.973489 116.333913
39.973493 116.333913
39.973492 116.333913
39.973492 116.333913
39.973488 116.333913
39.973477 116.333913
39.973437 116.333915
39.973392 116.333917
39.973382 116.333918
39.973377 116.333918
39.973377 116.333918
39.973376 116.333918
39.973375 116.333918
39.973373 116.333918
39.973382 116.333918
39.973385 116.333918
39.973384 116.333918
39.973384 116.333918
39.973388 116.333917
39.973372 116.333918
39.973372 116.333918
39.973372 116.333918
39.973382 116.333918
39.973384 116.333918
39.973383 116.333918
39.973378 116.333918
39.973378 116.333918
39.973379 116.333918
39.973343 116.333919
39.973334 116.333920
39.973327 116.333920
39.973328 116.333920
39.973327 116.333920
39.973327 116.333920
39.973325 116.333920
39.973311 116.333921
39.973342 116.333920
39.973354 116.333919
39.973356 116.333919
39.973362 116.333919
39.973367 116.333918
39.973366 116.333918
39.973366 116.333918
39.973374 116.333918
39.973400 116.333917
39.973412 116.333916
39.973412 116.333916
39.973407 116.333917
39.973397 116.333917
39.973367 116.333918
39.973367 116.333918
39.973366 116.333918
39.973366 116.333918
39.973358 116.333919
39.973350 116.333919
39.973361 116.333919
39.973372 116.333918
39.973386 116.333918
39.973375 116.333918
39.973381 116.333918
39.973384 116.333918
39.973382 116.333918
39.973386 116.333918
0.000000 0.000000
39.973378 116.333918
39.973422 116.333750
39.973448 116.333388
39.973504 116.333378
39.973570 116.333365
39.973535 116.333372
39.973529 116.333373
39.973464 116.333385
39.973399 116.333398
39.973384 116.333752
39.973395 116.333752
39.973378 116.333753
39.973389 116.333752
39.973389 116.333917
0.000000 0.000000
39.973391 116.333917
39.973401 116.333751
39.973411 116.333751
39.973409 116.333751
39.973398 116.333751
39.973381 116.333752
39.973400 116.333751
39.973426 116.333750
39.973433 116.333750
39.973441 116.333749
39.973441 116.333749
39.973436 116.333749
39.973431 116.333750
39.973425 116.333750
39.973431 116.333750
39.973431 116.333750
39.973453 116.333748
39.973470 116.333748
39.973478 116.333747
39.973478 116.333747
39.973525 116.333745
39.973552 116.333910
39.973546 116.333910
39.973563 116.333909
39.973566 116.333909
39.973556 116.333910
39.973574 116.333909
39.973611 116.333907
39.973624 116.333907
39.973585 116.333908
39.973552 116.333910
39.973548 116.333910
39.973528 116.333911
39.973499 116.333912
39.973513 116.333912
39.973519 116.333911
39.973527 116.333744
39.973524 116.333745
39.973506 116.333746
39.973520 116.333745
39.973498 116.333746
39.973476 116.333747
39.973493 116.333746
39.973515 116.333745
0.000000 0.000000
0.000000 0.000000
39.973522 116.333745
39.973495 116.333913
39.973463 116.333914
39.973429 116.333916
39.973425 116.333916
39.973454 116.333748
39.973479 116.333747
39.973474 116.333747
0.000000 0.000000
39.973471 116.333747
39.973488 116.333913
39.973495 116.333913
39.973532 116.333911
39.973522 116.333911
39.973479 116.333913
39.973401 116.333917
39.973432 116.333915
39.973460 116.333914
39.973493 116.333913
39.973526 116.333911
39.973539 116.333911
39.973539 116.333911
39.973540 116.333911
39.973526 116.333911
39.973485 116.333913
39.973454 116.333914
39.973458 116.333914
39.973465 116.333914
39.973456 116.333914
39.973459 116.333914
39.973459 116.333914
39.973463 116.333914
39.973473 116.333914
39.973486 116.333913
39.973493 116.333913
39.973479 116.333913
39.973476 116.333747
39.973456 116.333748
39.973437 116.333915
0.000000 0.000000
39.973440 116.333915
39.973437 116.333915
39.973380 116.333918
39.973425 116.333916
39.973453 116.333915
39.973423 116.333916
39.973342 116.333920
39.973330 116.333920
39.973358 116.333919
0.000000 0.000000
0.000000 0.000000
0.000000 0.000000
0.000000 0.000000
0.000000 0.000000
0.000000 0.000000
0.000000 0.000000
0.000000 0.000000
0.000000 0.000000
0.000000 0.000000
0.000000 0.000000
0.000000 0.000000
0.000000 0.000000
0.000000 0.000000
0.000000 0.000000
0.000000 0.000000
0.000000 0.000000
0.000000 0.000000
0.000000 0.000000
0.000000 0.000000
0.000000 0.000000
0.000000 0.000000
0.000000 0.000000
0.000000 0.000000
0.000000 0.000000
0.000000 0.000000
0.000000 0.000000
0.000000 0.000000
0.000000 0.000000
0.000000 0.000000
0.000000 0.000000
0.000000 0.000000
0.000000 0.000000
0.000000 0.000000
0.000000 0.000000
0.000000 0.000000
0.000000 0.000000
0.000000 0.000000
0.000000 0.000000
0.000000 0.000000
0.000000 0.000000
0.000000 0.000000
0.000000 0.000000
0.000000 0.000000
0.000000 0.000000
0.000000 0.000000
0.000000 0.000000
0.000000 0.000000
0.000000 0.000000
0.000000 0.000000
0.000000 0.000000
0.000000 0.000000
0.000000 0.000000
0.000000 0.000000
0.000000 0.000000
0.000000 0.000000
0.000000 0.000000
0.000000 0.000000
0.000000 0.000000
0.000000 0.000000
0.000000 0.000000
0.000000 0.000000
0.000000 0.000000
0.000000 0.000000
0.000000 0.000000
0.000000 0.000000
0.000000 0.000000
0.000000 0.000000
0.000000 0.000000
0.000000 0.000000
0.000000 0.000000
0.000000 0.000000
0.000000 0.000000
0.000000 0.000000
0.000000 0.000000
0.000000 0.000000
39.973325 116.333920
39.973260 116.333923
39.973251 116.333924
39.973273 116.333923
39.973286 116.333922
39.973281 116.333922
39.973241 116.333924
39.973253 116.333924
39.973255 116.333923
39.973255 116.333923
39.973256 116.333923
39.973263 116.333923
39.973266 116.333923
39.973251 116.333924
39.973255 116.333923
39.973254 116.333924
0.000000 0.000000
0.000000 0.000000
0.000000 0.000000
0.000000 0.000000
0.000000 0.000000
0.000000 0.000000
0.000000 0.000000
0.000000 0.000000
0.000000 0.000000
0.000000 0.000000
0.000000 0.000000
0.000000 0.000000
0.000000 0.000000
0.000000 0.000000
0.000000 0.000000
0.000000 0.000000
0.000000 0.000000
0.000000 0.000000
0.000000 0.000000
0.000000 0.000000
39.974061 116.334868
39.974047 116.335197
39.974057 116.334962
39.974056 116.334988
39.974047 116.335197
39.974055 116.335000
0.000000 0.000000
0.000000 0.000000
0.000000 0.000000
0.000000 0.000000
0.000000 0.000000
0.000000 0.000000
0.000000 0.000000
0.000000 0.000000
39.973421 116.333916
39.973413 116.333916
39.973402 116.333917
39.973413 116.333916
39.973419 116.333916
39.973421 116.333916
39.973412 116.333916
39.973355 116.333919
39.973406 116.333917
39.973452 116.333749
39.973486 116.333747
39.973475 116.333747
39.973407 116.333396
39.973437 116.333390
39.973772 116.333153
39.973773 116.333103
39.973773 116.333103
39.973773 116.333103
39.973511 116.333377
39.973500 116.333379
39.973479 116.333383
39.973488 116.333381
39.973513 116.333376
39.973542 116.333371
39.973550 116.333369
39.973504 116.333378
39.973482 116.333382
39.973440 116.333749
39.973409 116.333917
39.973112 116.333767
39.973327 116.333920
0.000000 0.000000
0.000000 0.000000
0.000000 0.000000
0.000000 0.000000
39.973374 116.333918
39.973299 116.333922
39.973112 116.333767
0.000000 0.000000
0.000000 0.000000
0.000000 0.000000
0.000000 0.000000
0.000000 0.000000
0.000000 0.000000
0.000000 0.000000
0.000000 0.000000
39.972825 116.336727
39.973726 116.333734
39.973832 116.333728
39.973801 116.333730
39.973639 116.333906
39.973502 116.333912
39.973413 116.333916
0.000000 0.000000
0.000000 0.000000
0.000000 0.000000
39.973543 116.333910
39.974087 116.334219
39.974091 116.334128
39.973627 116.333907
39.973581 116.333909
39.973536 116.333911
39.973515 116.333912
39.973529 116.333911
39.973537 116.333911
39.973532 116.333911
39.973590 116.333908
39.973589 116.333908
39.973634 116.333906
39.973667 116.333737
39.973699 116.333735
39.973680 116.333345
39.973639 116.333353
39.973604 116.333740
39.973574 116.333742
39.973484 116.333747
39.973391 116.333399
39.973367 116.333404
39.973418 116.333394
39.973517 116.333375
39.973772 116.333163
39.973757 116.332866
39.973744 116.332678
39.973747 116.332724
39.973757 116.332869
39.973751 116.332779
39.973756 116.332856
39.973772 116.333089
0.000000 0.000000
39.973773 116.333103
39.973770 116.333059
39.973772 116.333179
39.973635 116.333353
39.973595 116.333741
39.973525 116.333745
39.973461 116.333914
39.973413 116.333916
39.973445 116.333915
39.973426 116.333916
39.973407 116.333917
39.973391 116.333917
39.973355 116.333919
39.973335 116.333920
39.973401 116.333751
39.973470 116.333384
39.973500 116.333379
39.973515 116.333376
39.973529 116.333373
39.973513 116.333376
39.973547 116.333370
39.973773 116.333103
39.973767 116.333019
39.973773 116.333103
39.973762 116.332947
39.973760 116.332918
39.973773 116.333103
39.973773 116.333103
39.973772 116.333162
39.973625 116.333355
39.973637 116.333353
39.973772 116.333148
39.973769 116.333042
39.973750 116.332767
39.973748 116.332747
39.973762 116.332941
39.973838 116.333103
39.973771 116.333235
39.973770 116.333328
39.973691 116.333736
39.973689 116.333904
39.974091 116.334138
39.973704 116.333903
39.974085 116.334283
39.974077 116.334477
39.974069 116.334654
0.000000 0.000000
0.000000 0.000000
0.000000 0.000000
0.000000 0.000000
0.000000 0.000000
0.000000 0.000000
0.000000 0.000000
0.000000 0.000000
0.000000 0.000000
0.000000 0.000000
0.000000 0.000000
0.000000 0.000000
0.000000 0.000000
0.000000 0.000000
39.973606 116.333908
39.973651 116.333738
39.973770 116.333328
39.973641 116.333738
39.973600 116.333740
39.973634 116.333353
39.973771 116.333240
39.973660 116.333349
39.973624 116.333355
39.973610 116.333358
39.973632 116.333354
39.973653 116.333350
39.973651 116.333738
39.973593 116.333741
39.973587 116.333362
39.973635 116.333353
39.973652 116.333350
39.973700 116.333341
39.973770 116.333328
39.973620 116.333356
39.973581 116.333909
39.974082 116.334342
39.974064 116.334790
0.000000 0.000000
0.000000 0.000000
0.000000 0.000000
0.000000 0.000000
0.000000 0.000000
0.000000 0.000000
39.974071 116.334606
39.974084 116.334304
39.973653 116.333905
39.973664 116.333737
39.973770 116.333328
39.973721 116.333337
39.973772 116.333156
39.973772 116.333201
39.973772 116.333164
39.973839 116.333103
39.973772 116.333189
39.973832 116.333103
39.973762 116.332937
39.973759 116.332895
39.973753 116.332815
39.973759 116.332905
39.973757 116.332868
39.973748 116.332737
39.973733 116.332523
39.973732 116.332504
39.973739 116.332615
39.973744 116.332682
39.973742 116.332652
39.973747 116.332724
39.973757 116.332878
39.973764 116.332968
39.973744 116.332683
39.973724 116.332397
39.974009 116.332057
39.974062 116.332053
39.973736 116.332568
39.974065 116.332053
39.973747 116.332724
39.973758 116.332882
39.973935 116.333101
39.973763 116.332964
39.973922 116.333102
39.973770 116.333328
39.973770 116.333328
39.973770 116.333328
39.973771 116.333282
39.973895 116.333102
39.973906 116.333102
39.973771 116.333242
39.973889 116.333102
39.973750 116.332772
39.973735 116.332547
39.973745 116.332705
39.973765 116.332991
39.973823 116.333103
39.973820 116.333103
39.973771 116.333261
39.973771 116.333277
39.973772 116.333169
39.973771 116.333245
0.000000 0.000000
39.973771 116.333250
39.973747 116.333332
39.973770 116.333328
39.973728 116.333336
39.973761 116.333330
39.973686 116.333344
39.973653 116.333738
39.973611 116.333740
39.973669 116.333737
39.973770 116.333328
39.973770 116.333328
