309593
303966
309593
303966
303966
309595
0
309593
303966
303966
309593
309593
0
0
309595
309593
309593
309593
0
309593
309593
309593
309593
309593
309593
309593
309593
309593
0
0
0
0
0
305782
0
0
0
0
0
309593
309593
309593
305782
305782
309593
309593
309593
309593
309593
309593
305782
305782
309593
305782
309593
305782
305782
305782
305782
305782
309593
305782
309593
0
0
0
0
309593
0
0
0
0
0
305782
305782
0
0
0
0
0
309593
305782
305782
305782
0
309593
309593
305782
309593
309593
305782
309593
309593
309593
309595
309595
309593
309593
309593
309591
309591
309591
309591
308634
309258
309258
309258
309258
309258
309258
309258
309266
303041
309240
309610
309240
309240
309240
309240
0
0
0
0
0
0
0
0
0
0
0
0
306665
306665
306665
306665
306665
306665
306665
306665
306665
306506
306506
306661
306506
306506
0
0
0
0
0
0
0
0
0
0
0
0
0
0
235271
229155
229155
229155
229155
229151
229155
229137
229137
229137
229137
229143
229143
229143
229143
229143
229139
229139
229139
229139
229139
229139
229145
229145
229139
229139
229139
229139
229145
229139
0
0
0
0
0
221904
221904
221904
221904
223148
223148
223148
223148
0
0
0
227594
227594
227594
227594
227596
227596
239004
239005
239004
239004
239004
239004
239003
239003
239003
239001
239001
239003
239003
239003
239003
239001
0
0
239001
239003
239003
239003
229265
229265
229265
229265
234371
234371
234371
227598
227598
227598
227598
227598
0
0
0
229343
229343
229343
229343
229343
229343
229343
229343
229343
229343
229343
229343
229343
229343
229343
229343
229343
229343
229343
229343
229343
229343
229349
229344
229344
229344
229344
244751
244751
244751
244751
244751
244751
244751
244751
244751
244751
244751
244751
244751
244751
244751
244751
244751
244751
244751
244751
244749
244749
244749
239023
239023
227614
224812
224812
229292
229292
229292
229292
229292
229292
0
0
0
0
0
0
0
0
0
0
0
0
0
0
0
0
0
0
0
0
0
244204
244204
244204
244204
244202
244202
244206
244202
244202
244202
244202
244202
244202
244202
244202
244202
244202
244202
229308
229308
229308
229308
229308
229308
229308
229302
229302
229302
0
0
229300
229300
229300
244202
244202
245974
245979
245979
245979
245979
245979
245978
245980
245980
245980
245980
245980
245980
245980
229288
224966
224966
239063
239063
239063
239063
239063
239063
239063
239063
0
0
239063
239063
239063
239063
239063
239063
245993
239064
239064
239064
239064
239064
239064
239064
239064
239064
239064
239064
239064
239064
239064
239064
239064
239064
239064
239064
239064
239064
239064
239064
230168
230168
244307
244307
244307
244307
244307
244307
244307
244307
244307
244307
244307
244307
244307
244307
244307
244307
244307
244307
234569
234569
0
0
0
0
244307
244307
244340
230158
224967
224967
224967
224967
224967
224967
224967
224967
236655
236653
236653
236655
236655
236655
236653
236655
236655
236653
236653
236653
236653
236653
236653
236653
236653
236653
0
236655
236655
236655
236655
236655
236655
236653
236653
236655
224967
224967
236655
224967
224979
236655
224967
224967
224967
224967
224967
224967
224967
224967
224967
224967
224967
224967
224967
224967
224967
224967
224967
224967
224967
224967
224967
224967
224967
224967
224967
224967
224967
224967
224967
224967
224967
224967
224967
224967
224967
224967
224967
224967
224967
224967
224967
224978
224967
224967
224967
224967
224967
224967
224967
224967
224967
224967
224967
224967
224967
0
224967
224967
224967
224978
224978
224978
224978
224978
224978
0
0
224978
224978
224978
0
224978
224978
0
0
224978
224978
224978
224978
224978
224978
224978
0
0
0
224978
224978
224978
224967
224967
224967
224967
224967
224967
224967
224967
224967
224967
224967
224967
224967
224967
224967
224967
224967
224967
224967
224967
224967
0
0
224967
0
0
0
224967
224967
224967
224967
224967
0
0
224967
0
0
224967
224967
224967
224967
224967
224967
224967
224967
224967
224967
224967
224967
0
0
0
224967
0
224967
0
0
0
224967
224967
224967
224967
224967
224967
224967
224967
224967
224967
224967
0
224967
224967
0
0
224967
224967
224967
224967
224967
224967
224967
224967
224967
224967
224967
224967
0
0
224967
224967
224967
224967
0
0
0
0
0
0
0
224967
224967
224967
224967
224978
224978
224978
224978
224978
224978
224978
224978
224978
244323
224978
224978
224978
0
224978
224978
224978
224978
224978
224978
224978
224978
224978
224978
224978
224978
0
0
0
0
0
0
0
224978
224978
224978
0
224978
224978
224978
224978
224967
224967
224967
224967
224967
224967
224967
224967
224967
224967
224967
224967
224978
224978
224978
224978
224978
224978
0
0
224978
224978
224967
224967
224967
224967
224967
224967
224967
224967
224967
224967
224967
224967
224967
224978
224978
224978
224978
224978
224978
224978
224978
224978
244323
244323
244323
224978
244323
244323
224978
224978
224967
224967
224967
224978
244323
244323
244328
244314
239407
234553
234551
224978
224967
224967
224967
224967
224967
224967
224967
224967
224967
224967
224967
224967
244604
241704
0
0
236649
0
236655
236649
236649
236649
236655
236655
236649
236649
236649
236649
236649
236649
236649
236649
236649
236649
236649
236649
236649
236649
229948
236649
236649
236649
236649
236649
236649
236649
236649
236649
236649
236649
236649
236649
229948
236649
236649
236649
229948
236649
229948
229948
229948
229948
229948
229948
229948
229948
229948
230001
230001
230001
230001
230001
230001
230001
230001
230001
230001
230001
230001
230001
229948
230001
230001
230001
230001
230001
230001
230001
230001
230001
230001
230001
230001
230001
230001
230001
230001
230001
230001
230001
230001
230001
230001
230001
230001
230001
230001
230001
229934
230001
230001
230001
230001
230001
230001
230001
230001
230001
230001
230001
230001
230001
230001
230001
230001
230001
230001
230001
230007
230007
230007
230007
230007
230001
230007
230007
230007
230007
230007
230007
230007
230007
230007
230007
230007
230007
230007
230007
230007
230007
230007
230007
230007
230007
230007
230007
0
0
230003
230003
230003
230003
230003
230003
230003
230007
230007
230007
230007
230007
226475
226475
226475
226475
230003
230003
230003
230003
230003
230003
230003
230003
230003
230003
230003
230003
230003
230003
230003
226475
226475
226475
226475
226475
226475
226475
226475
230013
230013
230013
230003
230013
230013
230013
230009
230013
230013
230013
230009
230009
230009
230009
230009
230009
230009
230009
230009
230009
230009
230009
230009
230009
230009
230009
230013
230013
230009
230009
226477
226477
226477
230009
230009
230009
230009
0
0
230009
0
230009
230009
0
230009
0
230009
0
0
230009
0
0
0
0
230009
230009
230009
230009
0
0
226477
226477
229976
229976
229976
229984
229984
229984
229984
229976
229982
229980
229982
229982
229980
229980
229980
229980
229980
229980
229980
229980
229980
229980
229980
229980
229976
229976
229976
229976
229976
229976
229976
229976
229976
229976
229976
229976
229976
229976
229976
229980
229974
229974
229974
229974
229974
229974
229974
226481
226481
229970
