0
0
0
0
0
0
0
0
0
0
0
0
0
0
0
0
0
0
0
140774
140774
140774
140774
140774
140774
140774
0
0
0
153227
153227
153227
153227
153227
153227
153227
153227
0
150977
150977
150977
150977
150977
150977
153217
153217
153217
153217
153217
153217
153217
153217
153217
0
0
0
0
0
150952
150952
150952
150952
150952
150952
150952
150952
150952
0
0
0
0
0
0
0
0
0
0
0
147923
147923
147923
143977
143977
143977
143979
143979
143979
143979
159123
143979
147893
151143
151143
151146
151146
160289
160289
160289
160289
160289
160289
163516
163516
163516
163516
163516
163516
150537
150537
163514
163514
163514
144899
144905
144905
144905
144899
144899
144899
144899
144899
144899
144899
144899
144899
150541
150541
150541
153088
161672
150541
0
0
0
0
0
144803
144803
144803
144803
144803
144803
150495
150495
150495
150495
150495
150495
150495
0
146079
146079
146079
146079
146079
146079
144896
144896
144896
144896
144896
144896
144896
0
0
144894
144894
144894
144894
144894
151155
142373
144894
144894
142373
0
0
0
0
153085
153085
153085
153085
153085
153085
140764
140764
140764
140764
140764
140764
140764
0
0
0
0
0
0
141101
141101
141101
141101
141101
146108
146108
141101
141101
146108
0
0
0
0
0
0
0
0
0
0
0
0
0
0
0
0
0
0
0
0
0
0
0
0
0
0
152234
152234
152230
152230
152230
152230
152230
152234
153067
153071
153071
153069
153065
152315
152315
126856
126856
126856
126856
126856
126856
0
0
0
0
0
0
133514
133514
133514
133514
133514
133511
125350
125348
117908
117733
117733
117733
117731
117731
138130
134789
134789
134789
134789
134789
134789
134789
134783
134783
138131
138131
138131
138131
117201
117201
117201
117201
117201
118009
118009
118009
118009
118009
118009
118009
0
0
0
0
0
0
0
0
0
0
0
124538
124538
124538
124538
124544
124544
124544
124544
124544
124548
124548
124548
124546
124546
117902
117902
117904
117904
117904
117904
117904
124520
124520
124520
124522
124522
124522
124522
0
124522
124522
124522
124522
124522
124524
124524
124524
124524
124524
124530
124530
124530
124530
124530
124560
124560
124562
124562
117906
117906
117906
125346
125346
125349
136303
136303
136303
136303
136303
136303
136303
136303
136303
0
136303
136303
136303
136303
136303
130102
136303
136303
136303
136303
130103
130102
0
0
0
0
0
0
0
0
0
0
0
0
0
0
0
0
0
0
0
0
0
0
0
0
0
0
0
0
0
0
0
0
0
0
0
0
0
0
0
0
0
0
0
0
0
0
0
0
0
0
0
0
0
0
0
0
0
0
0
0
0
0
0
0
0
0
0
0
0
0
0
0
0
0
0
0
0
0
0
0
0
0
0
0
0
0
0
0
0
0
0
160912
160912
159186
159186
159190
159186
159186
159186
159186
162982
162982
162982
162987
162987
162982
162982
162983
0
0
0
0
0
0
162991
162991
162991
162991
162991
162991
162991
0
0
0
0
0
0
0
0
0
0
0
152535
152535
152535
152535
152535
152535
152535
152537
152537
152537
152537
152537
152521
152521
152521
152521
152521
152521
151825
151825
151823
151823
151823
151823
151823
151823
151823
151823
152519
152519
152519
159211
159211
159211
159211
159211
159211
159211
152517
152517
152517
152517
153049
0
0
153051
153051
153051
153051
153051
153051
153051
153059
153059
152263
152514
152515
152515
152515
152515
0
0
0
0
0
0
0
0
0
0
0
0
0
0
0
0
0
0
0
0
0
0
0
0
0
146108
146108
146108
146108
141101
0
0
0
0
0
0
0
0
140764
140764
140764
140764
140764
140764
153085
153085
153085
153085
153085
153085
153085
153085
0
0
0
142373
142373
142373
142373
142373
151155
151155
144894
144894
0
0
0
0
0
0
0
0
144896
144896
144896
144896
144896
146079
146079
146079
146079
146079
146079
0
150495
150495
150495
150495
150495
144803
144803
144803
144803
144803
144803
144803
0
0
0
0
0
161672
144903
153088
150541
144907
144907
144907
144905
144905
144905
144905
144901
144905
144899
144905
163514
163514
163514
150890
150890
163516
163516
163516
163516
163516
160289
160289
160289
160289
160289
160289
160289
160289
150538
150538
147893
159123
159123
159123
147910
145164
145166
147923
143977
143977
147923
147923
0
0
0
0
0
0
0
0
0
0
0
0
150952
150952
150952
150952
150952
150952
150952
150952
0
0
0
0
0
153217
153217
153217
153217
153217
153217
153217
153217
153217
150977
150977
150977
150977
150977
0
153227
153227
153227
153227
153227
153227
153227
153227
153227
0
0
0
140774
140774
140774
140774
140774
140774
140774
140774
140774
0
0
0
0
0
0
0
0
0
0
0
0
0
0
0
0
0
0
0
0
0
0
0
0
0
153231
153231
153231
153231
153231
153231
153231
153231
153231
153231
153231
153231
153231
153231
153231
153231
153231
153231
0
142062
142062
142062
142062
142062
142062
142062
142062
138765
138765
138765
138765
138765
138765
138765
138765
138765
138765
138765
138765
138765
138765
138765
0
138765
138765
138765
0
138765
138765
138765
0
138765
138765
138765
138765
138765
138765
138765
0
138765
138765
138765
138765
138765
138765
244930
244931
244930
244930
0
244931
244930
244930
244930
0
244930
244930
244931
244931
244931
244931
244931
244931
244931
244931
244931
244931
244931
244931
244931
244931
244931
244927
244927
244931
244927
244927
244927
244927
244928
244928
244928
244928
244931
0
244928
244928
244928
244928
244928
0
244931
244931
244931
244928
244928
244928
244931
244928
244931
244928
0
244928
244931
244931
244927
244927
244927
244927
244927
244927
244927
244927
244927
0
244927
244927
244927
244936
244936
244936
235259
0
235259
235259
235259
235259
235259
235259
235259
235259
235259
235259
235259
235259
235259
235259
235259
235259
235259
235259
0
235259
235259
235259
0
235259
235259
235259
235259
0
235259
235259
235259
235259
235259
235259
235259
235259
0
0
0
235259
0
235259
235259
235259
235259
235259
235259
235259
235259
235259
235259
235259
235259
235259
235259
235259
235259
235259
235259
235259
235259
235259
235259
235259
235259
235259
235259
235259
235259
235259
235259
235259
235259
235259
0
235259
235259
235259
0
235259
235259
235259
235259
235259
235259
0
235259
235259
235259
235259
235259
235259
235259
235259
235259
235259
235259
235259
235259
235259
235259
235259
235259
235259
235259
235259
235259
235259
0
0
0
0
235259
235259
235259
235259
235259
0
235259
235259
235259
235259
235259
235259
235259
0
235259
235259
235259
235259
235259
0
235259
235259
235259
235259
235259
235259
235259
235259
235259
235259
235259
235259
235259
235259
235259
235259
235259
235259
235259
235259
235259
235259
235259
235259
235259
235259
235259
235259
235259
235259
235259
235259
235259
235259
235259
235259
235259
235259
0
235259
235259
0
0
0
0
0
0
0
0
0
0
0
0
0
0
0
0
0
0
0
0
0
0
0
0
0
0
0
0
235259
235259
235259
0
235259
235259
235259
235259
235259
235259
235259
235259
235259
235259
0
0
235259
235259
235259
235259
0
235259
235259
235259
235259
235259
0
0
235259
0
0
235259
0
0
0
0
0
0
235259
235259
235259
235259
235259
235259
235259
0
0
0
0
0
0
0
0
0
0
0
0
0
0
235259
235259
235259
235259
235259
235259
235259
235259
235259
0
0
235259
235259
235259
235259
235259
0
235259
235259
235259
235259
235259
235259
0
235259
235259
235259
0
235259
235259
235259
235259
235259
235259
235259
235259
235259
235259
0
235259
235259
0
235259
235259
235259
235259
235259
235259
235259
235259
235259
235259
235259
0
235259
235259
235259
235259
235259
0
235259
235259
235259
235259
235259
235259
235259
235259
235259
235259
235259
235259
235259
235259
235259
235259
235259
235259
235259
235259
235259
235259
235259
235259
235259
235259
235259
235259
235259
235259
235259
235259
235259
235259
235259
235259
235259
235259
235259
0
235259
235259
235259
235259
235259
235259
235259
235259
0
235259
235259
235259
235259
235259
235259
235259
235259
235259
235259
235259
235259
0
235259
235259
235259
235259
235259
235259
235259
235259
0
235259
235259
235259
235259
235259
235259
235259
235259
306539
235259
306539
235259
235259
306539
306539
235259
235259
235259
0
235259
235259
0
235259
235259
235259
235259
235259
235259
235259
235259
235259
235259
235259
235259
0
235259
235259
235259
235259
235259
235259
0
235259
235259
235259
235259
235259
0
235259
235259
0
235259
235259
235259
235259
235259
235259
235259
235259
235259
235259
235259
235259
235259
235259
235259
235259
235259
235259
235259
235259
0
235259
235259
235259
235259
235259
0
235259
235259
235259
235259
0
235259
235259
235259
235259
235259
235259
235259
235259
235259
235259
0
235259
235259
235259
235259
235259
235259
235259
0
0
0
0
306568
235259
235259
235259
235259
235259
235259
235259
235259
235259
235259
235259
235259
235259
235259
235259
235259
235259
235259
235259
235259
235259
235259
235259
235259
235259
235259
235259
235259
235259
235259
235259
235259
235259
235259
0
0
0
0
0
0
0
0
0
0
0
0
0
0
0
0
0
0
0
0
0
0
0
0
0
0
0
0
0
0
0
0
0
0
0
0
228929
0
228929
228929
228929
228929
228929
228929
228929
228929
0
228929
228929
228929
228929
228929
228929
241516
228929
228929
228929
228934
228934
228934
241516
241516
241516
241516
241516
241516
241516
241516
241516
241516
241516
241516
241516
241516
241516
241516
241516
241516
241516
241516
241516
241516
241516
0
0
0
0
0
0
0
0
248877
248877
248877
248877
248877
248877
0
248877
248877
248877
248877
248877
0
248877
248877
248877
248877
248877
248877
248877
248877
248877
248877
248877
248877
248877
248877
248877
248877
248877
248877
248877
248877
248877
248877
248877
248877
248877
248877
248877
248877
248877
248877
0
248877
248877
248877
248877
248877
248877
248877
248877
248877
248877
248877
248877
248877
248877
248877
248877
248877
248877
248877
248877
248877
248877
248877
247458
247458
247458
247459
248877
247459
0
0
248877
247465
247465
247465
247465
247465
247459
247465
247459
247465
247459
247459
247459
247459
0
247459
247459
247459
244400
247465
247465
244402
247465
247461
247461
247465
247465
247461
247461
247461
247461
247461
247461
247461
247461
244517
244517
244517
244517
244517
244517
244517
244517
244517
244517
244517
244517
244517
244517
244517
0
244517
244517
244517
244517
244517
0
244517
244517
244517
244517
244517
244517
244517
244517
244517
244517
244517
244517
244517
244517
244517
244517
244517
244517
244517
244517
244517
0
244517
244517
244517
0
244517
244517
244517
244517
244517
244517
244517
244517
244517
244517
244517
244517
244517
244517
244517
244517
244517
244517
244517
244517
244517
244517
0
244517
244517
244517
244517
244517
244517
244517
244517
244517
244408
244408
244408
244408
244408
244402
244400
244400
247458
247458
0
247458
247458
247458
247458
247458
0
247458
247458
247458
247458
241516
241516
241516
241516
241516
241516
241516
241516
241516
241516
241516
241516
241516
241516
241516
241516
241516
241516
241516
241516
241516
241516
241516
241516
241516
241516
241516
241516
241516
241516
241516
241516
241516
241516
241516
241516
241516
241516
241516
241516
241516
241516
241516
241516
241516
241516
241516
241516
241516
241516
241516
241516
241516
241516
241516
241516
241516
241516
241516
241516
241516
241516
241516
241516
241516
241516
241516
231145
231145
231145
228929
228929
228929
241516
241516
235259
235259
235259
235259
235259
235259
235259
235259
235259
235259
235259
235259
235259
235259
235259
235259
235259
235259
235259
235259
235259
235259
235259
235259
235259
235259
235259
235259
235259
235259
235259
235259
235259
235259
235259
235259
235259
0
235259
235259
235259
235259
306539
306539
0
306539
306539
0
306539
235259
235259
235259
235259
235259
235259
235259
235259
235259
0
235259
235259
235259
306539
306539
235259
235259
0
235259
235259
0
235259
235259
235259
235259
235259
235259
0
235259
235259
235259
235259
235259
0
0
0
0
0
0
0
0
0
0
0
0
0
0
0
0
0
0
0
0
0
235259
235259
235259
235259
235259
235259
235259
0
0
0
0
0
0
0
235259
235259
235259
235259
235259
235259
0
0
0
0
0
0
0
0
0
0
0
235259
235259
235259
235259
235259
235259
235259
235259
235259
0
235259
0
0
235259
235259
235259
235259
235259
235259
235259
235259
235259
235259
235259
235259
306539
235259
306539
235259
235259
235259
235259
235259
235259
306539
306539
306539
306539
306539
306539
306539
306539
306539
235259
235259
235259
0
0
0
0
0
0
0
0
0
0
0
0
235259
235259
235259
235259
0
235259
235259
0
235259
235259
235259
235259
235259
306539
235259
235259
235259
235259
0
235259
235259
235259
0
0
0
0
0
0
0
0
0
235259
235259
235259
306539
306539
306539
235259
235259
235259
235259
235259
235259
235259
235259
235259
0
235259
0
0
0
0
0
0
0
0
0
0
0
0
235259
306539
306539
306539
235259
235259
235259
235259
235259
0
235259
0
235259
235259
235259
235259
235259
235259
235259
235259
235259
235259
235259
235259
235259
235259
235259
235259
235259
235259
235259
235259
235259
235259
235259
235259
235259
0
235259
0
235259
0
235259
0
235259
235259
235259
235259
0
235259
235259
235259
235259
235259
235259
235259
235259
235259
0
235259
235259
235259
235259
235259
235259
235259
235259
235259
235259
235259
235259
235259
235259
235259
0
235259
235259
235259
235259
235259
235259
235259
235259
235259
0
235259
235259
235259
235259
235259
235259
235259
235259
235259
235259
235259
235259
0
235259
235259
235259
235259
235259
235259
235259
235259
235259
0
235259
235259
235259
235259
235259
235259
235259
0
235259
235259
235259
235259
235259
235259
235259
235259
235259
0
235259
235259
235259
235259
235259
235259
235259
235259
235259
235259
235259
235259
235259
235259
235259
235259
235259
0
235259
0
0
0
0
0
0
0
0
0
0
0
0
0
0
0
0
0
0
0
0
0
0
0
0
0
0
0
0
0
0
0
0
0
0
0
0
0
0
0
0
0
0
0
0
0
0
0
0
0
0
0
0
0
0
235286
235286
235286
235286
235286
235286
235286
235286
235286
235286
235286
248121
248121
248121
248121
248121
248121
248121
248121
248121
248121
248121
248121
248121
0
248121
248121
248121
248121
248121
0
0
0
0
0
0
0
0
0
0
0
0
248125
248125
248125
248125
248125
248125
248125
248125
248125
248125
248125
248125
248125
248125
248125
248125
248125
248125
248125
248125
248125
248125
248125
248125
248122
248122
248122
248122
0
248122
248122
248122
0
248122
248122
248125
248125
248125
248125
248125
248125
248121
248121
248121
248121
248121
248121
248121
248121
248121
248121
248121
248121
248121
248121
248121
248121
248121
248121
248121
248121
248121
0
248121
233625
233625
233625
233625
233625
233625
233625
233625
221893
221893
221893
221893
221893
221893
221893
221893
0
221893
233625
233625
233625
233625
233625
233625
237236
237236
237236
237238
237238
228441
228441
228441
228441
228441
237224
237224
237226
237226
237226
237226
237226
237226
237226
237222
247956
247956
247956
247959
247959
247959
247957
247957
227500
227502
227502
227500
227500
227500
227500
227500
227500
227500
227500
224107
228422
228422
248853
248873
224105
224105
224105
224105
224105
224105
224105
0
0
231533
231533
231533
231533
231533
231533
231533
227351
227351
227351
227351
227351
227351
0
0
0
0
0
0
0
0
0
0
245336
245336
245336
245336
245336
245336
245336
245336
245336
245336
245336
245336
245336
226415
226415
226415
224012
224012
224012
224012
224012
224012
224012
0
0
0
0
0
0
0
226256
226256
226256
226256
226256
226256
226256
224521
0
224521
0
0
0
0
0
0
228586
228586
228586
228586
231580
231580
231584
231584
228576
228576
231582
228576
0
0
0
247003
243497
243497
247003
247003
243497
243497
243497
0
0
0
0
0
243497
243497
243500
243497
243498
243498
243498
243498
243498
243498
243498
243498
243498
243498
243498
243498
243498
243498
243498
243498
243498
231586
231586
231586
231586
231586
231586
231586
0
231586
231586
231586
231586
0
231586
231586
231586
231586
231586
0
231586
231586
231586
231586
0
0
0
0
0
0
0
0
0
0
0
240557
240557
240557
240557
240557
240557
240557
0
0
0
0
0
0
0
0
0
0
0
0
0
0
0
0
0
224322
224322
242777
224322
224378
242777
242777
242777
224432
224432
224314
224439
224439
242781
242781
242781
242781
242779
242779
242779
242779
242779
242779
242779
242779
242779
242779
242779
242779
242779
242779
242779
0
0
0
0
230950
230950
230950
240721
240721
240721
240719
240719
240719
240719
240713
240713
240713
240713
240713
240711
231090
231090
231088
231088
231088
231088
231088
231088
236850
236850
231088
231088
0
0
0
0
242773
242773
237560
242773
242773
242773
237560
237560
237560
237560
237560
237560
237558
237558
237544
237544
237544
237544
237544
237544
237544
237548
237548
237552
237552
237552
237552
237553
237553
237552
237552
237552
0
0
0
0
0
0
0
0
0
0
0
0
0
0
0
224447
221822
221822
224447
224447
221822
221822
221822
221822
224447
0
224447
221822
0
221822
224447
221822
224447
0
221822
224447
224447
224447
224447
224447
224447
224447
224447
224447
224447
224447
224447
224447
224447
224447
224447
224447
224447
224447
224447
224447
224447
224447
224447
224447
224447
224447
224447
224447
224447
224447
224447
224447
0
224447
224447
224447
224447
224447
224447
224447
224447
224447
224447
224447
0
224447
0
0
237610
0
0
0
0
0
0
0
0
224447
224447
224447
224447
224447
224447
224447
224447
224447
224447
224447
224447
224447
224447
224447
224447
224447
224447
224447
224447
224447
224447
224447
224447
224447
224447
224447
242795
242795
242795
242795
242795
242795
242797
242797
242797
222072
0
242797
222072
0
222072
242797
242797
242797
242797
242797
242797
242797
242797
242797
242795
242795
242795
242795
242795
242795
242795
242795
242795
242795
242795
242795
242795
242795
242795
242795
242795
242795
242795
242795
242795
242795
242795
242795
242795
242795
242795
242795
0
242795
242795
242795
242795
242795
242795
242795
242795
242795
230942
230942
230942
230942
0
230942
230942
230942
230942
230942
230942
230942
240721
240721
240721
240721
240719
240719
240719
240719
240713
240713
240713
240711
231090
231088
231088
231088
231088
231088
231088
236850
236850
231088
231088
236850
0
0
0
242773
242773
242773
242773
237560
237560
237560
237560
237560
237560
237560
237560
237560
237560
237558
237544
237544
237544
237544
237544
237544
237551
237548
237548
237552
237552
237553
237552
237552
237553
0
0
0
0
0
0
0
0
0
0
224447
224447
224447
224447
224447
224447
224447
224447
224447
224447
0
0
0
0
0
0
0
0
0
0
0
0
0
0
0
0
0
0
0
0
0
0
0
0
0
0
0
0
0
0
0
231607
231607
231607
231606
231607
237624
225579
226440
237628
237628
237628
243543
243543
243543
243543
243543
243551
243551
243551
243551
243551
243551
0
0
0
0
0
0
243547
243547
243547
243547
243547
243547
243533
243533
243533
243533
243533
243533
243533
0
0
237377
237377
237377
237377
237377
0
0
0
0
0
243527
243529
243527
243527
243529
243529
0
0
0
0
0
0
0
0
233658
233658
233658
233658
233658
233658
233654
233647
231590
231590
231590
0
0
0
0
231590
233645
231590
231590
233654
233658
233658
233658
233658
0
0
0
0
0
0
0
0
0
0
0
0
243527
243527
243527
243527
243527
243527
0
0
0
0
237377
237377
237377
237377
237377
237377
237377
237377
237377
237377
237373
237373
237375
237375
237375
243571
243571
243571
243571
243571
237387
0
0
0
0
0
0
0
0
0
0
0
0
0
0
0
0
0
0
0
0
0
0
243656
243656
243656
243667
243667
243667
243648
243648
243648
243628
243650
243650
243650
243632
243632
243638
243638
243638
243636
243636
243636
243636
243614
243614
243614
243614
243606
243612
243612
243612
243612
237487
237487
237487
237487
0
0
0
243672
243672
237491
237491
243672
243672
243672
243672
0
0
0
243922
243922
243922
243922
243922
243922
243922
243922
243922
243922
243922
243922
243922
243922
243922
243922
243922
243922
243922
243922
243922
243922
243922
243922
243922
238361
238361
238361
238361
238361
238361
238361
238361
238361
238359
234119
234119
234119
234119
228769
228769
228770
228770
247270
247270
228770
228770
228770
248045
248047
248047
228771
228771
228771
228771
228771
228771
228771
228771
228771
228771
0
0
0
0
243840
243840
243840
243840
243846
243846
243846
243846
0
0
0
0
0
225050
225050
225050
225050
225056
225056
225056
225056
0
0
0
0
0
0
0
0
0
0
0
0
0
0
0
0
0
0
0
0
0
0
0
0
0
0
238211
238211
238211
238207
238211
238211
238211
238211
238211
243834
238215
238213
238215
238215
222725
222725
222725
222725
222725
222725
222725
222725
222725
222725
224212
222725
222725
228721
224212
222765
222765
222765
222765
222765
222765
222765
222765
222765
222765
222765
221728
221728
221728
221728
221728
221728
0
0
0
0
0
0
0
0
0
235105
235105
235105
235105
235105
235105
235105
235105
0
235105
235105
235105
235105
235105
235105
235105
238219
238219
238219
238219
238219
238219
0
0
0
247250
232224
247250
0
0
0
0
0
0
0
0
238219
238219
238219
0
0
0
0
238285
238285
238285
221734
221734
221734
232228
232230
221734
221734
0
221734
232230
232230
232230
232230
232230
232230
232230
232230
232230
232230
232230
232230
232230
232230
0
232230
232230
221734
238285
238285
238285
238285
221734
221734
238285
238285
238285
238285
238285
238285
238285
238285
238285
0
238285
238285
238285
238285
0
238285
238285
238285
238285
238285
0
238285
238285
0
238285
238285
238285
238285
0
238285
238285
0
238285
238285
238285
238285
221734
238285
221734
238285
0
238285
238285
238285
238285
238285
238285
238285
0
238285
238285
238285
0
238285
238285
238285
221734
221734
221734
238285
238285
238285
0
221734
238285
238285
0
238285
238285
238285
0
238285
238285
238285
238285
238285
238287
238285
238285
238285
238285
238285
238285
0
238285
238285
238285
0
238285
238285
238285
238285
238281
238281
238285
238285
0
238285
238285
238285
238285
238285
238285
238285
238285
0
238285
238285
238285
238285
238285
0
238285
238285
238285
238285
238285
238285
238285
238285
238285
238285
238285
238285
238285
0
238285
221734
221734
238285
238285
0
238285
238285
238285
221734
221734
0
221734
221734
221734
0
221734
221734
221734
221734
221734
221734
221734
0
221734
221734
221734
221734
221734
221734
0
221734
221734
221734
221734
221734
221734
238285
238285
238285
0
221734
238285
238285
0
238285
238285
0
221734
238285
238285
238285
221734
