39.955856 116.423042
39.955170 116.422749
39.955170 116.422749
39.955170 116.422749
39.955170 116.422749
39.955856 116.423042
39.955856 116.423042
39.955856 116.423042
39.955856 116.423042
39.955856 116.423042
39.955648 116.421928
39.955648 116.421928
39.955648 116.421928
39.955648 116.421928
39.955648 116.421928
39.955648 116.421928
39.955648 116.421928
39.955648 116.421928
39.955648 116.421928
39.955648 116.421928
39.955648 116.421928
39.955648 116.421928
39.955648 116.421928
39.955648 116.421928
39.955648 116.421928
39.955648 116.421928
39.955648 116.421928
39.955648 116.421925
39.955648 116.421890
39.955648 116.421876
39.955647 116.421860
39.955647 116.421861
39.955647 116.421862
39.955648 116.421881
39.955648 116.421872
39.955648 116.421875
39.955647 116.421862
39.955648 116.421887
39.955648 116.421913
39.955648 116.421924
39.955648 116.421928
39.955648 116.421928
39.955648 116.421928
39.955648 116.421928
39.955648 116.421928
39.955648 116.421928
39.955648 116.421928
39.955648 116.421928
39.955648 116.421928
39.955648 116.421928
0.000000 0.000000
0.000000 0.000000
0.000000 0.000000
0.000000 0.000000
0.000000 0.000000
0.000000 0.000000
39.956612 116.422035
39.956612 116.422033
39.956611 116.422029
39.956611 116.422028
39.956611 116.422016
39.956611 116.422016
39.956611 116.422010
39.956611 116.422011
39.956611 116.422010
39.956611 116.422022
39.956611 116.422021
39.956611 116.422021
39.956611 116.422020
39.956611 116.422021
39.956611 116.422024
39.956611 116.422028
39.956611 116.422029
39.956611 116.422020
39.956611 116.422016
39.956610 116.421979
39.956610 116.421963
39.956610 116.421958
39.956610 116.421954
39.956610 116.421961
39.956610 116.421960
39.956610 116.421958
39.956610 116.421957
39.956610 116.421964
39.956610 116.421962
39.956610 116.421959
39.956610 116.421957
39.956610 116.421972
39.956610 116.421974
39.956610 116.421975
39.956610 116.421973
39.956610 116.421974
39.956610 116.421976
39.956611 116.421983
39.956611 116.421988
39.956611 116.421991
39.956611 116.421983
39.956610 116.421966
39.956610 116.421942
39.956609 116.421927
39.956609 116.421908
39.956609 116.421892
39.956608 116.421854
39.956608 116.421841
39.956607 116.421816
39.956607 116.421784
39.956606 116.421763
39.956606 116.421742
39.956606 116.421731
39.956605 116.421718
39.956605 116.421707
39.956605 116.421695
39.956605 116.421680
39.956604 116.421665
39.956604 116.421650
39.956604 116.421627
39.956603 116.421608
39.956603 116.421596
39.956603 116.421581
39.956602 116.421562
39.956602 116.421548
39.956602 116.421534
39.956602 116.421518
39.956601 116.421502
39.956601 116.421484
39.956600 116.421460
39.956600 116.421447
39.956600 116.421429
39.956600 116.421416
39.956599 116.421404
39.956599 116.421386
39.956599 116.421369
39.956598 116.421351
39.956598 116.421336
39.956598 116.421324
39.956597 116.421299
39.956597 116.421279
39.956597 116.421267
39.956596 116.421242
39.956791 116.420965
39.956595 116.421167
39.956779 116.420965
39.956771 116.420965
39.956783 116.420965
39.956783 116.420965
39.956789 116.420965
39.956766 116.420965
39.956853 116.420965
39.956879 116.420964
39.956901 116.420964
39.956911 116.420964
39.956925 116.420964
39.956928 116.420964
39.956941 116.420964
39.956951 116.420964
39.956963 116.420963
39.956963 116.420963
39.956971 116.420963
39.956993 116.420963
39.957002 116.420963
39.957039 116.420963
39.957053 116.420963
39.957060 116.420963
39.957068 116.420962
39.957077 116.420962
39.957103 116.420962
39.957114 116.420962
39.957142 116.420962
39.957161 116.420962
39.957181 116.420961
39.957202 116.420961
39.957241 116.420961
39.957253 116.420961
39.957266 116.420961
39.957275 116.420961
39.957330 116.421028
39.957330 116.421039
39.957330 116.421050
39.957331 116.421059
39.957331 116.421075
39.957331 116.421079
39.957331 116.421087
39.957331 116.421093
39.957331 116.421103
39.957332 116.421122
39.957332 116.421124
39.957332 116.421132
39.957332 116.421176
39.957333 116.421192
39.957333 116.421201
39.957333 116.421223
39.957329 116.420960
39.957329 116.420960
39.957329 116.420960
39.957329 116.420960
39.957329 116.420960
39.957329 116.420960
39.957329 116.420960
39.957332 116.421146
39.957332 116.421176
0.000000 0.000000
39.957332 116.421176
0.000000 0.000000
0.000000 0.000000
0.000000 0.000000
0.000000 0.000000
0.000000 0.000000
0.000000 0.000000
0.000000 0.000000
0.000000 0.000000
0.000000 0.000000
0.000000 0.000000
0.000000 0.000000
0.000000 0.000000
0.000000 0.000000
0.000000 0.000000
0.000000 0.000000
0.000000 0.000000
0.000000 0.000000
0.000000 0.000000
0.000000 0.000000
0.000000 0.000000
0.000000 0.000000
0.000000 0.000000
0.000000 0.000000
0.000000 0.000000
0.000000 0.000000
0.000000 0.000000
0.000000 0.000000
0.000000 0.000000
0.000000 0.000000
0.000000 0.000000
0.000000 0.000000
0.000000 0.000000
0.000000 0.000000
0.000000 0.000000
0.000000 0.000000
0.000000 0.000000
0.000000 0.000000
0.000000 0.000000
0.000000 0.000000
0.000000 0.000000
0.000000 0.000000
0.000000 0.000000
0.000000 0.000000
0.000000 0.000000
0.000000 0.000000
0.000000 0.000000
0.000000 0.000000
0.000000 0.000000
0.000000 0.000000
0.000000 0.000000
0.000000 0.000000
0.000000 0.000000
0.000000 0.000000
0.000000 0.000000
0.000000 0.000000
0.000000 0.000000
0.000000 0.000000
0.000000 0.000000
0.000000 0.000000
0.000000 0.000000
0.000000 0.000000
0.000000 0.000000
0.000000 0.000000
0.000000 0.000000
0.000000 0.000000
0.000000 0.000000
0.000000 0.000000
0.000000 0.000000
39.957870 116.419536
39.957863 116.419536
39.957865 116.419536
39.957870 116.419536
39.957877 116.419537
39.957874 116.419537
39.957860 116.419535
39.957850 116.419534
39.957844 116.419533
39.957843 116.419533
39.957844 116.419534
39.957854 116.419535
39.957869 116.419536
39.957879 116.419537
39.957891 116.419539
39.957901 116.419540
39.957908 116.419540
39.957927 116.419542
39.957943 116.419544
39.957950 116.419545
39.957962 116.419546
39.957978 116.419548
39.957988 116.419549
39.958029 116.419553
39.958045 116.419555
39.958056 116.419556
39.958067 116.419557
39.958089 116.419560
39.958106 116.419562
39.958117 116.419563
39.958135 116.419565
39.958151 116.419566
39.958169 116.419568
39.958182 116.419570
39.958197 116.419571
39.958211 116.419573
39.958227 116.419575
39.958239 116.419576
39.958250 116.419577
39.958407 116.419594
39.958277 116.419580
39.958407 116.419594
39.958443 116.419620
39.958308 116.419583
39.958317 116.419584
39.958330 116.419586
39.958475 116.419643
39.958342 116.419587
39.958407 116.419594
39.958407 116.419594
39.958407 116.419594
39.958369 116.419590
39.958382 116.419591
39.958391 116.419592
39.958269 116.419579
39.958097 116.419561
39.958045 116.419555
39.958002 116.419550
39.957974 116.419547
39.957954 116.419545
39.957946 116.419544
39.957942 116.419544
39.957957 116.419546
39.957946 116.419545
39.957941 116.419544
39.957948 116.419545
39.957938 116.419544
39.957930 116.419543
39.957917 116.419541
39.957901 116.419540
39.957889 116.419538
39.957883 116.419538
39.957891 116.419539
39.957891 116.419539
39.957879 116.419537
39.957872 116.419536
39.957884 116.419538
39.957894 116.419539
39.957903 116.419540
39.957901 116.419540
39.957917 116.419541
39.957909 116.419540
39.957906 116.419540
39.957894 116.419539
39.957885 116.419538
39.957873 116.419537
39.957882 116.419538
39.957888 116.419538
39.957900 116.419540
39.957863 116.419536
39.957848 116.419534
39.957810 116.419530
39.957778 116.419526
39.957770 116.419526
39.957756 116.419524
39.957751 116.419523
39.957749 116.419523
39.957748 116.419523
39.957750 116.419523
39.957747 116.419523
39.957741 116.419522
39.957737 116.419522
39.957724 116.419521
39.957716 116.419520
39.957721 116.419520
39.957716 116.419520
39.957706 116.419519
39.957708 116.419519
39.957703 116.419518
39.957711 116.419519
39.957715 116.419520
39.957720 116.419520
39.957724 116.419521
39.957711 116.419519
39.957716 116.419520
39.957721 116.419520
39.957724 116.419521
39.957714 116.419520
39.957729 116.419521
39.957737 116.419522
39.957747 116.419523
39.957755 116.419524
39.957761 116.419525
39.957750 116.419523
39.957763 116.419525
39.957777 116.419526
39.957793 116.419528
39.957803 116.418753
39.957817 116.418752
39.957821 116.418751
39.957851 116.418749
39.957858 116.418748
39.957874 116.418746
39.957887 116.418745
39.957909 116.418743
39.957932 116.418741
39.957953 116.418739
39.957971 116.418738
39.957991 116.418736
39.958003 116.418735
39.958014 116.418734
39.958030 116.418732
39.958049 116.418730
39.958063 116.418729
39.958079 116.418728
39.958088 116.418727
39.958098 116.418726
39.958113 116.418724
39.958126 116.418723
39.958127 116.418723
39.958136 116.418722
39.958147 116.418721
39.958172 116.418719
39.958182 116.418718
39.958195 116.418717
39.958217 116.418715
39.958231 116.418714
39.958255 116.418711
39.958265 116.418710
39.958276 116.418709
39.958289 116.418708
39.958302 116.418707
39.958325 116.418705
39.958338 116.418704
39.958340 116.418704
39.958349 116.418703
39.958365 116.418701
39.958376 116.418700
39.958389 116.418699
39.958401 116.418698
39.958394 116.418699
39.958406 116.418697
39.958417 116.418696
39.958425 116.418696
39.958422 116.418696
39.958429 116.418695
39.958443 116.418694
39.958452 116.418693
39.958459 116.418693
39.958470 116.418692
39.958491 116.418690
39.958504 116.418688
39.958508 116.418688
39.958523 116.418687
39.958533 116.418686
39.958546 116.418685
39.958560 116.418683
39.958572 116.418682
39.958585 116.418681
39.958600 116.418680
39.958611 116.418679
39.958624 116.418677
39.958637 116.418676
39.958650 116.418675
39.958654 116.418675
39.958672 116.418673
39.958682 116.418672
39.958705 116.418670
39.958718 116.418669
39.958729 116.418668
39.958739 116.418667
39.958747 116.418666
39.958760 116.418665
39.958769 116.418664
39.958775 116.418663
39.958784 116.418663
39.958715 116.419235
39.958715 116.419235
39.958805 116.418661
39.958818 116.418660
39.958822 116.418659
39.958828 116.418659
39.958836 116.418658
39.958847 116.418657
39.958859 116.418656
39.958869 116.418655
39.958876 116.418654
39.958886 116.418653
39.958894 116.418652
39.958905 116.418651
39.958916 116.418651
39.958927 116.418649
39.958931 116.418649
39.958928 116.418649
39.958935 116.418649
39.958943 116.418648
39.958955 116.418647
39.958962 116.418646
39.959228 116.418946
39.958968 116.418646
39.959227 116.418968
39.959248 116.419073
39.959248 116.419082
39.959249 116.419096
39.959249 116.419107
39.959249 116.419113
39.959249 116.419122
39.959249 116.419118
39.959249 116.419111
39.959249 116.419103
39.959249 116.419101
39.959249 116.419101
39.959249 116.419105
39.959249 116.419116
39.959249 116.419127
39.959250 116.419140
39.959250 116.419152
39.959250 116.419139
39.959250 116.419129
39.959249 116.419127
39.959249 116.419124
39.959249 116.419124
39.959249 116.419121
39.959249 116.419116
39.959249 116.419113
39.959249 116.419111
39.959249 116.419105
39.959249 116.419098
39.959249 116.419093
39.959248 116.419089
39.959248 116.419086
0.000000 0.000000
39.959248 116.419086
39.959342 116.419090
39.959342 116.419092
39.959342 116.419101
39.959342 116.419105
39.959343 116.419106
39.959343 116.419107
39.959343 116.419107
39.959343 116.419108
39.959343 116.419107
39.959343 116.419107
39.959342 116.419104
39.959342 116.419082
39.959341 116.419070
39.959340 116.419034
39.959339 116.419002
39.959449 116.418609
39.959339 116.418988
39.959470 116.418608
39.959338 116.418961
39.959523 116.418605
39.959536 116.418604
39.959552 116.418603
39.959591 116.418600
39.959612 116.418599
39.959635 116.418598
39.959665 116.418596
39.959702 116.418594
39.959748 116.418591
39.959817 116.418586
39.959936 116.418819
39.959936 116.418813
39.960053 116.418573
39.960116 116.418571
39.960184 116.418567
39.960414 116.418557
39.960520 116.418720
39.960663 116.418547
39.960766 116.418543
39.960853 116.418540
39.960937 116.418537
39.961071 116.418716
39.961079 116.418683
39.961168 116.418528
39.961260 116.418524
39.961399 116.418518
39.961482 116.418515
39.961565 116.418512
39.961645 116.418508
39.961722 116.418505
39.961861 116.418499
39.961954 116.418496
39.962070 116.418799
39.962070 116.418799
39.962234 116.418484
39.962329 116.418480
39.962424 116.418475
39.962516 116.418472
39.962611 116.418467
39.962702 116.418463
39.962778 116.418460
39.962853 116.418457
39.962917 116.418454
39.962981 116.418451
39.963045 116.418448
39.963107 116.418445
39.963170 116.418442
39.963224 116.418440
39.963270 116.418437
39.963305 116.418436
39.963327 116.418435
39.963340 116.418434
39.963332 116.418434
39.963330 116.418435
39.963332 116.418434
39.963332 116.418434
39.963333 116.418434
39.963343 116.418434
39.963361 116.418433
39.963382 116.418432
39.963404 116.418431
39.963423 116.418430
39.963469 116.418428
39.963499 116.418427
39.963545 116.418424
39.963584 116.418423
39.963620 116.418421
39.963658 116.418419
39.963700 116.418417
39.963750 116.418415
39.963812 116.418412
39.963868 116.418409
39.963926 116.418407
39.964032 116.418403
39.964101 116.418400
39.964175 116.418397
39.964245 116.418394
39.964323 116.418390
39.964399 116.418387
39.964473 116.418384
39.964653 116.418727
39.964653 116.418730
39.964653 116.418734
39.964791 116.418371
39.964881 116.418367
39.964967 116.418364
39.965056 116.418360
39.965148 116.418356
39.965258 116.418352
39.965363 116.418347
39.965471 116.418343
39.965594 116.418338
39.965727 116.418332
39.965856 116.418326
39.966001 116.418320
39.966104 116.418315
39.966211 116.418311
39.966308 116.418306
39.966406 116.418302
39.966492 116.418298
39.966564 116.418295
39.966633 116.418292
39.966693 116.418289
39.966740 116.418287
39.966779 116.418285
39.966802 116.418284
39.966821 116.418283
39.966828 116.418283
39.966842 116.418283
39.966852 116.418282
39.966857 116.418282
39.966868 116.418281
39.966879 116.418281
39.966893 116.418280
39.966906 116.418280
39.966916 116.418279
39.966929 116.418279
39.966955 116.418278
39.967004 116.418275
39.967038 116.418274
39.967084 116.418272
39.967120 116.418270
39.967204 116.418266
39.967272 116.418266
39.967304 116.418267
39.967361 116.418267
39.967398 116.418267
39.967430 116.418267
39.967448 116.418268
39.967459 116.418268
39.967468 116.418268
39.967468 116.418268
39.967463 116.418268
39.967455 116.418268
39.967463 116.418268
39.967214 116.418266
39.967458 116.418268
39.967214 116.418266
0.000000 0.000000
39.967453 116.418268
39.967463 116.418268
39.967463 116.418268
39.967465 116.418268
39.967475 116.418268
39.967491 116.418268
39.967510 116.418268
39.967550 116.418268
39.967582 116.418269
39.967625 116.418269
39.967664 116.418269
39.967714 116.418269
39.967762 116.418270
39.967792 116.418270
39.967837 116.418270
39.967881 116.418271
39.967932 116.418271
39.967982 116.418271
39.967990 116.418271
39.968013 116.418271
39.968079 116.418272
39.968153 116.418272
39.968186 116.418273
39.968236 116.418273
39.968269 116.418273
39.968297 116.418273
39.968309 116.418273
39.968349 116.418274
39.968409 116.418274
39.968482 116.418275
39.968571 116.418275
39.968665 116.418276
39.968758 116.418277
39.968859 116.418277
39.968978 116.418588
39.968978 116.418592
39.969113 116.418592
39.969252 116.418590
39.969252 116.418601
39.969371 116.418603
39.969371 116.418599
39.969598 116.418005
39.969692 116.418003
39.969773 116.418000
39.969854 116.417998
39.969923 116.417997
39.969965 116.417996
39.969987 116.417995
39.969999 116.417995
39.969999 116.417995
39.970006 116.417995
39.970016 116.417994
39.970026 116.417994
39.970064 116.417993
39.970087 116.417992
39.970106 116.417992
39.970130 116.417991
0.000000 0.000000
0.000000 0.000000
0.000000 0.000000
0.000000 0.000000
0.000000 0.000000
39.970380 116.417985
39.970415 116.417984
0.000000 0.000000
0.000000 0.000000
0.000000 0.000000
39.970490 116.417982
39.970507 116.417982
39.970519 116.417981
39.970531 116.417981
39.970558 116.417980
39.970565 116.417980
39.970573 116.417980
39.970577 116.417980
39.970584 116.417980
39.970594 116.417980
39.970606 116.417979
39.970622 116.417979
39.971014 116.418579
39.971013 116.418529
39.970712 116.417977
39.970746 116.417976
39.971014 116.418552
39.971014 116.418570
39.971014 116.418580
39.971014 116.418620
39.971015 116.418640
39.971015 116.418643
39.971015 116.418646
39.971015 116.418660
39.971015 116.418660
39.971015 116.418668
39.971015 116.418671
39.971015 116.418644
39.971014 116.418599
0.000000 0.000000
0.000000 0.000000
0.000000 0.000000
0.000000 0.000000
0.000000 0.000000
39.971810 116.417931
0.000000 0.000000
0.000000 0.000000
0.000000 0.000000
0.000000 0.000000
0.000000 0.000000
0.000000 0.000000
39.972191 116.417914
39.972277 116.417909
39.972370 116.417905
39.972460 116.417901
39.972529 116.417898
39.972590 116.417895
39.972644 116.417892
39.972694 116.417890
39.972744 116.417888
39.972783 116.417886
39.972826 116.417884
39.972851 116.417883
39.972868 116.417882
39.972888 116.417881
39.972905 116.417880
39.972911 116.417880
39.972917 116.417879
39.972929 116.417879
39.972952 116.417878
39.972989 116.417876
39.973021 116.417875
39.973071 116.417872
39.973114 116.417870
39.973161 116.417868
39.973205 116.417866
39.973247 116.417864
39.973289 116.417862
39.973315 116.417861
39.973358 116.417859
39.973397 116.417857
39.973428 116.417856
39.973454 116.417854
39.973483 116.417853
39.973506 116.417852
39.973527 116.417851
39.973543 116.417850
39.973556 116.417850
39.973575 116.417849
39.973586 116.417848
39.973787 116.418377
39.973611 116.417847
39.973787 116.418360
39.973787 116.418357
39.973787 116.418353
39.973787 116.418354
39.973787 116.418356
39.973787 116.418356
39.973787 116.418360
39.973787 116.418361
39.973787 116.418362
39.973787 116.418368
39.973787 116.418370
39.973787 116.418373
39.973787 116.418370
39.973787 116.418364
39.973787 116.418362
39.973921 116.417832
39.973980 116.417830
39.974038 116.417827
39.974104 116.417824
39.974154 116.417822
39.974201 116.417819
39.974244 116.417817
39.974281 116.417816
39.974311 116.417814
39.974335 116.417813
39.974357 116.417812
39.974380 116.417811
39.974399 116.417810
39.974417 116.417809
39.974442 116.417808
39.974462 116.417807
0.000000 0.000000
0.000000 0.000000
0.000000 0.000000
0.000000 0.000000
0.000000 0.000000
0.000000 0.000000
39.974886 116.417830
39.974826 116.417791
39.974888 116.417788
39.975058 116.417885
39.975119 116.417905
39.975176 116.417923
39.975227 116.417939
39.975272 116.417954
39.975311 116.417966
39.975335 116.417974
39.975352 116.417979
39.975360 116.417982
39.975367 116.417984
39.975494 116.418371
0.000000 0.000000
39.975379 116.417988
39.975390 116.417992
39.975399 116.417995
39.975408 116.417998
39.975419 116.418001
39.975430 116.418004
39.975494 116.418365
39.975494 116.418359
39.975494 116.418359
39.975494 116.418361
39.975494 116.418364
39.975494 116.418365
0.000000 0.000000
39.975435 116.418006
39.975494 116.418364
39.975494 116.418359
39.975494 116.418355
39.975494 116.418344
39.975494 116.418337
39.975494 116.418330
39.975494 116.418327
39.975494 116.418324
39.975494 116.418320
39.975497 116.418026
39.975497 116.418026
39.975497 116.418026
39.975497 116.418026
39.975497 116.418026
39.975494 116.418340
39.975494 116.418342
0.000000 0.000000
0.000000 0.000000
0.000000 0.000000
0.000000 0.000000
0.000000 0.000000
0.000000 0.000000
0.000000 0.000000
0.000000 0.000000
39.977038 116.418360
39.977038 116.418365
39.977038 116.418369
39.977038 116.418376
39.977038 116.418382
39.977038 116.418387
39.977038 116.418377
39.977150 116.418375
39.977150 116.418380
39.977150 116.418384
39.977150 116.418388
39.977150 116.418388
0.000000 0.000000
0.000000 0.000000
0.000000 0.000000
0.000000 0.000000
0.000000 0.000000
0.000000 0.000000
0.000000 0.000000
39.978778 116.418289
39.978778 116.418289
39.978778 116.418289
39.978778 116.418289
39.978778 116.418289
39.978778 116.418289
39.978778 116.418289
39.978778 116.418289
39.978778 116.418289
39.978778 116.418289
39.978778 116.418289
39.978778 116.418289
39.978778 116.418289
39.978778 116.418289
39.978778 116.418289
39.978778 116.418289
39.978778 116.418289
39.978778 116.418289
39.978778 116.418289
39.978778 116.418289
39.978778 116.418289
39.978778 116.418289
39.978778 116.418289
39.978778 116.418289
39.978778 116.418289
39.978778 116.418289
39.978778 116.418289
39.978778 116.418289
39.978778 116.418289
39.978778 116.418289
39.978778 116.418289
39.978778 116.418290
39.978778 116.418289
39.978778 116.418289
39.978778 116.418289
39.978778 116.418289
39.978778 116.418291
39.978778 116.418289
39.978778 116.418289
39.978779 116.418298
0.000000 0.000000
0.000000 0.000000
0.000000 0.000000
0.000000 0.000000
0.000000 0.000000
0.000000 0.000000
0.000000 0.000000
0.000000 0.000000
39.980041 116.418237
39.980041 116.418216
39.980041 116.418216
39.980041 116.418207
39.980040 116.418189
39.980040 116.418179
39.980040 116.418168
39.980040 116.418167
39.980040 116.418171
39.980040 116.418180
39.980040 116.418184
0.000000 0.000000
0.000000 0.000000
0.000000 0.000000
0.000000 0.000000
0.000000 0.000000
0.000000 0.000000
0.000000 0.000000
0.000000 0.000000
0.000000 0.000000
0.000000 0.000000
0.000000 0.000000
0.000000 0.000000
0.000000 0.000000
0.000000 0.000000
0.000000 0.000000
0.000000 0.000000
0.000000 0.000000
0.000000 0.000000
0.000000 0.000000
0.000000 0.000000
0.000000 0.000000
0.000000 0.000000
0.000000 0.000000
0.000000 0.000000
0.000000 0.000000
0.000000 0.000000
0.000000 0.000000
39.982043 116.418158
39.982043 116.418154
39.982043 116.418142
39.982043 116.418146
39.982042 116.418128
39.982043 116.418137
39.982042 116.418129
39.982043 116.418138
39.982043 116.418136
39.982043 116.418136
39.982043 116.418142
39.982043 116.418143
39.982043 116.418139
39.982043 116.418141
39.982043 116.418144
39.982043 116.418144
39.982043 116.418144
39.982043 116.418142
39.982042 116.418129
39.982042 116.418119
39.982042 116.418105
39.982042 116.418092
39.982042 116.418072
39.982042 116.418053
39.982041 116.418034
39.982041 116.417997
39.982041 116.417964
39.982040 116.417928
39.982040 116.417888
39.982039 116.417842
39.982039 116.417787
39.982038 116.417720
39.982037 116.417654
39.982036 116.417580
39.981997 116.417463
39.982035 116.417461
39.981998 116.417273
39.981997 116.417273
39.982006 116.417076
39.981979 116.417048
39.981941 116.417010
39.981896 116.416965
39.981861 116.416930
39.981816 116.416884
39.981772 116.416840
0.000000 0.000000
0.000000 0.000000
0.000000 0.000000
0.000000 0.000000
0.000000 0.000000
0.000000 0.000000
0.000000 0.000000
0.000000 0.000000
0.000000 0.000000
39.982114 116.414621
39.981806 116.414616
39.981806 116.414616
39.981806 116.414616
39.982100 116.414621
39.982132 116.414621
39.982127 116.414621
39.982123 116.414621
39.982139 116.414621
39.982164 116.414622
39.982179 116.414622
39.982194 116.414622
39.982208 116.414622
39.982217 116.414622
39.982225 116.414623
39.982234 116.414623
39.982242 116.414623
39.982252 116.414623
39.982265 116.414623
39.982275 116.414623
39.982282 116.414623
39.982290 116.414624
39.982294 116.414624
39.982296 116.414624
39.982300 116.414624
39.982308 116.414624
39.982316 116.414624
39.982332 116.414624
39.982344 116.414624
39.982349 116.414624
0.000000 0.000000
0.000000 0.000000
0.000000 0.000000
0.000000 0.000000
0.000000 0.000000
0.000000 0.000000
0.000000 0.000000
0.000000 0.000000
0.000000 0.000000
0.000000 0.000000
0.000000 0.000000
39.982290 116.412499
39.982290 116.412499
39.982290 116.412499
39.982290 116.412499
39.982290 116.412499
39.982289 116.412470
39.982282 116.412345
39.982276 116.412220
39.982270 116.412116
39.982265 116.412018
39.982262 116.411948
39.982259 116.411898
39.982258 116.411869
39.982257 116.411854
39.982257 116.411854
39.982257 116.411854
39.982257 116.411854
39.982257 116.411854
39.982257 116.411854
39.982257 116.411854
39.982257 116.411854
39.982257 116.411854
39.982257 116.411854
0.000000 0.000000
39.982257 116.411854
39.982257 116.411854
39.982257 116.411854
39.982257 116.411854
39.982257 116.411854
39.982257 116.411854
39.982257 116.411854
39.982257 116.411854
39.982257 116.411854
39.982257 116.411854
39.982257 116.411854
0.000000 0.000000
0.000000 0.000000
0.000000 0.000000
0.000000 0.000000
0.000000 0.000000
39.983149 116.411163
39.983149 116.411170
39.983149 116.411171
39.983149 116.411174
39.983150 116.411198
39.983151 116.411229
39.983151 116.411227
39.983266 116.411244
39.983267 116.411258
39.983267 116.411261
39.983267 116.411282
39.983267 116.411275
39.983933 116.410699
39.984011 116.410748
39.984085 116.410794
39.984160 116.410841
39.984237 116.410889
39.984298 116.410927
39.984352 116.410960
39.984401 116.410991
39.984450 116.411022
39.984494 116.411049
39.984532 116.411073
39.984573 116.411098
39.984618 116.411126
39.984661 116.411153
39.984697 116.411176
39.984749 116.411208
39.984803 116.411242
39.984885 116.411218
39.984892 116.411190
39.984939 116.411326
39.984979 116.411351
39.985034 116.411385
39.985102 116.411427
39.985178 116.411473
39.985251 116.411518
39.985333 116.411567
39.985417 116.411617
39.985500 116.411666
39.985585 116.411716
0.000000 0.000000
0.000000 0.000000
0.000000 0.000000
0.000000 0.000000
0.000000 0.000000
0.000000 0.000000
0.000000 0.000000
0.000000 0.000000
0.000000 0.000000
0.000000 0.000000
0.000000 0.000000
0.000000 0.000000
0.000000 0.000000
39.987116 116.410902
39.987121 116.410915
39.987128 116.410931
39.987135 116.410948
39.987144 116.410970
39.987149 116.410980
39.987156 116.410997
39.987172 116.411033
39.987188 116.411073
39.987204 116.411110
39.987220 116.411147
39.987240 116.411195
39.987263 116.411248
39.987288 116.411307
39.987315 116.411372
39.987349 116.411451
39.987383 116.411531
39.987416 116.411609
0.000000 0.000000
0.000000 0.000000
0.000000 0.000000
39.987131 116.412636
0.000000 0.000000
0.000000 0.000000
0.000000 0.000000
0.000000 0.000000
0.000000 0.000000
0.000000 0.000000
0.000000 0.000000
0.000000 0.000000
0.000000 0.000000
0.000000 0.000000
0.000000 0.000000
0.000000 0.000000
0.000000 0.000000
0.000000 0.000000
39.988327 116.412873
39.988329 116.412907
39.988330 116.412948
39.988333 116.413015
39.988335 116.413088
39.988224 116.413273
39.988243 116.413284
39.988345 116.413342
39.988345 116.413342
39.988345 116.413342
39.988345 116.413342
39.988345 116.413342
39.988345 116.413342
39.988345 116.413342
39.988356 116.413763
39.988360 116.413922
39.988361 116.413950
39.988362 116.413971
0.000000 0.000000
0.000000 0.000000
0.000000 0.000000
0.000000 0.000000
0.000000 0.000000
0.000000 0.000000
0.000000 0.000000
0.000000 0.000000
0.000000 0.000000
0.000000 0.000000
0.000000 0.000000
0.000000 0.000000
0.000000 0.000000
0.000000 0.000000
0.000000 0.000000
0.000000 0.000000
0.000000 0.000000
0.000000 0.000000
0.000000 0.000000
0.000000 0.000000
0.000000 0.000000
0.000000 0.000000
0.000000 0.000000
0.000000 0.000000
0.000000 0.000000
0.000000 0.000000
0.000000 0.000000
0.000000 0.000000
0.000000 0.000000
0.000000 0.000000
0.000000 0.000000
0.000000 0.000000
0.000000 0.000000
0.000000 0.000000
0.000000 0.000000
0.000000 0.000000
0.000000 0.000000
0.000000 0.000000
0.000000 0.000000
0.000000 0.000000
0.000000 0.000000
0.000000 0.000000
0.000000 0.000000
0.000000 0.000000
0.000000 0.000000
0.000000 0.000000
0.000000 0.000000
0.000000 0.000000
0.000000 0.000000
0.000000 0.000000
0.000000 0.000000
0.000000 0.000000
0.000000 0.000000
0.000000 0.000000
0.000000 0.000000
0.000000 0.000000
0.000000 0.000000
0.000000 0.000000
0.000000 0.000000
0.000000 0.000000
0.000000 0.000000
0.000000 0.000000
0.000000 0.000000
0.000000 0.000000
0.000000 0.000000
0.000000 0.000000
0.000000 0.000000
0.000000 0.000000
0.000000 0.000000
0.000000 0.000000
0.000000 0.000000
0.000000 0.000000
0.000000 0.000000
0.000000 0.000000
0.000000 0.000000
0.000000 0.000000
0.000000 0.000000
0.000000 0.000000
0.000000 0.000000
0.000000 0.000000
0.000000 0.000000
0.000000 0.000000
0.000000 0.000000
0.000000 0.000000
0.000000 0.000000
0.000000 0.000000
0.000000 0.000000
0.000000 0.000000
0.000000 0.000000
0.000000 0.000000
0.000000 0.000000
0.000000 0.000000
0.000000 0.000000
0.000000 0.000000
0.000000 0.000000
0.000000 0.000000
0.000000 0.000000
0.000000 0.000000
0.000000 0.000000
0.000000 0.000000
0.000000 0.000000
0.000000 0.000000
0.000000 0.000000
0.000000 0.000000
0.000000 0.000000
0.000000 0.000000
0.000000 0.000000
0.000000 0.000000
0.000000 0.000000
0.000000 0.000000
0.000000 0.000000
0.000000 0.000000
0.000000 0.000000
0.000000 0.000000
0.000000 0.000000
0.000000 0.000000
0.000000 0.000000
0.000000 0.000000
0.000000 0.000000
0.000000 0.000000
0.000000 0.000000
0.000000 0.000000
0.000000 0.000000
39.958260 116.418711
39.958188 116.418718
39.958206 116.418716
39.958207 116.418716
39.958207 116.418716
39.958190 116.418717
39.958198 116.418717
39.958213 116.418715
39.958217 116.418715
39.958234 116.418713
39.958238 116.418713
39.958244 116.418712
39.958254 116.418711
39.958258 116.418711
39.958270 116.418710
39.958272 116.418710
39.958271 116.418710
39.958266 116.418710
39.958274 116.418710
39.958288 116.418708
39.958296 116.418708
39.958306 116.418707
39.958315 116.418706
39.958323 116.418705
39.958318 116.418706
39.958320 116.418705
39.958303 116.418707
39.958280 116.418709
39.958259 116.418711
39.958220 116.418715
39.958173 116.418719
39.958132 116.418723
39.958081 116.418727
39.958026 116.418732
39.957966 116.418738
39.957903 116.418744
39.957831 116.418750
39.957761 116.418757
39.957688 116.418764
39.957611 116.418771
39.957530 116.418778
39.957450 116.418786
39.957353 116.418794
39.957294 116.418862
39.957157 116.418809
39.957053 116.418816
39.956962 116.418822
39.956876 116.418827
39.956791 116.418758
39.956714 116.418763
39.956638 116.418768
39.956562 116.418773
39.956479 116.418778
39.956399 116.418784
39.956282 116.418866
39.956215 116.418870
39.956107 116.418877
39.956027 116.418883
39.955953 116.418887
39.955883 116.418892
39.955815 116.418896
39.955752 116.418900
39.955689 116.418905
39.955626 116.418909
39.955582 116.418912
39.955542 116.418914
39.955504 116.418917
39.955478 116.418918
39.955452 116.418920
39.955433 116.418921
39.955423 116.418922
39.955407 116.418923
39.955407 116.418923
39.955412 116.418923
39.955412 116.418923
39.955399 116.418924
39.955320 116.418929
39.955280 116.418931
39.955264 116.418932
39.955264 116.418932
39.955265 116.418932
39.955246 116.418933
39.955226 116.418935
39.955204 116.418936
39.955183 116.418938
39.955155 116.418939
39.955110 116.418942
39.955075 116.418942
39.955038 116.418942
39.954995 116.418942
39.954954 116.418942
39.954913 116.418943
39.954875 116.418943
39.954836 116.418943
39.954792 116.418943
39.954745 116.418943
39.954696 116.418943
39.954648 116.418943
39.954595 116.418943
39.954545 116.418944
39.954492 116.418944
39.954436 116.418944
39.954351 116.418944
39.954285 116.418944
39.954226 116.418944
39.954161 116.418945
39.954107 116.418945
39.954054 116.418945
39.953991 116.419000
39.953917 116.418942
39.953863 116.418940
39.953812 116.418938
39.953757 116.418935
39.953689 116.418933
39.953621 116.418930
39.953557 116.418927
39.953470 116.418924
39.953376 116.418920
39.953282 116.418916
39.953203 116.418913
39.953131 116.418910
39.953066 116.418907
39.953005 116.418904
39.952953 116.418902
39.952908 116.418900
39.952862 116.418899
39.952801 116.418896
39.952745 116.418894
39.952710 116.418892
39.952684 116.418891
39.952652 116.418890
39.952622 116.418889
39.952587 116.418887
39.952532 116.418885
39.952501 116.418884
39.952457 116.418882
39.952411 116.418880
39.952357 116.418878
39.952308 116.418876
39.952255 116.418874
39.952196 116.418871
39.952126 116.418868
39.952067 116.418866
39.952019 116.418864
39.951976 116.418862
39.951932 116.418860
39.951889 116.418859
39.951847 116.418857
39.951803 116.418855
39.951744 116.418853
39.951662 116.418792
39.951658 116.418779
39.951651 116.418759
39.951586 116.418856
39.951565 116.418857
39.951544 116.418858
39.951527 116.418859
39.951504 116.418860
39.951465 116.418863
39.951445 116.418864
39.951425 116.418865
39.951407 116.418866
39.951384 116.418867
39.951369 116.418868
39.951314 116.418872
39.951297 116.418873
39.951288 116.418873
39.951284 116.418873
39.951284 116.418873
39.951276 116.418874
39.951267 116.418874
39.951258 116.418875
39.951257 116.418875
39.951246 116.418876
39.951234 116.418876
39.951217 116.418877
39.951247 116.418875
39.951262 116.418875
39.951218 116.418877
39.951219 116.418877
39.951205 116.418878
39.951187 116.418879
39.951164 116.418880
39.951166 116.418880
39.951157 116.418881
39.951150 116.418881
39.951112 116.418883
39.951089 116.418885
39.951063 116.418886
39.951047 116.418887
39.951029 116.418888
39.951020 116.418889
39.951013 116.418889
39.951001 116.418890
39.950987 116.418891
39.950980 116.418891
39.950975 116.418891
39.950968 116.418892
39.950959 116.418892
39.950956 116.418893
39.950955 116.418893
39.950954 116.418893
39.950952 116.418893
39.950955 116.418893
39.950954 116.418893
39.950952 116.418893
39.950942 116.418893
39.950950 116.418893
39.950934 116.418894
39.950921 116.418895
39.950881 116.418897
39.950859 116.418898
