0
0
0
0
0
0
0
0
0
0
0
368521
368384
368521
368521
368521
368521
368521
368521
368384
368521
368384
366376
366376
366376
366376
366376
366376
366376
366376
366376
366376
366376
366376
366376
366376
366376
366376
366376
0
0
0
0
0
0
0
0
0
0
0
366042
366042
366042
368440
368440
368440
0
0
0
0
0
0
0
0
0
0
0
0
0
0
0
0
0
0
0
0
0
0
0
0
368426
368426
368426
366186
366186
0
0
0
0
0
0
0
0
0
0
0
0
0
0
0
0
0
0
0
0
0
0
366054
366054
366054
366183
0
0
0
0
0
0
0
0
0
0
0
0
0
0
0
0
0
0
0
0
0
0
0
0
0
0
0
0
0
0
0
0
0
0
0
0
0
0
0
0
0
0
0
0
0
0
0
0
0
0
0
0
0
0
0
0
0
0
0
335467
335467
335467
335467
335467
335467
338541
338541
338541
338541
338541
338541
338541
338544
338544
338543
338543
338543
338543
338543
338543
338543
338543
335479
335479
335489
335489
335489
336989
336989
336989
336989
336989
336989
336989
336989
336989
336989
336989
0
0
0
0
0
0
0
0
0
0
0
0
336903
336903
336903
336903
336906
336906
0
0
0
0
0
0
0
0
0
0
0
0
0
0
0
0
0
0
0
0
0
0
0
0
0
0
0
0
0
0
0
0
0
0
0
0
0
0
0
0
0
0
0
0
0
0
0
0
0
0
335555
335555
335555
335555
335555
335555
0
334555
334519
334519
334519
334519
334519
334519
334519
334519
334519
337114
0
0
0
0
0
0
0
0
0
0
0
0
0
0
0
0
0
0
0
0
0
0
0
0
0
0
0
0
0
0
0
0
338239
338239
0
0
0
0
0
0
0
0
0
338654
338654
338654
0
0
0
0
0
0
0
0
0
0
0
0
337229
337229
337229
337229
337227
0
0
0
0
0
0
0
0
0
0
0
0
0
0
0
0
0
0
0
0
338745
338745
338745
0
0
337257
337257
337257
337257
337257
337261
337261
337261
337261
337261
337261
0
337259
337259
0
336345
336345
0
0
0
0
0
336351
336351
336351
0
0
0
0
0
0
0
0
0
0
0
336361
336361
336361
336361
336361
336359
335192
336363
336363
336363
0
336369
0
0
0
0
0
0
0
0
0
0
0
0
0
0
0
0
0
0
338777
338777
0
0
0
0
0
0
0
0
338785
338785
338785
0
0
0
0
0
0
0
0
0
0
0
0
0
0
0
0
0
0
0
0
0
0
0
0
0
0
0
0
0
338799
338799
0
0
0
0
0
0
0
0
0
0
0
0
334758
334762
334353
336607
336607
336605
0
0
335402
335402
0
0
0
0
0
0
0
335320
335320
0
0
0
0
0
0
0
0
0
0
0
0
0
0
0
0
0
0
0
0
0
0
0
0
0
0
0
0
0
0
0
0
0
0
0
0
0
0
0
0
0
0
0
0
0
0
0
0
338158
338158
338158
0
0
0
0
0
0
0
0
0
0
0
0
0
0
0
307623
307623
307627
307627
307627
307627
307627
307627
307627
307631
307631
307631
307631
302609
302609
0
0
0
0
0
0
0
0
0
0
0
307637
307637
0
0
0
0
0
0
0
0
0
0
0
0
0
0
0
0
0
0
0
0
0
0
0
0
0
0
310109
310109
0
0
0
0
0
304530
304530
0
0
0
0
0
0
0
0
0
0
0
0
0
0
0
0
0
0
0
0
0
0
0
0
310151
310151
310151
0
0
0
302631
310765
310765
302641
302641
302723
302645
302725
302725
302729
302729
302729
0
303616
303616
303616
0
0
0
0
0
0
0
0
0
0
0
0
0
0
0
0
0
0
0
0
0
0
0
0
0
0
0
0
0
0
0
0
0
0
0
0
0
0
310599
310599
310599
310599
310599
0
0
0
0
0
0
0
0
0
0
0
0
0
310286
310286
310286
0
0
0
302978
302978
305901
305897
305897
0
310583
310583
310583
0
302681
302681
0
0
310585
310585
0
305389
305389
0
0
0
0
0
305395
305395
305395
305395
302986
302986
305397
302891
302890
306125
303624
303624
0
308705
308705
308705
308705
308701
308701
308707
0
0
0
0
0
0
0
0
0
0
302709
302709
302709
302709
305067
305067
305067
305067
305067
305067
302711
302713
302713
302713
0
0
0
0
0
0
0
0
0
0
0
0
0
0
0
0
0
0
0
0
0
0
0
0
244052
244037
244050
244050
0
0
0
0
0
0
0
0
0
0
0
0
0
0
0
0
0
0
0
0
0
0
0
0
0
0
0
0
0
0
0
0
0
0
0
0
0
0
0
0
0
0
0
0
0
0
0
0
226907
226907
226586
236862
236871
226896
229499
229495
242032
226878
226878
226882
226880
226880
226880
226874
226874
226872
226872
226872
226872
239148
224950
0
239162
233818
233817
233818
0
0
239140
239140
239140
239136
239138
244350
244350
244350
244350
239132
230195
233858
233858
233860
233860
245025
245019
245019
0
0
0
222033
222002
222002
222033
0
0
0
0
0
0
0
0
239599
239599
239599
239599
239599
0
0
0
0
0
0
239611
239611
239611
239611
239611
239611
239611
230148
225978
225978
225978
229986
229986
229986
229982
229980
229980
229980
229980
229980
229980
229980
229978
229978
229978
226487
229972
229972
229978
229972
227662
227662
227662
227662
236857
227668
227668
227668
227668
227668
227668
227668
227668
236857
227664
236857
236857
236857
227668
227668
227668
227668
227668
227668
227668
227668
224118
224118
224118
224118
224118
224118
224118
224118
224118
224118
224118
224118
224118
224118
224118
224118
224118
224118
224118
224118
224118
224118
227668
227668
227668
236857
236857
236857
236857
236857
224117
224117
224117
224117
224117
224117
224117
224117
224117
224117
224117
224117
224117
224117
224117
224121
224121
224117
224117
224117
224117
224117
226483
226483
230005
226483
226483
226483
226479
226483
226483
226479
226483
226483
226479
226479
226479
226483
0
0
0
0
0
0
0
0
0
0
0
0
0
0
0
0
230007
230007
230007
230007
230007
230007
230007
230007
230007
230007
230001
230001
230001
230001
230001
0
0
0
0
0
0
0
0
0
0
0
0
0
0
0
0
0
0
0
0
0
0
0
0
0
0
0
230001
230001
230001
230001
230001
230001
230001
229948
229948
229948
229948
229948
229948
236649
236649
229948
229948
0
0
0
0
0
0
0
0
0
0
236653
236655
236655
236655
236653
236653
236653
236653
236653
236655
236655
236653
236653
0
0
0
0
0
0
0
0
0
224967
224967
224967
224967
224967
224967
230158
230158
230158
230158
230158
230158
244340
244340
244340
244340
244307
244307
244307
244307
244307
244307
244307
244307
244307
244307
244307
244307
244307
244307
244307
244307
244307
244307
244307
244307
244307
244307
244307
244307
234569
234569
234569
244307
244307
244307
244307
244307
244307
244307
244307
244307
244307
244307
244307
244307
244307
244307
230168
230168
230168
230168
230168
230168
239064
239064
239064
239064
239064
239064
239064
239064
239064
239064
239064
239064
239064
0
0
0
0
245993
239064
239064
239064
245993
245993
245993
245993
239063
239063
239063
239063
239063
239063
239063
239063
239063
239063
239063
239063
239063
239063
239063
239063
239063
224966
224966
224966
229288
229288
229288
229288
245980
245980
245980
245980
245980
245980
245980
245980
245980
245980
244797
244797
244797
244797
244797
244797
244800
239076
239076
244795
244795
244795
239076
0
245979
229300
229300
229300
245974
245974
229300
229300
229300
229300
245974
245974
245974
245974
244202
244202
229300
229300
244202
229300
244202
244202
244202
244202
229308
229308
229308
229308
229308
229308
229308
229308
229308
229308
229308
229308
229308
229308
229308
229308
229308
236856
236856
236856
236856
236856
236856
236856
236856
236856
236856
236856
236856
236856
236856
229292
229292
229292
224812
224812
227614
227614
239023
239023
239023
239023
239023
244749
244749
239023
239023
244749
244749
244749
244749
244751
244751
244751
244751
244751
244751
244751
244751
244751
244751
244751
244751
244751
244751
244751
244751
244751
244751
244751
244751
244751
244751
244751
244751
244751
229266
229266
0
0
0
0
0
229349
229349
229349
229349
229349
229349
229349
229349
229349
229349
229349
229349
229349
229349
0
0
0
0
0
0
0
0
0
0
229343
229343
229343
0
0
0
0
0
0
0
0
0
0
0
0
0
0
0
0
0
0
0
0
0
0
227598
227598
227598
227598
245934
227598
227598
227598
234371
234371
234371
234371
234371
234371
234371
229265
229265
229265
229265
229265
229265
229265
229265
229265
229265
229265
229265
229265
229265
229265
229265
229265
229265
229265
229265
229265
229265
229265
229265
229265
229265
229262
229262
227597
227597
227597
227597
229265
229265
229265
227597
227597
227597
227597
227597
227597
227597
227597
227597
238999
227597
239003
239003
229276
229274
229276
229276
229274
229274
229274
229274
229274
229274
229274
229274
229274
229274
229274
229274
229274
229274
229274
229274
229274
229274
229274
229274
229274
229274
229274
229274
229274
229274
229274
229274
229274
229268
229268
229268
229268
229268
0
0
0
0
0
0
0
0
225003
225003
225003
225003
229049
229049
229049
229049
0
0
0
0
229049
229049
229049
229049
229049
231168
231168
231168
239032
239032
239032
239032
239032
239032
0
0
0
0
0
0
0
224735
224742
224742
224742
224742
224739
224739
224742
224742
224742
224742
224739
224735
224742
224742
224742
224742
224741
224741
224741
224741
224741
224742
224742
224742
224742
224997
224989
224740
224740
223543
224992
223321
223321
224274
224274
224274
0
0
0
0
0
0
0
0
0
0
229059
229059
229059
229059
229059
224773
238872
238870
224627
229055
229055
229055
229055
229055
229055
229055
229055
229055
229055
229055
229055
229055
0
0
0
0
0
227529
227529
227529
227529
227529
227529
227529
227529
227529
227529
227529
227529
227529
227529
227529
227529
227529
227529
227529
227529
227529
227529
227529
227529
244616
244611
243970
243970
243970
244610
244610
244610
244610
0
0
0
0
0
0
0
0
0
0
0
0
0
0
0
227523
227527
227523
226468
227521
227521
228971
228971
228971
228971
0
0
0
0
0
0
229550
229544
229544
229544
229544
229544
229546
229546
229546
229546
229546
229546
229546
229546
229546
229546
229534
229534
229546
229546
229546
229546
229546
229546
229534
229534
229546
229534
229534
229534
234295
234295
234295
235625
235625
235625
235636
235636
235636
235636
235636
235634
235633
235652
235659
235658
235629
235626
235626
235626
235628
236153
236153
0
0
0
0
0
236153
235626
235626
0
0
236153
236153
236153
236153
236153
0
0
0
0
0
0
0
0
0
0
0
0
0
0
0
0
0
0
0
0
0
220683
220683
220683
220683
220683
201670
201482
201482
201480
218674
198849
198849
198849
218674
218674
198849
218674
218674
198849
198849
198849
0
0
0
0
0
0
0
0
0
0
0
214001
214001
214001
214001
0
0
0
0
0
0
0
0
0
0
0
0
0
0
0
0
0
0
0
0
0
0
0
0
0
0
0
0
0
0
0
0
0
0
0
0
0
0
0
0
0
0
0
0
0
0
0
0
0
206694
206694
206694
206694
206694
206694
206694
206694
206694
206694
206694
206694
206694
206694
206694
206694
206694
206694
206694
196928
196928
213793
213793
213793
213793
213799
216954
216954
216952
216954
216954
0
0
0
0
0
213769
213769
213769
213769
213769
213769
0
198953
198127
198953
198955
201452
206647
206647
206647
206653
206651
206665
206635
206641
206641
206641
0
0
0
0
0
0
0
0
0
0
0
0
0
213407
213407
213407
213407
213421
213407
213419
213419
216932
216932
216932
216932
216932
216932
216930
216930
213409
201433
198280
198276
198276
213405
219925
213401
213393
213393
213393
213393
213393
213393
213393
213393
213391
213393
213393
213393
0
0
0
0
0
0
0
0
0
0
0
0
0
0
0
0
0
207688
207688
207688
207688
216900
220923
216900
216900
216898
216898
216898
216898
216906
216904
216904
216904
216906
216904
216904
216904
216904
216904
216904
216904
216904
216904
216904
216904
216904
216904
216904
216904
216906
216898
216906
216904
216904
216904
216904
216904
216904
216904
219909
219909
219909
219909
219911
219911
210299
210309
210309
210309
210309
210309
210309
0
0
0
0
0
0
0
199569
199569
199569
218584
218584
218588
218588
218586
218586
218586
218586
218586
0
0
0
0
0
0
0
218586
218586
218586
218586
218586
218586
0
0
0
0
0
0
0
0
0
0
0
0
201663
201663
201663
0
0
0
201663
201663
201663
201663
201663
201663
201663
201663
201663
0
216256
216256
216256
216256
216256
216256
216256
216258
216830
216258
216258
216258
216258
216258
216258
218565
216258
216258
218565
0
0
0
0
0
0
0
0
0
0
0
0
0
0
0
207636
207636
207636
207636
207636
207636
207636
207636
207636
207636
207636
207636
207636
0
0
0
0
0
0
0
0
0
0
0
0
0
0
0
0
0
210135
210135
210135
210135
210135
210135
210135
210135
210135
210135
210135
210135
210135
210135
210135
210135
210135
210135
210135
210135
210135
210135
210135
210135
210135
0
0
0
201393
201393
201393
201393
201393
201393
201393
201393
0
0
219837
219837
219837
219837
219837
219837
219837
201393
201393
206141
201393
201393
0
0
0
216051
216051
216051
0
0
196914
196914
196914
196914
196914
196914
196914
196914
196914
196914
196914
196914
196914
207648
207648
207648
207648
207648
207648
0
0
0
0
0
0
0
0
0
0
0
0
0
0
0
0
0
0
0
0
0
0
0
0
0
0
216063
216063
216061
216063
216063
216063
210022
210020
210020
204026
210008
210008
210008
210008
209996
209996
209996
209996
209996
210000
209996
209996
209996
209996
209996
209996
210004
210004
210004
210004
210004
210004
210004
210004
210004
209996
209996
201173
201173
201173
198021
201229
200795
200795
200795
200795
0
0
0
0
0
203998
207549
203998
203998
203998
200319
203992
200319
200319
200319
200319
200319
200319
200319
200319
200319
200319
203986
203986
203978
203978
203966
203966
203966
203966
203939
203939
203964
203941
203950
203941
203950
0
0
0
0
0
0
0
0
0
0
0
0
203932
215240
203932
215240
215240
215240
215240
215240
201165
201165
201165
201165
201165
201165
201165
201165
201165
201165
201165
201165
201165
201165
201165
201165
201165
201165
215238
215238
215238
215238
215238
0
0
0
0
0
0
0
0
0
0
0
0
0
0
0
0
0
0
0
0
0
0
0
0
0
0
0
0
0
220841
220841
220841
220841
220841
220841
220841
220841
220841
220841
198038
198038
198038
198038
198038
198038
198038
198038
0
0
0
0
0
0
0
0
0
0
0
0
0
0
0
0
0
0
0
0
0
0
0
0
0
0
0
0
0
0
0
0
0
0
0
0
0
0
0
0
0
0
0
0
0
0
0
0
0
0
0
0
0
0
0
0
0
0
0
0
0
0
0
0
0
0
0
0
0
0
0
0
0
0
0
0
0
0
0
0
0
0
0
0
0
0
0
0
0
0
0
0
0
0
0
0
0
0
0
0
0
0
0
0
0
0
0
0
0
0
0
0
0
0
0
0
0
0
0
0
0
0
0
0
0
0
0
0
0
0
0
0
0
0
0
0
297887
297887
297887
297887
297887
297887
297887
297887
0
0
0
0
0
0
0
0
297891
297891
0
0
297891
297891
297891
297891
0
297891
297891
297891
0
0
0
0
0
0
0
0
0
0
0
0
0
0
297891
297891
297891
297891
297891
288373
302541
289436
289436
288695
288695
288695
288695
0
0
0
0
0
0
0
0
0
0
0
0
0
0
0
0
0
0
0
0
0
0
0
0
0
0
0
0
0
0
0
0
0
0
0
0
0
0
0
0
0
0
0
0
0
0
0
0
0
0
0
0
0
0
0
0
0
0
0
0
0
0
0
0
0
0
0
0
0
0
0
0
0
0
0
0
0
0
287629
287629
287629
287629
287629
0
0
0
0
0
0
0
0
0
0
0
0
0
0
0
0
0
0
0
0
0
0
0
0
0
0
0
294057
294057
294057
297620
297620
297620
297620
0
0
0
0
0
0
0
0
0
0
0
0
0
0
0
0
0
0
0
0
0
0
0
0
0
0
0
0
0
0
0
0
0
0
0
0
0
0
0
0
0
0
0
0
0
0
0
0
0
0
0
0
0
0
0
0
0
0
0
0
0
0
0
0
0
0
0
0
0
0
0
0
0
0
0
0
0
0
0
0
0
0
0
0
0
0
0
0
0
0
0
0
0
0
0
0
0
0
0
0
0
0
0
0
0
0
0
0
0
0
0
0
0
0
0
0
0
0
0
0
0
0
0
0
0
0
0
0
0
0
0
0
0
0
0
0
0
0
0
0
0
0
0
0
0
0
0
0
0
0
0
0
0
0
0
0
0
0
0
0
0
0
0
0
0
0
0
0
0
0
0
0
0
0
0
0
0
0
0
0
0
0
0
0
0
0
0
0
0
0
0
0
0
0
0
0
0
0
0
0
0
0
0
0
0
0
0
0
0
0
0
0
0
0
0
0
297706
297706
297700
297706
297706
297706
297701
297701
297943
297943
297943
297943
297943
297701
297701
297701
297701
297704
297704
297704
297704
297704
297697
297697
297697
297697
297697
297697
297697
297697
297697
297697
297697
297697
297697
297697
297697
297697
297693
297693
297693
297697
297693
297693
297693
297693
297693
297693
297693
297693
297693
297693
297693
297704
297693
297693
297704
297704
297704
297693
297704
297704
297704
297704
297693
297704
297704
297693
297704
297704
297704
297704
297704
297704
297704
297704
297704
297704
297704
297704
297704
297704
297704
297704
297704
297704
297704
297704
297704
297704
297704
297704
297704
297704
297704
297704
297704
297704
297704
297704
297704
297704
297704
297704
297704
297704
297704
297704
297704
297704
297704
297704
297704
297704
297704
297704
297704
297704
297704
297704
297704
297704
297704
297704
297704
297704
297704
297704
297704
297704
297704
297704
297704
297704
297704
297704
297704
297704
297704
297704
297704
297704
297704
297704
297704
297704
297704
297704
297704
297704
297704
297704
297704
297704
297704
0
0
297704
297704
297704
297704
297694
297694
297701
297701
297701
297944
297944
297944
297944
297944
297944
297944
297944
297944
297944
297944
297944
297944
297944
297944
297944
297944
0
0
0
0
0
0
0
0
0
0
0
0
0
0
0
0
0
0
0
0
0
0
0
0
0
0
0
0
0
0
0
0
0
0
0
0
0
0
0
0
0
0
0
0
0
0
0
0
0
0
0
0
0
0
0
0
0
0
0
0
0
0
0
0
0
0
0
0
0
0
0
0
0
0
0
0
0
0
0
0
0
0
0
0
0
0
0
0
0
0
0
0
0
0
0
0
0
0
0
0
0
0
0
0
0
0
0
0
0
0
0
0
0
0
0
0
0
297704
297704
297704
297704
297704
297704
297704
297704
297704
297704
297704
297704
297704
297704
297704
297704
297704
297704
297704
297704
297704
297704
297704
297704
297704
297704
297704
297704
297704
297704
297704
297704
297704
297704
297704
297704
297704
297704
297704
297704
297704
297704
297704
297704
297704
297704
297704
297704
297704
297704
297704
297704
297704
297704
297694
297694
297694
297694
297694
297694
297694
297694
297694
297694
297694
297694
297701
297694
297694
297701
297701
297701
297701
297701
297701
297701
297701
297701
297701
297701
297701
297701
297701
297701
297701
297701
297701
297944
297944
297944
297944
297944
297944
297944
297944
297944
297944
297944
297944
297944
297944
297944
297944
297944
297944
297944
297944
297944
297944
297944
297944
297944
297944
297944
297944
0
0
0
0
0
0
0
0
0
0
0
0
0
0
0
0
0
0
0
0
0
0
0
0
0
0
0
0
0
0
0
0
293157
293157
293157
293157
293157
293157
293157
293157
293157
293157
293157
293157
293157
293157
293157
293157
293157
293157
293157
293157
293157
293157
293157
293157
293157
293157
293157
293157
293157
293157
293157
293157
293157
293157
293157
293157
293157
293157
293157
0
0
0
0
0
0
0
0
0
0
0
0
0
0
0
0
0
0
0
0
0
0
0
293159
293159
293159
293159
293159
0
0
0
0
0
0
0
0
0
0
0
0
0
289453
289453
289453
289453
289453
289453
289453
289453
0
0
0
0
0
0
0
0
0
0
0
0
0
0
297620
297620
297620
297620
297620
297620
297620
297620
297620
297620
297620
297620
297620
297620
297620
297620
294057
294057
294057
294057
294057
0
0
0
0
0
0
0
0
0
0
0
0
0
0
0
287629
287629
287629
287629
287629
287629
287629
0
0
0
0
0
0
0
0
0
0
0
0
0
0
0
0
0
0
0
0
0
0
0
0
0
0
0
0
0
0
0
0
0
0
0
0
0
0
0
0
0
0
0
0
0
0
0
0
0
0
0
0
0
0
0
0
0
0
0
0
0
0
0
0
0
0
0
0
0
0
0
0
0
0
0
0
0
0
0
0
0
0
0
0
0
0
0
0
0
0
0
0
0
0
0
0
0
0
0
0
0
0
0
0
0
0
0
0
0
0
0
0
0
0
0
0
0
0
0
0
0
0
0
0
0
0
0
0
0
0
0
0
0
0
0
0
0
0
0
0
0
0
0
0
0
0
0
0
0
0
0
0
0
0
0
0
0
0
0
0
0
0
0
0
0
0
0
0
0
0
0
0
0
0
0
0
0
0
0
0
0
0
0
0
0
0
0
0
0
0
0
0
0
0
0
0
0
0
0
0
0
0
0
0
0
0
0
0
0
0
0
0
0
0
0
0
0
0
0
0
0
0
0
293414
293414
293414
293414
293414
293414
293414
293414
293414
293414
293414
293414
293414
293414
293414
293414
293414
293414
293414
293414
293414
293414
293414
293414
293414
293414
293414
293414
293414
293414
293414
293414
293414
293414
293414
293414
293414
293414
0
0
0
0
0
0
0
0
0
0
0
0
0
0
0
0
0
0
0
0
0
0
0
0
0
0
0
0
0
0
0
0
0
0
0
0
0
0
0
0
0
0
0
0
0
0
0
0
0
0
0
0
0
0
0
0
288693
288693
288693
288693
288693
288693
288693
288693
288693
288693
288693
288693
288693
288693
288693
288693
288693
288693
288693
288693
288693
288693
288693
288693
288693
288693
288693
288693
288693
288693
288693
288693
288693
288693
288693
288760
288760
288760
288760
288760
288760
288760
288760
288760
288760
288760
288760
288760
288760
288760
288760
302541
302541
302541
302541
302541
302547
302547
302547
302547
288373
288373
288373
288373
288373
297887
297891
297891
297891
297891
297891
297891
297891
297891
297891
297891
297891
297891
297891
297891
0
297891
297891
297891
297891
297891
297891
297891
297891
297887
297891
297891
297891
297887
297887
297887
297887
297887
297887
297887
297887
297887
297887
297887
297887
297887
297887
297887
297887
297887
297887
297887
297887
297887
297887
297887
297887
297887
297887
297887
297887
297887
297887
297887
297887
297887
297887
297887
297887
297887
297887
297887
297887
297887
297887
297887
297887
297887
297887
297887
297887
297887
297887
297887
297887
297887
297887
297887
297887
297887
297887
297887
297887
297887
297887
297887
297887
0
0
0
297887
297887
297887
297887
297887
297887
297887
0
0
0
0
0
0
297887
297887
297887
297887
297887
297887
297887
297887
297887
297887
297887
297887
297887
297887
297887
297887
297887
297887
297887
297887
297887
297887
297887
297887
297887
297887
0
0
0
0
0
0
0
0
0
0
0
0
0
0
0
0
0
0
0
0
0
0
0
0
0
0
0
0
0
0
0
0
0
0
0
0
0
0
0
0
0
0
0
0
0
0
0
0
0
0
0
0
0
0
0
0
0
0
0
0
0
0
0
0
0
0
0
0
0
0
0
0
0
0
0
0
198038
198038
198038
198038
198038
198038
0
198038
198038
0
0
198038
198038
198038
198038
198038
198038
198038
198038
198038
198038
198038
198038
198038
0
198038
198038
198038
198038
198038
198038
220841
220841
220841
220841
220841
0
0
0
0
0
0
0
0
0
0
0
0
0
0
0
0
0
215238
0
215238
215238
215238
215238
215238
215238
215238
215238
201165
201165
201165
201165
201165
203932
215240
215240
215240
215240
215240
215240
215240
203932
203932
0
0
0
0
0
0
0
0
203950
203941
203950
203941
203939
203964
203966
203966
203966
203966
203966
203966
203966
203966
203966
203978
203978
203980
203978
203978
207485
207485
207485
207485
207485
207485
207485
207485
207485
207485
0
0
0
0
0
0
0
0
0
0
0
0
0
0
0
0
0
0
0
0
0
0
0
0
0
0
0
0
0
0
0
0
0
0
0
0
0
0
0
0
0
0
215740
215740
215740
215740
215740
215740
215732
215732
215732
215732
215732
215732
215740
215736
215736
215736
215736
215740
215740
215740
215740
215740
215740
215740
215740
215740
215736
215740
215740
215740
215740
0
0
215740
215740
215740
0
0
0
198352
198352
198352
198352
198352
198352
198352
198352
198352
198352
198352
198352
198352
198352
198352
198352
198352
198352
198352
198352
198352
198352
198352
198352
198352
220707
199034
220707
220707
220707
220707
220709
220709
220709
199034
199034
199034
199034
199034
199034
198843
208961
208961
208961
208961
200338
200338
200303
208961
208961
208961
0
0
208961
208961
0
208961
208961
208961
208961
208961
208961
208961
208961
208961
208961
208961
208961
208961
208961
208961
208961
208961
208961
208961
208961
208961
208961
208961
208961
200337
198851
200376
200376
200376
200303
200303
200303
200303
200303
202462
202462
202465
202462
202458
202462
202462
202462
201260
201260
201260
201260
201260
200363
200363
200363
200363
200363
200363
200361
200361
200361
0
200361
200361
200361
200361
200361
200361
200361
200361
200361
0
0
200361
200361
200361
200361
200361
200361
200361
200361
200361
200361
200361
200361
200361
200361
200361
200361
200361
0
200361
200361
200361
200361
200361
200479
200361
200361
200361
200479
200479
200479
200479
200479
200479
200479
200361
200479
200479
200479
200479
200479
200479
200479
0
200479
200479
200479
200479
200479
0
200361
200479
200479
200479
200479
200479
200479
200479
200479
200479
200479
200479
200479
200479
200479
200479
200479
200479
200479
200479
200479
0
0
0
0
0
0
0
0
0
0
0
0
0
0
0
0
0
0
0
0
0
0
0
0
202467
202467
202467
202467
202467
202471
202471
202471
202467
202467
202467
202471
202471
202467
202467
202471
202467
202467
202467
202467
202467
202467
202467
202467
202467
202467
202467
202467
202467
202467
202467
202467
202467
202467
202467
202467
202475
202475
202475
202475
202475
202475
202475
202475
202475
202475
202475
202475
202475
202475
202475
202475
202475
202475
202475
202475
202473
202473
202473
202473
202473
202473
202473
0
202473
202473
202473
201242
201242
202473
202473
201242
201242
202473
201242
201242
201242
201242
201242
201242
201242
201242
201246
201246
201246
201250
201250
201250
201250
201250
201250
201250
201250
201250
201250
201250
201250
201250
201250
201250
201250
201250
201250
201250
201250
201250
201250
201250
201250
201250
201250
201250
201250
201250
201250
201250
201250
201250
201250
201250
201250
201250
201250
201250
201250
215216
215216
215216
215216
215216
215216
215216
215216
215216
215216
215216
215216
215216
215216
215216
215216
215216
215216
215216
215216
215216
215216
215216
215216
215216
215216
215216
215216
215216
215216
215216
215216
215216
215216
215216
215216
215217
215217
215217
215217
215212
215212
215212
215212
215210
215212
215212
215212
215212
215210
215210
215210
215210
215212
215212
215212
218369
218369
218369
218369
218369
218369
218369
218369
218369
218369
218369
218369
218369
218369
218369
218369
218369
218369
218369
218369
218369
218369
218369
218369
218369
218369
218369
0
0
0
215210
215210
215210
215210
215210
215210
215210
215210
215210
215210
215210
215210
215210
215210
215210
215210
215210
215210
215210
215210
215210
215210
215210
215210
215210
215210
215210
215210
215210
215210
215210
215210
215210
215210
215210
215210
207509
201236
201236
207509
207509
201236
201236
201236
201236
201236
201236
201236
201236
201236
201236
201236
201236
201236
201236
207507
207507
207507
207507
207507
207507
202448
202448
202448
202448
202448
207507
207507
207507
202448
202448
202448
202448
202448
202448
202448
202448
202448
202448
207505
207505
207505
207505
207505
207505
202447
202447
202447
202447
202447
202447
202447
202447
202456
202450
202447
202447
202447
202447
0
215752
215752
215752
215752
215752
215752
215752
215752
215752
215752
215752
215752
215752
215752
215752
215752
215752
215752
215752
215752
215752
215752
215752
215752
215752
215752
215752
215752
215752
215752
215752
215752
215752
215752
215752
215752
215752
215752
215752
215752
215752
215752
215752
215752
215752
215752
215752
215752
215752
215752
215752
215752
215752
215752
215752
215752
215752
215752
215752
215752
215752
215752
215752
215752
215752
215752
215752
215752
215752
202450
202450
202450
202450
202456
202456
202456
202456
202456
202456
202450
208961
202460
202462
201260
201260
201260
201260
201260
201260
201260
201260
201260
201260
201260
201260
201260
201260
200363
200363
200363
200363
200363
200363
200363
200363
200363
200363
200363
200363
200363
200363
200363
200363
200363
200363
200363
200363
200363
200363
200363
200363
200363
200363
200363
200363
200361
200361
200361
200361
200479
200479
200479
200479
200479
200479
200479
215760
200479
200479
200483
0
0
0
0
0
0
0
0
0
0
202467
202467
202467
202467
202467
202467
202467
202467
202467
202467
202467
202467
202467
0
202467
202467
202467
202467
202467
202467
202467
202467
202467
202467
202467
202471
0
202467
202467
202467
202467
202467
202467
202467
202467
202467
202467
202467
202467
202467
202467
202467
202467
202467
202467
202467
202467
202467
202467
202467
0
0
0
0
0
0
0
0
0
0
0
0
0
0
0
0
0
0
0
0
0
0
0
0
0
0
0
0
0
0
0
0
0
0
0
0
0
0
0
0
0
0
0
0
0
202471
202471
202471
202471
202471
202471
201213
202471
201213
202471
202471
202467
202467
202467
202467
202467
202467
202467
202467
202467
202467
202467
202467
202467
202467
202467
202469
202469
202469
202469
202469
202469
202469
202469
202469
202469
202469
202469
202469
202469
202469
202469
202469
202469
202469
202469
202469
202469
202469
202469
202469
202469
202469
202469
202469
202469
202469
202469
202469
202469
200359
200359
200359
200359
200359
200359
200359
200359
200359
200359
200365
200362
200362
200359
200359
200359
200359
200359
200359
200362
201205
201205
201205
201205
201205
201203
201203
208961
208961
208961
200302
208961
218367
218367
218367
207518
198843
198262
199032
199032
198352
198352
198352
198352
198352
0
204014
215738
204014
215734
204014
215734
0
0
0
0
0
0
0
0
0
0
0
0
0
0
0
0
0
0
207485
207485
207485
207485
207485
207485
207485
200319
207485
207485
207485
207485
207485
207485
0
207485
207485
207485
207485
207485
207485
207485
207485
207485
207485
207485
207485
207485
207485
0
207485
207485
203978
203978
203978
203978
203986
203986
203978
203966
203966
203966
203939
203939
203939
203941
203941
203941
0
0
0
0
0
0
215240
215240
215240
215240
201165
201165
201165
215238
215238
215238
215238
215238
215238
215238
215238
215238
215238
215238
215238
215238
215238
0
0
0
0
0
0
220841
220841
220841
220841
220841
220841
220841
220841
198038
198038
198038
198038
0
0
0
0
0
0
0
0
0
0
0
0
0
0
0
0
0
0
0
0
0
0
0
0
0
0
0
0
0
0
0
0
0
0
0
0
0
0
0
0
0
0
0
0
0
0
0
0
0
0
0
0
0
0
0
0
0
0
0
0
0
0
0
0
0
0
0
0
0
0
0
0
0
0
0
0
0
0
0
0
0
0
0
0
0
0
0
0
0
0
0
0
0
0
0
0
0
0
0
0
0
0
0
297887
297887
297887
297887
297887
0
0
0
0
0
297891
297891
297891
288373
302541
289436
289436
288695
288695
288695
288695
0
0
0
0
0
0
0
0
0
0
0
0
0
0
0
0
0
0
0
0
0
0
0
0
0
0
0
0
0
0
0
0
0
0
0
0
0
0
0
0
0
0
0
0
0
0
0
0
0
0
0
0
0
0
0
0
0
0
0
287629
287629
287629
287629
0
0
0
0
0
0
0
0
294057
294057
294057
297620
297620
0
0
0
0
0
0
0
0
0
0
0
0
0
0
0
0
0
0
0
0
0
0
0
0
0
0
0
0
0
0
0
0
0
0
0
0
0
0
0
0
0
0
0
0
0
0
0
0
0
0
0
0
0
0
0
0
0
0
0
0
0
0
0
0
0
0
0
0
0
0
0
0
0
0
0
0
0
0
0
0
0
0
0
0
0
0
0
0
0
0
0
0
0
0
0
0
0
297705
297705
297705
297705
297705
297699
297683
297685
297685
297685
297685
298638
298645
298645
298645
298645
298645
298628
298628
298628
298628
298628
298628
298628
298628
298628
298628
298628
298628
298628
298628
298628
298628
298628
298628
298628
298628
298628
298628
298628
298628
298628
298628
298628
298628
298628
298628
298628
298628
298628
298628
298628
298628
298628
298628
298628
298628
298628
298628
298628
298628
298628
297711
297711
297711
297711
297711
297711
297711
297711
297711
297711
297711
297711
297711
297711
297711
297711
297711
297711
297712
297712
297712
297711
297711
297711
297711
297712
297712
297712
297712
297724
297724
297724
297724
297724
298628
298628
298628
298628
298628
298628
298628
298628
298628
298628
298628
298628
298628
298628
298628
298628
298628
298628
298628
298628
298628
298628
298628
298628
298628
298628
297712
297712
298628
298628
297712
298628
297712
298628
297712
298628
298628
298628
298628
298628
298628
298628
298628
298628
0
0
0
0
0
0
0
0
0
0
0
0
0
0
0
0
0
0
0
0
0
0
0
0
0
0
0
0
0
0
0
0
0
0
0
0
0
0
0
0
0
0
0
0
0
0
0
0
0
0
0
0
0
289448
289448
289448
289448
289448
289448
289448
289448
289448
289448
289448
289448
289448
289448
289448
289448
289448
289448
289448
289448
289448
289448
289448
289448
289448
289448
289448
289448
289448
289448
289448
289448
289448
289448
289448
289448
289448
289448
289448
289448
289448
289448
289448
289448
289448
289448
289448
289448
289448
289448
289448
289448
289448
289448
289448
289448
289448
289448
289448
289448
289448
289448
289448
289448
289448
289448
289448
289448
289448
289448
287936
287936
287936
287936
287936
287936
289448
287936
287936
287936
287936
287936
287936
287936
287936
287936
287936
287936
287936
287936
287936
287936
287936
287936
287936
287936
287936
297667
287936
287936
287936
287936
287936
287936
287936
287936
287936
287936
287936
287936
287936
287936
287936
287936
287936
0
287936
287936
287936
287936
287936
287936
287936
287936
287936
287936
287936
287936
287936
287936
287936
287936
287936
287936
287936
287936
287936
287936
287936
287936
287936
287936
287936
287936
287936
287936
287936
287936
287936
287936
287936
287936
287938
289446
289446
289446
289446
289446
289446
289446
289446
289446
289446
289446
289446
287615
287615
287615
287615
287615
287615
287615
287615
287615
287615
287615
287615
287615
287615
287615
287615
287615
287615
287615
287615
287615
287615
287615
296054
287615
287615
287615
296046
287615
287615
287615
287615
287615
287615
287615
287615
296054
296054
287615
296054
296046
296048
296048
296048
296048
296048
296048
296048
296048
296048
296048
296048
296048
296048
296048
296048
296048
296048
296048
296048
296040
296040
296040
296040
296040
296032
296032
296032
296032
296032
296032
296032
296032
296032
296032
296032
296032
296032
296032
296032
296032
296032
296032
296032
296032
296032
296032
296032
296032
296036
296032
296036
296032
296032
0
0
296036
296036
296036
296036
296036
296034
296034
296032
296032
296032
296032
296032
0
0
0
296030
296034
296034
296034
296034
296034
296034
296034
296034
296034
296034
296034
296034
296034
296034
296034
296034
296034
296034
296034
296034
296034
296034
296034
296034
296034
296034
296034
296034
296034
296034
296034
296034
296034
296036
296036
296036
296036
296036
296036
296036
296036
296036
296036
296036
296044
296050
296052
293396
287827
287827
0
0
0
0
0
0
294117
294117
293370
293366
293366
293366
293368
293368
297773
297791
293358
293352
293348
293348
294063
293340
293340
293340
293338
293331
289488
289488
293331
290495
290300
290489
301173
301619
291969
291969
295351
295351
295357
295359
295361
295367
295371
291850
291848
291851
291851
288756
0
0
0
0
0
0
302249
302249
302253
293565
293565
293565
293565
293565
302233
302239
302239
302235
302235
302235
302235
302235
302235
302235
302235
302235
302237
302235
302235
302237
302235
302235
302235
302237
302237
302235
302235
302235
302235
302235
302235
302235
302235
302235
302235
302235
302237
302237
302239
302237
302237
293559
293559
293559
293559
299490
299490
299136
302444
299141
299141
299141
299145
299148
299148
0
0
0
0
0
0
0
0
0
0
0
0
0
0
295579
295579
295579
0
0
295583
295583
295583
295583
295583
295583
295583
295583
288007
288007
288007
0
0
0
0
0
0
0
0
0
0
0
0
0
0
0
0
0
0
0
0
0
0
0
0
0
0
0
0
0
0
0
0
0
0
0
0
0
0
0
0
0
0
0
0
0
0
0
0
0
0
0
0
0
0
0
0
0
0
0
0
0
0
0
0
0
293534
293534
0
0
0
0
290246
290246
290238
290232
290232
290242
290157
289931
293696
293696
293702
293702
293702
0
293676
293674
293676
293676
0
298703
298703
298701
298701
298701
298713
298709
298719
298719
298715
298715
298715
295623
295623
301217
295623
295623
0
0
0
0
0
0
0
0
0
0
299752
299752
299752
299752
299752
299752
0
0
0
0
0
0
0
0
0
0
0
0
0
0
0
0
0
0
299752
299752
299760
299754
299758
299740
299740
299740
295900
290186
299806
299804
288833
288833
288833
299812
291040
291040
289781
299816
299816
299816
299814
299814
299814
299814
289011
289011
289011
289568
289011
289011
289817
289011
0
0
0
0
0
0
0
0
0
0
0
0
0
0
0
0
0
0
0
0
0
0
301255
301255
301255
301255
301255
301255
301255
301255
301255
301255
301255
301255
301255
301255
301255
301255
301255
301255
301255
301255
301255
301255
301255
301255
301255
301255
301255
301255
301255
301255
301255
301255
301255
301255
301255
301255
301255
301255
301255
0
0
0
0
302269
302269
302269
302269
0
302030
302030
302030
301979
301288
301288
302265
302265
302265
0
300992
300992
300992
0
0
0
0
0
0
0
0
0
0
0
0
0
0
0
0
0
0
299023
299023
299023
299021
299021
299021
291468
291464
291464
294452
294452
306437
306437
306437
306437
309823
309823
309823
0
307698
307698
310822
310822
310826
310834
310834
310834
310834
310836
310834
310828
310828
0
0
0
304240
304240
304242
304242
310848
310848
310848
0
0
0
0
0
0
0
0
307717
307717
307717
307721
307721
307721
305493
305493
304249
304249
304249
0
0
0
0
0
0
0
309827
309827
309827
309827
0
0
0
0
0
0
0
0
0
0
0
0
0
0
0
0
0
0
0
307731
307731
307731
307731
307731
307731
307731
307731
307731
307731
307731
307731
307731
307731
307731
0
0
0
0
0
0
0
0
0
0
0
0
0
0
0
0
0
0
0
0
0
0
0
0
0
0
0
0
0
0
0
0
0
0
0
0
0
0
0
0
0
0
0
0
0
0
0
0
0
0
307731
307731
307731
307731
307731
307731
307731
307731
307731
307731
0
307731
307731
307731
307731
0
307731
307731
307731
307731
307731
307731
307731
307731
307731
307731
307731
307731
307731
307731
307731
307731
0
0
0
0
0
0
0
310959
310959
310959
0
0
0
309974
309974
309056
309056
309042
309068
309068
0
307826
307826
0
0
0
311195
311195
311195
311201
311207
311207
311207
311207
311207
0
0
311204
303562
303562
0
0
0
0
303568
303568
311211
0
0
0
0
0
0
0
0
310003
309993
309995
309995
0
0
303283
303283
303283
303283
303283
303283
303283
303283
303283
303283
303283
303283
303283
303283
303283
303283
303283
303283
303283
303283
303283
303283
303283
303283
303167
308451
305023
307347
305025
307347
0
0
0
310436
310440
310428
310428
310428
303392
303191
303191
303191
303191
303191
307401
307403
307403
303117
303117
0
0
0
0
0
304895
304902
304900
304900
304908
304908
304908
306776
303299
303299
306780
303123
0
0
0
308650
308650
308650
0
0
0
0
0
0
0
305043
305043
305043
305039
305039
305039
305039
305039
305039
0
0
0
0
0
0
0
0
0
0
0
0
0
0
0
310581
310581
310581
0
0
0
0
0
0
0
0
0
0
0
0
0
0
0
0
0
305395
305395
305395
305395
305395
305395
302986
302986
302986
302891
302891
306125
303624
303624
303624
0
0
308705
308705
308705
308705
308705
308705
308701
308701
308701
0
0
0
0
0
0
0
0
0
0
0
0
0
302709
302709
302744
302709
305067
305067
305067
305067
305067
305067
302711
302713
302713
302713
302713
0
0
0
0
0
0
0
0
0
0
0
0
0
0
0
0
0
0
0
0
0
0
0
0
0
0
0
0
244052
244052
244052
244052
244054
244054
244052
244052
0
0
0
0
0
0
0
0
0
0
0
0
0
0
226907
226907
226586
236862
236871
226896
229497
242032
239156
226878
226882
226882
226880
226880
226884
226874
226874
0
226872
226872
226872
226755
239160
239162
239162
233818
233818
233818
0
0
0
0
239140
239140
239138
239138
239138
244350
244350
244350
244350
233858
233858
233860
245025
245021
245019
245019
245019
245019
0
0
0
0
0
0
0
0
0
0
0
0
0
0
0
0
0
0
0
0
0
0
0
0
0
0
0
0
0
0
0
0
0
0
0
0
0
0
0
0
0
0
0
0
0
0
0
0
0
0
0
0
0
0
0
0
0
0
0
0
0
0
0
0
0
0
0
0
0
0
0
0
0
0
0
0
0
0
0
0
0
0
0
0
0
0
0
0
0
0
0
0
0
0
0
0
0
0
0
0
0
0
0
0
0
0
0
0
0
0
0
0
0
0
0
0
0
0
0
0
0
0
0
0
0
0
0
0
0
0
0
0
0
0
0
0
0
0
0
0
244293
244293
244293
244293
244293
244293
244293
244293
244293
244293
244293
244293
244293
244293
244293
244293
244293
244293
244293
244293
242433
242433
242433
242433
242433
242433
242433
242433
242433
242433
242433
242433
242433
242433
242433
242433
242433
242433
242433
242433
0
0
0
0
0
0
0
0
0
0
0
0
0
0
0
0
0
0
0
0
0
0
0
0
0
0
0
0
0
0
0
0
0
0
0
0
0
0
0
0
0
0
0
0
0
0
0
0
0
0
0
0
0
0
0
0
0
0
0
0
0
0
0
0
0
0
0
0
0
0
0
0
0
0
0
0
0
0
0
0
0
0
0
0
0
0
0
0
0
0
0
0
0
0
0
0
0
0
0
0
0
0
0
0
0
0
0
0
0
0
0
0
0
0
0
0
0
0
0
0
0
0
0
0
0
0
0
0
0
0
0
0
0
0
0
0
0
0
0
0
0
0
0
0
0
0
0
0
0
0
0
0
0
0
0
0
0
0
0
0
0
0
0
0
0
0
0
0
0
0
0
0
0
0
0
0
0
0
0
0
0
0
0
0
0
0
0
0
0
0
0
0
0
0
0
0
0
0
0
0
0
0
0
0
0
0
230158
230158
230158
230158
230158
230158
230158
230158
230158
230158
230158
230158
230158
230158
230158
230158
230158
230158
230158
230158
230158
230158
244340
244340
244340
244340
244340
244340
244340
244340
244340
244340
244340
244340
244340
244340
244340
244340
244340
244340
244340
0
0
0
0
0
0
0
244307
244307
244307
244307
244307
244307
244307
0
0
0
0
0
0
0
0
0
0
0
0
0
0
0
0
0
0
0
234569
234569
234569
234569
234569
234569
234569
234569
234569
234569
234569
234569
234569
234569
234569
234569
0
234569
234569
234569
234569
234569
234569
234569
234569
234569
234569
234569
244307
244307
244307
244307
244307
244307
244307
244307
244307
244307
244307
244307
244307
234569
244307
244307
234569
234569
244307
234569
234569
234569
234569
234569
234569
234569
234569
234569
234569
0
0
0
0
0
0
0
0
0
0
0
0
0
0
0
0
230168
230168
230168
230168
230168
230168
230168
230168
230168
230168
230168
230168
230168
230168
230168
230168
230168
230168
230168
230168
230168
230168
230168
230168
230168
230168
230168
230168
230168
230168
230168
230168
230168
230168
230168
230168
230168
230168
239064
239064
239064
239064
0
0
239064
0
0
0
0
0
0
0
0
0
0
0
0
0
0
0
0
0
0
0
0
0
0
0
0
0
0
0
0
0
0
0
0
0
0
0
0
0
0
0
0
0
245993
245993
245993
245993
245993
245993
245993
245993
245993
245993
245993
245993
245993
245993
245993
245993
245993
245993
245993
245993
245993
245993
245993
245993
245993
245993
245993
245993
245993
245993
245993
245993
245993
245993
245993
245993
245993
245993
245993
245993
0
0
0
0
0
0
0
0
239063
239063
239063
239063
239063
0
0
224966
224966
224966
224966
224966
244799
244799
244799
244799
224966
224966
224966
224966
224966
224966
224966
224966
224966
224966
224966
224966
224966
224966
229288
229288
229288
229288
244799
244799
244799
244799
244799
244799
244799
244799
244799
244799
244797
244797
244797
244799
244801
244801
244799
244797
244797
244797
244797
244797
244797
244797
244797
244797
244797
244797
244797
244797
244797
244797
244797
244797
244797
244797
244797
244797
244797
244800
244800
244800
244800
244800
244800
244800
244800
244800
244800
244800
244800
244800
244800
244800
244800
244800
244800
244800
239076
239076
239076
239076
239076
239076
239076
239076
239076
239076
239076
239076
239076
239076
239076
239076
239076
239076
239076
239076
239076
239076
239076
239076
239076
239076
239076
239076
239076
239076
239076
239076
239076
239076
239076
239076
239076
239076
239076
239076
0
245979
229300
229300
229300
229326
229300
229300
229300
229300
229300
229300
229300
229300
229300
229300
229300
229300
229300
229300
229300
229300
229300
229300
229308
229308
229308
229308
229308
229308
229308
229308
229308
229302
229308
229308
229308
229308
229308
229308
229310
229308
229308
229308
229308
229308
229308
229308
229308
229308
229308
229308
229308
229308
229308
229308
229308
229308
229308
229308
229308
229308
229308
229308
229308
229308
229308
229308
229308
229308
229308
229308
229308
229308
229310
229310
229310
236856
236856
236856
236856
236856
236856
236856
236856
236856
236856
236856
236856
236856
0
236856
236856
236856
236856
236856
236856
236856
236856
236856
236856
236856
236856
236856
236856
236856
236856
236856
236856
236856
236856
244204
244204
229292
229292
229292
229292
224812
224812
224812
227614
227614
227614
227614
239023
239023
239023
239023
239023
239023
239023
239023
239023
239023
239023
239023
239023
239023
239023
239023
239023
239023
244749
244749
244749
239023
244749
244749
239023
239023
239023
239023
239023
239023
239023
239023
239023
227614
227614
227614
227614
227614
227614
227614
227614
227614
227614
244749
239023
239023
244749
244749
244749
244749
244749
244749
244749
244753
244751
244751
244751
244751
244751
244751
244751
244751
244751
244751
244751
244751
244751
244751
244751
244751
244751
244751
244751
244751
244751
244751
244751
244751
244751
244751
244751
244751
244751
244751
244751
244751
244751
244751
244751
244751
244751
244751
244751
229266
229266
244751
244751
244751
244751
244751
244751
244751
244751
244751
244751
244751
229266
0
0
0
0
0
0
0
0
0
0
0
0
0
0
0
0
0
0
229344
229344
0
229349
229349
229349
229349
229349
229349
229349
229349
229349
229349
229349
229349
229349
229349
229349
229349
229349
229349
229349
229349
229349
229349
229349
229349
229349
229349
229349
229349
229349
229349
229349
229349
229343
229349
229343
229349
229343
229349
229343
229349
229343
229343
229343
229343
0
0
0
0
0
0
0
0
0
0
0
229343
229343
229343
229343
229343
229343
229343
229343
229343
229343
229343
229343
0
0
0
0
0
0
0
0
0
0
0
0
0
0
0
0
0
0
0
0
0
0
0
0
0
0
0
0
0
0
0
0
0
0
0
0
0
0
0
0
0
0
0
0
0
0
0
0
227598
227598
227598
227598
227598
227598
227598
227598
227598
227598
227598
227598
227598
227598
227598
227598
227598
227598
0
227598
227598
227598
234371
234371
234371
234371
234371
234371
234371
234371
234371
234371
234371
234371
234371
234371
234371
234371
234371
229265
229265
234371
229265
229265
229265
229265
229265
229265
229265
229265
229265
229265
229265
229265
229265
229265
229265
229265
229265
229265
229265
229265
229265
