199483
199484
199484
199484
199484
199484
199484
0
0
0
0
0
0
0
0
0
217169
217172
217169
217169
217169
217169
217169
217169
217169
198764
198764
198764
198764
198764
198764
198764
198764
198764
198764
198768
198768
198768
198768
198764
198764
198768
198764
198764
198768
198768
198768
198768
198768
198768
198768
198768
198768
198768
198768
198768
198768
198768
198768
198768
198768
198768
198768
198768
198768
198768
198768
198768
198768
198768
198768
198768
198768
198768
198768
198768
198768
198768
198768
198768
198768
214376
214376
214376
214376
214376
214376
214376
214376
214376
214376
214376
214376
214376
214376
214376
214376
214376
214378
214378
214378
214378
214378
214378
214378
214378
214378
214378
214378
214378
214378
214378
214378
214378
214378
214378
214378
214378
214378
214378
214378
214378
214378
214378
214378
214378
214378
214378
214378
214378
214378
214378
214378
214378
214378
214378
214378
214378
214378
214378
214378
214378
197000
197000
197000
197000
197000
197000
197000
197000
197000
197000
197000
197000
197000
196996
196996
196996
216129
216129
216129
216129
216129
216129
216129
216129
216129
216129
216129
216137
216137
216131
216131
216131
216131
216131
216131
216131
216131
216131
216131
216131
216131
216131
216131
216131
216131
210039
210039
210039
210039
210039
210039
210039
201411
201411
201411
196982
203619
203621
203621
203621
203621
203621
203621
203621
203621
203621
203621
203621
203621
203621
203621
203621
203621
203621
203621
203621
203621
203621
203621
203621
216842
200615
200615
200615
200615
200615
200615
200615
200615
200615
200619
200619
200619
200619
200619
200619
200619
200619
200619
200619
200619
200619
200619
200619
200615
200615
200615
200615
200615
200615
200615
200615
200615
200615
200615
200615
200615
200615
200615
200615
200615
200615
200615
200615
200615
200615
200615
200619
200619
200619
200619
200619
200619
200619
200619
200619
200619
200619
200619
200619
200619
200619
200619
200619
200615
200615
200615
200615
200615
200615
200615
200615
200615
200615
200615
200615
198075
198292
198292
198075
198075
198075
198075
199030
198075
198075
200186
196922
200186
200186
196922
196922
196922
196922
196922
196922
196922
196922
196922
196922
196922
196922
196922
196922
196922
196922
196922
196922
196922
196922
196922
196922
196922
196922
196922
196922
196922
196922
196922
196922
196922
196922
196922
196922
196922
196922
196922
196922
196922
196922
200184
200184
200184
216069
216069
216069
216069
216069
216069
216069
216069
216069
216069
216069
216069
216069
216069
216069
216069
216069
216073
216073
216071
216071
216071
216071
216071
216071
216071
216071
216071
216071
216071
216071
216071
196912
201656
201656
201656
201656
201656
201656
201656
201656
201656
206139
206139
206139
206139
206139
206139
206139
206139
206139
206139
206139
206139
206139
206139
206139
206139
206139
206141
206141
206141
206141
206141
206141
206141
206141
206141
206141
206141
219837
219837
206141
219837
219837
219837
219837
219837
219837
219837
219837
219837
219837
219837
219837
219837
201393
219837
219837
219837
219837
219837
219837
219837
219837
201393
219837
219837
219837
219837
219837
219837
219837
219837
219837
219837
219837
219837
219837
219837
219837
219837
219837
219837
219837
219837
219837
219837
219837
219837
219837
219837
219837
219837
219837
219837
219837
219837
219837
219837
219837
219837
219837
219837
219837
219837
219837
219837
219837
219837
219837
219837
219837
219837
219837
219837
218490
218490
219841
219841
219841
219841
206413
206413
218487
218487
218490
218490
218490
218490
218490
218490
218490
218490
218492
218492
200792
218492
200792
200792
200792
200792
200792
200792
200792
200792
200792
200792
200792
200792
200792
0
0
0
0
0
0
0
0
0
0
0
0
0
0
0
0
0
0
0
0
0
0
0
0
0
0
0
0
0
0
0
0
0
0
0
206101
206101
206101
206101
206101
206101
206101
206101
206101
206101
206101
206101
206101
206101
206101
206101
206101
206101
206101
206101
206101
206101
206101
206101
206101
206101
206101
206101
206101
206101
206101
206101
206101
206101
206101
206101
206101
206101
206101
206103
206103
206103
206103
206103
206103
206103
206101
206101
206101
206103
206103
206101
206101
206101
206103
0
0
0
0
0
0
0
0
0
0
0
0
0
0
0
0
0
0
0
0
0
0
0
0
0
0
216035
216035
216035
216035
216035
216035
216035
216035
216035
216035
216035
216035
216035
216035
216035
216035
216035
216035
216035
216035
216035
216035
216035
216035
216035
216035
216035
216035
216035
216035
216035
216035
216035
0
0
0
0
0
0
0
0
0
0
0
0
0
0
0
0
0
209188
206119
206115
206115
206115
206115
206119
206115
206119
206115
206115
206115
206115
206115
206115
206119
206119
206115
206115
206115
206131
206131
206131
206131
206131
206131
206131
206131
206131
206131
206131
206131
206131
206131
206131
206131
206131
206131
206131
219823
219823
219823
219823
219823
219823
221322
221322
221322
221326
221326
221326
221326
221326
221326
221326
221326
221326
221326
221326
221326
221326
221326
221326
221326
221326
221326
221326
221326
221326
221326
221326
221326
221326
221326
221326
221326
221326
221326
221326
221326
221326
221326
221326
294788
294788
296316
296316
294788
294788
294788
294788
294788
294788
294788
294788
294788
294788
294788
296316
296316
296316
296316
296316
296316
296316
296316
296316
296316
296316
296316
296316
296316
296316
296316
296316
296316
296316
296316
296318
296318
296314
296314
296314
296314
296314
296314
296314
296314
296314
296314
296314
296314
296314
296314
296314
296314
296314
296312
293426
293426
293426
293426
293426
293426
293426
293426
293426
293426
293426
293426
293426
293426
293426
293426
293426
293426
293426
293426
293426
293426
293426
0
0
0
0
293426
294228
293428
293428
293428
293428
293428
293428
293428
293426
293426
293426
293426
293426
293426
293426
294228
294228
294228
294228
294228
294228
294228
294234
294234
294234
294234
294234
294234
294234
294230
294230
294372
294372
294236
294236
294236
294366
294366
294366
294366
294366
294366
294366
294366
294366
294366
294366
294366
294366
294366
294366
294366
294366
294366
294366
294366
294366
294366
294366
294366
294366
294366
294366
294366
294366
294366
294366
296283
296283
296283
296283
296283
296293
296283
296293
296293
296293
296293
296293
296293
296293
296293
296293
296293
296293
296293
296293
0
0
0
0
0
0
0
0
0
0
0
0
0
0
0
0
0
0
0
0
0
0
0
0
0
0
0
0
0
0
0
0
0
0
0
0
0
0
0
0
0
0
0
0
0
0
0
0
0
0
0
0
0
0
0
0
0
0
0
0
0
0
0
0
0
0
0
0
0
0
0
0
0
0
0
0
0
296295
296295
296295
296293
296293
296293
296293
296293
296293
296293
296293
296293
296293
296293
296293
296293
296295
296293
296293
296293
296293
296293
296293
296293
296293
296293
296293
296293
296293
296293
296293
296293
296283
296283
296283
296283
296283
296283
294366
294366
294366
294366
294366
294366
294366
294366
294366
294366
294366
294366
294366
294366
294366
294366
294366
294366
294366
294366
294366
294366
294366
294366
294366
294366
294366
294366
294366
294366
294366
294366
294366
294366
294366
294366
294366
294366
294366
294236
294236
294236
294236
294236
294236
294236
294236
294236
294236
294374
294374
294374
294372
294372
294372
294234
294234
294234
294234
294234
294234
294234
294234
294228
294228
294228
294228
294228
294228
294228
294228
294228
294228
294228
294228
293426
293426
293426
293426
293426
293426
293426
293426
293426
293426
293426
293426
293426
293426
293426
293426
293426
293426
293426
293426
293426
293426
293426
293426
293426
293426
293426
293426
293426
293426
293426
293426
293426
293426
293426
293426
293426
293426
293426
296312
296312
296312
296312
296312
296312
296312
296312
296312
296312
296312
296312
296312
296312
296312
296312
296312
296312
296312
296312
296312
296312
296312
296312
296312
296312
296312
296312
296312
296312
296312
296312
296312
296320
296312
296312
296312
296312
296320
296320
296320
296320
296320
296320
296320
296320
296320
296320
296320
296320
296320
296320
296312
296312
296312
296312
296312
296312
296320
296320
0
0
0
0
0
0
0
0
0
0
0
0
0
0
0
0
0
0
0
0
0
0
0
0
0
0
0
0
0
0
0
0
0
0
0
0
0
0
0
0
0
0
0
0
0
0
0
0
0
0
0
0
0
0
0
0
0
0
0
0
0
0
0
0
0
0
0
0
0
0
0
0
0
0
296332
296332
296332
296332
296332
296332
296332
296332
296332
296332
296332
296332
296332
296332
296332
296332
294845
294845
294845
294845
294845
294845
294845
294845
294845
294845
294845
294845
294795
294795
294795
294795
294795
294795
294845
294845
294845
294845
294845
294845
294845
294845
294845
294845
294845
294845
294845
294845
294845
294845
294845
294845
294845
294845
294845
219823
219823
219823
206131
206131
219823
206131
219823
206131
206131
206131
206131
206131
206131
206131
206131
206131
206131
206131
206131
206131
206131
206131
206131
206131
206131
206131
206115
206115
206115
206115
206119
206115
206115
206115
206115
206115
206115
206115
206115
206115
206115
206115
206115
206115
206115
206115
216033
209188
209188
0
0
0
0
0
0
0
0
0
0
0
0
0
0
0
0
0
0
0
0
0
216035
216035
216035
216035
216035
216035
216035
216035
216035
216035
216035
216035
216035
216035
216035
216035
216035
216035
216035
216035
216035
216035
216035
216035
0
0
0
0
0
0
0
0
0
0
0
0
0
0
0
0
0
0
0
0
0
0
0
0
0
0
0
0
0
206103
206101
206101
206101
206101
206101
206101
206101
206101
206101
206101
206101
206101
206101
206103
206103
206103
206103
206103
206101
206101
206101
206101
206101
206101
206101
206101
206101
206101
206101
206101
206101
206101
206101
206101
206101
206101
206101
206101
206101
206101
206101
206101
206101
206101
206101
206101
206101
206101
206101
206101
206101
206101
206101
206101
206101
206101
206101
206101
206101
206101
206101
206101
206101
206101
206101
206101
206101
0
0
0
0
0
0
0
0
0
0
0
0
201394
201394
201394
200792
200792
200792
200792
201394
201394
201394
201394
201394
201394
201394
201394
201394
201394
200790
200792
200792
200792
200792
200792
200792
200792
200792
200792
200792
200792
200792
200792
200792
200792
200960
201135
201133
201133
219841
219841
219841
219841
219841
201135
201135
201135
201135
201135
201135
219841
219841
219841
0
0
0
0
0
0
0
0
0
0
0
0
0
0
0
0
0
0
0
0
0
0
0
0
0
0
0
0
0
0
0
0
0
0
0
0
0
0
0
0
0
0
0
0
0
0
0
0
0
0
0
0
0
0
0
0
0
0
0
0
0
0
0
0
0
0
0
0
0
0
0
0
0
0
0
0
0
0
0
0
0
0
0
0
0
0
0
0
0
0
0
0
0
0
0
0
0
0
206139
206139
206139
206139
206139
206139
201656
201656
201656
201656
201656
201656
201656
201656
201656
201656
201656
201656
196912
196912
196912
196912
196912
196912
216079
216079
216075
216075
216075
216075
216075
216075
216075
216075
216075
216075
216075
216077
216077
216077
216077
216079
216079
216079
216079
216069
216069
216069
216069
216069
216069
216069
216069
216069
216069
216069
216069
216069
200184
200184
200184
200184
200184
200184
196922
196922
196922
196922
196922
196922
196922
196922
196922
196922
196922
196922
196922
196922
196922
196922
196922
196922
196922
196922
196922
196922
196922
196922
196922
196922
196922
196922
196922
196922
196922
196922
196922
196922
196922
196922
196922
200186
200186
200186
199030
199030
199030
198292
198292
198292
198292
198292
198214
198214
198214
198214
198214
200619
200619
200619
200619
200619
200619
200619
200619
200619
200619
200619
200619
200619
200619
200619
200619
200619
200619
200619
200619
200619
200619
200619
200619
200619
200619
200619
200619
200619
200619
200619
200619
200619
200619
200619
200619
0
200619
200619
200619
200619
200619
200619
200619
200619
200619
200619
200619
200619
200619
200619
200619
200619
200619
200619
200619
200619
200619
200619
210037
210037
210037
210037
210037
202621
202621
202621
210037
210037
210037
210037
210037
210037
210037
210037
210037
210037
210037
210037
210037
210039
210039
210039
210039
210039
210039
210039
210039
210039
210039
210039
210039
210039
210039
210039
210039
210039
210039
201411
201411
216131
216131
216131
216131
216131
216131
216131
216131
216131
216131
216131
216131
216131
216131
216131
216137
216137
216137
216137
216137
216129
216129
216129
216129
216129
216129
216129
196996
196996
196996
196996
196996
196996
216129
197000
197000
197000
197000
197000
197000
197000
197000
197000
216147
216147
216147
216147
216147
216147
216147
216147
216147
216147
216147
216147
216147
216147
216147
216147
216147
216147
216147
216147
216147
216147
216147
216147
216147
216147
214378
216147
214378
214378
214378
214378
214378
214378
214378
214378
214378
214378
214378
214378
214378
214378
214378
214378
214378
214378
214378
214378
214378
214378
214378
214378
214378
214378
214378
214378
214378
214378
214378
214378
214378
214378
214378
214378
214378
214378
214378
214378
214378
214378
214378
214378
214378
214378
214378
214378
214378
214378
214378
214378
214378
214378
214378
214378
214378
214378
214378
214378
214376
214376
214376
214376
214376
214376
214376
214376
214376
214376
0
0
0
0
0
0
0
0
0
198768
198768
198768
198768
198768
198768
198768
198768
198768
198768
198768
198768
198768
198768
198768
198768
198768
198768
198768
198768
198768
198768
198768
198768
198768
198768
198768
198768
198768
198768
198768
198768
198768
198768
198768
198768
198768
198764
198764
198764
198764
198764
198764
198764
198764
198764
198764
198764
198764
198764
198764
198764
198764
0
0
0
0
0
217169
217169
217169
217169
198764
198764
198764
199486
199486
217169
199486
199486
199486
199486
199486
217169
199486
199486
199486
199486
199486
199486
199486
199486
199486
217169
199486
217169
217169
217169
217169
217169
217169
217169
217169
217167
217167
217167
217167
217167
217167
217167
217167
217167
217167
217167
217167
217167
217167
217167
217167
217167
217167
217167
217167
217167
217167
217167
217167
217167
217167
217169
217169
217169
217172
217172
217172
217170
217170
217170
217170
217170
217170
217170
217170
217170
217170
217170
217170
217170
217170
217170
217170
217170
217170
217170
217170
217170
217170
217170
217170
217170
217170
217170
199484
0
0
0
0
0
0
0
0
0
0
0
0
0
0
0
0
0
0
0
0
0
0
0
0
0
0
0
0
0
0
0
0
0
0
0
0
0
0
0
0
0
0
0
0
0
0
0
0
0
0
0
0
0
0
0
0
0
0
0
0
0
0
0
0
0
0
0
0
0
0
0
0
0
0
0
0
0
0
0
0
0
0
0
0
0
0
0
0
0
0
0
0
199484
199484
217172
217172
217172
199484
199484
199484
199484
199484
199484
217172
217172
199484
217172
199484
199484
199484
199484
199484
199484
199484
217172
217172
199484
199484
199484
199484
199484
199484
199484
199484
199484
199484
199484
199484
0
199484
199484
0
0
0
0
0
0
0
0
0
0
0
0
0
0
0
0
0
0
0
0
0
0
0
0
0
0
0
0
0
0
0
0
0
0
0
0
0
0
0
0
0
0
0
0
0
0
0
0
0
0
0
0
0
0
0
0
0
0
0
0
0
0
0
0
0
0
0
0
0
0
214409
214409
214409
218750
214409
214409
218750
0
214409
214409
218750
218750
218750
218748
218748
0
218748
218748
218748
218748
218748
218748
218748
218748
218748
218750
218750
218748
218748
218750
218750
218748
218750
214409
218748
218750
218748
214409
218750
218748
214409
218750
218748
218748
218748
214409
218750
218750
218750
218750
218750
0
0
0
0
0
0
0
0
0
0
0
0
0
0
0
0
0
0
0
0
0
0
0
0
0
0
0
0
0
0
0
0
0
0
0
0
0
0
0
0
0
0
0
0
0
0
0
0
0
0
0
0
0
0
0
0
0
0
0
0
0
0
218748
0
0
0
0
0
0
0
0
0
0
0
0
0
0
0
218748
218748
218748
218748
218748
218748
218748
218748
218748
218748
218748
218748
218748
218748
218750
218750
218750
218750
218750
218748
218748
218750
218748
218748
218750
218748
218748
218748
218748
218748
218748
218748
0
218748
218748
218748
0
0
0
0
0
0
0
0
0
0
0
0
0
0
0
0
0
0
0
0
0
0
0
0
0
0
0
0
0
0
0
0
0
0
0
0
0
0
0
0
0
0
0
0
0
0
0
0
0
0
0
0
0
0
0
0
0
0
0
0
0
0
0
0
0
0
218748
218748
218748
218752
218752
218748
218752
218748
218748
218748
218752
218748
218748
218748
218748
218748
0
0
0
0
0
0
0
0
0
0
0
0
0
0
0
0
0
0
0
0
0
0
0
0
0
0
0
0
0
0
0
0
0
0
0
0
0
0
0
0
0
0
0
0
0
0
0
0
0
0
0
0
0
0
0
0
0
0
0
0
0
0
0
0
0
0
0
0
0
0
0
0
0
0
0
0
0
0
0
0
0
0
0
0
0
0
0
0
0
0
0
0
0
0
0
0
0
0
0
0
0
0
0
0
0
0
0
0
0
0
0
0
0
0
0
0
0
0
0
0
0
0
0
0
0
0
0
0
0
0
0
0
0
0
0
0
0
0
0
0
0
0
0
0
0
0
0
0
0
0
0
0
0
0
0
0
0
0
0
0
0
0
0
0
0
0
0
0
0
0
0
0
0
0
0
0
0
0
0
0
0
0
0
0
0
0
0
0
0
0
0
0
0
0
0
0
0
0
0
198292
198292
198075
199030
200186
200186
200186
196922
196922
196922
196922
196922
196922
196922
196922
196922
196922
196922
198075
198075
198075
200186
200186
196922
200186
196922
196922
196922
196922
196922
196922
196922
196922
196922
196922
196922
196922
196922
196922
196922
196922
196922
196922
196922
196922
196922
196922
196922
196922
196922
196922
196922
196922
196922
196922
200184
200184
200184
200184
200184
216069
216069
216069
216069
216069
216069
216069
216069
216075
216077
216077
216075
216075
216069
216069
216069
216069
216069
216069
216069
216069
216069
216069
216069
216069
216069
216069
216073
216071
216071
216071
216071
216071
216071
216071
216071
216071
216071
216071
216071
216071
216071
216071
196912
201656
201656
201656
201656
201656
201656
201656
201656
201656
201656
201656
201656
206139
206139
206139
206139
206139
206139
206139
206139
206139
206139
206139
206139
206139
206139
206139
206139
206141
206141
206141
206141
206141
206141
206141
206141
206141
219837
219837
219837
219837
219837
219837
219837
219837
219837
219837
219837
219837
219837
219837
219837
219837
219837
219837
219837
219837
219837
219837
219837
219837
201393
219837
201393
201393
201393
219837
219837
219837
219837
219837
219837
219837
201393
201393
201393
201393
201393
201393
0
201393
