39.922763 116.294317 18560
39.922777 116.293545 18565
39.922777 116.293180 18567
39.922777 116.292815 18569
39.922777 116.292632 18570
39.922790 116.291647 18575
39.922804 116.291019 18578
39.922813 116.290600 18580
39.922857 116.289512 18585
39.922882 116.288423 18590
39.922898 116.287308 18595
39.922920 116.286260 18600
39.922963 116.285177 18605
39.922993 116.284102 18610
39.923008 116.283173 18615
39.923015 116.282717 18620
39.923007 116.282582 18663
39.923013 116.282175 18668
39.923037 116.281513 18673
39.923048 116.280667 18678
39.923058 116.279813 18683
39.923062 116.279273 18687
39.923062 116.279142 18689
39.923052 116.279018 18755
39.923058 116.278553 18760
39.923043 116.277832 18765
39.923048 116.276902 18770
39.923075 116.275800 18775
39.923105 116.274565 18780
39.923115 116.273220 18785
39.923090 116.271858 18790
39.923060 116.270512 18795
39.923045 116.269180 18800
39.923050 116.267878 18805
39.923053 116.266585 18810
39.923055 116.265318 18815
39.923055 116.264140 18820
39.923065 116.263008 18825
39.923077 116.261785 18830
39.923075 116.260603 18835
39.923052 116.259527 18840
39.923045 116.258410 18845
39.923070 116.257233 18850
39.923067 116.255943 18855
39.923067 116.254587 18860
39.923073 116.253172 18865
39.923135 116.251720 18870
39.923405 116.250292 18875
39.923855 116.248945 18880
39.924330 116.247607 18885
39.924802 116.246245 18890
39.925315 116.244873 18895
39.925775 116.243483 18900
39.926040 116.242040 18905
39.926038 116.240558 18910
39.925807 116.239093 18915
39.925737 116.238803 18916
39.925458 116.237643 18920
39.925112 116.236173 18925
39.924837 116.235011 18929
39.924768 116.234720 18930
39.924569 116.233883 18933
39.924437 116.233325 18935
39.924118 116.231960 18940
39.923810 116.230612 18945
39.923548 116.229295 18950
39.923390 116.227948 18955
39.923363 116.226527 18960
39.923448 116.225062 18965
39.923538 116.223578 18970
39.923610 116.222083 18975
39.923597 116.220598 18980
39.923555 116.219128 18985
39.923533 116.217978 18989
39.923528 116.217690 18990
39.923507 116.216333 18995
39.923497 116.215063 19000
39.923505 116.213843 19005
39.923493 116.212662 19010
39.923515 116.211483 19015
39.923528 116.210337 19020
39.923555 116.209152 19025
39.923612 116.207997 19030
39.923775 116.206860 19035
39.923962 116.205688 19040
39.924038 116.204602 19045
39.923593 116.203832 19050
39.922862 116.203722 19055
39.922202 116.204280 19060
39.921542 116.204985 19065
39.921014 116.205435 19069
39.920882 116.205547 19070
39.920458 116.205633 19073
39.920175 116.205690 19075
39.919375 116.205662 19080
39.918515 116.205587 19085
39.917610 116.205505 19090
39.916683 116.205380 19095
39.915727 116.205257 19100
39.914767 116.205127 19105
39.913722 116.205013 19110
39.913514 116.204996 19111
39.912680 116.204928 19115
39.911617 116.204913 19120
39.910523 116.204873 19125
39.909445 116.204838 19130
39.908357 116.204818 19135
39.907302 116.204808 19140
39.906343 116.204813 19145
39.905530 116.204812 19150
39.904803 116.204810 19155
