39.998316 116.331647 19954
39.998248 116.331622 19959
39.998170 116.331587 19964
39.998112 116.331531 19969
39.998017 116.331489 19974
39.997890 116.331485 19979
39.997777 116.331394 19984
39.997660 116.331278 19989
39.997554 116.331268 19993
39.997527 116.331265 19994
39.997376 116.331278 19999
39.997250 116.331188 20004
39.997190 116.331154 20009
39.997127 116.331135 20014
39.997001 116.331088 20019
39.996837 116.331083 20024
39.996651 116.331104 20029
39.996490 116.331098 20034
39.996423 116.331100 20036
39.996323 116.331102 20039
39.996152 116.331099 20044
39.995953 116.331112 20049
39.995763 116.331119 20054
39.995578 116.331126 20059
39.995402 116.331143 20064
39.995287 116.331155 20067
39.995210 116.331163 20069
39.995002 116.331160 20074
39.994802 116.331152 20079
39.994624 116.331159 20084
39.994473 116.331159 20089
39.994272 116.331166 20094
39.994057 116.331173 20099
39.993862 116.331192 20104
39.993713 116.331208 20109
39.993544 116.331209 20114
39.993378 116.331188 20119
39.993219 116.331175 20124
39.993086 116.331148 20129
39.992945 116.331091 20134
39.992781 116.331015 20139
39.992622 116.330977 20144
39.992449 116.330941 20149
39.992278 116.330902 20154
39.992148 116.330842 20159
39.992008 116.330788 20164
39.991873 116.330756 20169
39.991793 116.330725 20174
39.991752 116.330689 20179
39.991736 116.330633 20184
39.991683 116.330626 20189
39.991600 116.330633 20194
39.991464 116.330691 20199
39.991430 116.330698 20200
39.991292 116.330726 20204
39.991170 116.330776 20208
39.991140 116.330788 20209
39.990962 116.330829 20214
39.990725 116.330857 20219
39.990483 116.330944 20224
39.990216 116.330986 20229
39.989957 116.331050 20234
39.989743 116.331135 20239
39.989565 116.331201 20244
39.989391 116.331225 20249
39.989220 116.331290 20254
39.989042 116.331309 20259
39.988906 116.331321 20264
39.988783 116.331337 20269
39.988644 116.331350 20274
39.988493 116.331374 20279
39.988312 116.331415 20284
39.988134 116.331463 20289
39.987990 116.331453 20294
39.987821 116.331462 20299
39.987659 116.331495 20304
39.987536 116.331515 20309
39.987399 116.331548 20314
39.987231 116.331579 20319
39.987053 116.331591 20324
39.986907 116.331549 20329
39.986736 116.331528 20334
39.986609 116.331419 20339
39.986601 116.331249 20344
39.986539 116.331073 20349
39.986520 116.330875 20354
39.986479 116.330675 20359
39.986430 116.330490 20364
39.986404 116.330294 20369
39.986396 116.330093 20374
39.986386 116.329917 20379
39.986356 116.329769 20384
39.986350 116.329737 20385
39.986328 116.329607 20389
39.986304 116.329442 20394
39.986286 116.329331 20399
39.986272 116.329152 20404
39.986262 116.328965 20409
39.986283 116.328770 20414
39.986288 116.328527 20419
39.986253 116.328268 20424
39.986235 116.328052 20429
39.986160 116.327807 20434
39.986143 116.327543 20439
39.986147 116.327316 20444
39.986061 116.327218 20449
39.985963 116.327195 20454
39.985845 116.327218 20458
39.985816 116.327224 20459
39.985662 116.327248 20464
39.985510 116.327273 20469
39.985428 116.327278 20472
39.985401 116.327279 20473
39.985374 116.327281 20474
39.985252 116.327288 20479
39.985171 116.327323 20484
39.985145 116.327341 20489
39.985144 116.327343 20493
39.985144 116.327343 20494
39.985143 116.327343 20499
39.985145 116.327342 20504
39.985145 116.327341 20506
39.985146 116.327339 20509
39.985085 116.327360 20514
39.984926 116.327340 20519
39.984742 116.327346 20524
39.984649 116.327368 20529
39.984632 116.327363 20534
39.984630 116.327363 20537
39.984628 116.327363 20539
39.984626 116.327364 20544
39.984620 116.327364 20549
39.984621 116.327363 20554
