39.907599 116.245206 36795
39.907628 116.245202 36799
39.907679 116.245200 36803
39.907707 116.245202 36805
39.907734 116.245203 36807
39.907782 116.245209 36811
39.907834 116.245207 36815
39.907883 116.245211 36819
39.907898 116.245212 36820
39.907944 116.245216 36823
39.907998 116.245217 36827
39.908055 116.245235 36831
39.908114 116.245250 36835
39.908125 116.245250 36836
39.908159 116.245250 36839
39.908195 116.245206 36843
39.908244 116.245169 36847
39.908276 116.245154 36849
39.908309 116.245139 36851
39.908378 116.245112 36855
39.908435 116.245088 36859
39.908484 116.245126 36863
39.908553 116.245134 36867
39.908620 116.245135 36871
39.908686 116.245209 36875
39.908724 116.245207 36879
39.908719 116.245199 36883
39.908773 116.245136 36887
39.908854 116.245044 36891
39.908938 116.245029 36895
39.909019 116.245088 36899
39.909059 116.245120 36901
39.909098 116.245152 36903
39.909118 116.245181 36905
39.909128 116.245195 36906
39.909138 116.245209 36907
39.909138 116.245282 36911
39.909141 116.245364 36915
39.909152 116.245440 36919
39.909152 116.245528 36923
39.909176 116.245594 36927
39.909167 116.245689 36931
39.909098 116.245778 36935
39.909079 116.245858 36939
39.909083 116.245930 36943
39.909086 116.245999 36947
39.909096 116.246068 36951
39.909097 116.246134 36955
39.909100 116.246205 36959
39.909101 116.246278 36963
39.909116 116.246350 36967
39.909128 116.246424 36971
39.909132 116.246497 36975
39.909127 116.246560 36979
39.909102 116.246613 36983
39.909078 116.246666 36987
39.909039 116.246683 36991
39.908993 116.246674 36995
39.908935 116.246673 36999
39.908878 116.246671 37003
39.908824 116.246655 37007
39.908765 116.246663 37011
39.908714 116.246664 37015
39.908657 116.246677 37019
39.908597 116.246682 37023
39.908543 116.246676 37027
39.908489 116.246671 37031
39.908431 116.246661 37035
39.908381 116.246630 37039
39.908327 116.246649 37043
39.908253 116.246691 37047
39.908181 116.246723 37051
39.908141 116.246650 37055
39.908079 116.246647 37059
39.908026 116.246667 37063
39.908016 116.246664 37064
39.907985 116.246656 37067
39.907927 116.246630 37071
39.907867 116.246635 37075
39.907812 116.246660 37079
39.907757 116.246667 37083
39.907697 116.246679 37087
39.907666 116.246676 37089
39.907635 116.246672 37091
39.907578 116.246649 37095
39.907527 116.246672 37099
39.907461 116.246663 37103
39.907377 116.246637 37107
39.907300 116.246635 37111
39.907233 116.246635 37115
39.907160 116.246647 37119
39.907132 116.246657 37121
39.907104 116.246668 37123
39.907081 116.246680 37126
39.907073 116.246684 37127
39.907037 116.246707 37131
39.907007 116.246694 37134
39.906997 116.246690 37135
39.906954 116.246675 37139
39.906889 116.246668 37143
39.906835 116.246656 37147
39.906782 116.246636 37151
39.906737 116.246614 37155
39.906677 116.246639 37159
39.906620 116.246653 37163
39.906567 116.246657 37167
39.906540 116.246668 37169
39.906512 116.246678 37171
39.906455 116.246699 37175
39.906411 116.246735 37179
39.906384 116.246797 37183
39.906362 116.246863 37187
39.906351 116.246903 37191
39.906342 116.246929 37195
39.906360 116.246978 37199
39.906384 116.247035 37203
39.906384 116.247064 37207
39.906387 116.247071 37211
39.906391 116.247070 37215
39.906426 116.247119 37219
39.906466 116.247165 37223
39.906492 116.247172 37225
39.906518 116.247179 37227
39.906566 116.247202 37231
39.906626 116.247212 37235
39.906670 116.247226 37239
39.906721 116.247234 37243
39.906767 116.247227 37247
39.906822 116.247221 37251
39.906878 116.247239 37255
39.906944 116.247245 37259
39.906993 116.247237 37263
39.907047 116.247223 37267
39.907080 116.247217 37271
39.907142 116.247222 37275
39.907179 116.247221 37279
39.907180 116.247214 37283
39.907184 116.247214 37287
39.907186 116.247213 37291
39.907200 116.247205 37295
39.907202 116.247213 37299
39.907204 116.247213 37303
39.907206 116.247213 37307
39.907209 116.247212 37311
39.907209 116.247212 37315
39.907210 116.247212 37319
39.907208 116.247212 37323
39.907212 116.247212 37327
39.907212 116.247212 37331
39.907212 116.247211 37335
39.907211 116.247212 37339
39.907212 116.247212 37343
39.907211 116.247211 37347
39.907211 116.247212 37351
39.907211 116.247212 37355
39.907211 116.247212 37359
39.907211 116.247212 37363
39.907211 116.247212 37367
39.907211 116.247212 37371
39.907211 116.247212 37375
39.907211 116.247211 37379
39.907211 116.247211 37383
39.907210 116.247211 37387
39.907210 116.247211 37389
39.907211 116.247211 37391
