39.802458 116.484355 42237
39.802558 116.484263 42242
39.802578 116.484260 42245
39.802592 116.484258 42247
39.802617 116.484235 42252
39.802462 116.484278 42281
39.802330 116.484613 42282
39.800187 116.484248 42320
39.799808 116.484157 42325
39.799708 116.484127 42326
39.799450 116.484052 42362
39.799422 116.484068 42367
39.799368 116.484078 42372
39.799343 116.484073 42377
39.799302 116.484073 42382
39.799217 116.484070 42387
39.799188 116.484070 42392
39.799164 116.484079 42394
39.799127 116.484092 42397
39.799118 116.484093 42399
39.798860 116.484178 42427
39.798835 116.484172 42432
39.798812 116.484193 42437
39.798785 116.484158 42442
39.798787 116.484082 42447
39.798787 116.484042 42452
39.798780 116.484030 42454
39.798568 116.483815 42478
39.798515 116.483777 42483
39.798468 116.483748 42488
39.798415 116.483730 42493
39.798367 116.483703 42498
39.798376 116.483699 42499
39.798395 116.483690 42501
39.798157 116.483833 42562
39.798107 116.483840 42567
39.798040 116.483843 42572
39.797935 116.483827 42577
39.797880 116.483852 42582
39.797847 116.483873 42587
39.797943 116.483907 42592
39.798000 116.483935 42597
39.798013 116.483952 42602
39.797958 116.483933 42607
39.797903 116.483930 42611
39.798758 116.483925 42616
39.798672 116.483825 42621
39.798485 116.483713 42626
39.798331 116.483652 42630
39.798293 116.483637 42631
39.797870 116.483528 42636
39.797608 116.483538 42641
39.797392 116.483620 42646
39.797487 116.484145 42647
39.797810 116.484430 42673
39.797960 116.484498 42678
39.798165 116.484397 42683
39.798267 116.484365 42688
39.798415 116.484233 42693
39.798398 116.484220 42698
39.798402 116.484223 42699
39.798567 116.484412 42724
39.798702 116.484553 42729
39.798587 116.484572 42734
39.798582 116.484572 42735
39.798573 116.484571 42737
39.798563 116.484570 42739
39.798567 116.484557 42744
39.798478 116.484368 42749
39.798468 116.484298 42750
39.798272 116.484117 42768
39.798207 116.484095 42773
39.798160 116.484082 42778
39.798128 116.484087 42783
39.798117 116.484074 42786
39.798113 116.484070 42787
39.798177 116.484402 42799
39.798275 116.484647 42804
39.798378 116.484865 42809
39.798387 116.484897 42810
39.798480 116.485193 42818
39.798353 116.485378 42823
39.798078 116.485600 42828
39.797793 116.485815 42833
