39.980464 116.414581 39792
39.980450 116.414506 39796
39.980460 116.414580 39800
39.980455 116.414586 39802
39.980449 116.414592 39804
39.980491 116.414520 39808
39.980501 116.414559 39812
39.980492 116.414594 39816
39.980459 116.414626 39820
39.980477 116.414678 39824
39.980451 116.414657 39828
39.980466 116.414651 39832
39.980473 116.414545 39836
39.980484 116.414450 39840
39.980490 116.414410 39844
39.980499 116.414423 39848
39.980517 116.414436 39850
39.980966 116.412865 39880
39.980745 116.413335 39884
39.980720 116.413468 39888
39.980715 116.413474 39892
39.980710 116.413494 39894
39.980704 116.413514 39896
39.980712 116.413586 39900
39.980711 116.413608 39904
39.980690 116.413642 39908
39.980689 116.413743 39912
39.980672 116.413812 39916
39.980658 116.413870 39920
39.980614 116.413894 39924
39.980599 116.413915 39928
39.980583 116.413924 39930
39.980567 116.413933 39932
39.980550 116.413937 39936
39.980563 116.413947 39940
39.980565 116.413974 39944
39.980570 116.413987 39946
39.980576 116.414000 39948
39.980567 116.414013 39952
39.980773 116.413559 40010
39.980766 116.413610 40014
39.980804 116.413670 40018
39.980799 116.413679 40022
39.980774 116.413669 40026
39.980762 116.413734 40030
39.980718 116.413755 40034
39.980682 116.413805 40038
39.980625 116.413903 40042
39.980577 116.413941 40046
39.980496 116.414008 40050
39.980470 116.414080 40054
39.980488 116.414124 40058
39.980488 116.414138 40062
39.980497 116.414139 40064
39.980507 116.414140 40066
39.980538 116.414167 40070
39.980560 116.414170 40074
39.980556 116.414178 40076
39.980553 116.414186 40078
39.980512 116.414252 40082
39.980497 116.414274 40084
39.980752 116.413208 40112
39.980763 116.413186 40116
39.980807 116.413245 40120
39.980797 116.413285 40124
39.980801 116.413318 40128
39.980779 116.413310 40132
39.980773 116.413275 40136
39.980772 116.413284 40140
39.980751 116.413292 40144
39.980737 116.413301 40145
39.980696 116.413327 40148
39.980666 116.413369 40152
39.980661 116.413407 40156
39.980645 116.413444 40160
39.980642 116.413492 40164
39.980636 116.413513 40168
39.980342 116.414374 40200
39.980537 116.414135 40282
39.980552 116.414074 40286
39.980539 116.414002 40290
39.980528 116.413966 40294
39.980523 116.413966 40298
39.980521 116.413965 40302
39.980529 116.413946 40304
39.980537 116.413927 40306
39.980556 116.413891 40308
39.980575 116.413854 40310
39.980604 116.413816 40314
39.980627 116.413807 40318
39.980653 116.413850 40322
39.980691 116.413879 40326
39.980713 116.413874 40330
39.980714 116.413889 40334
39.980712 116.413890 40338
39.980711 116.413891 40339
39.980708 116.413893 40342
39.980713 116.413890 40346
39.980721 116.413887 40350
39.980725 116.413886 40354
39.980753 116.413906 40358
39.980759 116.413929 40362
39.980761 116.413927 40366
39.980764 116.413925 40370
39.980765 116.413923 40374
39.980766 116.413920 40378
39.980761 116.413918 40382
39.980757 116.413919 40386
39.980758 116.413918 40390
39.980760 116.413917 40392
