39.986654 116.448459 37415
39.986654 116.448509 37420
39.986609 116.448618 37424
39.986584 116.448619 37429
39.986602 116.448660 37433
39.986606 116.448670 37434
39.986571 116.448691 37439
39.986556 116.448798 37444
39.986515 116.448850 37449
39.986455 116.448894 37454
39.986409 116.448938 37459
39.986371 116.448992 37464
39.986325 116.449028 37469
39.986279 116.449084 37474
39.986237 116.449138 37479
39.986181 116.449208 37484
39.986114 116.449252 37489
39.986080 116.449319 37494
39.986048 116.449358 37499
39.986001 116.449415 37504
39.985948 116.449476 37509
39.985898 116.449526 37514
39.985862 116.449593 37519
39.985824 116.449680 37524
39.985770 116.449758 37529
39.985754 116.449782 37531
39.985729 116.449818 37534
39.985704 116.449866 37539
39.985689 116.449888 37541
39.985666 116.449920 37544
39.985618 116.449960 37549
39.985578 116.450000 37554
39.985516 116.450034 37559
39.985476 116.450127 37564
39.985427 116.450193 37569
39.985403 116.450296 37574
39.985390 116.450415 37579
39.985437 116.450516 37584
39.985512 116.450547 37589
39.985590 116.450538 37594
39.985656 116.450546 37599
39.985672 116.450548 37600
39.985735 116.450555 37604
39.985781 116.450668 37608
39.985829 116.450710 37613
39.985883 116.450732 37618
39.985939 116.450745 37623
39.985993 116.450757 37628
39.986008 116.450754 37629
39.986067 116.450743 37633
39.986119 116.450778 37638
39.986178 116.450811 37643
39.986237 116.450823 37648
39.986303 116.450822 37653
39.986360 116.450823 37657
39.986374 116.450823 37658
39.986434 116.450832 37663
39.986490 116.450834 37668
39.986560 116.450836 37673
39.986610 116.450865 37678
39.986678 116.450848 37683
39.986751 116.450835 37688
39.986827 116.450828 37693
39.986891 116.450838 37698
39.986918 116.450881 37703
39.986929 116.450887 37704
39.986974 116.450913 37708
39.987017 116.450931 37713
39.987074 116.450952 37718
39.987106 116.450959 37721
39.987127 116.450964 37723
39.987177 116.450990 37728
39.987242 116.450918 37731
39.987253 116.450896 37736
39.987252 116.450892 37741
39.987253 116.450892 37746
39.987254 116.450892 37751
39.987254 116.450891 37756
39.987254 116.450890 37761
39.987254 116.450889 37766
39.987255 116.450888 37771
39.987255 116.450885 37776
39.987256 116.450885 37781
39.987256 116.450884 37786
39.987256 116.450883 37791
39.987256 116.450883 37796
39.987256 116.450883 37801
39.987266 116.450900 37806
39.987303 116.450953 37811
39.987338 116.451011 37816
39.987372 116.451071 37821
39.987385 116.451128 37825
39.987388 116.451142 37826
39.987385 116.451214 37831
39.987409 116.451290 37836
39.987425 116.451348 37841
39.987438 116.451405 37846
39.987440 116.451414 37850
39.987441 116.451416 37851
39.987464 116.451445 37856
39.987471 116.451503 37861
39.987475 116.451559 37866
39.987495 116.451633 37871
39.987509 116.451658 37874
39.987519 116.451675 37876
39.987500 116.451800 37881
39.987509 116.451849 37886
39.987522 116.451905 37891
39.987530 116.452017 37896
39.987510 116.452045 37901
39.987521 116.452099 37906
39.987528 116.452164 37911
39.987540 116.452244 37916
39.987541 116.452356 37921
39.987585 116.452450 37926
39.987584 116.452556 37931
39.987597 116.452673 37936
39.987610 116.452742 37941
39.987614 116.452795 37944
39.987617 116.452831 37946
39.987618 116.452934 37951
39.987667 116.453055 37955
39.987687 116.453149 37960
39.987666 116.453187 37965
39.987674 116.453255 37970
39.987680 116.453336 37975
39.987674 116.453389 37980
39.987710 116.453530 37985
39.987769 116.453679 37989
39.987791 116.453803 37993
39.987779 116.453862 37998
39.987774 116.453905 38003
39.987782 116.454018 38008
39.987788 116.454108 38013
