39.986221 116.367360 31942
39.986209 116.366928 31947
39.986201 116.366577 31952
39.986191 116.366304 31957
39.986183 116.365989 31962
39.986174 116.365643 31967
39.986166 116.365186 31972
39.986152 116.364622 31977
39.986140 116.364255 31981
39.986137 116.364163 31982
39.986124 116.363825 31987
39.986118 116.363518 31992
39.986109 116.363133 31997
39.986094 116.362701 32002
39.986077 116.362242 32007
39.986060 116.361686 32012
39.986043 116.361066 32017
39.986028 116.360488 32022
39.986022 116.360283 32024
39.986014 116.359976 32027
39.986000 116.359433 32032
39.985999 116.358865 32037
39.985991 116.358265 32042
39.985961 116.357709 32047
39.985948 116.357152 32052
39.985934 116.356848 32055
39.985924 116.356646 32057
39.985920 116.356081 32062
39.985888 116.355503 32067
39.985877 116.354833 32072
39.985845 116.354155 32077
39.985830 116.353443 32082
39.985807 116.352667 32087
39.985773 116.351842 32092
39.985758 116.350949 32097
39.985719 116.350152 32102
39.985703 116.349498 32107
39.985696 116.349040 32112
39.985681 116.348540 32117
39.985662 116.347969 32122
39.985640 116.347326 32127
39.985617 116.346643 32132
39.985583 116.345899 32137
39.985561 116.345274 32142
39.985532 116.344522 32147
39.985519 116.343676 32152
39.985501 116.342780 32157
39.985461 116.341883 32162
39.985433 116.341146 32167
39.985401 116.340405 32172
39.985390 116.339746 32177
39.985367 116.339117 32182
39.985352 116.338428 32187
39.985346 116.338292 32188
39.985321 116.337746 32192
39.985295 116.337022 32196
39.985289 116.336841 32197
39.985248 116.335861 32202
39.985210 116.334811 32207
39.985134 116.333650 32212
39.985070 116.332484 32217
39.985022 116.331414 32222
39.984945 116.330513 32227
39.984895 116.329620 32232
39.984855 116.328646 32237
39.984811 116.327638 32242
39.984801 116.326579 32247
39.984730 116.325473 32252
39.984692 116.324239 32257
39.984610 116.322964 32262
39.984571 116.321640 32267
39.984569 116.320438 32272
39.984542 116.319353 32277
39.984520 116.318245 32282
39.984494 116.317094 32287
39.984446 116.315899 32292
39.984421 116.314678 32297
39.984373 116.313484 32302
39.984360 116.312389 32307
39.984355 116.311287 32312
39.984341 116.310098 32317
39.984363 116.309095 32322
39.984292 116.308230 32327
39.984263 116.307815 32332
39.984258 116.307561 32337
39.984235 116.307049 32342
39.984212 116.306430 32347
39.984207 116.305943 32352
39.984203 116.305460 32357
39.984221 116.304958 32362
39.984216 116.304474 32367
39.984181 116.304095 32372
39.984176 116.303998 32373
39.984155 116.303608 32377
39.984148 116.303136 32382
39.984191 116.302437 32387
39.984189 116.301711 32392
39.984171 116.301123 32397
39.984161 116.300636 32402
39.984258 116.300210 32407
39.984601 116.300138 32412
39.984760 116.300605 32417
39.984758 116.301280 32422
39.984735 116.301839 32427
39.984414 116.302077 32432
39.983902 116.302068 32437
39.983323 116.302075 32442
39.982874 116.302105 32446
39.982762 116.302112 32447
39.982498 116.302107 32452
39.982423 116.302108 32457
39.982419 116.302113 32460
39.982417 116.302115 32461
39.982416 116.302117 32462
39.982310 116.302096 32467
39.982071 116.302107 32472
39.981785 116.302096 32477
39.981628 116.302085 32481
39.981589 116.302082 32482
39.981553 116.302087 32487
39.981552 116.302088 32492
39.981552 116.302089 32494
39.981552 116.302090 32497
39.981553 116.302087 32502
39.981552 116.302089 32507
39.981552 116.302089 32512
39.981549 116.302091 32517
39.981432 116.302103 32522
39.981331 116.302143 32525
39.981264 116.302169 32527
39.981148 116.302285 32532
39.981175 116.302668 32537
39.981118 116.303112 32542
